/*--------------------------------*- C++ -*----------------------------------*\
  =========                 |
  \\      /  F ield         | OpenFOAM: The Open Source CFD Toolbox
   \\    /   O peration     | Website:  https://openfoam.org
    \\  /    A nd           | Version:  13
     \\/     M anipulation  |
\*---------------------------------------------------------------------------*/
FoamFile
{
    format      ascii;
    class       volScalarField;
    location    "2.585";
    object      T;
}
// * * * * * * * * * * * * * * * * * * * * * * * * * * * * * * * * * * * * * //

dimensions      [0 0 0 1 0 0 0];

internalField   nonuniform List<scalar> 
1000
(
1.72183e-82
2.8341e-82
5.76972e-82
1.24007e-81
2.69413e-81
5.85978e-81
1.27336e-80
2.7634e-80
5.98852e-80
1.2959e-79
2.80023e-79
6.0421e-79
1.30183e-78
2.80085e-78
6.0172e-78
1.29083e-77
2.7651e-77
5.91454e-77
1.26328e-76
2.69428e-76
5.73789e-76
1.22019e-75
2.59099e-75
5.49376e-75
1.16315e-74
2.45904e-74
5.19107e-74
1.09423e-73
2.30316e-73
4.84058e-73
1.01585e-72
2.12874e-72
4.45424e-72
9.30641e-72
1.94155e-71
4.04454e-71
8.41293e-71
1.74735e-70
3.62383e-70
7.50427e-70
1.55168e-69
3.20369e-69
6.60465e-69
1.35957e-68
2.79448e-68
5.73526e-68
1.17531e-67
2.40494e-67
4.91362e-67
1.00241e-66
2.04192e-66
4.15316e-66
8.43457e-66
1.71038e-65
3.46311e-65
7.00139e-65
1.41334e-64
2.84871e-64
5.73316e-64
1.15208e-63
2.31158e-63
4.63101e-63
9.26366e-63
1.85024e-62
3.68987e-62
7.34738e-62
1.4608e-61
2.89991e-61
5.74796e-61
1.13757e-60
2.2479e-60
4.43516e-60
8.73725e-60
1.71859e-59
3.37522e-59
6.61855e-59
1.29585e-58
2.53323e-58
4.94454e-58
9.63617e-58
1.87504e-57
3.64289e-57
7.06654e-57
1.36865e-56
2.64671e-56
5.11026e-56
9.85154e-56
1.89622e-55
3.64415e-55
6.9924e-55
1.33961e-54
2.56242e-54
4.89377e-54
9.33159e-54
1.77659e-53
3.37705e-53
6.40922e-53
1.21448e-52
2.29769e-52
4.3402e-52
8.18545e-52
1.54131e-51
2.89769e-51
5.4391e-51
1.01933e-50
1.90728e-50
3.56308e-50
6.64581e-50
1.2376e-49
2.30103e-49
4.27144e-49
7.9165e-49
1.46488e-48
2.70629e-48
4.99178e-48
9.19269e-48
1.69019e-47
3.10264e-47
5.68632e-47
1.04048e-46
1.90082e-46
3.46697e-46
6.31336e-46
1.14781e-45
2.08345e-45
3.77566e-45
6.83129e-45
1.23399e-44
2.22544e-44
4.007e-44
7.20309e-44
1.29275e-43
2.31635e-43
4.14371e-43
7.40063e-43
1.3196e-42
2.34913e-42
4.17507e-42
7.40821e-42
1.31236e-41
2.32104e-41
4.09829e-41
7.22457e-41
1.27148e-40
2.23406e-40
3.91893e-40
6.86319e-40
1.19997e-39
2.0946e-39
3.65021e-39
6.35063e-39
1.10306e-38
1.91278e-38
3.31142e-38
5.72328e-38
9.87543e-38
1.70117e-37
2.92563e-37
5.02309e-37
8.60996e-37
1.47336e-36
2.51707e-36
4.29296e-36
7.30964e-36
1.24254e-35
2.10863e-35
3.57244e-35
6.04231e-35
1.02027e-34
1.71988e-34
2.89438e-34
4.86277e-34
8.15612e-34
1.36569e-33
2.28293e-33
3.80979e-33
6.34715e-33
1.05566e-32
1.75282e-32
2.90547e-32
4.80799e-32
7.94283e-32
1.30994e-31
2.15672e-31
3.54487e-31
5.8166e-31
9.52799e-31
1.5581e-30
2.54362e-30
4.14542e-30
6.74446e-30
1.09543e-29
1.77616e-29
2.875e-29
4.64572e-29
7.49421e-29
1.20686e-28
1.94018e-28
3.11375e-28
4.98864e-28
7.97875e-28
1.27392e-27
2.0305e-27
3.23086e-27
5.13199e-27
8.13777e-27
1.28818e-26
2.03563e-26
3.21124e-26
5.05704e-26
7.95004e-26
1.24765e-25
1.95462e-25
3.05689e-25
4.7725e-25
7.43804e-25
1.15722e-24
1.79731e-24
2.78659e-24
4.31289e-24
6.66358e-24
1.02776e-23
1.5824e-23
2.43213e-23
3.73162e-23
5.71545e-23
8.73867e-23
1.33377e-22
2.03215e-22
3.0908e-22
4.69272e-22
7.11243e-22
1.07609e-21
1.62524e-21
2.45033e-21
3.6878e-21
5.54047e-21
8.30925e-21
1.24398e-20
1.85908e-20
2.77343e-20
4.1302e-20
6.13985e-20
9.11125e-20
1.34968e-19
1.99579e-19
2.94599e-19
4.34089e-19
6.38494e-19
9.37486e-19
1.37405e-18
2.01034e-18
2.93607e-18
4.28047e-18
6.22937e-18
9.04951e-18
1.3123e-17
1.89962e-17
2.74491e-17
3.95926e-17
5.70067e-17
8.19339e-17
1.17551e-16
1.68349e-16
2.4067e-16
3.43443e-16
4.89228e-16
6.9565e-16
9.87397e-16
1.39899e-15
1.97861e-15
2.79336e-15
3.93652e-15
5.53758e-15
7.77584e-15
1.08992e-14
1.52497e-14
2.12983e-14
2.96927e-14
4.1321e-14
5.73999e-14
7.95918e-14
1.10165e-13
1.52207e-13
2.09915e-13
2.8898e-13
3.97107e-13
5.44708e-13
7.45822e-13
1.01935e-12
1.39067e-12
1.89382e-12
2.57435e-12
3.4931e-12
4.73117e-12
6.39645e-12
8.63222e-12
1.16284e-11
1.56361e-11
2.09869e-11
2.81178e-11
3.76034e-11
5.01976e-11
6.68884e-11
8.89672e-11
1.18119e-10
1.56538e-10
2.07077e-10
2.73434e-10
3.60399e-10
4.7416e-10
6.22695e-10
8.16274e-10
1.06809e-09
1.39503e-09
1.81875e-09
2.36685e-09
3.07451e-09
3.98649e-09
5.15958e-09
6.6657e-09
8.59578e-09
1.10645e-08
1.42164e-08
1.82328e-08
2.33414e-08
2.98268e-08
3.80448e-08
4.84385e-08
6.15594e-08
7.80919e-08
9.88839e-08
1.24983e-07
1.57684e-07
1.98577e-07
2.4962e-07
3.13212e-07
3.92287e-07
4.90431e-07
6.12012e-07
7.62342e-07
9.47868e-07
1.1764e-06
1.45737e-06
1.80215e-06
2.22445e-06
2.74072e-06
3.37065e-06
4.13782e-06
5.07037e-06
6.20179e-06
7.57189e-06
9.22787e-06
1.12256e-05
1.3631e-05
1.65217e-05
1.99892e-05
2.41405e-05
2.9101e-05
3.50173e-05
4.20601e-05
5.04278e-05
6.03509e-05
7.20959e-05
8.5971e-05
0.000102331
0.000121584
0.0001442
0.000170713
0.000201737
0.00023797
0.000280205
0.000329343
0.000386403
0.000452535
0.000529034
0.000617358
0.000719138
0.000836201
0.000970582
0.00112455
0.00130062
0.00150158
0.0017305
0.00199079
0.00228616
0.00262072
0.00299891
0.00342563
0.00390616
0.00444626
0.00505215
0.00573052
0.00648861
0.00733413
0.00827538
0.00932116
0.0104809
0.0117644
0.0131823
0.0147455
0.0164658
0.0183551
0.0204262
0.022692
0.0251663
0.0278629
0.0307962
0.0339807
0.0374313
0.0411631
0.0451912
0.0495308
0.0541968
0.0592042
0.0645676
0.0703012
0.0764188
0.0829333
0.0898573
0.0972023
0.104979
0.113196
0.121863
0.130985
0.140569
0.150619
0.161136
0.172121
0.183573
0.195489
0.207863
0.220688
0.233956
0.247653
0.261768
0.276285
0.291187
0.306453
0.322063
0.337993
0.354219
0.370715
0.387451
0.4044
0.42153
0.438809
0.456207
0.473688
0.49122
0.508769
0.5263
0.543781
0.561177
0.578454
0.595582
0.612527
0.62926
0.645751
0.661971
0.677895
0.693496
0.708753
0.723642
0.738145
0.752244
0.765923
0.779167
0.791966
0.804309
0.816189
0.827598
0.838535
0.848995
0.858978
0.868486
0.87752
0.886085
0.894185
0.901827
0.909018
0.915766
0.92208
0.927968
0.933442
0.93851
0.943182
0.94747
0.951383
0.954931
0.958122
0.960967
0.963473
0.965648
0.9675
0.969033
0.970253
0.971164
0.97177
0.972072
0.972072
0.97177
0.971164
0.970253
0.969033
0.9675
0.965648
0.963473
0.960967
0.958122
0.954931
0.951383
0.94747
0.943182
0.93851
0.933442
0.927968
0.92208
0.915766
0.909018
0.901827
0.894185
0.886085
0.87752
0.868486
0.858978
0.848995
0.838535
0.827598
0.816189
0.804309
0.791966
0.779167
0.765923
0.752244
0.738145
0.723642
0.708753
0.693496
0.677895
0.661971
0.645751
0.62926
0.612527
0.595582
0.578454
0.561177
0.543781
0.5263
0.508769
0.49122
0.473688
0.456207
0.438809
0.42153
0.4044
0.387451
0.370715
0.354219
0.337993
0.322063
0.306453
0.291187
0.276285
0.261768
0.247653
0.233956
0.220688
0.207863
0.195489
0.183573
0.172121
0.161136
0.150619
0.140569
0.130985
0.121863
0.113196
0.104979
0.0972023
0.0898573
0.0829333
0.0764188
0.0703012
0.0645676
0.0592042
0.0541968
0.0495308
0.0451912
0.0411631
0.0374313
0.0339807
0.0307962
0.0278629
0.0251663
0.022692
0.0204262
0.0183551
0.0164658
0.0147455
0.0131823
0.0117644
0.0104809
0.00932116
0.00827538
0.00733413
0.00648861
0.00573052
0.00505215
0.00444626
0.00390616
0.00342563
0.00299891
0.00262072
0.00228616
0.00199079
0.0017305
0.00150158
0.00130062
0.00112455
0.000970582
0.000836201
0.000719138
0.000617358
0.000529034
0.000452535
0.000386403
0.000329343
0.000280205
0.00023797
0.000201737
0.000170713
0.0001442
0.000121584
0.000102331
8.5971e-05
7.20959e-05
6.03509e-05
5.04278e-05
4.20601e-05
3.50173e-05
2.9101e-05
2.41405e-05
1.99892e-05
1.65217e-05
1.3631e-05
1.12256e-05
9.22787e-06
7.57189e-06
6.20179e-06
5.07037e-06
4.13782e-06
3.37065e-06
2.74072e-06
2.22445e-06
1.80215e-06
1.45737e-06
1.1764e-06
9.47868e-07
7.62342e-07
6.12012e-07
4.90431e-07
3.92287e-07
3.13212e-07
2.4962e-07
1.98577e-07
1.57684e-07
1.24983e-07
9.88839e-08
7.80919e-08
6.15594e-08
4.84385e-08
3.80448e-08
2.98268e-08
2.33414e-08
1.82328e-08
1.42164e-08
1.10645e-08
8.59578e-09
6.6657e-09
5.15958e-09
3.98649e-09
3.07451e-09
2.36685e-09
1.81875e-09
1.39503e-09
1.06809e-09
8.16274e-10
6.22695e-10
4.7416e-10
3.60399e-10
2.73434e-10
2.07077e-10
1.56538e-10
1.18119e-10
8.89672e-11
6.68884e-11
5.01976e-11
3.76034e-11
2.81178e-11
2.09869e-11
1.56361e-11
1.16284e-11
8.63222e-12
6.39645e-12
4.73117e-12
3.4931e-12
2.57435e-12
1.89382e-12
1.39067e-12
1.01935e-12
7.45822e-13
5.44708e-13
3.97107e-13
2.8898e-13
2.09915e-13
1.52207e-13
1.10165e-13
7.95918e-14
5.73999e-14
4.1321e-14
2.96927e-14
2.12983e-14
1.52497e-14
1.08992e-14
7.77584e-15
5.53758e-15
3.93652e-15
2.79336e-15
1.97861e-15
1.39899e-15
9.87397e-16
6.9565e-16
4.89228e-16
3.43443e-16
2.4067e-16
1.68349e-16
1.17551e-16
8.19339e-17
5.70067e-17
3.95926e-17
2.74491e-17
1.89962e-17
1.3123e-17
9.04951e-18
6.22937e-18
4.28047e-18
2.93607e-18
2.01034e-18
1.37405e-18
9.37486e-19
6.38494e-19
4.34089e-19
2.94599e-19
1.99579e-19
1.34968e-19
9.11125e-20
6.13985e-20
4.1302e-20
2.77343e-20
1.85908e-20
1.24398e-20
8.30925e-21
5.54047e-21
3.6878e-21
2.45033e-21
1.62524e-21
1.07609e-21
7.11243e-22
4.69272e-22
3.0908e-22
2.03215e-22
1.33377e-22
8.73867e-23
5.71545e-23
3.73162e-23
2.43213e-23
1.5824e-23
1.02776e-23
6.66358e-24
4.31289e-24
2.78659e-24
1.79731e-24
1.15722e-24
7.43804e-25
4.7725e-25
3.05689e-25
1.95462e-25
1.24765e-25
7.95004e-26
5.05704e-26
3.21124e-26
2.03563e-26
1.28818e-26
8.13777e-27
5.13199e-27
3.23086e-27
2.0305e-27
1.27392e-27
7.97875e-28
4.98864e-28
3.11375e-28
1.94018e-28
1.20686e-28
7.49421e-29
4.64572e-29
2.875e-29
1.77616e-29
1.09543e-29
6.74446e-30
4.14542e-30
2.54362e-30
1.5581e-30
9.52799e-31
5.8166e-31
3.54487e-31
2.15672e-31
1.30994e-31
7.94283e-32
4.80799e-32
2.90547e-32
1.75282e-32
1.05566e-32
6.34715e-33
3.80979e-33
2.28293e-33
1.36569e-33
8.15612e-34
4.86277e-34
2.89438e-34
1.71988e-34
1.02027e-34
6.04231e-35
3.57244e-35
2.10863e-35
1.24254e-35
7.30964e-36
4.29296e-36
2.51707e-36
1.47336e-36
8.60996e-37
5.02309e-37
2.92563e-37
1.70117e-37
9.87543e-38
5.72328e-38
3.31142e-38
1.91278e-38
1.10306e-38
6.35063e-39
3.65021e-39
2.0946e-39
1.19997e-39
6.86319e-40
3.91893e-40
2.23406e-40
1.27148e-40
7.22457e-41
4.09829e-41
2.32104e-41
1.31236e-41
7.40821e-42
4.17507e-42
2.34913e-42
1.3196e-42
7.40063e-43
4.14371e-43
2.31635e-43
1.29275e-43
7.20309e-44
4.007e-44
2.22544e-44
1.23399e-44
6.83129e-45
3.77566e-45
2.08345e-45
1.14781e-45
6.31336e-46
3.46697e-46
1.90082e-46
1.04048e-46
5.68632e-47
3.10264e-47
1.69019e-47
9.19269e-48
4.99178e-48
2.70629e-48
1.46488e-48
7.9165e-49
4.27144e-49
2.30103e-49
1.2376e-49
6.64581e-50
3.56308e-50
1.90728e-50
1.01933e-50
5.4391e-51
2.89769e-51
1.54131e-51
8.18545e-52
4.3402e-52
2.29769e-52
1.21448e-52
6.40922e-53
3.37705e-53
1.77659e-53
9.33159e-54
4.89377e-54
2.56242e-54
1.33961e-54
6.9924e-55
3.64415e-55
1.89622e-55
9.85154e-56
5.11026e-56
2.64671e-56
1.36865e-56
7.06654e-57
3.64289e-57
1.87504e-57
9.63617e-58
4.94454e-58
2.53323e-58
1.29585e-58
6.61855e-59
3.37522e-59
1.71859e-59
8.73725e-60
4.43516e-60
2.2479e-60
1.13757e-60
5.74796e-61
2.89991e-61
1.4608e-61
7.34738e-62
3.68987e-62
1.85024e-62
9.26366e-63
4.63101e-63
2.31158e-63
1.15208e-63
5.73316e-64
2.84871e-64
1.41334e-64
7.00139e-65
3.46311e-65
1.71038e-65
8.43457e-66
4.15316e-66
2.04192e-66
1.00241e-66
4.91362e-67
2.40494e-67
1.17531e-67
5.73526e-68
2.79448e-68
1.35957e-68
6.60465e-69
3.20369e-69
1.55168e-69
7.50427e-70
3.62383e-70
1.74735e-70
8.41293e-71
4.04454e-71
1.94155e-71
9.30641e-72
4.45424e-72
2.12874e-72
1.01585e-72
4.84058e-73
2.30316e-73
1.09423e-73
5.19107e-74
2.45904e-74
1.16315e-74
5.49376e-75
2.59099e-75
1.22019e-75
5.73789e-76
2.69428e-76
1.26328e-76
5.91454e-77
2.7651e-77
1.29083e-77
6.0172e-78
2.80085e-78
1.30183e-78
6.0421e-79
2.80023e-79
1.2959e-79
5.98852e-80
2.7634e-80
1.27336e-80
5.85978e-81
2.69413e-81
1.24007e-81
5.76972e-82
2.8341e-82
1.72183e-82
)
;

boundaryField
{
    sides
    {
        type            zeroGradient;
    }
    empty
    {
        type            empty;
    }
}


// ************************************************************************* //
