/*--------------------------------*- C++ -*----------------------------------*\
  =========                 |
  \\      /  F ield         | OpenFOAM: The Open Source CFD Toolbox
   \\    /   O peration     | Website:  https://openfoam.org
    \\  /    A nd           | Version:  13
     \\/     M anipulation  |
\*---------------------------------------------------------------------------*/
FoamFile
{
    format      ascii;
    class       volScalarField;
    location    "1.825";
    object      T;
}
// * * * * * * * * * * * * * * * * * * * * * * * * * * * * * * * * * * * * * //

dimensions      [0 0 0 1 0 0 0];

internalField   nonuniform List<scalar> 
1000
(
3.67705e-111
7.92506e-111
2.12919e-110
5.90615e-110
1.64274e-109
4.56397e-109
1.26594e-108
3.5055e-108
9.69058e-108
2.67431e-107
7.36772e-107
2.02635e-106
5.56358e-106
1.52493e-105
4.17257e-105
1.13976e-104
3.10796e-104
8.46039e-104
2.2991e-103
6.23702e-103
1.68906e-102
4.56629e-102
1.23233e-101
3.32002e-101
8.92891e-101
2.39718e-100
6.42462e-100
1.71884e-99
4.59056e-99
1.22387e-98
3.25722e-98
8.65356e-98
2.29499e-97
6.07577e-97
1.60568e-96
4.23593e-96
1.1155e-95
2.93242e-95
7.69506e-95
2.01571e-94
5.27074e-94
1.37576e-93
3.58459e-93
9.32315e-93
2.42053e-92
6.27306e-92
1.62282e-91
4.19068e-91
1.08023e-90
2.77951e-90
7.13898e-90
1.8303e-89
4.68405e-89
1.19656e-88
3.05115e-88
7.7661e-88
1.97312e-87
5.00395e-87
1.26672e-86
3.20079e-86
8.0731e-86
2.03249e-85
5.10763e-85
1.28119e-84
3.20782e-84
8.01692e-84
1.99988e-83
4.97965e-83
1.23763e-82
3.07029e-82
7.60262e-82
1.87906e-81
4.63565e-81
1.14149e-80
2.80559e-80
6.8828e-80
1.68537e-79
4.11918e-79
1.00488e-78
2.44681e-78
5.94661e-78
1.44252e-77
3.49265e-77
8.44052e-77
2.03592e-76
4.90153e-76
1.17782e-75
2.82488e-75
6.76232e-75
1.61571e-74
3.85305e-74
9.17099e-74
2.1787e-73
5.1659e-73
1.22254e-72
2.88765e-72
6.80754e-72
1.60177e-71
3.7616e-71
8.81671e-71
2.06253e-70
4.81562e-70
1.12218e-69
2.60993e-69
6.05829e-69
1.40354e-68
3.24529e-68
7.48916e-68
1.7249e-67
3.96499e-67
9.0964e-67
2.08278e-66
4.75952e-66
1.08549e-65
2.47078e-65
5.61284e-65
1.27254e-64
2.8794e-64
6.50233e-64
1.46546e-63
3.2962e-63
7.39926e-63
1.65766e-62
3.70627e-62
8.27006e-62
1.84166e-61
4.09298e-61
9.07813e-61
2.00946e-60
4.43902e-60
9.7863e-60
2.15314e-59
4.72767e-59
1.03596e-58
2.26546e-58
4.94409e-58
1.0768e-57
2.34043e-57
5.07658e-57
1.0989e-56
2.37388e-56
5.11763e-56
1.101e-55
2.36381e-55
5.0646e-55
1.08288e-54
2.31059e-54
4.92002e-54
1.04547e-53
2.21695e-53
4.69137e-53
9.90697e-53
2.08775e-52
4.39047e-52
9.21376e-52
1.92955e-51
4.03242e-51
8.40941e-51
1.75007e-50
3.63439e-50
7.53171e-50
1.55755e-49
3.2142e-49
6.61892e-49
1.36014e-48
2.78906e-48
5.70704e-48
1.16531e-47
2.37438e-47
4.82762e-47
9.79466e-47
1.98298e-46
4.00606e-46
8.07584e-46
1.62452e-45
3.26086e-45
6.53137e-45
1.30539e-44
2.6034e-44
5.18089e-44
1.02879e-43
2.03851e-43
4.03046e-43
7.95159e-43
1.56534e-42
3.07483e-42
6.02677e-42
1.17869e-41
2.30021e-41
4.47904e-41
8.70264e-41
1.68719e-40
3.26379e-40
6.29979e-40
1.21331e-39
2.33164e-39
4.47087e-39
8.55386e-39
1.63294e-38
3.1104e-38
5.91149e-38
1.12102e-37
2.12111e-37
4.00446e-37
7.54321e-37
1.41775e-36
2.6587e-36
4.97469e-36
9.28731e-36
1.72997e-35
3.21521e-35
5.96216e-35
1.10311e-34
2.03635e-34
3.75064e-34
6.89247e-34
1.26375e-33
2.31186e-33
4.21964e-33
7.68426e-33
1.39617e-32
2.53097e-32
4.57765e-32
8.26048e-32
1.48722e-31
2.67146e-31
4.78768e-31
8.56062e-31
1.52717e-30
2.71811e-30
4.82667e-30
8.55115e-30
1.51146e-29
2.66543e-29
4.68953e-29
8.23161e-29
1.44156e-28
2.51865e-28
4.3903e-28
7.63499e-28
1.32467e-27
2.29295e-27
3.95973e-27
6.82212e-27
1.17261e-26
2.01081e-26
3.44007e-26
5.87139e-26
9.99752e-26
1.69832e-25
2.87821e-25
4.86629e-25
8.20817e-25
1.38123e-24
2.31876e-24
3.88343e-24
6.48847e-24
1.08152e-23
1.79844e-23
2.98346e-23
4.9375e-23
8.15187e-23
1.34267e-22
2.20617e-22
3.61633e-22
5.91365e-22
9.64716e-22
1.57e-21
2.5489e-21
4.1282e-21
6.66991e-21
1.07506e-20
1.72859e-20
2.77269e-20
4.43669e-20
7.08213e-20
1.12775e-19
1.79147e-19
2.83889e-19
4.48777e-19
7.07707e-19
1.11331e-18
1.74711e-18
2.73503e-18
4.27112e-18
6.65361e-18
1.03397e-17
1.60285e-17
2.47864e-17
3.82353e-17
5.88366e-17
9.03153e-17
1.38294e-16
2.1124e-16
3.21867e-16
4.89218e-16
7.41744e-16
1.12184e-15
1.69251e-15
2.54715e-15
3.82385e-15
5.72622e-15
8.55372e-15
1.27456e-14
1.89446e-14
2.80885e-14
4.15421e-14
6.12864e-14
9.01892e-14
1.32391e-13
1.93855e-13
2.83145e-13
4.12525e-13
5.99521e-13
8.69097e-13
1.25673e-12
1.81269e-12
2.60803e-12
3.74292e-12
5.35814e-12
7.65108e-12
1.08978e-11
1.5483e-11
2.19421e-11
3.10172e-11
4.37351e-11
6.15119e-11
8.62957e-11
1.20759e-10
1.68558e-10
2.34682e-10
3.25917e-10
4.51474e-10
6.23815e-10
8.59758e-10
1.18193e-09
1.62071e-09
2.21673e-09
3.02423e-09
4.1154e-09
5.58603e-09
7.56289e-09
1.02133e-08
1.37574e-08
1.84841e-08
2.47715e-08
3.3113e-08
4.41506e-08
5.87171e-08
7.78904e-08
1.03061e-07
1.36017e-07
1.79054e-07
2.35105e-07
3.07915e-07
4.02244e-07
5.24129e-07
6.812e-07
8.83082e-07
1.14187e-06
1.47272e-06
1.89458e-06
2.43106e-06
3.11148e-06
3.97217e-06
5.05798e-06
6.42416e-06
8.13852e-06
1.0284e-05
1.2962e-05
1.62956e-05
2.04343e-05
2.55588e-05
3.18869e-05
3.96804e-05
4.92528e-05
6.09789e-05
7.53044e-05
9.27589e-05
0.000113969
0.000139672
0.000170738
0.000208183
0.000253198
0.000307165
0.000371691
0.000448635
0.000540139
0.000648664
0.000777028
0.00092845
0.00110659
0.00131559
0.00156014
0.00184551
0.00217761
0.00256305
0.00300918
0.00352417
0.00411702
0.00479766
0.00557696
0.00646682
0.00748015
0.00863096
0.00993433
0.0114065
0.0130648
0.0149276
0.0170146
0.0193463
0.0219443
0.0248312
0.0280303
0.0315657
0.0354622
0.0397449
0.0444393
0.0495708
0.055165
0.0612468
0.0678407
0.0749703
0.0826581
0.0909251
0.0997907
0.109272
0.119385
0.130141
0.14155
0.153619
0.166351
0.179745
0.193798
0.208502
0.223844
0.239809
0.256376
0.273521
0.291215
0.309427
0.328119
0.347253
0.366784
0.386667
0.406851
0.427287
0.44792
0.468695
0.489555
0.510444
0.531305
0.55208
0.572713
0.593148
0.613333
0.633216
0.652747
0.67188
0.690572
0.708783
0.726477
0.743622
0.760188
0.776152
0.791493
0.806195
0.820247
0.833639
0.846368
0.858434
0.869839
0.88059
0.890696
0.90017
0.909026
0.917281
0.924954
0.932067
0.938639
0.944695
0.950258
0.955353
0.960002
0.964231
0.968063
0.971521
0.974629
0.977407
0.979877
0.982057
0.983966
0.98562
0.987033
0.98822
0.989191
0.989957
0.990524
0.990899
0.991085
0.991085
0.990899
0.990524
0.989957
0.989191
0.98822
0.987033
0.98562
0.983966
0.982057
0.979877
0.977407
0.974629
0.971521
0.968063
0.964231
0.960002
0.955353
0.950258
0.944695
0.938639
0.932067
0.924954
0.917281
0.909026
0.90017
0.890696
0.88059
0.869839
0.858434
0.846368
0.833639
0.820247
0.806195
0.791493
0.776152
0.760188
0.743622
0.726477
0.708783
0.690572
0.67188
0.652747
0.633216
0.613333
0.593148
0.572713
0.55208
0.531305
0.510444
0.489555
0.468695
0.44792
0.427287
0.406851
0.386667
0.366784
0.347253
0.328119
0.309427
0.291215
0.273521
0.256376
0.239809
0.223844
0.208502
0.193798
0.179745
0.166351
0.153619
0.14155
0.130141
0.119385
0.109272
0.0997907
0.0909251
0.0826581
0.0749703
0.0678407
0.0612468
0.055165
0.0495708
0.0444393
0.0397449
0.0354622
0.0315657
0.0280303
0.0248312
0.0219443
0.0193463
0.0170146
0.0149276
0.0130648
0.0114065
0.00993433
0.00863096
0.00748015
0.00646682
0.00557696
0.00479766
0.00411702
0.00352417
0.00300918
0.00256305
0.00217761
0.00184551
0.00156014
0.00131559
0.00110659
0.00092845
0.000777028
0.000648664
0.000540139
0.000448635
0.000371691
0.000307165
0.000253198
0.000208183
0.000170738
0.000139672
0.000113969
9.27589e-05
7.53044e-05
6.09789e-05
4.92528e-05
3.96804e-05
3.18869e-05
2.55588e-05
2.04343e-05
1.62956e-05
1.2962e-05
1.0284e-05
8.13852e-06
6.42416e-06
5.05798e-06
3.97217e-06
3.11148e-06
2.43106e-06
1.89458e-06
1.47272e-06
1.14187e-06
8.83082e-07
6.812e-07
5.24129e-07
4.02244e-07
3.07915e-07
2.35105e-07
1.79054e-07
1.36017e-07
1.03061e-07
7.78904e-08
5.87171e-08
4.41506e-08
3.3113e-08
2.47715e-08
1.84841e-08
1.37574e-08
1.02133e-08
7.56289e-09
5.58603e-09
4.1154e-09
3.02423e-09
2.21673e-09
1.62071e-09
1.18193e-09
8.59758e-10
6.23815e-10
4.51474e-10
3.25917e-10
2.34682e-10
1.68558e-10
1.20759e-10
8.62957e-11
6.15119e-11
4.37351e-11
3.10172e-11
2.19421e-11
1.5483e-11
1.08978e-11
7.65108e-12
5.35814e-12
3.74292e-12
2.60803e-12
1.81269e-12
1.25673e-12
8.69097e-13
5.99521e-13
4.12525e-13
2.83145e-13
1.93855e-13
1.32391e-13
9.01892e-14
6.12864e-14
4.15421e-14
2.80885e-14
1.89446e-14
1.27456e-14
8.55372e-15
5.72622e-15
3.82385e-15
2.54715e-15
1.69251e-15
1.12184e-15
7.41744e-16
4.89218e-16
3.21867e-16
2.1124e-16
1.38294e-16
9.03153e-17
5.88366e-17
3.82353e-17
2.47864e-17
1.60285e-17
1.03397e-17
6.65361e-18
4.27112e-18
2.73503e-18
1.74711e-18
1.11331e-18
7.07707e-19
4.48777e-19
2.83889e-19
1.79147e-19
1.12775e-19
7.08213e-20
4.43669e-20
2.77269e-20
1.72859e-20
1.07506e-20
6.66991e-21
4.1282e-21
2.5489e-21
1.57e-21
9.64716e-22
5.91365e-22
3.61633e-22
2.20617e-22
1.34267e-22
8.15187e-23
4.9375e-23
2.98346e-23
1.79844e-23
1.08152e-23
6.48847e-24
3.88343e-24
2.31876e-24
1.38123e-24
8.20817e-25
4.86629e-25
2.87821e-25
1.69832e-25
9.99752e-26
5.87139e-26
3.44007e-26
2.01081e-26
1.17261e-26
6.82212e-27
3.95973e-27
2.29295e-27
1.32467e-27
7.63499e-28
4.3903e-28
2.51865e-28
1.44156e-28
8.23161e-29
4.68953e-29
2.66543e-29
1.51146e-29
8.55115e-30
4.82667e-30
2.71811e-30
1.52717e-30
8.56062e-31
4.78768e-31
2.67146e-31
1.48722e-31
8.26048e-32
4.57765e-32
2.53097e-32
1.39617e-32
7.68426e-33
4.21964e-33
2.31186e-33
1.26375e-33
6.89247e-34
3.75064e-34
2.03635e-34
1.10311e-34
5.96216e-35
3.21521e-35
1.72997e-35
9.28731e-36
4.97469e-36
2.6587e-36
1.41775e-36
7.54321e-37
4.00446e-37
2.12111e-37
1.12102e-37
5.91149e-38
3.1104e-38
1.63294e-38
8.55386e-39
4.47087e-39
2.33164e-39
1.21331e-39
6.29979e-40
3.26379e-40
1.68719e-40
8.70264e-41
4.47904e-41
2.30021e-41
1.17869e-41
6.02677e-42
3.07483e-42
1.56534e-42
7.95159e-43
4.03046e-43
2.03851e-43
1.02879e-43
5.18089e-44
2.6034e-44
1.30539e-44
6.53137e-45
3.26086e-45
1.62452e-45
8.07584e-46
4.00606e-46
1.98298e-46
9.79466e-47
4.82762e-47
2.37438e-47
1.16531e-47
5.70704e-48
2.78906e-48
1.36014e-48
6.61892e-49
3.2142e-49
1.55755e-49
7.53171e-50
3.63439e-50
1.75007e-50
8.40941e-51
4.03242e-51
1.92955e-51
9.21376e-52
4.39047e-52
2.08775e-52
9.90697e-53
4.69137e-53
2.21695e-53
1.04547e-53
4.92002e-54
2.31059e-54
1.08288e-54
5.0646e-55
2.36381e-55
1.101e-55
5.11763e-56
2.37388e-56
1.0989e-56
5.07658e-57
2.34043e-57
1.0768e-57
4.94409e-58
2.26546e-58
1.03596e-58
4.72767e-59
2.15314e-59
9.7863e-60
4.43902e-60
2.00946e-60
9.07813e-61
4.09298e-61
1.84166e-61
8.27006e-62
3.70627e-62
1.65766e-62
7.39926e-63
3.2962e-63
1.46546e-63
6.50233e-64
2.8794e-64
1.27254e-64
5.61284e-65
2.47078e-65
1.08549e-65
4.75952e-66
2.08278e-66
9.0964e-67
3.96499e-67
1.7249e-67
7.48916e-68
3.24529e-68
1.40354e-68
6.05829e-69
2.60993e-69
1.12218e-69
4.81562e-70
2.06253e-70
8.81671e-71
3.7616e-71
1.60177e-71
6.80754e-72
2.88765e-72
1.22254e-72
5.1659e-73
2.1787e-73
9.17099e-74
3.85305e-74
1.61571e-74
6.76232e-75
2.82488e-75
1.17782e-75
4.90153e-76
2.03592e-76
8.44052e-77
3.49265e-77
1.44252e-77
5.94661e-78
2.44681e-78
1.00488e-78
4.11918e-79
1.68537e-79
6.8828e-80
2.80559e-80
1.14149e-80
4.63565e-81
1.87906e-81
7.60262e-82
3.07029e-82
1.23763e-82
4.97965e-83
1.99988e-83
8.01692e-84
3.20782e-84
1.28119e-84
5.10763e-85
2.03249e-85
8.0731e-86
3.20079e-86
1.26672e-86
5.00395e-87
1.97312e-87
7.7661e-88
3.05115e-88
1.19656e-88
4.68405e-89
1.8303e-89
7.13898e-90
2.77951e-90
1.08023e-90
4.19068e-91
1.62282e-91
6.27306e-92
2.42053e-92
9.32315e-93
3.58459e-93
1.37576e-93
5.27074e-94
2.01571e-94
7.69506e-95
2.93242e-95
1.1155e-95
4.23593e-96
1.60568e-96
6.07577e-97
2.29499e-97
8.65356e-98
3.25722e-98
1.22387e-98
4.59056e-99
1.71884e-99
6.42462e-100
2.39718e-100
8.92891e-101
3.32002e-101
1.23233e-101
4.56629e-102
1.68906e-102
6.23702e-103
2.2991e-103
8.46039e-104
3.10796e-104
1.13976e-104
4.17257e-105
1.52493e-105
5.56358e-106
2.02635e-106
7.36772e-107
2.67431e-107
9.69058e-108
3.5055e-108
1.26594e-108
4.56397e-109
1.64274e-109
5.90615e-110
2.12919e-110
7.92506e-111
3.67705e-111
)
;

boundaryField
{
    sides
    {
        type            zeroGradient;
    }
    empty
    {
        type            empty;
    }
}


// ************************************************************************* //
