/*--------------------------------*- C++ -*----------------------------------*\
  =========                 |
  \\      /  F ield         | OpenFOAM: The Open Source CFD Toolbox
   \\    /   O peration     | Website:  https://openfoam.org
    \\  /    A nd           | Version:  13
     \\/     M anipulation  |
\*---------------------------------------------------------------------------*/
FoamFile
{
    format      ascii;
    class       volScalarField;
    location    "1.795";
    object      T;
}
// * * * * * * * * * * * * * * * * * * * * * * * * * * * * * * * * * * * * * //

dimensions      [0 0 0 1 0 0 0];

internalField   nonuniform List<scalar> 
1000
(
1.07472e-112
2.34967e-112
6.40083e-112
1.79853e-111
5.06599e-111
1.42527e-110
4.00331e-110
1.12254e-109
3.14228e-109
8.78099e-109
2.44962e-108
6.82193e-108
1.89658e-107
5.26364e-107
1.45832e-106
4.03339e-106
1.11362e-105
3.0694e-105
8.44531e-105
2.31966e-104
6.36031e-104
1.74091e-103
4.75683e-103
1.29748e-102
3.53284e-102
9.60257e-102
2.60549e-101
7.05715e-101
1.90812e-100
5.15011e-100
1.38759e-99
3.732e-99
1.00196e-98
2.68531e-98
7.18399e-98
1.91852e-97
5.1144e-97
1.36097e-96
3.61518e-96
9.58593e-96
2.53724e-95
6.70366e-95
1.768e-94
4.6545e-94
1.22316e-93
3.20856e-93
8.40144e-93
2.1959e-92
5.72909e-92
1.49201e-91
3.87856e-91
1.00642e-90
2.60675e-90
6.73948e-90
1.73925e-89
4.48025e-89
1.15199e-88
2.95665e-88
7.57448e-88
1.9369e-87
4.94382e-87
1.25956e-86
3.2031e-86
8.13058e-86
2.06e-85
5.20965e-85
1.31505e-84
3.31337e-84
8.33275e-84
2.09169e-83
5.24076e-83
1.31063e-82
3.27153e-82
8.15094e-82
2.02698e-81
5.03122e-81
1.24646e-80
3.08224e-80
7.60735e-80
1.87404e-79
4.60787e-79
1.13083e-78
2.76995e-78
6.77201e-78
1.65248e-77
4.02463e-77
9.78331e-77
2.37364e-76
5.74792e-76
1.38923e-75
3.35121e-75
8.0685e-75
1.93886e-74
4.65011e-74
1.11311e-73
2.65935e-73
6.34116e-73
1.5091e-72
3.58447e-72
8.49737e-72
2.01047e-71
4.74747e-71
1.11886e-70
2.63173e-70
6.17809e-70
1.44749e-69
3.3847e-69
7.89895e-69
1.83977e-68
4.27659e-68
9.9214e-68
2.29714e-67
5.30813e-67
1.22414e-66
2.81746e-66
6.47171e-66
1.48359e-65
3.39422e-65
7.7499e-65
1.76597e-64
4.01604e-64
9.11463e-64
2.06446e-63
4.66658e-63
1.05272e-62
2.37002e-62
5.32488e-62
1.19395e-61
2.67167e-61
5.96617e-61
1.32961e-60
2.95711e-60
6.56331e-60
1.45375e-59
3.21344e-59
7.08855e-59
1.56046e-58
3.42812e-58
7.51562e-58
1.64429e-57
3.58999e-57
7.82187e-57
1.7007e-56
3.69016e-56
7.99025e-56
1.72652e-55
3.72288e-55
8.01086e-55
1.72018e-54
3.68602e-54
7.88194e-54
1.68189e-53
3.58137e-53
7.61004e-53
1.61365e-52
3.41442e-52
7.20951e-52
1.51906e-51
3.19394e-51
6.70124e-51
1.40301e-50
2.93118e-50
6.11082e-50
1.27125e-49
2.63895e-49
5.46644e-49
1.12992e-48
2.33055e-48
4.79662e-48
9.85096e-48
2.01877e-47
4.12816e-47
8.42342e-47
1.71507e-46
3.48444e-46
7.06386e-46
1.42892e-45
2.88423e-45
5.80904e-45
1.16743e-44
2.34105e-44
4.68425e-44
9.35228e-44
1.86313e-43
3.70351e-43
7.34563e-43
1.45375e-42
2.87072e-42
5.6563e-42
1.11202e-41
2.1814e-41
4.26964e-41
8.33843e-41
1.62484e-40
3.15916e-40
6.12864e-40
1.18628e-39
2.29107e-39
4.41486e-39
8.48835e-39
1.62838e-38
3.11681e-38
5.95234e-38
1.13419e-37
2.15628e-37
4.0902e-37
7.74105e-37
1.46174e-36
2.75396e-36
5.17676e-36
9.70891e-36
1.81675e-35
3.39178e-35
6.31784e-35
1.17413e-34
2.17707e-34
4.02746e-34
7.43351e-34
1.36886e-33
2.51492e-33
4.60987e-33
8.43046e-33
1.53819e-32
2.80005e-32
5.08529e-32
9.21422e-32
1.66569e-31
3.00412e-31
5.40545e-31
9.70363e-31
1.73789e-30
3.10526e-30
5.53549e-30
9.84459e-30
1.74671e-29
3.09189e-29
5.46018e-29
9.61984e-29
1.69085e-28
2.96495e-28
5.18686e-28
9.05242e-28
1.57614e-27
2.73778e-27
4.74427e-27
8.20179e-27
1.41454e-26
2.43381e-26
4.17755e-26
7.15354e-26
1.22203e-25
2.08259e-25
3.54066e-25
6.00514e-25
1.01606e-24
1.71503e-24
2.88787e-24
4.85108e-24
8.12926e-24
1.35898e-23
2.26636e-23
3.77042e-23
6.25749e-23
1.03599e-22
1.71103e-22
2.81905e-22
4.63331e-22
7.59663e-22
1.24249e-21
2.02722e-21
3.29951e-21
5.35717e-21
8.67674e-21
1.40189e-20
2.25945e-20
3.63267e-20
5.82613e-20
9.32106e-20
1.48758e-19
2.36822e-19
3.7609e-19
5.95781e-19
9.41472e-19
1.48406e-18
2.33356e-18
3.66023e-18
5.72689e-18
8.93816e-18
1.39154e-17
2.16104e-17
3.34768e-17
5.173e-17
7.97361e-17
1.22597e-16
1.88027e-16
2.87653e-16
4.38965e-16
6.6819e-16
1.01456e-15
1.53661e-15
2.32144e-15
3.4983e-15
5.25848e-15
7.88438e-15
1.17917e-14
1.7591e-14
2.6176e-14
3.88523e-14
5.75214e-14
8.49455e-14
1.25126e-13
1.83846e-13
2.69436e-13
3.93869e-13
5.74304e-13
8.35267e-13
1.21172e-12
1.75335e-12
2.53063e-12
3.64315e-12
5.23137e-12
7.49277e-12
1.07043e-11
1.52531e-11
2.16794e-11
3.07342e-11
4.34591e-11
6.12949e-11
8.62286e-11
1.20993e-10
1.69338e-10
2.3639e-10
3.29142e-10
4.57109e-10
6.33192e-10
8.74844e-10
1.2056e-09
1.65713e-09
2.27189e-09
3.10666e-09
4.23719e-09
5.76419e-09
7.82122e-09
1.05849e-08
1.4288e-08
1.92368e-08
2.58326e-08
3.46001e-08
4.62232e-08
6.15908e-08
8.18548e-08
1.08504e-07
1.43456e-07
1.89175e-07
2.48818e-07
3.26415e-07
4.27101e-07
5.57394e-07
7.25546e-07
9.41974e-07
1.21979e-06
1.57543e-06
2.02949e-06
2.60763e-06
3.34176e-06
4.27146e-06
5.44562e-06
6.92454e-06
8.78225e-06
1.11094e-05
1.40169e-05
1.76393e-05
2.21404e-05
2.7718e-05
3.46108e-05
4.31057e-05
5.35467e-05
6.63446e-05
8.19886e-05
0.000101059
0.000124245
0.000152354
0.000186342
0.000227323
0.000276604
0.0003357
0.000406375
0.000490665
0.000590917
0.000709827
0.000850481
0.0010164
0.00121157
0.00144055
0.00170842
0.00202095
0.00238457
0.00280647
0.00329465
0.00385796
0.00450617
0.00525002
0.00610126
0.00707271
0.0081783
0.00943306
0.0108532
0.012456
0.0142601
0.016285
0.0185516
0.0210816
0.0238979
0.0270241
0.0304847
0.0343049
0.0385104
0.0431272
0.0481815
0.0536994
0.0597066
0.0662285
0.0732894
0.0809128
0.0891204
0.0979326
0.107368
0.117441
0.128167
0.139556
0.151614
0.164346
0.177752
0.191828
0.206568
0.221958
0.237983
0.254624
0.271854
0.289647
0.307968
0.326781
0.346045
0.365717
0.385749
0.40609
0.426688
0.447489
0.468435
0.489468
0.510531
0.531565
0.552511
0.573312
0.59391
0.614251
0.634283
0.653954
0.673218
0.692031
0.710352
0.728144
0.745374
0.762014
0.778039
0.793428
0.808166
0.822241
0.835645
0.848375
0.86043
0.871815
0.882536
0.892605
0.902033
0.910836
0.919034
0.926644
0.93369
0.940192
0.946176
0.951666
0.956686
0.961262
0.965418
0.96918
0.97257
0.975611
0.978327
0.980739
0.982864
0.984724
0.986332
0.987706
0.988859
0.989801
0.990543
0.991092
0.991455
0.991636
0.991636
0.991455
0.991092
0.990543
0.989801
0.988859
0.987706
0.986332
0.984724
0.982864
0.980739
0.978327
0.975611
0.97257
0.96918
0.965418
0.961262
0.956686
0.951666
0.946176
0.940192
0.93369
0.926644
0.919034
0.910836
0.902033
0.892605
0.882536
0.871815
0.86043
0.848375
0.835645
0.822241
0.808166
0.793428
0.778039
0.762014
0.745374
0.728144
0.710352
0.692031
0.673218
0.653954
0.634283
0.614251
0.59391
0.573312
0.552511
0.531565
0.510531
0.489468
0.468435
0.447489
0.426688
0.40609
0.385749
0.365717
0.346045
0.326781
0.307968
0.289647
0.271854
0.254624
0.237983
0.221958
0.206568
0.191828
0.177752
0.164346
0.151614
0.139556
0.128167
0.117441
0.107368
0.0979326
0.0891204
0.0809128
0.0732894
0.0662285
0.0597066
0.0536994
0.0481815
0.0431272
0.0385104
0.0343049
0.0304847
0.0270241
0.0238979
0.0210816
0.0185516
0.016285
0.0142601
0.012456
0.0108532
0.00943306
0.0081783
0.00707271
0.00610126
0.00525002
0.00450617
0.00385796
0.00329465
0.00280647
0.00238457
0.00202095
0.00170842
0.00144055
0.00121157
0.0010164
0.000850481
0.000709827
0.000590917
0.000490665
0.000406375
0.0003357
0.000276604
0.000227323
0.000186342
0.000152354
0.000124245
0.000101059
8.19886e-05
6.63446e-05
5.35467e-05
4.31057e-05
3.46108e-05
2.7718e-05
2.21404e-05
1.76393e-05
1.40169e-05
1.11094e-05
8.78225e-06
6.92454e-06
5.44562e-06
4.27146e-06
3.34176e-06
2.60763e-06
2.02949e-06
1.57543e-06
1.21979e-06
9.41974e-07
7.25546e-07
5.57394e-07
4.27101e-07
3.26415e-07
2.48818e-07
1.89175e-07
1.43456e-07
1.08504e-07
8.18548e-08
6.15908e-08
4.62232e-08
3.46001e-08
2.58326e-08
1.92368e-08
1.4288e-08
1.05849e-08
7.82122e-09
5.76419e-09
4.23719e-09
3.10666e-09
2.27189e-09
1.65713e-09
1.2056e-09
8.74844e-10
6.33192e-10
4.57109e-10
3.29142e-10
2.3639e-10
1.69338e-10
1.20993e-10
8.62286e-11
6.12949e-11
4.34591e-11
3.07342e-11
2.16794e-11
1.52531e-11
1.07043e-11
7.49277e-12
5.23137e-12
3.64315e-12
2.53063e-12
1.75335e-12
1.21172e-12
8.35267e-13
5.74304e-13
3.93869e-13
2.69436e-13
1.83846e-13
1.25126e-13
8.49455e-14
5.75214e-14
3.88523e-14
2.6176e-14
1.7591e-14
1.17917e-14
7.88438e-15
5.25848e-15
3.4983e-15
2.32144e-15
1.53661e-15
1.01456e-15
6.6819e-16
4.38965e-16
2.87653e-16
1.88027e-16
1.22597e-16
7.97361e-17
5.173e-17
3.34768e-17
2.16104e-17
1.39154e-17
8.93816e-18
5.72689e-18
3.66023e-18
2.33356e-18
1.48406e-18
9.41472e-19
5.95781e-19
3.7609e-19
2.36822e-19
1.48758e-19
9.32106e-20
5.82613e-20
3.63267e-20
2.25945e-20
1.40189e-20
8.67674e-21
5.35717e-21
3.29951e-21
2.02722e-21
1.24249e-21
7.59663e-22
4.63331e-22
2.81905e-22
1.71103e-22
1.03599e-22
6.25749e-23
3.77042e-23
2.26636e-23
1.35898e-23
8.12926e-24
4.85108e-24
2.88787e-24
1.71503e-24
1.01606e-24
6.00514e-25
3.54066e-25
2.08259e-25
1.22203e-25
7.15354e-26
4.17755e-26
2.43381e-26
1.41454e-26
8.20179e-27
4.74427e-27
2.73778e-27
1.57614e-27
9.05242e-28
5.18686e-28
2.96495e-28
1.69085e-28
9.61984e-29
5.46018e-29
3.09189e-29
1.74671e-29
9.84459e-30
5.53549e-30
3.10526e-30
1.73789e-30
9.70363e-31
5.40545e-31
3.00412e-31
1.66569e-31
9.21422e-32
5.08529e-32
2.80005e-32
1.53819e-32
8.43046e-33
4.60987e-33
2.51492e-33
1.36886e-33
7.43351e-34
4.02746e-34
2.17707e-34
1.17413e-34
6.31784e-35
3.39178e-35
1.81675e-35
9.70891e-36
5.17676e-36
2.75396e-36
1.46174e-36
7.74105e-37
4.0902e-37
2.15628e-37
1.13419e-37
5.95234e-38
3.11681e-38
1.62838e-38
8.48835e-39
4.41486e-39
2.29107e-39
1.18628e-39
6.12864e-40
3.15916e-40
1.62484e-40
8.33843e-41
4.26964e-41
2.1814e-41
1.11202e-41
5.6563e-42
2.87072e-42
1.45375e-42
7.34563e-43
3.70351e-43
1.86313e-43
9.35228e-44
4.68425e-44
2.34105e-44
1.16743e-44
5.80904e-45
2.88423e-45
1.42892e-45
7.06386e-46
3.48444e-46
1.71507e-46
8.42342e-47
4.12816e-47
2.01877e-47
9.85096e-48
4.79662e-48
2.33055e-48
1.12992e-48
5.46644e-49
2.63895e-49
1.27125e-49
6.11082e-50
2.93118e-50
1.40301e-50
6.70124e-51
3.19394e-51
1.51906e-51
7.20951e-52
3.41442e-52
1.61365e-52
7.61004e-53
3.58137e-53
1.68189e-53
7.88194e-54
3.68602e-54
1.72018e-54
8.01086e-55
3.72288e-55
1.72652e-55
7.99025e-56
3.69016e-56
1.7007e-56
7.82187e-57
3.58999e-57
1.64429e-57
7.51562e-58
3.42812e-58
1.56046e-58
7.08855e-59
3.21344e-59
1.45375e-59
6.56331e-60
2.95711e-60
1.32961e-60
5.96617e-61
2.67167e-61
1.19395e-61
5.32488e-62
2.37002e-62
1.05272e-62
4.66658e-63
2.06446e-63
9.11463e-64
4.01604e-64
1.76597e-64
7.7499e-65
3.39422e-65
1.48359e-65
6.47171e-66
2.81746e-66
1.22414e-66
5.30813e-67
2.29714e-67
9.9214e-68
4.27659e-68
1.83977e-68
7.89895e-69
3.3847e-69
1.44749e-69
6.17809e-70
2.63173e-70
1.11886e-70
4.74747e-71
2.01047e-71
8.49737e-72
3.58447e-72
1.5091e-72
6.34116e-73
2.65935e-73
1.11311e-73
4.65011e-74
1.93886e-74
8.0685e-75
3.35121e-75
1.38923e-75
5.74792e-76
2.37364e-76
9.78331e-77
4.02463e-77
1.65248e-77
6.77201e-78
2.76995e-78
1.13083e-78
4.60787e-79
1.87404e-79
7.60735e-80
3.08224e-80
1.24646e-80
5.03122e-81
2.02698e-81
8.15094e-82
3.27153e-82
1.31063e-82
5.24076e-83
2.09169e-83
8.33275e-84
3.31337e-84
1.31505e-84
5.20965e-85
2.06e-85
8.13058e-86
3.2031e-86
1.25956e-86
4.94382e-87
1.9369e-87
7.57448e-88
2.95665e-88
1.15199e-88
4.48025e-89
1.73925e-89
6.73948e-90
2.60675e-90
1.00642e-90
3.87856e-91
1.49201e-91
5.72909e-92
2.1959e-92
8.40144e-93
3.20856e-93
1.22316e-93
4.6545e-94
1.768e-94
6.70366e-95
2.53724e-95
9.58593e-96
3.61518e-96
1.36097e-96
5.1144e-97
1.91852e-97
7.18399e-98
2.68531e-98
1.00196e-98
3.732e-99
1.38759e-99
5.15011e-100
1.90812e-100
7.05715e-101
2.60549e-101
9.60257e-102
3.53284e-102
1.29748e-102
4.75683e-103
1.74091e-103
6.36031e-104
2.31966e-104
8.44531e-105
3.0694e-105
1.11362e-105
4.03339e-106
1.45832e-106
5.26364e-107
1.89658e-107
6.82193e-108
2.44962e-108
8.78099e-109
3.14228e-109
1.12254e-109
4.00331e-110
1.42527e-110
5.06599e-111
1.79853e-111
6.40083e-112
2.34967e-112
1.07472e-112
)
;

boundaryField
{
    sides
    {
        type            zeroGradient;
    }
    empty
    {
        type            empty;
    }
}


// ************************************************************************* //
