/*--------------------------------*- C++ -*----------------------------------*\
  =========                 |
  \\      /  F ield         | OpenFOAM: The Open Source CFD Toolbox
   \\    /   O peration     | Website:  https://openfoam.org
    \\  /    A nd           | Version:  13
     \\/     M anipulation  |
\*---------------------------------------------------------------------------*/
FoamFile
{
    format      ascii;
    class       volScalarField;
    location    "3.34";
    object      T;
}
// * * * * * * * * * * * * * * * * * * * * * * * * * * * * * * * * * * * * * //

dimensions      [0 0 0 1 0 0 0];

internalField   nonuniform List<scalar> 
1000
(
1.45202e-65
2.04715e-65
3.47812e-65
6.3224e-65
1.17241e-64
2.18479e-64
4.07348e-64
7.58935e-64
1.41244e-63
2.62554e-63
4.87456e-63
9.03897e-63
1.67404e-62
3.09655e-62
5.72075e-62
1.05558e-61
1.94532e-61
3.58058e-61
6.58229e-61
1.20854e-60
2.2162e-60
4.05897e-60
7.42478e-60
1.35647e-59
2.47513e-59
4.51069e-59
8.21009e-59
1.49249e-58
2.70976e-58
4.91371e-58
8.89909e-58
1.60967e-57
2.90795e-57
5.24677e-57
9.45481e-57
1.70165e-56
3.05872e-56
5.49118e-56
9.84568e-56
1.76311e-55
3.15331e-55
5.63258e-55
1.00485e-54
1.79038e-54
3.18598e-54
5.66229e-54
1.00506e-53
1.78174e-53
3.15461e-53
5.57824e-53
9.85141e-53
1.7376e-52
3.0609e-52
5.38515e-52
9.46225e-52
1.6605e-51
2.91026e-51
5.09414e-51
8.90546e-51
1.55485e-50
2.71124e-50
4.72163e-50
8.21223e-50
1.42651e-49
2.47477e-49
4.28783e-49
7.41967e-49
1.28226e-48
2.21314e-48
3.81492e-48
6.56756e-48
1.12918e-47
1.93895e-47
3.32515e-47
5.69502e-47
9.74137e-47
1.66412e-46
2.83916e-46
4.83766e-46
8.23225e-46
1.39907e-45
2.37466e-45
4.02532e-45
6.81454e-45
1.15215e-44
1.94545e-44
3.28071e-44
5.52525e-44
9.29332e-44
1.56108e-43
2.61888e-43
4.38773e-43
7.34174e-43
1.22685e-42
2.04748e-42
3.41255e-42
5.68031e-42
9.44274e-42
1.56768e-41
2.59924e-41
4.30396e-41
7.11739e-41
1.17545e-40
1.93874e-40
3.19347e-40
5.25336e-40
8.63061e-40
1.41604e-39
2.32026e-39
3.79687e-39
6.20503e-39
1.01272e-38
1.65068e-38
2.68698e-38
4.36808e-38
7.0916e-38
1.1498e-37
1.86178e-37
3.01064e-37
4.862e-37
7.84142e-37
1.26299e-36
2.03155e-36
3.26347e-36
5.23545e-36
8.38789e-36
1.34206e-35
2.14445e-35
3.42201e-35
5.4534e-35
8.67912e-35
1.37944e-34
2.18954e-34
3.47075e-34
5.4943e-34
8.68603e-34
1.37136e-33
2.16221e-33
3.40458e-33
5.35362e-33
8.40716e-33
1.31847e-32
2.06493e-32
3.22968e-32
5.04464e-32
7.86896e-32
1.2258e-31
1.90695e-31
2.9626e-31
4.59644e-31
7.12173e-31
1.10195e-30
1.70277e-30
2.62761e-30
4.04931e-30
6.2318e-30
9.57764e-30
1.47e-29
2.25313e-29
3.4488e-29
5.27183e-29
8.04759e-29
1.22682e-28
1.8677e-28
2.83951e-28
4.31112e-28
6.53652e-28
9.8972e-28
1.49654e-27
2.2598e-27
3.40771e-27
5.13171e-27
7.71739e-27
1.15901e-26
1.73824e-26
2.60339e-26
3.89382e-26
5.81592e-26
8.67497e-26
1.29218e-25
1.92213e-25
2.85528e-25
4.23565e-25
6.27473e-25
9.28271e-25
1.37138e-24
2.02323e-24
2.98083e-24
4.38562e-24
6.4436e-24
9.45429e-24
1.38526e-23
2.02692e-23
2.96171e-23
4.32165e-23
6.29737e-23
9.16367e-23
1.33162e-22
1.93238e-22
2.80029e-22
4.05243e-22
5.85634e-22
8.45156e-22
1.218e-21
1.75289e-21
2.5192e-21
3.6155e-21
5.1817e-21
7.41608e-21
1.05992e-20
1.51276e-20
2.15607e-20
3.0687e-20
4.36156e-20
6.19049e-20
8.77414e-20
1.24188e-19
1.7553e-19
2.47752e-19
3.49204e-19
4.91513e-19
6.90854e-19
9.69688e-19
1.35916e-18
1.90241e-18
2.65909e-18
3.71153e-18
5.1733e-18
7.2007e-18
1.00086e-17
1.38921e-17
1.92554e-17
2.66519e-17
3.68382e-17
5.08462e-17
7.00827e-17
9.64616e-17
1.32583e-16
1.81976e-16
2.4942e-16
3.41379e-16
4.66589e-16
6.36827e-16
8.67957e-16
1.18131e-15
1.60554e-15
2.17904e-15
2.95325e-15
3.9969e-15
5.40177e-15
7.29015e-15
9.82484e-15
1.32222e-14
1.77692e-14
2.38463e-14
3.19567e-14
4.27652e-14
5.71486e-14
7.62621e-14
1.01625e-13
1.35231e-13
1.79696e-13
2.38445e-13
3.15955e-13
4.18068e-13
5.52403e-13
7.28871e-13
9.60353e-13
1.26356e-12
1.66015e-12
2.17814e-12
2.8537e-12
3.73349e-12
4.87762e-12
6.36334e-12
8.28986e-12
1.07844e-11
1.40096e-11
1.81736e-11
2.35419e-11
3.04527e-11
3.93364e-11
5.07396e-11
6.53556e-11
8.40627e-11
1.07971e-10
1.38483e-10
1.77364e-10
2.26841e-10
2.89708e-10
3.69472e-10
4.70529e-10
5.98377e-10
7.59883e-10
9.6361e-10
1.22022e-09
1.54298e-09
1.94833e-09
2.45669e-09
3.09329e-09
3.88931e-09
4.88324e-09
6.12247e-09
7.66527e-09
9.58323e-09
1.19641e-08
1.49152e-08
1.85678e-08
2.30821e-08
2.86533e-08
3.55186e-08
4.39662e-08
5.43458e-08
6.70805e-08
8.26816e-08
1.01766e-07
1.25079e-07
1.53513e-07
1.88144e-07
2.3026e-07
2.81405e-07
3.43421e-07
4.18509e-07
5.09293e-07
6.1889e-07
7.51005e-07
9.10032e-07
1.10117e-06
1.33057e-06
1.60547e-06
1.93443e-06
2.32749e-06
2.79645e-06
3.35515e-06
4.01978e-06
4.80925e-06
5.74563e-06
6.85462e-06
8.16611e-06
9.71478e-06
1.15408e-05
1.36908e-05
1.62183e-05
1.91853e-05
2.26631e-05
2.67337e-05
3.14909e-05
3.70425e-05
4.35114e-05
5.10381e-05
5.97827e-05
6.99271e-05
8.16779e-05
9.52696e-05
0.000110967
0.00012907
0.000149916
0.000173884
0.000201403
0.000232951
0.000269063
0.00031034
0.000357451
0.000411139
0.000472232
0.000541648
0.000620405
0.000709627
0.000810553
0.00092455
0.00105312
0.00119791
0.00136072
0.00154353
0.00174848
0.00197792
0.00223439
0.00252065
0.00283968
0.00319471
0.00358921
0.00402691
0.00451182
0.00504824
0.00564075
0.00629425
0.00701393
0.00780533
0.00867428
0.00962697
0.0106699
0.0118099
0.0130543
0.0144104
0.0158861
0.0174896
0.0192294
0.0211142
0.0231531
0.0253554
0.0277305
0.0302883
0.0330387
0.0359917
0.0391576
0.0425467
0.0461692
0.0500355
0.0541558
0.0585402
0.0631987
0.0681411
0.0733767
0.0789147
0.0847638
0.0909322
0.0974277
0.104257
0.111428
0.118944
0.126812
0.135036
0.143618
0.15256
0.161865
0.171532
0.181561
0.191948
0.202692
0.213787
0.225229
0.237009
0.24912
0.261553
0.274297
0.287341
0.30067
0.314272
0.328131
0.34223
0.356552
0.37108
0.385793
0.400673
0.415697
0.430845
0.446095
0.461424
0.47681
0.49223
0.50766
0.523076
0.538457
0.553778
0.569017
0.584151
0.599158
0.614017
0.628705
0.643203
0.657491
0.671551
0.685364
0.698913
0.712182
0.725157
0.737823
0.750167
0.762178
0.773845
0.785158
0.796109
0.80669
0.816895
0.826718
0.836156
0.845205
0.853861
0.862124
0.869993
0.877466
0.884545
0.891231
0.897524
0.903427
0.908942
0.914071
0.918818
0.923185
0.927174
0.93079
0.934034
0.93691
0.93942
0.941567
0.943353
0.944779
0.945847
0.946559
0.946914
0.946914
0.946559
0.945847
0.944779
0.943353
0.941567
0.93942
0.93691
0.934034
0.93079
0.927174
0.923185
0.918818
0.914071
0.908942
0.903427
0.897524
0.891231
0.884545
0.877466
0.869993
0.862124
0.853861
0.845205
0.836156
0.826718
0.816895
0.80669
0.796109
0.785158
0.773845
0.762178
0.750167
0.737823
0.725157
0.712182
0.698913
0.685364
0.671551
0.657491
0.643203
0.628705
0.614017
0.599158
0.584151
0.569017
0.553778
0.538457
0.523076
0.50766
0.49223
0.47681
0.461424
0.446095
0.430845
0.415697
0.400673
0.385793
0.37108
0.356552
0.34223
0.328131
0.314272
0.30067
0.287341
0.274297
0.261553
0.24912
0.237009
0.225229
0.213787
0.202692
0.191948
0.181561
0.171532
0.161865
0.15256
0.143618
0.135036
0.126812
0.118944
0.111428
0.104257
0.0974277
0.0909322
0.0847638
0.0789147
0.0733767
0.0681411
0.0631987
0.0585402
0.0541558
0.0500355
0.0461692
0.0425467
0.0391576
0.0359917
0.0330387
0.0302883
0.0277305
0.0253554
0.0231531
0.0211142
0.0192294
0.0174896
0.0158861
0.0144104
0.0130543
0.0118099
0.0106699
0.00962697
0.00867428
0.00780533
0.00701393
0.00629425
0.00564075
0.00504824
0.00451182
0.00402691
0.00358921
0.00319471
0.00283968
0.00252065
0.00223439
0.00197792
0.00174848
0.00154353
0.00136072
0.00119791
0.00105312
0.00092455
0.000810553
0.000709627
0.000620405
0.000541648
0.000472232
0.000411139
0.000357451
0.00031034
0.000269063
0.000232951
0.000201403
0.000173884
0.000149916
0.00012907
0.000110967
9.52696e-05
8.16779e-05
6.99271e-05
5.97827e-05
5.10381e-05
4.35114e-05
3.70425e-05
3.14909e-05
2.67337e-05
2.26631e-05
1.91853e-05
1.62183e-05
1.36908e-05
1.15408e-05
9.71478e-06
8.16611e-06
6.85462e-06
5.74563e-06
4.80925e-06
4.01978e-06
3.35515e-06
2.79645e-06
2.32749e-06
1.93443e-06
1.60547e-06
1.33057e-06
1.10117e-06
9.10032e-07
7.51005e-07
6.1889e-07
5.09293e-07
4.18509e-07
3.43421e-07
2.81405e-07
2.3026e-07
1.88144e-07
1.53513e-07
1.25079e-07
1.01766e-07
8.26816e-08
6.70805e-08
5.43458e-08
4.39662e-08
3.55186e-08
2.86533e-08
2.30821e-08
1.85678e-08
1.49152e-08
1.19641e-08
9.58323e-09
7.66527e-09
6.12247e-09
4.88324e-09
3.88931e-09
3.09329e-09
2.45669e-09
1.94833e-09
1.54298e-09
1.22022e-09
9.6361e-10
7.59883e-10
5.98377e-10
4.70529e-10
3.69472e-10
2.89708e-10
2.26841e-10
1.77364e-10
1.38483e-10
1.07971e-10
8.40627e-11
6.53556e-11
5.07396e-11
3.93364e-11
3.04527e-11
2.35419e-11
1.81736e-11
1.40096e-11
1.07844e-11
8.28986e-12
6.36334e-12
4.87762e-12
3.73349e-12
2.8537e-12
2.17814e-12
1.66015e-12
1.26356e-12
9.60353e-13
7.28871e-13
5.52403e-13
4.18068e-13
3.15955e-13
2.38445e-13
1.79696e-13
1.35231e-13
1.01625e-13
7.62621e-14
5.71486e-14
4.27652e-14
3.19567e-14
2.38463e-14
1.77692e-14
1.32222e-14
9.82484e-15
7.29015e-15
5.40177e-15
3.9969e-15
2.95325e-15
2.17904e-15
1.60554e-15
1.18131e-15
8.67957e-16
6.36827e-16
4.66589e-16
3.41379e-16
2.4942e-16
1.81976e-16
1.32583e-16
9.64616e-17
7.00827e-17
5.08462e-17
3.68382e-17
2.66519e-17
1.92554e-17
1.38921e-17
1.00086e-17
7.2007e-18
5.1733e-18
3.71153e-18
2.65909e-18
1.90241e-18
1.35916e-18
9.69688e-19
6.90854e-19
4.91513e-19
3.49204e-19
2.47752e-19
1.7553e-19
1.24188e-19
8.77414e-20
6.19049e-20
4.36156e-20
3.0687e-20
2.15607e-20
1.51276e-20
1.05992e-20
7.41608e-21
5.1817e-21
3.6155e-21
2.5192e-21
1.75289e-21
1.218e-21
8.45156e-22
5.85634e-22
4.05243e-22
2.80029e-22
1.93238e-22
1.33162e-22
9.16367e-23
6.29737e-23
4.32165e-23
2.96171e-23
2.02692e-23
1.38526e-23
9.45429e-24
6.4436e-24
4.38562e-24
2.98083e-24
2.02323e-24
1.37138e-24
9.28271e-25
6.27473e-25
4.23565e-25
2.85528e-25
1.92213e-25
1.29218e-25
8.67497e-26
5.81592e-26
3.89382e-26
2.60339e-26
1.73824e-26
1.15901e-26
7.71739e-27
5.13171e-27
3.40771e-27
2.2598e-27
1.49654e-27
9.8972e-28
6.53652e-28
4.31112e-28
2.83951e-28
1.8677e-28
1.22682e-28
8.04759e-29
5.27183e-29
3.4488e-29
2.25313e-29
1.47e-29
9.57764e-30
6.2318e-30
4.04931e-30
2.62761e-30
1.70277e-30
1.10195e-30
7.12173e-31
4.59644e-31
2.9626e-31
1.90695e-31
1.2258e-31
7.86896e-32
5.04464e-32
3.22968e-32
2.06493e-32
1.31847e-32
8.40716e-33
5.35362e-33
3.40458e-33
2.16221e-33
1.37136e-33
8.68603e-34
5.4943e-34
3.47075e-34
2.18954e-34
1.37944e-34
8.67912e-35
5.4534e-35
3.42201e-35
2.14445e-35
1.34206e-35
8.38789e-36
5.23545e-36
3.26347e-36
2.03155e-36
1.26299e-36
7.84142e-37
4.862e-37
3.01064e-37
1.86178e-37
1.1498e-37
7.0916e-38
4.36808e-38
2.68698e-38
1.65068e-38
1.01272e-38
6.20503e-39
3.79687e-39
2.32026e-39
1.41604e-39
8.63061e-40
5.25336e-40
3.19347e-40
1.93874e-40
1.17545e-40
7.11739e-41
4.30396e-41
2.59924e-41
1.56768e-41
9.44274e-42
5.68031e-42
3.41255e-42
2.04748e-42
1.22685e-42
7.34174e-43
4.38773e-43
2.61888e-43
1.56108e-43
9.29332e-44
5.52525e-44
3.28071e-44
1.94545e-44
1.15215e-44
6.81454e-45
4.02532e-45
2.37466e-45
1.39907e-45
8.23225e-46
4.83766e-46
2.83916e-46
1.66412e-46
9.74137e-47
5.69502e-47
3.32515e-47
1.93895e-47
1.12918e-47
6.56756e-48
3.81492e-48
2.21314e-48
1.28226e-48
7.41967e-49
4.28783e-49
2.47477e-49
1.42651e-49
8.21223e-50
4.72163e-50
2.71124e-50
1.55485e-50
8.90546e-51
5.09414e-51
2.91026e-51
1.6605e-51
9.46225e-52
5.38515e-52
3.0609e-52
1.7376e-52
9.85141e-53
5.57824e-53
3.15461e-53
1.78174e-53
1.00506e-53
5.66229e-54
3.18598e-54
1.79038e-54
1.00485e-54
5.63258e-55
3.15331e-55
1.76311e-55
9.84568e-56
5.49118e-56
3.05872e-56
1.70165e-56
9.45481e-57
5.24677e-57
2.90795e-57
1.60967e-57
8.89909e-58
4.91371e-58
2.70976e-58
1.49249e-58
8.21009e-59
4.51069e-59
2.47513e-59
1.35647e-59
7.42478e-60
4.05897e-60
2.2162e-60
1.20854e-60
6.58229e-61
3.58058e-61
1.94532e-61
1.05558e-61
5.72075e-62
3.09655e-62
1.67404e-62
9.03897e-63
4.87456e-63
2.62554e-63
1.41244e-63
7.58935e-64
4.07348e-64
2.18479e-64
1.17241e-64
6.3224e-65
3.47812e-65
2.04715e-65
1.45202e-65
)
;

boundaryField
{
    sides
    {
        type            zeroGradient;
    }
    empty
    {
        type            empty;
    }
}


// ************************************************************************* //
