/*--------------------------------*- C++ -*----------------------------------*\
  =========                 |
  \\      /  F ield         | OpenFOAM: The Open Source CFD Toolbox
   \\    /   O peration     | Website:  https://openfoam.org
    \\  /    A nd           | Version:  13
     \\/     M anipulation  |
\*---------------------------------------------------------------------------*/
FoamFile
{
    format      ascii;
    class       volScalarField;
    location    "4.74";
    object      T;
}
// * * * * * * * * * * * * * * * * * * * * * * * * * * * * * * * * * * * * * //

dimensions      [0 0 0 1 0 0 0];

internalField   nonuniform List<scalar> 
1000
(
1.64148e-47
1.99285e-47
2.76943e-47
4.13404e-47
6.37207e-47
9.94992e-47
1.56104e-46
2.4524e-46
3.85259e-46
6.04872e-46
9.48911e-46
1.48731e-45
2.32904e-45
3.64372e-45
5.69511e-45
8.89301e-45
1.38734e-44
2.16225e-44
3.36679e-44
5.23738e-44
8.13952e-44
1.26378e-43
1.96033e-43
3.03792e-43
4.70337e-43
7.27492e-43
1.12418e-42
1.7355e-42
2.67672e-42
4.12446e-42
6.34917e-42
9.76454e-42
1.50028e-41
2.30291e-41
3.53157e-41
5.41058e-41
8.28141e-41
1.26634e-40
1.93454e-40
2.95251e-40
4.50183e-40
6.85758e-40
1.04361e-39
1.58667e-39
2.41001e-39
3.65708e-39
5.54413e-39
8.39682e-39
1.27052e-38
1.92056e-38
2.9004e-38
4.37593e-38
6.59576e-38
9.93212e-38
1.49417e-37
2.24564e-37
3.37181e-37
5.05786e-37
7.57969e-37
1.1348e-36
1.69732e-36
2.53625e-36
3.78618e-36
5.64665e-36
8.41318e-36
1.2523e-35
1.86226e-35
2.76662e-35
4.10619e-35
6.08848e-35
9.01899e-35
1.33471e-34
1.9733e-34
2.91461e-34
4.30076e-34
6.34e-34
9.3371e-34
1.37377e-33
2.01926e-33
2.96518e-33
4.34997e-33
6.37529e-33
9.33451e-33
1.3654e-32
1.99529e-32
2.91293e-32
4.24846e-32
6.19027e-32
9.01083e-32
1.31038e-31
1.90373e-31
2.76305e-31
4.00636e-31
5.80347e-31
8.39848e-31
1.2142e-30
1.7537e-30
2.53044e-30
3.64763e-30
5.25294e-30
7.55735e-30
1.0862e-29
1.55965e-29
2.23727e-29
3.20616e-29
4.59014e-29
6.56509e-29
9.38059e-29
1.33904e-28
1.90955e-28
2.72046e-28
3.87193e-28
5.50537e-28
7.82021e-28
1.10975e-27
1.57327e-27
2.2282e-27
3.15267e-27
4.45632e-27
6.29284e-27
8.87748e-27
1.25114e-26
1.76154e-26
2.47772e-26
3.48164e-26
4.88751e-26
6.8543e-26
9.60307e-26
1.34409e-25
1.8794e-25
2.62531e-25
3.66365e-25
5.10761e-25
7.11364e-25
9.89778e-25
1.3758e-24
1.91047e-24
2.65032e-24
3.67304e-24
5.08538e-24
7.03383e-24
9.71918e-24
1.34164e-23
1.85019e-23
2.54896e-23
3.50816e-23
4.82354e-23
6.62554e-23
9.09172e-23
1.24635e-22
1.70688e-22
2.33525e-22
3.19179e-22
4.35816e-22
5.94485e-22
8.10116e-22
1.10286e-21
1.4999e-21
2.03786e-21
2.766e-21
3.75059e-21
5.08058e-21
6.87536e-21
9.2949e-21
1.25534e-20
1.69374e-20
2.28296e-20
3.07409e-20
4.13525e-20
5.55718e-20
7.4606e-20
1.0006e-19
1.34064e-19
1.79446e-19
2.39949e-19
3.20532e-19
4.2775e-19
5.70262e-19
7.59496e-19
1.01051e-18
1.34315e-18
1.7835e-18
2.36586e-18
3.13522e-18
4.15063e-18
5.4894e-18
7.25273e-18
9.57289e-18
1.26226e-17
1.66273e-17
2.18806e-17
2.87648e-17
3.7777e-17
4.95632e-17
6.49614e-17
8.50582e-17
1.11261e-16
1.45389e-16
1.89796e-16
2.47517e-16
3.22469e-16
4.19696e-16
5.45689e-16
7.08795e-16
9.19728e-16
1.19224e-15
1.54394e-15
1.99737e-15
2.58139e-15
3.33282e-15
4.29865e-15
5.53882e-15
7.1296e-15
9.16804e-15
1.17775e-14
1.51143e-14
1.93772e-14
2.48173e-14
3.17528e-14
4.05856e-14
5.18232e-14
6.61059e-14
8.42402e-14
1.07241e-13
1.36384e-13
1.73273e-13
2.19918e-13
2.78839e-13
3.53189e-13
4.46914e-13
5.64942e-13
7.1342e-13
9.00015e-13
1.13427e-12
1.42805e-12
1.79612e-12
2.25678e-12
2.83272e-12
3.55206e-12
4.44959e-12
5.56829e-12
6.96121e-12
8.69381e-12
1.08467e-11
1.35191e-11
1.68329e-11
2.09378e-11
2.60175e-11
3.2297e-11
4.00517e-11
4.96182e-11
6.14077e-11
7.59219e-11
9.37718e-11
1.15702e-10
1.42616e-10
1.75614e-10
2.16029e-10
2.65476e-10
3.25913e-10
3.99705e-10
4.8971e-10
5.99376e-10
7.32862e-10
8.95172e-10
1.09233e-09
1.33156e-09
1.62155e-09
1.9727e-09
2.39748e-09
2.91078e-09
3.53041e-09
4.27764e-09
5.17779e-09
6.26104e-09
7.56329e-09
9.12718e-09
1.10033e-08
1.32518e-08
1.59436e-08
1.91628e-08
2.30089e-08
2.7599e-08
3.30715e-08
3.95892e-08
4.73437e-08
5.65599e-08
6.75023e-08
8.04804e-08
9.58572e-08
1.14057e-07
1.35576e-07
1.60992e-07
1.9098e-07
2.26327e-07
2.67946e-07
3.16899e-07
3.74419e-07
4.41935e-07
5.211e-07
6.1383e-07
7.22334e-07
8.49163e-07
9.9726e-07
1.17001e-06
1.3713e-06
1.60562e-06
1.87808e-06
2.19458e-06
2.56184e-06
2.98757e-06
3.48055e-06
4.05082e-06
4.7098e-06
5.47049e-06
6.34769e-06
7.35818e-06
8.521e-06
9.85771e-06
1.13927e-05
1.31536e-05
1.51715e-05
1.74814e-05
2.0123e-05
2.31406e-05
2.65842e-05
3.05098e-05
3.49802e-05
4.00657e-05
4.58449e-05
5.24054e-05
5.98453e-05
6.82734e-05
7.78112e-05
8.85933e-05
0.000100769
0.000114505
0.000129985
0.00014741
0.000167007
0.000189021
0.000213725
0.00024142
0.000272434
0.000307129
0.000345901
0.000389185
0.000437453
0.000491223
0.000551062
0.000617582
0.000691452
0.0007734
0.000864212
0.000964742
0.00107591
0.00119872
0.00133425
0.00148365
0.00164817
0.00182915
0.00202803
0.00224635
0.00248576
0.00274802
0.00303502
0.00334874
0.00369133
0.00406504
0.00447227
0.00491557
0.00539762
0.00592125
0.00648947
0.0071054
0.00777237
0.00849384
0.00927344
0.010115
0.0110224
0.0119998
0.0130516
0.0141821
0.0153961
0.0166982
0.0180935
0.019587
0.0211839
0.0228896
0.0247096
0.0266495
0.028715
0.0309121
0.0332464
0.0357242
0.0383513
0.0411338
0.0440779
0.0471896
0.0504751
0.0539403
0.0575913
0.0614339
0.0654739
0.0697171
0.0741689
0.0788347
0.0837196
0.0888285
0.094166
0.0997365
0.105544
0.111592
0.117884
0.124424
0.131212
0.138253
0.145546
0.153094
0.160897
0.168955
0.177268
0.185834
0.194652
0.203719
0.213034
0.222593
0.232391
0.242423
0.252686
0.263172
0.273876
0.28479
0.295906
0.307217
0.318713
0.330384
0.342222
0.354215
0.366353
0.378624
0.391015
0.403516
0.416113
0.428794
0.441544
0.45435
0.4672
0.480077
0.49297
0.505862
0.51874
0.53159
0.544396
0.557146
0.569823
0.582416
0.594908
0.607287
0.619539
0.631651
0.643609
0.655402
0.667015
0.678439
0.68966
0.700667
0.711451
0.721999
0.732303
0.742353
0.752139
0.761653
0.770887
0.779834
0.788485
0.796834
0.804875
0.812602
0.820009
0.827092
0.833844
0.840263
0.846344
0.852083
0.857477
0.862524
0.86722
0.871563
0.875551
0.879182
0.882454
0.885366
0.887917
0.890105
0.89193
0.893391
0.894487
0.895218
0.895583
0.895583
0.895218
0.894487
0.893391
0.89193
0.890105
0.887917
0.885366
0.882454
0.879182
0.875551
0.871563
0.86722
0.862524
0.857477
0.852083
0.846344
0.840263
0.833844
0.827092
0.820009
0.812602
0.804875
0.796834
0.788485
0.779834
0.770887
0.761653
0.752139
0.742353
0.732303
0.721999
0.711451
0.700667
0.68966
0.678439
0.667015
0.655402
0.643609
0.631651
0.619539
0.607287
0.594908
0.582416
0.569823
0.557146
0.544396
0.53159
0.51874
0.505862
0.49297
0.480077
0.4672
0.45435
0.441544
0.428794
0.416113
0.403516
0.391015
0.378624
0.366353
0.354215
0.342222
0.330384
0.318713
0.307217
0.295906
0.28479
0.273876
0.263172
0.252686
0.242423
0.232391
0.222593
0.213034
0.203719
0.194652
0.185834
0.177268
0.168955
0.160897
0.153094
0.145546
0.138253
0.131212
0.124424
0.117884
0.111592
0.105544
0.0997365
0.094166
0.0888285
0.0837196
0.0788347
0.0741689
0.0697171
0.0654739
0.0614339
0.0575913
0.0539403
0.0504751
0.0471896
0.0440779
0.0411338
0.0383513
0.0357242
0.0332464
0.0309121
0.028715
0.0266495
0.0247096
0.0228896
0.0211839
0.019587
0.0180935
0.0166982
0.0153961
0.0141821
0.0130516
0.0119998
0.0110224
0.010115
0.00927344
0.00849384
0.00777237
0.0071054
0.00648947
0.00592125
0.00539762
0.00491557
0.00447227
0.00406504
0.00369133
0.00334874
0.00303502
0.00274802
0.00248576
0.00224635
0.00202803
0.00182915
0.00164817
0.00148365
0.00133425
0.00119872
0.00107591
0.000964742
0.000864212
0.0007734
0.000691452
0.000617582
0.000551062
0.000491223
0.000437453
0.000389185
0.000345901
0.000307129
0.000272434
0.00024142
0.000213725
0.000189021
0.000167007
0.00014741
0.000129985
0.000114505
0.000100769
8.85933e-05
7.78112e-05
6.82734e-05
5.98453e-05
5.24054e-05
4.58449e-05
4.00657e-05
3.49802e-05
3.05098e-05
2.65842e-05
2.31406e-05
2.0123e-05
1.74814e-05
1.51715e-05
1.31536e-05
1.13927e-05
9.85771e-06
8.521e-06
7.35818e-06
6.34769e-06
5.47049e-06
4.7098e-06
4.05082e-06
3.48055e-06
2.98757e-06
2.56184e-06
2.19458e-06
1.87808e-06
1.60562e-06
1.3713e-06
1.17001e-06
9.9726e-07
8.49163e-07
7.22334e-07
6.1383e-07
5.211e-07
4.41935e-07
3.74419e-07
3.16899e-07
2.67946e-07
2.26327e-07
1.9098e-07
1.60992e-07
1.35576e-07
1.14057e-07
9.58572e-08
8.04804e-08
6.75023e-08
5.65599e-08
4.73437e-08
3.95892e-08
3.30715e-08
2.7599e-08
2.30089e-08
1.91628e-08
1.59436e-08
1.32518e-08
1.10033e-08
9.12718e-09
7.56329e-09
6.26104e-09
5.17779e-09
4.27764e-09
3.53041e-09
2.91078e-09
2.39748e-09
1.9727e-09
1.62155e-09
1.33156e-09
1.09233e-09
8.95172e-10
7.32862e-10
5.99376e-10
4.8971e-10
3.99705e-10
3.25913e-10
2.65476e-10
2.16029e-10
1.75614e-10
1.42616e-10
1.15702e-10
9.37718e-11
7.59219e-11
6.14077e-11
4.96182e-11
4.00517e-11
3.2297e-11
2.60175e-11
2.09378e-11
1.68329e-11
1.35191e-11
1.08467e-11
8.69381e-12
6.96121e-12
5.56829e-12
4.44959e-12
3.55206e-12
2.83272e-12
2.25678e-12
1.79612e-12
1.42805e-12
1.13427e-12
9.00015e-13
7.1342e-13
5.64942e-13
4.46914e-13
3.53189e-13
2.78839e-13
2.19918e-13
1.73273e-13
1.36384e-13
1.07241e-13
8.42402e-14
6.61059e-14
5.18232e-14
4.05856e-14
3.17528e-14
2.48173e-14
1.93772e-14
1.51143e-14
1.17775e-14
9.16804e-15
7.1296e-15
5.53882e-15
4.29865e-15
3.33282e-15
2.58139e-15
1.99737e-15
1.54394e-15
1.19224e-15
9.19728e-16
7.08795e-16
5.45689e-16
4.19696e-16
3.22469e-16
2.47517e-16
1.89796e-16
1.45389e-16
1.11261e-16
8.50582e-17
6.49614e-17
4.95632e-17
3.7777e-17
2.87648e-17
2.18806e-17
1.66273e-17
1.26226e-17
9.57289e-18
7.25273e-18
5.4894e-18
4.15063e-18
3.13522e-18
2.36586e-18
1.7835e-18
1.34315e-18
1.01051e-18
7.59496e-19
5.70262e-19
4.2775e-19
3.20532e-19
2.39949e-19
1.79446e-19
1.34064e-19
1.0006e-19
7.4606e-20
5.55718e-20
4.13525e-20
3.07409e-20
2.28296e-20
1.69374e-20
1.25534e-20
9.2949e-21
6.87536e-21
5.08058e-21
3.75059e-21
2.766e-21
2.03786e-21
1.4999e-21
1.10286e-21
8.10116e-22
5.94485e-22
4.35816e-22
3.19179e-22
2.33525e-22
1.70688e-22
1.24635e-22
9.09172e-23
6.62554e-23
4.82354e-23
3.50816e-23
2.54896e-23
1.85019e-23
1.34164e-23
9.71918e-24
7.03383e-24
5.08538e-24
3.67304e-24
2.65032e-24
1.91047e-24
1.3758e-24
9.89778e-25
7.11364e-25
5.10761e-25
3.66365e-25
2.62531e-25
1.8794e-25
1.34409e-25
9.60307e-26
6.8543e-26
4.88751e-26
3.48164e-26
2.47772e-26
1.76154e-26
1.25114e-26
8.87748e-27
6.29284e-27
4.45632e-27
3.15267e-27
2.2282e-27
1.57327e-27
1.10975e-27
7.82021e-28
5.50537e-28
3.87193e-28
2.72046e-28
1.90955e-28
1.33904e-28
9.38059e-29
6.56509e-29
4.59014e-29
3.20616e-29
2.23727e-29
1.55965e-29
1.0862e-29
7.55735e-30
5.25294e-30
3.64763e-30
2.53044e-30
1.7537e-30
1.2142e-30
8.39848e-31
5.80347e-31
4.00636e-31
2.76305e-31
1.90373e-31
1.31038e-31
9.01083e-32
6.19027e-32
4.24846e-32
2.91293e-32
1.99529e-32
1.3654e-32
9.33451e-33
6.37529e-33
4.34997e-33
2.96518e-33
2.01926e-33
1.37377e-33
9.3371e-34
6.34e-34
4.30076e-34
2.91461e-34
1.9733e-34
1.33471e-34
9.01899e-35
6.08848e-35
4.10619e-35
2.76662e-35
1.86226e-35
1.2523e-35
8.41318e-36
5.64665e-36
3.78618e-36
2.53625e-36
1.69732e-36
1.1348e-36
7.57969e-37
5.05786e-37
3.37181e-37
2.24564e-37
1.49417e-37
9.93212e-38
6.59576e-38
4.37593e-38
2.9004e-38
1.92056e-38
1.27052e-38
8.39682e-39
5.54413e-39
3.65708e-39
2.41001e-39
1.58667e-39
1.04361e-39
6.85758e-40
4.50183e-40
2.95251e-40
1.93454e-40
1.26634e-40
8.28141e-41
5.41058e-41
3.53157e-41
2.30291e-41
1.50028e-41
9.76454e-42
6.34917e-42
4.12446e-42
2.67672e-42
1.7355e-42
1.12418e-42
7.27492e-43
4.70337e-43
3.03792e-43
1.96033e-43
1.26378e-43
8.13952e-44
5.23738e-44
3.36679e-44
2.16225e-44
1.38734e-44
8.89301e-45
5.69511e-45
3.64372e-45
2.32904e-45
1.48731e-45
9.48911e-46
6.04872e-46
3.85259e-46
2.4524e-46
1.56104e-46
9.94992e-47
6.37207e-47
4.13404e-47
2.76943e-47
1.99285e-47
1.64148e-47
)
;

boundaryField
{
    sides
    {
        type            zeroGradient;
    }
    empty
    {
        type            empty;
    }
}


// ************************************************************************* //
