/*--------------------------------*- C++ -*----------------------------------*\
  =========                 |
  \\      /  F ield         | OpenFOAM: The Open Source CFD Toolbox
   \\    /   O peration     | Website:  https://openfoam.org
    \\  /    A nd           | Version:  13
     \\/     M anipulation  |
\*---------------------------------------------------------------------------*/
FoamFile
{
    format      ascii;
    class       volScalarField;
    location    "4.9";
    object      T;
}
// * * * * * * * * * * * * * * * * * * * * * * * * * * * * * * * * * * * * * //

dimensions      [0 0 0 1 0 0 0];

internalField   nonuniform List<scalar> 
1000
(
4.55117e-46
5.46602e-46
7.47608e-46
1.09769e-45
1.66557e-45
2.56231e-45
3.96267e-45
6.13843e-45
9.5101e-45
1.47266e-44
2.27874e-44
3.52305e-44
5.44197e-44
8.39844e-44
1.29492e-43
1.99474e-43
3.06995e-43
4.72034e-43
7.25129e-43
1.1129e-42
1.70645e-42
2.61416e-42
4.00099e-42
6.11788e-42
9.34615e-42
1.42647e-41
2.17515e-41
3.3137e-41
5.04354e-41
7.66928e-41
1.16512e-40
1.76841e-40
2.68159e-40
4.06256e-40
6.14897e-40
9.29825e-40
1.40474e-39
2.12025e-39
3.19724e-39
4.81679e-39
7.24997e-39
1.09021e-38
1.63787e-38
2.45835e-38
3.68641e-38
5.52278e-38
8.26621e-38
1.23609e-37
1.84666e-37
2.75626e-37
4.11005e-37
6.12304e-37
9.11342e-37
1.35516e-36
2.01322e-36
2.98804e-36
4.43072e-36
6.56381e-36
9.71473e-36
1.43648e-35
2.12206e-35
3.13192e-35
4.61803e-35
6.8029e-35
1.00121e-34
1.47213e-34
2.16252e-34
3.1737e-34
4.65332e-34
6.81635e-34
9.97543e-34
1.45849e-33
2.13042e-33
3.10899e-33
4.53277e-33
6.60235e-33
9.60781e-33
1.39682e-32
2.02884e-32
2.94404e-32
4.26806e-32
6.18169e-32
8.94486e-32
1.29309e-31
1.86756e-31
2.6947e-31
3.88449e-31
5.59432e-31
8.04915e-31
1.15702e-30
1.66158e-30
2.38391e-30
3.41701e-30
4.89319e-30
7.00045e-30
1.00057e-29
1.42875e-29
2.03824e-29
2.90496e-29
4.13632e-29
5.88402e-29
8.36223e-29
1.18729e-28
1.68415e-28
2.38665e-28
3.37898e-28
4.77934e-28
6.75364e-28
9.53441e-28
1.34473e-27
1.89481e-27
2.66735e-27
3.75129e-27
5.27069e-27
7.39844e-27
1.03752e-26
1.45359e-26
2.03456e-26
2.84503e-26
3.97453e-26
5.54716e-26
7.73465e-26
1.07745e-25
1.49946e-25
2.08478e-25
2.8958e-25
4.01848e-25
5.57107e-25
7.71615e-25
1.06769e-24
1.47596e-24
2.0384e-24
2.81246e-24
3.87675e-24
5.33866e-24
7.3448e-24
1.00951e-23
1.3862e-23
1.90162e-23
2.60618e-23
3.56835e-23
4.88105e-23
6.67026e-23
9.10655e-23
1.24208e-22
1.69248e-22
2.304e-22
3.13346e-22
4.25742e-22
5.77898e-22
7.83679e-22
1.06171e-21
1.437e-21
1.94307e-21
2.62483e-21
3.54239e-21
4.77608e-21
6.43323e-21
8.65699e-21
1.16382e-20
1.5631e-20
2.09733e-20
2.81144e-20
3.76505e-20
5.03725e-20
6.73281e-20
8.99042e-20
1.19934e-19
1.59841e-19
2.1282e-19
2.83084e-19
3.76183e-19
4.99417e-19
6.62379e-19
8.77667e-19
1.1618e-18
1.53644e-18
2.02991e-18
2.67927e-18
3.53295e-18
4.65411e-18
6.12512e-18
8.05327e-18
1.05781e-17
1.38811e-17
1.81977e-17
2.38336e-17
3.11847e-17
4.07634e-17
5.32328e-17
6.94489e-17
9.05171e-17
1.17862e-16
1.53319e-16
1.99248e-16
2.58685e-16
3.35527e-16
4.34771e-16
5.62823e-16
7.27882e-16
9.40432e-16
1.21387e-15
1.56529e-15
2.01647e-15
2.59519e-15
3.33675e-15
4.28603e-15
5.50002e-15
7.05099e-15
9.03053e-15
1.15546e-14
1.47697e-14
1.8861e-14
2.40623e-14
3.06679e-14
3.9049e-14
4.9672e-14
6.31233e-14
8.01392e-14
1.01643e-13
1.28791e-13
1.63031e-13
2.06173e-13
2.60477e-13
3.28764e-13
4.14548e-13
5.22206e-13
6.57181e-13
8.26237e-13
1.03777e-12
1.30218e-12
1.63238e-12
2.0443e-12
2.55768e-12
3.19685e-12
3.99185e-12
4.9797e-12
6.20594e-12
7.72659e-12
9.61046e-12
1.1942e-11
1.48247e-11
1.83852e-11
2.27787e-11
2.81945e-11
3.48639e-11
4.30688e-11
5.31528e-11
6.55337e-11
8.07196e-11
9.93275e-11
1.22106e-10
1.49961e-10
1.8399e-10
2.25522e-10
2.76158e-10
3.37833e-10
4.12878e-10
5.04102e-10
6.1488e-10
7.49269e-10
9.12139e-10
1.10933e-09
1.34783e-09
1.63601e-09
1.98386e-09
2.40333e-09
2.90866e-09
3.51679e-09
4.24792e-09
5.12603e-09
6.17964e-09
7.44253e-09
8.95476e-09
1.07638e-08
1.29256e-08
1.55064e-08
1.85844e-08
2.22517e-08
2.66166e-08
3.18067e-08
3.79718e-08
4.52877e-08
5.39605e-08
6.42314e-08
7.63828e-08
9.07445e-08
1.07702e-07
1.27703e-07
1.51271e-07
1.79014e-07
2.11639e-07
2.49966e-07
2.94946e-07
3.47682e-07
4.09449e-07
4.81719e-07
5.66194e-07
6.64835e-07
7.79902e-07
9.13996e-07
1.0701e-06
1.25166e-06
1.46259e-06
1.70741e-06
1.99128e-06
2.32009e-06
2.70057e-06
3.14039e-06
3.64831e-06
4.23426e-06
4.90956e-06
5.68705e-06
6.58128e-06
7.60874e-06
8.7881e-06
1.01404e-05
1.16896e-05
1.34623e-05
1.54889e-05
1.78034e-05
2.0444e-05
2.34535e-05
2.68802e-05
3.07777e-05
3.52064e-05
4.02336e-05
4.59344e-05
5.23924e-05
5.97008e-05
6.79633e-05
7.7295e-05
8.78236e-05
9.96904e-05
0.000113052
0.000128082
0.000144971
0.000163929
0.000185189
0.000209007
0.000235662
0.000265463
0.000298747
0.000335883
0.000377275
0.000423365
0.000474632
0.000531602
0.000594845
0.000664978
0.000742676
0.000828665
0.000923734
0.00102874
0.00114459
0.00127229
0.0014129
0.00156757
0.00173753
0.00192411
0.00212873
0.00235289
0.00259821
0.00286643
0.00315937
0.003479
0.00382739
0.00420674
0.00461939
0.00506779
0.00555455
0.00608242
0.00665429
0.00727319
0.00794231
0.00866498
0.00944471
0.0102851
0.0111901
0.0121635
0.0132094
0.0143323
0.0155363
0.0168262
0.0182067
0.0196825
0.0212587
0.0229405
0.0247329
0.0266414
0.0286714
0.0308285
0.0331182
0.0355463
0.0381185
0.0408405
0.0437182
0.0467573
0.0499637
0.0533432
0.0569013
0.0606437
0.0645761
0.0687037
0.0730319
0.0775658
0.0823103
0.0872702
0.0924499
0.0978537
0.103485
0.109349
0.115447
0.121783
0.12836
0.135179
0.142243
0.149552
0.157107
0.164909
0.172958
0.181252
0.189791
0.198573
0.207595
0.216854
0.226348
0.236072
0.246021
0.25619
0.266573
0.277164
0.287956
0.298941
0.310112
0.32146
0.332975
0.344648
0.356469
0.368427
0.380511
0.392711
0.405013
0.417407
0.429879
0.442417
0.455007
0.467637
0.480293
0.492962
0.50563
0.518283
0.530907
0.543489
0.556015
0.568472
0.580844
0.59312
0.605286
0.617329
0.629235
0.640993
0.65259
0.664014
0.675253
0.686296
0.697131
0.707749
0.718139
0.728291
0.738196
0.747845
0.757228
0.766339
0.775168
0.78371
0.791956
0.799901
0.807538
0.814861
0.821866
0.828547
0.8349
0.840921
0.846605
0.85195
0.856951
0.861607
0.865913
0.869869
0.873471
0.876718
0.879609
0.882141
0.884313
0.886126
0.887576
0.888665
0.889391
0.889754
0.889754
0.889391
0.888665
0.887576
0.886126
0.884313
0.882141
0.879609
0.876718
0.873471
0.869869
0.865913
0.861607
0.856951
0.85195
0.846605
0.840921
0.8349
0.828547
0.821866
0.814861
0.807538
0.799901
0.791956
0.78371
0.775168
0.766339
0.757228
0.747845
0.738196
0.728291
0.718139
0.707749
0.697131
0.686296
0.675253
0.664014
0.65259
0.640993
0.629235
0.617329
0.605286
0.59312
0.580844
0.568472
0.556015
0.543489
0.530907
0.518283
0.50563
0.492962
0.480293
0.467637
0.455007
0.442417
0.429879
0.417407
0.405013
0.392711
0.380511
0.368427
0.356469
0.344648
0.332975
0.32146
0.310112
0.298941
0.287956
0.277164
0.266573
0.25619
0.246021
0.236072
0.226348
0.216854
0.207595
0.198573
0.189791
0.181252
0.172958
0.164909
0.157107
0.149552
0.142243
0.135179
0.12836
0.121783
0.115447
0.109349
0.103485
0.0978537
0.0924499
0.0872702
0.0823103
0.0775658
0.0730319
0.0687037
0.0645761
0.0606437
0.0569013
0.0533432
0.0499637
0.0467573
0.0437182
0.0408405
0.0381185
0.0355463
0.0331182
0.0308285
0.0286714
0.0266414
0.0247329
0.0229405
0.0212587
0.0196825
0.0182067
0.0168262
0.0155363
0.0143323
0.0132094
0.0121635
0.0111901
0.0102851
0.00944471
0.00866498
0.00794231
0.00727319
0.00665429
0.00608242
0.00555455
0.00506779
0.00461939
0.00420674
0.00382739
0.003479
0.00315937
0.00286643
0.00259821
0.00235289
0.00212873
0.00192411
0.00173753
0.00156757
0.0014129
0.00127229
0.00114459
0.00102874
0.000923734
0.000828665
0.000742676
0.000664978
0.000594845
0.000531602
0.000474632
0.000423365
0.000377275
0.000335883
0.000298747
0.000265463
0.000235662
0.000209007
0.000185189
0.000163929
0.000144971
0.000128082
0.000113052
9.96904e-05
8.78236e-05
7.7295e-05
6.79633e-05
5.97008e-05
5.23924e-05
4.59344e-05
4.02336e-05
3.52064e-05
3.07777e-05
2.68802e-05
2.34535e-05
2.0444e-05
1.78034e-05
1.54889e-05
1.34623e-05
1.16896e-05
1.01404e-05
8.7881e-06
7.60874e-06
6.58128e-06
5.68705e-06
4.90956e-06
4.23426e-06
3.64831e-06
3.14039e-06
2.70057e-06
2.32009e-06
1.99128e-06
1.70741e-06
1.46259e-06
1.25166e-06
1.0701e-06
9.13996e-07
7.79902e-07
6.64835e-07
5.66194e-07
4.81719e-07
4.09449e-07
3.47682e-07
2.94946e-07
2.49966e-07
2.11639e-07
1.79014e-07
1.51271e-07
1.27703e-07
1.07702e-07
9.07445e-08
7.63828e-08
6.42314e-08
5.39605e-08
4.52877e-08
3.79718e-08
3.18067e-08
2.66166e-08
2.22517e-08
1.85844e-08
1.55064e-08
1.29256e-08
1.07638e-08
8.95476e-09
7.44253e-09
6.17964e-09
5.12603e-09
4.24792e-09
3.51679e-09
2.90866e-09
2.40333e-09
1.98386e-09
1.63601e-09
1.34783e-09
1.10933e-09
9.12139e-10
7.49269e-10
6.1488e-10
5.04102e-10
4.12878e-10
3.37833e-10
2.76158e-10
2.25522e-10
1.8399e-10
1.49961e-10
1.22106e-10
9.93275e-11
8.07196e-11
6.55337e-11
5.31528e-11
4.30688e-11
3.48639e-11
2.81945e-11
2.27787e-11
1.83852e-11
1.48247e-11
1.1942e-11
9.61046e-12
7.72659e-12
6.20594e-12
4.9797e-12
3.99185e-12
3.19685e-12
2.55768e-12
2.0443e-12
1.63238e-12
1.30218e-12
1.03777e-12
8.26237e-13
6.57181e-13
5.22206e-13
4.14548e-13
3.28764e-13
2.60477e-13
2.06173e-13
1.63031e-13
1.28791e-13
1.01643e-13
8.01392e-14
6.31233e-14
4.9672e-14
3.9049e-14
3.06679e-14
2.40623e-14
1.8861e-14
1.47697e-14
1.15546e-14
9.03053e-15
7.05099e-15
5.50002e-15
4.28603e-15
3.33675e-15
2.59519e-15
2.01647e-15
1.56529e-15
1.21387e-15
9.40432e-16
7.27882e-16
5.62823e-16
4.34771e-16
3.35527e-16
2.58685e-16
1.99248e-16
1.53319e-16
1.17862e-16
9.05171e-17
6.94489e-17
5.32328e-17
4.07634e-17
3.11847e-17
2.38336e-17
1.81977e-17
1.38811e-17
1.05781e-17
8.05327e-18
6.12512e-18
4.65411e-18
3.53295e-18
2.67927e-18
2.02991e-18
1.53644e-18
1.1618e-18
8.77667e-19
6.62379e-19
4.99417e-19
3.76183e-19
2.83084e-19
2.1282e-19
1.59841e-19
1.19934e-19
8.99042e-20
6.73281e-20
5.03725e-20
3.76505e-20
2.81144e-20
2.09733e-20
1.5631e-20
1.16382e-20
8.65699e-21
6.43323e-21
4.77608e-21
3.54239e-21
2.62483e-21
1.94307e-21
1.437e-21
1.06171e-21
7.83679e-22
5.77898e-22
4.25742e-22
3.13346e-22
2.304e-22
1.69248e-22
1.24208e-22
9.10655e-23
6.67026e-23
4.88105e-23
3.56835e-23
2.60618e-23
1.90162e-23
1.3862e-23
1.00951e-23
7.3448e-24
5.33866e-24
3.87675e-24
2.81246e-24
2.0384e-24
1.47596e-24
1.06769e-24
7.71615e-25
5.57107e-25
4.01848e-25
2.8958e-25
2.08478e-25
1.49946e-25
1.07745e-25
7.73465e-26
5.54716e-26
3.97453e-26
2.84503e-26
2.03456e-26
1.45359e-26
1.03752e-26
7.39844e-27
5.27069e-27
3.75129e-27
2.66735e-27
1.89481e-27
1.34473e-27
9.53441e-28
6.75364e-28
4.77934e-28
3.37898e-28
2.38665e-28
1.68415e-28
1.18729e-28
8.36223e-29
5.88402e-29
4.13632e-29
2.90496e-29
2.03824e-29
1.42875e-29
1.00057e-29
7.00045e-30
4.89319e-30
3.41701e-30
2.38391e-30
1.66158e-30
1.15702e-30
8.04915e-31
5.59432e-31
3.88449e-31
2.6947e-31
1.86756e-31
1.29309e-31
8.94486e-32
6.18169e-32
4.26806e-32
2.94404e-32
2.02884e-32
1.39682e-32
9.60781e-33
6.60235e-33
4.53277e-33
3.10899e-33
2.13042e-33
1.45849e-33
9.97543e-34
6.81635e-34
4.65332e-34
3.1737e-34
2.16252e-34
1.47213e-34
1.00121e-34
6.8029e-35
4.61803e-35
3.13192e-35
2.12206e-35
1.43648e-35
9.71473e-36
6.56381e-36
4.43072e-36
2.98804e-36
2.01322e-36
1.35516e-36
9.11342e-37
6.12304e-37
4.11005e-37
2.75626e-37
1.84666e-37
1.23609e-37
8.26621e-38
5.52278e-38
3.68641e-38
2.45835e-38
1.63787e-38
1.09021e-38
7.24997e-39
4.81679e-39
3.19724e-39
2.12025e-39
1.40474e-39
9.29825e-40
6.14897e-40
4.06256e-40
2.68159e-40
1.76841e-40
1.16512e-40
7.66928e-41
5.04354e-41
3.3137e-41
2.17515e-41
1.42647e-41
9.34615e-42
6.11788e-42
4.00099e-42
2.61416e-42
1.70645e-42
1.1129e-42
7.25129e-43
4.72034e-43
3.06995e-43
1.99474e-43
1.29492e-43
8.39844e-44
5.44197e-44
3.52305e-44
2.27874e-44
1.47266e-44
9.5101e-45
6.13843e-45
3.96267e-45
2.56231e-45
1.66557e-45
1.09769e-45
7.47608e-46
5.46602e-46
4.55117e-46
)
;

boundaryField
{
    sides
    {
        type            zeroGradient;
    }
    empty
    {
        type            empty;
    }
}


// ************************************************************************* //
