/*--------------------------------*- C++ -*----------------------------------*\
  =========                 |
  \\      /  F ield         | OpenFOAM: The Open Source CFD Toolbox
   \\    /   O peration     | Website:  https://openfoam.org
    \\  /    A nd           | Version:  13
     \\/     M anipulation  |
\*---------------------------------------------------------------------------*/
FoamFile
{
    format      ascii;
    class       volScalarField;
    location    "0.755";
    object      T;
}
// * * * * * * * * * * * * * * * * * * * * * * * * * * * * * * * * * * * * * //

dimensions      [0 0 0 1 0 0 0];

internalField   nonuniform List<scalar> 
1000
(
5.50983e-213
2.78912e-212
1.6321e-211
9.57529e-211
5.60721e-210
3.27699e-209
1.91132e-208
1.11255e-207
6.46295e-207
3.74686e-206
2.16784e-205
1.25172e-204
7.2128e-204
4.14781e-203
2.38039e-202
1.3633e-201
7.79191e-201
4.44433e-200
2.52974e-199
1.43698e-198
8.14569e-198
4.60794e-197
2.60127e-196
1.46541e-195
8.23817e-195
4.62163e-194
2.58732e-193
1.44542e-192
8.05797e-192
4.48273e-191
2.48853e-190
1.37855e-189
7.62049e-189
4.20359e-188
2.31383e-187
1.27091e-186
6.96581e-186
3.80975e-185
2.07915e-184
1.13225e-183
6.15261e-183
3.33608e-182
1.80498e-181
9.7446e-181
5.2494e-180
2.82167e-179
1.5134e-178
8.09928e-178
4.32499e-177
2.30444e-176
1.22515e-175
6.49904e-175
3.4399e-174
1.81667e-173
9.5728e-173
5.03305e-172
2.64028e-171
1.38196e-170
7.21707e-170
3.76052e-169
1.95503e-168
1.01408e-167
5.24817e-167
2.7099e-166
1.39607e-165
7.17577e-165
3.67988e-164
1.88278e-163
9.61093e-163
4.89472e-162
2.48705e-161
1.26077e-160
6.37637e-160
3.21736e-159
1.61961e-158
8.134e-158
4.07547e-157
2.03718e-156
1.01591e-155
5.0542e-155
2.50854e-154
1.2421e-153
6.13561e-153
3.02357e-152
1.48643e-151
7.28994e-151
3.56664e-150
1.74079e-149
8.47585e-149
4.11687e-148
1.99478e-147
9.64195e-147
4.64916e-146
2.23625e-145
1.073e-144
5.13581e-144
2.45216e-143
1.16792e-142
5.54882e-142
2.62971e-141
1.24318e-140
5.86239e-140
2.75757e-139
1.29387e-138
6.05561e-138
2.82703e-137
1.31645e-136
6.1147e-136
2.83297e-135
1.30919e-134
6.03463e-134
2.77451e-133
1.27235e-132
5.81979e-132
2.65513e-131
1.2082e-130
5.48361e-130
2.48235e-129
1.12079e-128
5.0472e-128
2.26692e-127
1.0155e-126
4.53709e-126
2.02175e-125
8.98514e-125
3.98261e-124
1.76057e-123
7.76207e-123
3.41301e-122
1.49669e-121
6.54569e-121
2.85499e-120
1.24188e-119
5.38733e-119
2.33069e-118
1.00556e-117
4.3266e-117
1.85648e-116
7.94399e-116
3.38991e-115
1.44256e-114
6.12177e-114
2.59066e-113
1.09328e-112
4.60084e-112
1.93074e-111
8.07959e-111
3.37155e-110
1.40294e-109
5.82128e-109
2.40858e-108
9.93723e-108
4.08815e-107
1.67703e-106
6.85974e-106
2.79782e-105
1.13783e-104
4.61395e-104
1.86554e-103
7.52092e-103
3.02319e-102
1.21167e-101
4.84204e-101
1.92925e-100
7.66415e-100
3.03564e-99
1.19879e-98
4.72e-98
1.85284e-97
7.25158e-97
2.82956e-96
1.10076e-95
4.26926e-95
1.65079e-94
6.36372e-94
2.44569e-93
9.37049e-93
3.57922e-92
1.36294e-91
5.17395e-91
1.95804e-90
7.38704e-90
2.77821e-89
1.0416e-88
3.89294e-88
1.45039e-87
5.38672e-87
1.99429e-86
7.35994e-86
2.70756e-85
9.92874e-85
3.62927e-84
1.32236e-83
4.80266e-83
1.73864e-82
6.27379e-82
2.25652e-81
8.08967e-81
2.8907e-80
1.02955e-79
3.65483e-79
1.29316e-78
4.56034e-78
1.60288e-77
5.61511e-77
1.96049e-76
6.82205e-76
2.36595e-75
8.17769e-75
2.817e-74
9.67096e-74
3.30882e-73
1.12822e-72
3.83379e-72
1.29829e-71
4.38142e-71
1.47353e-70
4.9385e-70
1.64938e-69
5.48948e-69
1.82063e-68
6.01707e-68
1.98162e-67
6.50307e-67
2.12656e-66
6.92935e-66
2.24987e-65
7.27893e-65
2.34649e-64
7.53709e-64
2.41224e-63
7.6924e-63
2.44413e-62
7.73751e-62
2.44056e-61
7.66975e-61
2.40145e-60
7.49135e-60
2.32829e-59
7.20936e-59
2.22401e-58
6.83517e-58
2.09281e-57
6.38374e-57
1.93989e-56
5.87262e-56
1.77106e-55
5.32079e-55
1.59241e-54
4.74749e-54
1.40993e-53
4.17112e-53
1.22919e-52
3.60825e-52
1.05506e-51
3.07293e-51
8.91498e-51
2.57617e-50
7.41495e-50
2.12577e-49
6.07006e-49
1.72637e-48
4.89024e-48
1.37968e-47
3.87678e-47
1.08494e-46
3.02392e-46
8.39393e-46
2.3205e-45
6.38871e-45
1.75168e-44
4.78299e-44
1.3006e-43
3.5219e-43
9.49722e-43
2.55033e-42
6.81975e-42
1.81597e-41
4.81513e-41
1.27134e-40
3.34246e-40
8.75005e-40
2.28082e-39
5.91973e-39
1.5298e-38
3.93627e-38
1.00843e-37
2.57223e-37
6.53238e-37
1.65167e-36
4.15777e-36
1.04202e-35
2.59993e-35
6.45823e-35
1.59707e-34
3.93174e-34
9.63587e-34
2.35091e-33
5.70969e-33
1.38043e-32
3.32227e-32
7.95914e-32
1.89803e-31
4.50544e-31
1.06454e-30
2.50366e-30
5.86088e-30
1.3656e-29
3.16698e-29
7.31015e-29
1.67941e-28
3.84e-28
8.73861e-28
1.97917e-27
4.46113e-27
1.00075e-26
2.23414e-26
4.96363e-26
1.09744e-25
2.41465e-25
5.28695e-25
1.15194e-24
2.49759e-24
5.38856e-24
1.15685e-23
2.47129e-23
5.25305e-23
1.11104e-22
2.33814e-22
4.89587e-22
1.02e-21
2.11432e-21
4.36051e-21
8.94733e-21
1.82654e-20
3.70973e-20
7.49584e-20
1.50681e-19
3.01336e-19
5.995e-19
1.18649e-18
2.33601e-18
4.57517e-18
8.91371e-18
1.72751e-17
3.33031e-17
6.38627e-17
1.21814e-16
2.31117e-16
4.36157e-16
8.18693e-16
1.52849e-15
2.83829e-15
5.24204e-15
9.62909e-15
1.75916e-14
3.19633e-14
5.7759e-14
1.03801e-13
1.8552e-13
3.29748e-13
5.82864e-13
1.02457e-12
1.791e-12
3.11332e-12
5.38174e-12
9.25087e-12
1.58124e-11
2.6876e-11
4.54229e-11
7.63346e-11
1.27556e-10
2.11936e-10
3.50129e-10
5.7513e-10
9.39318e-10
1.52532e-09
2.46268e-09
3.95317e-09
6.30912e-09
1.00109e-08
1.57927e-08
2.47689e-08
3.86212e-08
5.98695e-08
9.22661e-08
1.41361e-07
2.15312e-07
3.26022e-07
4.90758e-07
7.34383e-07
1.09247e-06
1.61557e-06
2.37501e-06
3.47078e-06
5.04205e-06
7.28121e-06
1.04523e-05
1.49153e-05
2.11574e-05
2.9833e-05
4.18154e-05
5.82612e-05
8.0691e-05
0.000111089
0.000152027
0.000206808
0.000279651
0.000375894
0.000502245
0.000667067
0.000880698
0.00115582
0.00150787
0.00195544
0.00252083
0.00323042
0.00411525
0.00521148
0.00656083
0.00821098
0.0102159
0.012636
0.0155383
0.0189962
0.0230892
0.0279023
0.0335252
0.0400511
0.0475756
0.0561945
0.0660021
0.0770893
0.0895404
0.103431
0.118826
0.135776
0.154315
0.174457
0.196197
0.219508
0.244336
0.270606
0.298218
0.327049
0.356953
0.387765
0.419302
0.451367
0.483753
0.516247
0.548633
0.580698
0.612235
0.643047
0.672951
0.701782
0.729394
0.755664
0.780492
0.803803
0.825543
0.845685
0.864224
0.881174
0.896569
0.91046
0.922911
0.933998
0.943806
0.952424
0.959949
0.966475
0.972098
0.976911
0.981004
0.984462
0.987364
0.989784
0.991789
0.993439
0.994789
0.995885
0.99677
0.997479
0.998044
0.998492
0.998844
0.999119
0.999332
0.999497
0.999623
0.999719
0.999791
0.999845
0.999884
0.999912
0.999931
0.999943
0.999949
0.999949
0.999943
0.999931
0.999912
0.999884
0.999845
0.999791
0.999719
0.999623
0.999497
0.999332
0.999119
0.998844
0.998492
0.998044
0.997479
0.99677
0.995885
0.994789
0.993439
0.991789
0.989784
0.987364
0.984462
0.981004
0.976911
0.972098
0.966475
0.959949
0.952424
0.943806
0.933998
0.922911
0.91046
0.896569
0.881174
0.864224
0.845685
0.825543
0.803803
0.780492
0.755664
0.729394
0.701782
0.672951
0.643047
0.612235
0.580698
0.548633
0.516247
0.483753
0.451367
0.419302
0.387765
0.356953
0.327049
0.298218
0.270606
0.244336
0.219508
0.196197
0.174457
0.154315
0.135776
0.118826
0.103431
0.0895404
0.0770893
0.0660021
0.0561945
0.0475756
0.0400511
0.0335252
0.0279023
0.0230892
0.0189962
0.0155383
0.012636
0.0102159
0.00821098
0.00656083
0.00521148
0.00411525
0.00323042
0.00252083
0.00195544
0.00150787
0.00115582
0.000880698
0.000667067
0.000502245
0.000375894
0.000279651
0.000206808
0.000152027
0.000111089
8.0691e-05
5.82612e-05
4.18154e-05
2.9833e-05
2.11574e-05
1.49153e-05
1.04523e-05
7.28121e-06
5.04205e-06
3.47078e-06
2.37501e-06
1.61557e-06
1.09247e-06
7.34383e-07
4.90758e-07
3.26022e-07
2.15312e-07
1.41361e-07
9.22661e-08
5.98695e-08
3.86212e-08
2.47689e-08
1.57927e-08
1.00109e-08
6.30912e-09
3.95317e-09
2.46268e-09
1.52532e-09
9.39318e-10
5.7513e-10
3.50129e-10
2.11936e-10
1.27556e-10
7.63346e-11
4.54229e-11
2.6876e-11
1.58124e-11
9.25087e-12
5.38174e-12
3.11332e-12
1.791e-12
1.02457e-12
5.82864e-13
3.29748e-13
1.8552e-13
1.03801e-13
5.7759e-14
3.19633e-14
1.75916e-14
9.62909e-15
5.24204e-15
2.83829e-15
1.52849e-15
8.18693e-16
4.36157e-16
2.31117e-16
1.21814e-16
6.38627e-17
3.33031e-17
1.72751e-17
8.91371e-18
4.57517e-18
2.33601e-18
1.18649e-18
5.995e-19
3.01336e-19
1.50681e-19
7.49584e-20
3.70973e-20
1.82654e-20
8.94733e-21
4.36051e-21
2.11432e-21
1.02e-21
4.89587e-22
2.33814e-22
1.11104e-22
5.25305e-23
2.47129e-23
1.15685e-23
5.38856e-24
2.49759e-24
1.15194e-24
5.28695e-25
2.41465e-25
1.09744e-25
4.96363e-26
2.23414e-26
1.00075e-26
4.46113e-27
1.97917e-27
8.73861e-28
3.84e-28
1.67941e-28
7.31015e-29
3.16698e-29
1.3656e-29
5.86088e-30
2.50366e-30
1.06454e-30
4.50544e-31
1.89803e-31
7.95914e-32
3.32227e-32
1.38043e-32
5.70969e-33
2.35091e-33
9.63587e-34
3.93174e-34
1.59707e-34
6.45823e-35
2.59993e-35
1.04202e-35
4.15777e-36
1.65167e-36
6.53238e-37
2.57223e-37
1.00843e-37
3.93627e-38
1.5298e-38
5.91973e-39
2.28082e-39
8.75005e-40
3.34246e-40
1.27134e-40
4.81513e-41
1.81597e-41
6.81975e-42
2.55033e-42
9.49722e-43
3.5219e-43
1.3006e-43
4.78299e-44
1.75168e-44
6.38871e-45
2.3205e-45
8.39393e-46
3.02392e-46
1.08494e-46
3.87678e-47
1.37968e-47
4.89024e-48
1.72637e-48
6.07006e-49
2.12577e-49
7.41495e-50
2.57617e-50
8.91498e-51
3.07293e-51
1.05506e-51
3.60825e-52
1.22919e-52
4.17112e-53
1.40993e-53
4.74749e-54
1.59241e-54
5.32079e-55
1.77106e-55
5.87262e-56
1.93989e-56
6.38374e-57
2.09281e-57
6.83517e-58
2.22401e-58
7.20936e-59
2.32829e-59
7.49135e-60
2.40145e-60
7.66975e-61
2.44056e-61
7.73751e-62
2.44413e-62
7.6924e-63
2.41224e-63
7.53709e-64
2.34649e-64
7.27893e-65
2.24987e-65
6.92935e-66
2.12656e-66
6.50307e-67
1.98162e-67
6.01707e-68
1.82063e-68
5.48948e-69
1.64938e-69
4.9385e-70
1.47353e-70
4.38142e-71
1.29829e-71
3.83379e-72
1.12822e-72
3.30882e-73
9.67096e-74
2.817e-74
8.17769e-75
2.36595e-75
6.82205e-76
1.96049e-76
5.61511e-77
1.60288e-77
4.56034e-78
1.29316e-78
3.65483e-79
1.02955e-79
2.8907e-80
8.08967e-81
2.25652e-81
6.27379e-82
1.73864e-82
4.80266e-83
1.32236e-83
3.62927e-84
9.92874e-85
2.70756e-85
7.35994e-86
1.99429e-86
5.38672e-87
1.45039e-87
3.89294e-88
1.0416e-88
2.77821e-89
7.38704e-90
1.95804e-90
5.17395e-91
1.36294e-91
3.57922e-92
9.37049e-93
2.44569e-93
6.36372e-94
1.65079e-94
4.26926e-95
1.10076e-95
2.82956e-96
7.25158e-97
1.85284e-97
4.72e-98
1.19879e-98
3.03564e-99
7.66415e-100
1.92925e-100
4.84204e-101
1.21167e-101
3.02319e-102
7.52092e-103
1.86554e-103
4.61395e-104
1.13783e-104
2.79782e-105
6.85974e-106
1.67703e-106
4.08815e-107
9.93723e-108
2.40858e-108
5.82128e-109
1.40294e-109
3.37155e-110
8.07959e-111
1.93074e-111
4.60084e-112
1.09328e-112
2.59066e-113
6.12177e-114
1.44256e-114
3.38991e-115
7.94399e-116
1.85648e-116
4.3266e-117
1.00556e-117
2.33069e-118
5.38733e-119
1.24188e-119
2.85499e-120
6.54569e-121
1.49669e-121
3.41301e-122
7.76207e-123
1.76057e-123
3.98261e-124
8.98514e-125
2.02175e-125
4.53709e-126
1.0155e-126
2.26692e-127
5.0472e-128
1.12079e-128
2.48235e-129
5.48361e-130
1.2082e-130
2.65513e-131
5.81979e-132
1.27235e-132
2.77451e-133
6.03463e-134
1.30919e-134
2.83297e-135
6.1147e-136
1.31645e-136
2.82703e-137
6.05561e-138
1.29387e-138
2.75757e-139
5.86239e-140
1.24318e-140
2.62971e-141
5.54882e-142
1.16792e-142
2.45216e-143
5.13581e-144
1.073e-144
2.23625e-145
4.64916e-146
9.64195e-147
1.99478e-147
4.11687e-148
8.47585e-149
1.74079e-149
3.56664e-150
7.28994e-151
1.48643e-151
3.02357e-152
6.13561e-153
1.2421e-153
2.50854e-154
5.0542e-155
1.01591e-155
2.03718e-156
4.07547e-157
8.134e-158
1.61961e-158
3.21736e-159
6.37637e-160
1.26077e-160
2.48705e-161
4.89472e-162
9.61093e-163
1.88278e-163
3.67988e-164
7.17577e-165
1.39607e-165
2.7099e-166
5.24817e-167
1.01408e-167
1.95503e-168
3.76052e-169
7.21707e-170
1.38196e-170
2.64028e-171
5.03305e-172
9.5728e-173
1.81667e-173
3.4399e-174
6.49904e-175
1.22515e-175
2.30444e-176
4.32499e-177
8.09928e-178
1.5134e-178
2.82167e-179
5.2494e-180
9.7446e-181
1.80498e-181
3.33608e-182
6.15261e-183
1.13225e-183
2.07915e-184
3.80975e-185
6.96581e-186
1.27091e-186
2.31383e-187
4.20359e-188
7.62049e-189
1.37855e-189
2.48853e-190
4.48273e-191
8.05797e-192
1.44542e-192
2.58732e-193
4.62163e-194
8.23817e-195
1.46541e-195
2.60127e-196
4.60794e-197
8.14569e-198
1.43698e-198
2.52974e-199
4.44433e-200
7.79191e-201
1.3633e-201
2.38039e-202
4.14781e-203
7.2128e-204
1.25172e-204
2.16784e-205
3.74686e-206
6.46295e-207
1.11255e-207
1.91132e-208
3.27699e-209
5.60721e-210
9.57529e-211
1.6321e-211
2.78912e-212
5.50983e-213
)
;

boundaryField
{
    sides
    {
        type            zeroGradient;
    }
    empty
    {
        type            empty;
    }
}


// ************************************************************************* //
