/*--------------------------------*- C++ -*----------------------------------*\
  =========                 |
  \\      /  F ield         | OpenFOAM: The Open Source CFD Toolbox
   \\    /   O peration     | Website:  https://openfoam.org
    \\  /    A nd           | Version:  13
     \\/     M anipulation  |
\*---------------------------------------------------------------------------*/
FoamFile
{
    format      ascii;
    class       volScalarField;
    location    "4.64";
    object      T;
}
// * * * * * * * * * * * * * * * * * * * * * * * * * * * * * * * * * * * * * //

dimensions      [0 0 0 1 0 0 0];

internalField   nonuniform List<scalar> 
1000
(
1.84346e-48
2.2543e-48
3.16587e-48
4.77727e-48
7.43943e-48
1.17302e-47
1.85772e-47
2.94548e-47
4.66957e-47
7.39811e-47
1.17112e-46
1.85219e-46
2.92658e-46
4.61975e-46
7.28551e-46
1.14784e-45
1.8067e-45
2.84099e-45
4.46308e-45
7.00454e-45
1.09826e-44
1.72032e-44
2.69212e-44
4.2088e-44
6.57357e-44
1.02571e-43
1.59891e-43
2.49004e-43
3.87404e-43
6.02147e-43
9.35014e-43
1.45048e-42
2.24794e-42
3.48044e-42
5.38346e-42
8.31891e-42
1.28425e-41
1.98065e-41
3.05172e-41
4.6974e-41
7.2235e-41
1.10972e-40
1.70316e-40
2.61141e-40
4.00009e-40
6.12125e-40
9.35808e-40
1.42925e-39
2.18075e-39
3.32412e-39
5.06202e-39
7.70098e-39
1.17042e-38
1.77711e-38
2.69562e-38
4.08487e-38
6.18404e-38
9.35275e-38
1.41312e-37
2.13302e-37
3.21649e-37
4.84556e-37
7.29252e-37
1.09644e-36
1.64689e-36
2.47125e-36
3.7046e-36
5.54802e-36
8.30055e-36
1.24065e-35
1.85251e-35
2.7634e-35
4.11813e-35
6.13094e-35
9.11853e-35
1.35486e-34
2.0111e-34
2.98225e-34
4.41799e-34
6.53847e-34
9.66714e-34
1.42787e-33
2.10693e-33
3.10586e-33
4.57386e-33
6.72904e-33
9.88991e-33
1.45211e-32
2.12999e-32
3.12122e-32
4.5692e-32
6.68226e-32
9.76283e-32
1.42494e-31
2.07771e-31
3.0265e-31
4.40417e-31
6.40259e-31
9.29854e-31
1.34909e-30
1.9554e-30
2.83136e-30
4.09565e-30
5.91858e-30
8.54434e-30
1.23227e-29
1.77542e-29
2.55541e-29
3.6744e-29
5.2781e-29
7.57418e-29
1.08582e-28
1.55506e-28
2.22485e-28
3.17996e-28
4.54052e-28
6.47671e-28
9.2293e-28
1.31386e-27
1.86849e-27
2.6546e-27
3.76765e-27
5.34203e-27
7.56669e-27
1.0707e-26
1.51355e-26
2.13741e-26
3.01538e-26
4.24972e-26
5.98331e-26
8.4156e-26
1.18247e-25
1.65982e-25
2.32752e-25
3.26053e-25
4.56295e-25
6.37918e-25
8.90936e-25
1.24305e-24
1.73259e-24
2.41247e-24
3.35576e-24
4.66317e-24
6.47341e-24
8.9773e-24
1.24371e-23
1.72129e-23
2.37986e-23
3.28706e-23
4.53549e-23
6.25176e-23
8.60875e-23
1.18424e-22
1.62741e-22
2.23417e-22
3.06404e-22
4.19791e-22
5.74554e-22
7.85577e-22
1.07301e-21
1.46414e-21
1.9958e-21
2.71777e-21
3.69714e-21
5.02434e-21
6.82104e-21
9.25083e-21
1.25334e-20
1.69636e-20
2.29362e-20
3.09803e-20
4.18031e-20
5.63492e-20
7.58798e-20
1.02076e-19
1.37175e-19
1.84156e-19
2.46976e-19
3.30888e-19
4.42858e-19
5.92113e-19
7.90865e-19
1.05525e-18
1.40659e-18
1.873e-18
2.49151e-18
3.31089e-18
4.39524e-18
5.82877e-18
7.72197e-18
1.02196e-17
1.35114e-17
1.78451e-17
2.35448e-17
3.10332e-17
4.08614e-17
5.37473e-17
7.06245e-17
9.27064e-17
1.21568e-16
1.59252e-16
2.08403e-16
2.72446e-16
3.55805e-16
4.64192e-16
6.04976e-16
7.87651e-16
1.02444e-15
1.33104e-15
1.72763e-15
2.24009e-15
2.90158e-15
3.75455e-15
4.85329e-15
6.26713e-15
8.08454e-15
1.04183e-14
1.34119e-14
1.72481e-14
2.21586e-14
2.84381e-14
3.64595e-14
4.66956e-14
5.9744e-14
7.63601e-14
9.74972e-14
1.24357e-13
1.58454e-13
2.01693e-13
2.56466e-13
3.25779e-13
4.134e-13
5.24046e-13
6.63625e-13
8.39516e-13
1.06093e-12
1.33937e-12
1.68914e-12
2.12806e-12
2.67828e-12
3.36728e-12
4.22919e-12
5.30624e-12
6.65074e-12
8.32732e-12
1.04158e-11
1.30147e-11
1.62453e-11
2.0257e-11
2.52333e-11
3.13997e-11
3.90328e-11
4.84715e-11
6.01307e-11
7.45175e-11
9.22513e-11
1.14088e-10
1.40948e-10
1.73953e-10
2.14464e-10
2.64139e-10
3.24984e-10
3.99432e-10
4.90431e-10
6.0154e-10
7.37061e-10
9.02183e-10
1.10316e-09
1.34752e-09
1.64431e-09
2.00441e-09
2.44084e-09
2.96925e-09
3.60832e-09
4.38043e-09
5.31228e-09
6.43573e-09
7.78874e-09
9.41649e-09
1.13727e-08
1.37212e-08
1.65376e-08
1.99115e-08
2.39492e-08
2.87759e-08
3.45398e-08
4.14157e-08
4.96092e-08
5.93626e-08
7.09605e-08
8.4737e-08
1.01084e-07
1.20461e-07
1.43405e-07
1.70543e-07
2.02608e-07
2.40455e-07
2.85079e-07
3.37637e-07
3.99474e-07
4.7215e-07
5.57477e-07
6.57547e-07
7.74785e-07
9.1199e-07
1.07239e-06
1.25971e-06
1.47823e-06
1.73289e-06
2.02933e-06
2.37404e-06
2.77447e-06
3.23912e-06
3.77772e-06
4.40136e-06
5.12272e-06
5.9562e-06
6.91822e-06
8.02741e-06
9.30492e-06
1.07747e-05
1.2464e-05
1.44033e-05
1.66275e-05
1.91755e-05
2.20915e-05
2.5425e-05
2.92317e-05
3.35741e-05
3.85224e-05
4.4155e-05
5.05599e-05
5.78349e-05
6.60896e-05
7.54458e-05
8.60393e-05
9.80208e-05
0.000111558
0.000126835
0.00014406
0.000163457
0.00018528
0.000209803
0.000237333
0.000268204
0.000302786
0.000341482
0.000384736
0.000433033
0.000486903
0.000546925
0.00061373
0.000688005
0.000770496
0.000862014
0.000963438
0.00107572
0.00119989
0.00133706
0.00148842
0.00165527
0.001839
0.00204109
0.00226314
0.00250687
0.00277409
0.00306676
0.00338696
0.00373691
0.00411895
0.00453559
0.00498947
0.00548338
0.00602028
0.00660328
0.00723567
0.00792089
0.00866256
0.00946446
0.0103306
0.011265
0.012272
0.0133562
0.0145222
0.0157747
0.0171188
0.0185596
0.0201024
0.0217527
0.0235161
0.0253982
0.0274049
0.0295421
0.031816
0.0342326
0.0367981
0.0395188
0.0424009
0.0454508
0.0486747
0.0520789
0.0556696
0.059453
0.0634351
0.0676219
0.072019
0.0766322
0.0814667
0.0865279
0.0918205
0.0973492
0.103118
0.109132
0.115394
0.121906
0.128673
0.135696
0.142977
0.150518
0.158319
0.166381
0.174703
0.183284
0.192123
0.201219
0.210567
0.220166
0.23001
0.240095
0.250417
0.260969
0.271744
0.282735
0.293935
0.305335
0.316926
0.328699
0.340642
0.352747
0.365
0.377391
0.389907
0.402536
0.415265
0.42808
0.440968
0.453915
0.466906
0.479927
0.492964
0.506002
0.519026
0.532021
0.544973
0.557867
0.570688
0.583422
0.596054
0.60857
0.620957
0.633201
0.645288
0.657205
0.66894
0.680481
0.691815
0.702932
0.71382
0.724469
0.734868
0.745009
0.754882
0.764478
0.773789
0.782807
0.791526
0.799939
0.808039
0.81582
0.823278
0.830407
0.837202
0.843659
0.849776
0.855547
0.86097
0.866043
0.870762
0.875126
0.879132
0.882779
0.886065
0.88899
0.89155
0.893747
0.895579
0.897045
0.898145
0.898879
0.899246
0.899246
0.898879
0.898145
0.897045
0.895579
0.893747
0.89155
0.88899
0.886065
0.882779
0.879132
0.875126
0.870762
0.866043
0.86097
0.855547
0.849776
0.843659
0.837202
0.830407
0.823278
0.81582
0.808039
0.799939
0.791526
0.782807
0.773789
0.764478
0.754882
0.745009
0.734868
0.724469
0.71382
0.702932
0.691815
0.680481
0.66894
0.657205
0.645288
0.633201
0.620957
0.60857
0.596054
0.583422
0.570688
0.557867
0.544973
0.532021
0.519026
0.506002
0.492964
0.479927
0.466906
0.453915
0.440968
0.42808
0.415265
0.402536
0.389907
0.377391
0.365
0.352747
0.340642
0.328699
0.316926
0.305335
0.293935
0.282735
0.271744
0.260969
0.250417
0.240095
0.23001
0.220166
0.210567
0.201219
0.192123
0.183284
0.174703
0.166381
0.158319
0.150518
0.142977
0.135696
0.128673
0.121906
0.115394
0.109132
0.103118
0.0973492
0.0918205
0.0865279
0.0814667
0.0766322
0.072019
0.0676219
0.0634351
0.059453
0.0556696
0.0520789
0.0486747
0.0454508
0.0424009
0.0395188
0.0367981
0.0342326
0.031816
0.0295421
0.0274049
0.0253982
0.0235161
0.0217527
0.0201024
0.0185596
0.0171188
0.0157747
0.0145222
0.0133562
0.012272
0.011265
0.0103306
0.00946446
0.00866256
0.00792089
0.00723567
0.00660328
0.00602028
0.00548338
0.00498947
0.00453559
0.00411895
0.00373691
0.00338696
0.00306676
0.00277409
0.00250687
0.00226314
0.00204109
0.001839
0.00165527
0.00148842
0.00133706
0.00119989
0.00107572
0.000963438
0.000862014
0.000770496
0.000688005
0.00061373
0.000546925
0.000486903
0.000433033
0.000384736
0.000341482
0.000302786
0.000268204
0.000237333
0.000209803
0.00018528
0.000163457
0.00014406
0.000126835
0.000111558
9.80208e-05
8.60393e-05
7.54458e-05
6.60896e-05
5.78349e-05
5.05599e-05
4.4155e-05
3.85224e-05
3.35741e-05
2.92317e-05
2.5425e-05
2.20915e-05
1.91755e-05
1.66275e-05
1.44033e-05
1.2464e-05
1.07747e-05
9.30492e-06
8.02741e-06
6.91822e-06
5.9562e-06
5.12272e-06
4.40136e-06
3.77772e-06
3.23912e-06
2.77447e-06
2.37404e-06
2.02933e-06
1.73289e-06
1.47823e-06
1.25971e-06
1.07239e-06
9.1199e-07
7.74785e-07
6.57547e-07
5.57477e-07
4.7215e-07
3.99474e-07
3.37637e-07
2.85079e-07
2.40455e-07
2.02608e-07
1.70543e-07
1.43405e-07
1.20461e-07
1.01084e-07
8.4737e-08
7.09605e-08
5.93626e-08
4.96092e-08
4.14157e-08
3.45398e-08
2.87759e-08
2.39492e-08
1.99115e-08
1.65376e-08
1.37212e-08
1.13727e-08
9.41649e-09
7.78874e-09
6.43573e-09
5.31228e-09
4.38043e-09
3.60832e-09
2.96925e-09
2.44084e-09
2.00441e-09
1.64431e-09
1.34752e-09
1.10316e-09
9.02183e-10
7.37061e-10
6.0154e-10
4.90431e-10
3.99432e-10
3.24984e-10
2.64139e-10
2.14464e-10
1.73953e-10
1.40948e-10
1.14088e-10
9.22513e-11
7.45175e-11
6.01307e-11
4.84715e-11
3.90328e-11
3.13997e-11
2.52333e-11
2.0257e-11
1.62453e-11
1.30147e-11
1.04158e-11
8.32732e-12
6.65074e-12
5.30624e-12
4.22919e-12
3.36728e-12
2.67828e-12
2.12806e-12
1.68914e-12
1.33937e-12
1.06093e-12
8.39516e-13
6.63625e-13
5.24046e-13
4.134e-13
3.25779e-13
2.56466e-13
2.01693e-13
1.58454e-13
1.24357e-13
9.74972e-14
7.63601e-14
5.9744e-14
4.66956e-14
3.64595e-14
2.84381e-14
2.21586e-14
1.72481e-14
1.34119e-14
1.04183e-14
8.08454e-15
6.26713e-15
4.85329e-15
3.75455e-15
2.90158e-15
2.24009e-15
1.72763e-15
1.33104e-15
1.02444e-15
7.87651e-16
6.04976e-16
4.64192e-16
3.55805e-16
2.72446e-16
2.08403e-16
1.59252e-16
1.21568e-16
9.27064e-17
7.06245e-17
5.37473e-17
4.08614e-17
3.10332e-17
2.35448e-17
1.78451e-17
1.35114e-17
1.02196e-17
7.72197e-18
5.82877e-18
4.39524e-18
3.31089e-18
2.49151e-18
1.873e-18
1.40659e-18
1.05525e-18
7.90865e-19
5.92113e-19
4.42858e-19
3.30888e-19
2.46976e-19
1.84156e-19
1.37175e-19
1.02076e-19
7.58798e-20
5.63492e-20
4.18031e-20
3.09803e-20
2.29362e-20
1.69636e-20
1.25334e-20
9.25083e-21
6.82104e-21
5.02434e-21
3.69714e-21
2.71777e-21
1.9958e-21
1.46414e-21
1.07301e-21
7.85577e-22
5.74554e-22
4.19791e-22
3.06404e-22
2.23417e-22
1.62741e-22
1.18424e-22
8.60875e-23
6.25176e-23
4.53549e-23
3.28706e-23
2.37986e-23
1.72129e-23
1.24371e-23
8.9773e-24
6.47341e-24
4.66317e-24
3.35576e-24
2.41247e-24
1.73259e-24
1.24305e-24
8.90936e-25
6.37918e-25
4.56295e-25
3.26053e-25
2.32752e-25
1.65982e-25
1.18247e-25
8.4156e-26
5.98331e-26
4.24972e-26
3.01538e-26
2.13741e-26
1.51355e-26
1.0707e-26
7.56669e-27
5.34203e-27
3.76765e-27
2.6546e-27
1.86849e-27
1.31386e-27
9.2293e-28
6.47671e-28
4.54052e-28
3.17996e-28
2.22485e-28
1.55506e-28
1.08582e-28
7.57418e-29
5.2781e-29
3.6744e-29
2.55541e-29
1.77542e-29
1.23227e-29
8.54434e-30
5.91858e-30
4.09565e-30
2.83136e-30
1.9554e-30
1.34909e-30
9.29854e-31
6.40259e-31
4.40417e-31
3.0265e-31
2.07771e-31
1.42494e-31
9.76283e-32
6.68226e-32
4.5692e-32
3.12122e-32
2.12999e-32
1.45211e-32
9.88991e-33
6.72904e-33
4.57386e-33
3.10586e-33
2.10693e-33
1.42787e-33
9.66714e-34
6.53847e-34
4.41799e-34
2.98225e-34
2.0111e-34
1.35486e-34
9.11853e-35
6.13094e-35
4.11813e-35
2.7634e-35
1.85251e-35
1.24065e-35
8.30055e-36
5.54802e-36
3.7046e-36
2.47125e-36
1.64689e-36
1.09644e-36
7.29252e-37
4.84556e-37
3.21649e-37
2.13302e-37
1.41312e-37
9.35275e-38
6.18404e-38
4.08487e-38
2.69562e-38
1.77711e-38
1.17042e-38
7.70098e-39
5.06202e-39
3.32412e-39
2.18075e-39
1.42925e-39
9.35808e-40
6.12125e-40
4.00009e-40
2.61141e-40
1.70316e-40
1.10972e-40
7.2235e-41
4.6974e-41
3.05172e-41
1.98065e-41
1.28425e-41
8.31891e-42
5.38346e-42
3.48044e-42
2.24794e-42
1.45048e-42
9.35014e-43
6.02147e-43
3.87404e-43
2.49004e-43
1.59891e-43
1.02571e-43
6.57357e-44
4.2088e-44
2.69212e-44
1.72032e-44
1.09826e-44
7.00454e-45
4.46308e-45
2.84099e-45
1.8067e-45
1.14784e-45
7.28551e-46
4.61975e-46
2.92658e-46
1.85219e-46
1.17112e-46
7.39811e-47
4.66957e-47
2.94548e-47
1.85772e-47
1.17302e-47
7.43943e-48
4.77727e-48
3.16587e-48
2.2543e-48
1.84346e-48
)
;

boundaryField
{
    sides
    {
        type            zeroGradient;
    }
    empty
    {
        type            empty;
    }
}


// ************************************************************************* //
