/*--------------------------------*- C++ -*----------------------------------*\
  =========                 |
  \\      /  F ield         | OpenFOAM: The Open Source CFD Toolbox
   \\    /   O peration     | Website:  https://openfoam.org
    \\  /    A nd           | Version:  13
     \\/     M anipulation  |
\*---------------------------------------------------------------------------*/
FoamFile
{
    format      ascii;
    class       volScalarField;
    location    "4.3";
    object      T;
}
// * * * * * * * * * * * * * * * * * * * * * * * * * * * * * * * * * * * * * //

dimensions      [0 0 0 1 0 0 0];

internalField   nonuniform List<scalar> 
1000
(
5.32587e-52
6.69545e-52
9.78086e-52
1.53606e-51
2.48385e-51
4.05906e-51
6.65506e-51
1.09175e-50
1.7902e-50
2.93312e-50
4.80117e-50
7.85112e-50
1.28255e-49
2.09304e-49
3.41219e-49
5.55705e-49
9.04087e-49
1.46937e-48
2.38563e-48
3.86929e-48
6.2692e-48
1.01472e-47
1.64072e-47
2.65017e-47
4.27629e-47
6.89306e-47
1.10997e-46
1.7855e-46
2.8692e-46
4.6059e-46
7.38616e-46
1.18324e-45
1.89357e-45
3.02718e-45
4.83445e-45
7.71268e-45
1.22918e-44
1.95692e-44
3.1123e-44
4.9447e-44
7.84778e-44
1.24424e-43
1.97065e-43
3.11791e-43
4.92795e-43
7.78068e-43
1.2272e-42
1.93359e-42
3.0434e-42
4.78522e-42
7.51608e-42
1.17931e-41
1.84847e-41
2.8943e-41
4.5271e-41
7.07365e-41
1.10411e-40
1.72159e-40
2.68158e-40
4.17251e-40
6.48559e-40
1.00704e-39
1.56203e-39
2.42034e-39
3.74635e-39
5.79274e-39
8.94755e-39
1.3806e-38
2.12802e-38
3.27663e-38
5.0399e-38
7.74391e-38
1.18861e-37
1.82249e-37
2.79146e-37
4.2711e-37
6.52816e-37
9.96745e-37
1.52026e-36
2.3163e-36
3.52544e-36
5.3601e-36
8.14091e-36
1.23513e-35
1.87196e-35
2.83412e-35
4.28629e-35
6.47567e-35
9.77299e-35
1.47336e-34
2.21887e-34
3.33806e-34
5.01643e-34
7.53068e-34
1.12931e-33
1.69173e-33
2.53155e-33
3.78425e-33
5.65083e-33
8.42912e-33
1.256e-32
1.86954e-32
2.77983e-32
4.12894e-32
6.12626e-32
9.08006e-32
1.34437e-31
1.98832e-31
2.93758e-31
4.3354e-31
6.39152e-31
9.41273e-31
1.38472e-30
2.03491e-30
2.98718e-30
4.3804e-30
6.41655e-30
9.38909e-30
1.3724e-29
2.00388e-29
2.92278e-29
4.25849e-29
6.19796e-29
9.01105e-29
1.30869e-28
1.89858e-28
2.75142e-28
3.98305e-28
5.75982e-28
8.32021e-28
1.20058e-27
1.73054e-27
2.49175e-27
3.58393e-27
5.14928e-27
7.39034e-27
1.05953e-26
1.51738e-26
2.17074e-26
3.10206e-26
4.42817e-26
6.31437e-26
8.99426e-26
1.27977e-25
1.81898e-25
2.58258e-25
3.66277e-25
5.18915e-25
7.34364e-25
1.03814e-24
1.46599e-24
2.06793e-24
2.91385e-24
4.10137e-24
5.76659e-24
8.09913e-24
1.13628e-23
1.59243e-23
2.22928e-23
3.11743e-23
4.35468e-23
6.07635e-23
8.4695e-23
1.17923e-22
1.6401e-22
2.27859e-22
3.1622e-22
4.38368e-22
6.07038e-22
8.39691e-22
1.16024e-21
1.60142e-21
2.20794e-21
3.04086e-21
4.18341e-21
5.74897e-21
7.89178e-21
1.08215e-20
1.48225e-20
2.02807e-20
2.77185e-20
3.78426e-20
5.1608e-20
7.03037e-20
9.56672e-20
1.30039e-19
1.76566e-19
2.39478e-19
3.2445e-19
4.3909e-19
5.93585e-19
8.01561e-19
1.08122e-18
1.45685e-18
1.96082e-18
2.63624e-18
3.54042e-18
4.74951e-18
6.3645e-18
8.51928e-18
1.13911e-17
1.52142e-17
2.0298e-17
2.70509e-17
3.60108e-17
4.78857e-17
6.36063e-17
8.4395e-17
1.11855e-16
1.48086e-16
1.95838e-16
2.58701e-16
3.41368e-16
4.49954e-16
5.92427e-16
7.79152e-16
1.0236e-15
1.34326e-15
1.7608e-15
2.30559e-15
3.01559e-15
3.93989e-15
5.14182e-15
6.703e-15
8.72855e-15
1.13536e-14
1.47519e-14
1.91461e-14
2.48218e-14
3.21445e-14
4.15814e-14
5.37293e-14
6.93494e-14
8.94116e-14
1.1515e-13
1.48134e-13
1.90355e-13
2.44339e-13
3.13285e-13
4.01242e-13
5.13325e-13
6.55989e-13
8.37375e-13
1.06773e-12
1.35995e-12
1.73023e-12
2.19888e-12
2.79138e-12
3.53961e-12
4.48342e-12
5.6726e-12
7.16925e-12
9.05072e-12
1.14133e-11
1.43766e-11
1.80893e-11
2.27355e-11
2.85433e-11
3.57951e-11
4.48395e-11
5.61068e-11
7.01275e-11
8.75547e-11
1.09191e-10
1.36024e-10
1.69263e-10
2.10389e-10
2.61219e-10
3.23969e-10
4.01347e-10
4.96654e-10
6.13913e-10
7.58013e-10
9.34899e-10
1.15178e-09
1.41741e-09
1.74235e-09
2.13942e-09
2.62405e-09
3.2149e-09
3.93442e-09
4.80963e-09
5.873e-09
7.16353e-09
8.72794e-09
1.06222e-08
1.29132e-08
1.5681e-08
1.90209e-08
2.30465e-08
2.78932e-08
3.37217e-08
4.07229e-08
4.91232e-08
5.91906e-08
7.12421e-08
8.56524e-08
1.02863e-07
1.23396e-07
1.47863e-07
1.76985e-07
2.11608e-07
2.52724e-07
3.01495e-07
3.5928e-07
4.27666e-07
5.08506e-07
6.03957e-07
7.16533e-07
8.49151e-07
1.0052e-06
1.18862e-06
1.40395e-06
1.65645e-06
1.95221e-06
2.29824e-06
2.70261e-06
3.17462e-06
3.72496e-06
4.36589e-06
5.11144e-06
5.97773e-06
6.98312e-06
8.14862e-06
9.49818e-06
1.10591e-05
1.28623e-05
1.49431e-05
1.73414e-05
2.01026e-05
2.32778e-05
2.69249e-05
3.11092e-05
3.59044e-05
4.13932e-05
4.76689e-05
5.48359e-05
6.30115e-05
7.23266e-05
8.29281e-05
9.49796e-05
0.000108664
0.000124183
0.000141765
0.000161659
0.000184144
0.000209528
0.000238152
0.000270392
0.000306662
0.000347421
0.000393169
0.000444459
0.000501895
0.000566141
0.000637919
0.000718021
0.000807309
0.00090672
0.00101728
0.00114008
0.00127634
0.00142735
0.0015945
0.00177933
0.00198345
0.00220862
0.00245673
0.00272978
0.00302996
0.00335956
0.00372105
0.00411706
0.00455038
0.00502399
0.00554101
0.00610479
0.00671883
0.00738685
0.00811274
0.00890061
0.00975476
0.0106797
0.0116801
0.0127609
0.0139272
0.0151843
0.0165377
0.0179931
0.0195563
0.0212334
0.0230307
0.0249544
0.0270112
0.0292075
0.0315503
0.0340463
0.0367025
0.0395259
0.0425236
0.0457025
0.0490698
0.0526324
0.0563974
0.0603715
0.0645616
0.0689742
0.0736158
0.0784926
0.0836105
0.0889753
0.0945922
0.100466
0.106602
0.113004
0.119676
0.126621
0.133842
0.141342
0.14912
0.15718
0.165521
0.174144
0.183046
0.192227
0.201684
0.211414
0.221414
0.231679
0.242203
0.252981
0.264007
0.275271
0.286767
0.298484
0.310415
0.322547
0.334871
0.347374
0.360045
0.37287
0.385836
0.398929
0.412135
0.425439
0.438826
0.45228
0.465787
0.479329
0.49289
0.506456
0.520008
0.533531
0.547008
0.560424
0.573762
0.587005
0.60014
0.613149
0.626018
0.638732
0.651277
0.663639
0.675803
0.687758
0.699491
0.710989
0.722241
0.733237
0.743965
0.754417
0.764583
0.774454
0.784022
0.793281
0.802223
0.810841
0.819131
0.827086
0.834702
0.841975
0.8489
0.855475
0.861696
0.86756
0.873066
0.878212
0.882995
0.887414
0.891467
0.895155
0.898476
0.901429
0.904014
0.90623
0.908078
0.909556
0.910665
0.911404
0.911774
0.911774
0.911404
0.910665
0.909556
0.908078
0.90623
0.904014
0.901429
0.898476
0.895155
0.891467
0.887414
0.882995
0.878212
0.873066
0.86756
0.861696
0.855475
0.8489
0.841975
0.834702
0.827086
0.819131
0.810841
0.802223
0.793281
0.784022
0.774454
0.764583
0.754417
0.743965
0.733237
0.722241
0.710989
0.699491
0.687758
0.675803
0.663639
0.651277
0.638732
0.626018
0.613149
0.60014
0.587005
0.573762
0.560424
0.547008
0.533531
0.520008
0.506456
0.49289
0.479329
0.465787
0.45228
0.438826
0.425439
0.412135
0.398929
0.385836
0.37287
0.360045
0.347374
0.334871
0.322547
0.310415
0.298484
0.286767
0.275271
0.264007
0.252981
0.242203
0.231679
0.221414
0.211414
0.201684
0.192227
0.183046
0.174144
0.165521
0.15718
0.14912
0.141342
0.133842
0.126621
0.119676
0.113004
0.106602
0.100466
0.0945922
0.0889753
0.0836105
0.0784926
0.0736158
0.0689742
0.0645616
0.0603715
0.0563974
0.0526324
0.0490698
0.0457025
0.0425236
0.0395259
0.0367025
0.0340463
0.0315503
0.0292075
0.0270112
0.0249544
0.0230307
0.0212334
0.0195563
0.0179931
0.0165377
0.0151843
0.0139272
0.0127609
0.0116801
0.0106797
0.00975476
0.00890061
0.00811274
0.00738685
0.00671883
0.00610479
0.00554101
0.00502399
0.00455038
0.00411706
0.00372105
0.00335956
0.00302996
0.00272978
0.00245673
0.00220862
0.00198345
0.00177933
0.0015945
0.00142735
0.00127634
0.00114008
0.00101728
0.00090672
0.000807309
0.000718021
0.000637919
0.000566141
0.000501895
0.000444459
0.000393169
0.000347421
0.000306662
0.000270392
0.000238152
0.000209528
0.000184144
0.000161659
0.000141765
0.000124183
0.000108664
9.49796e-05
8.29281e-05
7.23266e-05
6.30115e-05
5.48359e-05
4.76689e-05
4.13932e-05
3.59044e-05
3.11092e-05
2.69249e-05
2.32778e-05
2.01026e-05
1.73414e-05
1.49431e-05
1.28623e-05
1.10591e-05
9.49818e-06
8.14862e-06
6.98312e-06
5.97773e-06
5.11144e-06
4.36589e-06
3.72496e-06
3.17462e-06
2.70261e-06
2.29824e-06
1.95221e-06
1.65645e-06
1.40395e-06
1.18862e-06
1.0052e-06
8.49151e-07
7.16533e-07
6.03957e-07
5.08506e-07
4.27666e-07
3.5928e-07
3.01495e-07
2.52724e-07
2.11608e-07
1.76985e-07
1.47863e-07
1.23396e-07
1.02863e-07
8.56524e-08
7.12421e-08
5.91906e-08
4.91232e-08
4.07229e-08
3.37217e-08
2.78932e-08
2.30465e-08
1.90209e-08
1.5681e-08
1.29132e-08
1.06222e-08
8.72794e-09
7.16353e-09
5.873e-09
4.80963e-09
3.93442e-09
3.2149e-09
2.62405e-09
2.13942e-09
1.74235e-09
1.41741e-09
1.15178e-09
9.34899e-10
7.58013e-10
6.13913e-10
4.96654e-10
4.01347e-10
3.23969e-10
2.61219e-10
2.10389e-10
1.69263e-10
1.36024e-10
1.09191e-10
8.75547e-11
7.01275e-11
5.61068e-11
4.48395e-11
3.57951e-11
2.85433e-11
2.27355e-11
1.80893e-11
1.43766e-11
1.14133e-11
9.05072e-12
7.16925e-12
5.6726e-12
4.48342e-12
3.53961e-12
2.79138e-12
2.19888e-12
1.73023e-12
1.35995e-12
1.06773e-12
8.37375e-13
6.55989e-13
5.13325e-13
4.01242e-13
3.13285e-13
2.44339e-13
1.90355e-13
1.48134e-13
1.1515e-13
8.94116e-14
6.93494e-14
5.37293e-14
4.15814e-14
3.21445e-14
2.48218e-14
1.91461e-14
1.47519e-14
1.13536e-14
8.72855e-15
6.703e-15
5.14182e-15
3.93989e-15
3.01559e-15
2.30559e-15
1.7608e-15
1.34326e-15
1.0236e-15
7.79152e-16
5.92427e-16
4.49954e-16
3.41368e-16
2.58701e-16
1.95838e-16
1.48086e-16
1.11855e-16
8.4395e-17
6.36063e-17
4.78857e-17
3.60108e-17
2.70509e-17
2.0298e-17
1.52142e-17
1.13911e-17
8.51928e-18
6.3645e-18
4.74951e-18
3.54042e-18
2.63624e-18
1.96082e-18
1.45685e-18
1.08122e-18
8.01561e-19
5.93585e-19
4.3909e-19
3.2445e-19
2.39478e-19
1.76566e-19
1.30039e-19
9.56672e-20
7.03037e-20
5.1608e-20
3.78426e-20
2.77185e-20
2.02807e-20
1.48225e-20
1.08215e-20
7.89178e-21
5.74897e-21
4.18341e-21
3.04086e-21
2.20794e-21
1.60142e-21
1.16024e-21
8.39691e-22
6.07038e-22
4.38368e-22
3.1622e-22
2.27859e-22
1.6401e-22
1.17923e-22
8.4695e-23
6.07635e-23
4.35468e-23
3.11743e-23
2.22928e-23
1.59243e-23
1.13628e-23
8.09913e-24
5.76659e-24
4.10137e-24
2.91385e-24
2.06793e-24
1.46599e-24
1.03814e-24
7.34364e-25
5.18915e-25
3.66277e-25
2.58258e-25
1.81898e-25
1.27977e-25
8.99426e-26
6.31437e-26
4.42817e-26
3.10206e-26
2.17074e-26
1.51738e-26
1.05953e-26
7.39034e-27
5.14928e-27
3.58393e-27
2.49175e-27
1.73054e-27
1.20058e-27
8.32021e-28
5.75982e-28
3.98305e-28
2.75142e-28
1.89858e-28
1.30869e-28
9.01105e-29
6.19796e-29
4.25849e-29
2.92278e-29
2.00388e-29
1.3724e-29
9.38909e-30
6.41655e-30
4.3804e-30
2.98718e-30
2.03491e-30
1.38472e-30
9.41273e-31
6.39152e-31
4.3354e-31
2.93758e-31
1.98832e-31
1.34437e-31
9.08006e-32
6.12626e-32
4.12894e-32
2.77983e-32
1.86954e-32
1.256e-32
8.42912e-33
5.65083e-33
3.78425e-33
2.53155e-33
1.69173e-33
1.12931e-33
7.53068e-34
5.01643e-34
3.33806e-34
2.21887e-34
1.47336e-34
9.77299e-35
6.47567e-35
4.28629e-35
2.83412e-35
1.87196e-35
1.23513e-35
8.14091e-36
5.3601e-36
3.52544e-36
2.3163e-36
1.52026e-36
9.96745e-37
6.52816e-37
4.2711e-37
2.79146e-37
1.82249e-37
1.18861e-37
7.74391e-38
5.0399e-38
3.27663e-38
2.12802e-38
1.3806e-38
8.94755e-39
5.79274e-39
3.74635e-39
2.42034e-39
1.56203e-39
1.00704e-39
6.48559e-40
4.17251e-40
2.68158e-40
1.72159e-40
1.10411e-40
7.07365e-41
4.5271e-41
2.8943e-41
1.84847e-41
1.17931e-41
7.51608e-42
4.78522e-42
3.0434e-42
1.93359e-42
1.2272e-42
7.78068e-43
4.92795e-43
3.11791e-43
1.97065e-43
1.24424e-43
7.84778e-44
4.9447e-44
3.1123e-44
1.95692e-44
1.22918e-44
7.71268e-45
4.83445e-45
3.02718e-45
1.89357e-45
1.18324e-45
7.38616e-46
4.6059e-46
2.8692e-46
1.7855e-46
1.10997e-46
6.89306e-47
4.27629e-47
2.65017e-47
1.64072e-47
1.01472e-47
6.2692e-48
3.86929e-48
2.38563e-48
1.46937e-48
9.04087e-49
5.55705e-49
3.41219e-49
2.09304e-49
1.28255e-49
7.85112e-50
4.80117e-50
2.93312e-50
1.7902e-50
1.09175e-50
6.65506e-51
4.05906e-51
2.48385e-51
1.53606e-51
9.78086e-52
6.69545e-52
5.32587e-52
)
;

boundaryField
{
    sides
    {
        type            zeroGradient;
    }
    empty
    {
        type            empty;
    }
}


// ************************************************************************* //
