/*--------------------------------*- C++ -*----------------------------------*\
  =========                 |
  \\      /  F ield         | OpenFOAM: The Open Source CFD Toolbox
   \\    /   O peration     | Website:  https://openfoam.org
    \\  /    A nd           | Version:  13
     \\/     M anipulation  |
\*---------------------------------------------------------------------------*/
FoamFile
{
    format      ascii;
    class       volScalarField;
    location    "0.53";
    object      T;
}
// * * * * * * * * * * * * * * * * * * * * * * * * * * * * * * * * * * * * * //

dimensions      [0 0 0 1 0 0 0];

internalField   nonuniform List<scalar> 
1000
(
2.75549e-263
1.98821e-262
1.60236e-261
1.29117e-260
1.03836e-259
8.33376e-259
6.67516e-258
5.33589e-257
4.25671e-256
3.38893e-255
2.69259e-254
2.13498e-253
1.6894e-252
1.33408e-251
1.05134e-250
8.26824e-250
6.48916e-249
5.0824e-248
3.97238e-247
3.09836e-246
2.41164e-245
1.87322e-244
1.45197e-243
1.1231e-242
8.66896e-242
6.67734e-241
5.13246e-240
3.93667e-239
3.01311e-238
2.30132e-237
1.75395e-236
1.33392e-235
1.01231e-234
7.666e-234
5.79283e-233
4.36794e-232
3.28644e-231
2.46737e-230
1.84842e-229
1.38173e-228
1.03063e-227
7.67058e-227
5.69645e-226
4.22111e-225
3.121e-224
2.30251e-223
1.69492e-222
1.2449e-221
9.12331e-221
6.6712e-220
4.86726e-219
3.54317e-218
2.57351e-217
1.86501e-216
1.34851e-215
9.72854e-215
7.00253e-214
5.02892e-213
3.60333e-212
2.57597e-211
1.83731e-210
1.30746e-209
9.28265e-209
6.57526e-208
4.64674e-207
3.27625e-206
2.30459e-205
1.61733e-204
1.13236e-203
7.90962e-203
5.51193e-202
3.83203e-201
2.65783e-200
1.83906e-199
1.2695e-198
8.7425e-198
6.00621e-197
4.11648e-196
2.81455e-195
1.91975e-194
1.30627e-193
8.86687e-193
6.00418e-192
4.05583e-191
2.73304e-190
1.83717e-189
1.23194e-188
8.24062e-188
5.49869e-187
3.66003e-186
2.43015e-185
1.60954e-184
1.06338e-183
7.00787e-183
4.60678e-182
3.02076e-181
1.97579e-180
1.28904e-179
8.38865e-179
5.4452e-178
3.52556e-177
2.27684e-176
1.46664e-175
9.42321e-175
6.03885e-174
3.86e-173
2.4609e-172
1.56485e-171
9.92472e-171
6.27811e-170
3.96097e-169
2.49248e-168
1.56429e-167
9.79159e-167
6.11278e-166
3.806e-165
2.36342e-164
1.4637e-163
9.04057e-163
5.56894e-162
3.42119e-161
2.09608e-160
1.28073e-159
7.80417e-159
4.74253e-158
2.87412e-157
1.73702e-156
1.04691e-155
6.29241e-155
3.77155e-154
2.25432e-153
1.34369e-152
7.98678e-152
4.73397e-151
2.79806e-150
1.64917e-149
9.69266e-149
5.68053e-148
3.3197e-147
1.9345e-146
1.12407e-145
6.51287e-145
3.7627e-144
2.16756e-143
1.24504e-142
7.13072e-142
4.07208e-141
2.31861e-140
1.31633e-139
7.45116e-139
4.20532e-138
2.3664e-137
1.32766e-136
7.42659e-136
4.14184e-135
2.303e-134
1.2767e-133
7.0562e-133
3.8881e-132
2.13592e-131
1.16979e-130
6.38708e-130
3.47668e-129
1.88665e-128
1.02065e-127
5.50445e-127
2.95939e-126
1.58612e-125
8.47448e-125
4.51363e-124
2.39646e-123
1.26836e-122
6.69176e-122
3.51929e-121
1.84495e-120
9.64102e-120
5.02188e-119
2.60742e-118
1.34943e-117
6.96114e-117
3.57929e-116
1.8344e-115
9.37062e-115
4.77105e-114
2.42118e-113
1.22462e-112
6.17352e-112
3.10182e-111
1.55327e-110
7.7521e-110
3.85593e-109
1.91148e-108
9.44363e-108
4.64974e-107
2.28158e-106
1.11572e-105
5.43722e-105
2.6406e-104
1.27797e-103
6.16357e-103
2.96229e-102
1.41874e-101
6.77097e-101
3.22009e-100
1.52598e-99
7.20587e-99
3.3906e-98
1.58969e-97
7.42658e-97
3.45701e-96
1.6034e-95
7.4098e-95
3.41184e-94
1.56525e-93
7.15458e-93
3.25826e-92
1.47836e-91
6.68288e-91
3.00975e-90
1.35043e-89
6.03649e-89
2.6882e-88
1.1926e-87
5.27087e-87
2.32067e-86
1.01785e-85
4.44722e-85
1.93562e-84
8.39209e-84
3.62439e-83
1.55922e-82
6.68157e-82
2.85197e-81
1.21255e-80
5.13491e-80
2.16592e-79
9.09951e-79
3.80763e-78
1.58688e-77
6.58693e-77
2.72308e-76
1.12117e-75
4.59734e-75
1.87742e-74
7.63534e-74
3.09243e-73
1.24729e-72
5.00988e-72
2.00387e-71
7.98153e-71
3.16571e-70
1.25031e-69
4.91718e-69
1.92557e-68
7.50832e-68
2.91511e-67
1.12691e-66
4.33751e-66
1.66225e-65
6.34239e-65
2.40935e-64
9.11234e-64
3.43112e-63
1.2862e-62
4.79998e-62
1.78329e-61
6.59547e-61
2.42831e-60
8.89998e-60
3.24706e-59
1.17924e-58
4.26297e-58
1.53397e-57
5.49416e-57
1.95867e-56
6.95005e-56
2.45454e-55
8.62782e-55
3.01836e-54
1.05092e-53
3.64158e-53
1.2558e-52
4.30979e-52
1.47192e-51
5.0026e-51
1.69193e-50
5.69419e-50
1.90695e-49
6.35464e-49
2.10707e-48
6.95176e-48
2.28206e-47
7.45359e-47
2.42215e-46
7.83112e-46
2.51898e-45
8.06103e-45
2.56634e-44
8.128e-44
2.56088e-43
8.0264e-43
2.50246e-42
7.76103e-42
2.39422e-41
7.34672e-41
2.24231e-40
6.80705e-40
2.05529e-39
6.17204e-39
1.84337e-38
5.47538e-38
1.61742e-37
4.75146e-37
1.38808e-36
4.03252e-36
1.16493e-35
3.34636e-35
9.55837e-35
2.7147e-34
7.6661e-34
2.15244e-33
6.00866e-33
1.66765e-32
4.60149e-32
1.26226e-31
3.44223e-31
9.33176e-31
2.51481e-30
6.7368e-30
1.79389e-29
4.74809e-29
1.24914e-28
3.26632e-28
8.48889e-28
2.19267e-27
5.62877e-27
1.43601e-26
3.64079e-26
9.173e-26
2.29664e-25
5.71383e-25
1.41254e-24
3.46978e-24
8.46866e-24
2.05365e-23
4.94796e-23
1.1844e-22
2.81662e-22
6.65432e-22
1.56175e-21
3.64114e-21
8.43271e-21
1.93994e-20
4.43288e-20
1.00611e-19
2.26807e-19
5.0781e-19
1.12919e-18
2.49368e-18
5.46898e-18
1.19111e-17
2.5761e-17
5.53253e-17
1.17984e-16
2.4983e-16
5.25259e-16
1.09647e-15
2.2725e-15
4.676e-15
9.55209e-15
1.93714e-14
3.89984e-14
7.79368e-14
1.54609e-13
3.04446e-13
5.95049e-13
1.15438e-12
2.22273e-12
4.24768e-12
8.05619e-12
1.51638e-11
2.8325e-11
5.25056e-11
9.65829e-11
1.76295e-10
3.19312e-10
5.73863e-10
1.02331e-09
1.81052e-09
3.17818e-09
5.53508e-09
9.56372e-09
1.63936e-08
2.78776e-08
4.7028e-08
7.8699e-08
1.30641e-07
2.1512e-07
3.51364e-07
5.69248e-07
9.14751e-07
1.45798e-06
2.30483e-06
3.61373e-06
5.61944e-06
8.66648e-06
1.32555e-05
2.01071e-05
3.02477e-05
4.51252e-05
6.67614e-05
9.79501e-05
0.000142513
0.000205621
0.0002942
0.000417424
0.000587314
0.000819444
0.00113377
0.00155557
0.00211647
0.00285559
0.00382073
0.00506953
0.00667062
0.00870462
0.0112649
0.014458
0.0184037
0.0232344
0.0290939
0.0361356
0.0445194
0.0544083
0.0659642
0.0793419
0.0946842
0.112115
0.131733
0.153607
0.177766
0.204198
0.232847
0.263604
0.296316
0.330778
0.366742
0.403919
0.441987
0.480601
0.519399
0.558013
0.596081
0.633258
0.669222
0.703684
0.736396
0.767153
0.795802
0.822234
0.846393
0.868267
0.887885
0.905316
0.920658
0.934036
0.945592
0.955481
0.963864
0.970906
0.976766
0.981596
0.985542
0.988735
0.991295
0.993329
0.99493
0.996179
0.997144
0.997884
0.998444
0.998866
0.999181
0.999413
0.999583
0.999706
0.999794
0.999857
0.999902
0.999933
0.999955
0.99997
0.99998
0.999987
0.999991
0.999994
0.999996
0.999997
0.999998
0.999999
0.999999
0.999998
0.999997
0.999996
0.999994
0.999991
0.999987
0.99998
0.99997
0.999955
0.999933
0.999902
0.999857
0.999794
0.999706
0.999583
0.999413
0.999181
0.998866
0.998444
0.997884
0.997144
0.996179
0.99493
0.993329
0.991295
0.988735
0.985542
0.981596
0.976766
0.970906
0.963864
0.955481
0.945592
0.934036
0.920658
0.905316
0.887885
0.868267
0.846393
0.822234
0.795802
0.767153
0.736396
0.703684
0.669222
0.633258
0.596081
0.558013
0.519399
0.480601
0.441987
0.403919
0.366742
0.330778
0.296316
0.263604
0.232847
0.204198
0.177766
0.153607
0.131733
0.112115
0.0946842
0.0793419
0.0659642
0.0544083
0.0445194
0.0361356
0.0290939
0.0232344
0.0184037
0.014458
0.0112649
0.00870462
0.00667062
0.00506953
0.00382073
0.00285559
0.00211647
0.00155557
0.00113377
0.000819444
0.000587314
0.000417424
0.0002942
0.000205621
0.000142513
9.79501e-05
6.67614e-05
4.51252e-05
3.02477e-05
2.01071e-05
1.32555e-05
8.66648e-06
5.61944e-06
3.61373e-06
2.30483e-06
1.45798e-06
9.14751e-07
5.69248e-07
3.51364e-07
2.1512e-07
1.30641e-07
7.8699e-08
4.7028e-08
2.78776e-08
1.63936e-08
9.56372e-09
5.53508e-09
3.17818e-09
1.81052e-09
1.02331e-09
5.73863e-10
3.19312e-10
1.76295e-10
9.65829e-11
5.25056e-11
2.8325e-11
1.51638e-11
8.05619e-12
4.24768e-12
2.22273e-12
1.15438e-12
5.95049e-13
3.04446e-13
1.54609e-13
7.79368e-14
3.89984e-14
1.93714e-14
9.55209e-15
4.676e-15
2.2725e-15
1.09647e-15
5.25259e-16
2.4983e-16
1.17984e-16
5.53253e-17
2.5761e-17
1.19111e-17
5.46898e-18
2.49368e-18
1.12919e-18
5.0781e-19
2.26807e-19
1.00611e-19
4.43288e-20
1.93994e-20
8.43271e-21
3.64114e-21
1.56175e-21
6.65432e-22
2.81662e-22
1.1844e-22
4.94796e-23
2.05365e-23
8.46866e-24
3.46978e-24
1.41254e-24
5.71383e-25
2.29664e-25
9.173e-26
3.64079e-26
1.43601e-26
5.62877e-27
2.19267e-27
8.48889e-28
3.26632e-28
1.24914e-28
4.74809e-29
1.79389e-29
6.7368e-30
2.51481e-30
9.33176e-31
3.44223e-31
1.26226e-31
4.60149e-32
1.66765e-32
6.00866e-33
2.15244e-33
7.6661e-34
2.7147e-34
9.55837e-35
3.34636e-35
1.16493e-35
4.03252e-36
1.38808e-36
4.75146e-37
1.61742e-37
5.47538e-38
1.84337e-38
6.17204e-39
2.05529e-39
6.80705e-40
2.24231e-40
7.34672e-41
2.39422e-41
7.76103e-42
2.50246e-42
8.0264e-43
2.56088e-43
8.128e-44
2.56634e-44
8.06103e-45
2.51898e-45
7.83112e-46
2.42215e-46
7.45359e-47
2.28206e-47
6.95176e-48
2.10707e-48
6.35464e-49
1.90695e-49
5.69419e-50
1.69193e-50
5.0026e-51
1.47192e-51
4.30979e-52
1.2558e-52
3.64158e-53
1.05092e-53
3.01836e-54
8.62782e-55
2.45454e-55
6.95005e-56
1.95867e-56
5.49416e-57
1.53397e-57
4.26297e-58
1.17924e-58
3.24706e-59
8.89998e-60
2.42831e-60
6.59547e-61
1.78329e-61
4.79998e-62
1.2862e-62
3.43112e-63
9.11234e-64
2.40935e-64
6.34239e-65
1.66225e-65
4.33751e-66
1.12691e-66
2.91511e-67
7.50832e-68
1.92557e-68
4.91718e-69
1.25031e-69
3.16571e-70
7.98153e-71
2.00387e-71
5.00988e-72
1.24729e-72
3.09243e-73
7.63534e-74
1.87742e-74
4.59734e-75
1.12117e-75
2.72308e-76
6.58693e-77
1.58688e-77
3.80763e-78
9.09951e-79
2.16592e-79
5.13491e-80
1.21255e-80
2.85197e-81
6.68157e-82
1.55922e-82
3.62439e-83
8.39209e-84
1.93562e-84
4.44722e-85
1.01785e-85
2.32067e-86
5.27087e-87
1.1926e-87
2.6882e-88
6.03649e-89
1.35043e-89
3.00975e-90
6.68288e-91
1.47836e-91
3.25826e-92
7.15458e-93
1.56525e-93
3.41184e-94
7.4098e-95
1.6034e-95
3.45701e-96
7.42658e-97
1.58969e-97
3.3906e-98
7.20587e-99
1.52598e-99
3.22009e-100
6.77097e-101
1.41874e-101
2.96229e-102
6.16357e-103
1.27797e-103
2.6406e-104
5.43722e-105
1.11572e-105
2.28158e-106
4.64974e-107
9.44363e-108
1.91148e-108
3.85593e-109
7.7521e-110
1.55327e-110
3.10182e-111
6.17352e-112
1.22462e-112
2.42118e-113
4.77105e-114
9.37062e-115
1.8344e-115
3.57929e-116
6.96114e-117
1.34943e-117
2.60742e-118
5.02188e-119
9.64102e-120
1.84495e-120
3.51929e-121
6.69176e-122
1.26836e-122
2.39646e-123
4.51363e-124
8.47448e-125
1.58612e-125
2.95939e-126
5.50445e-127
1.02065e-127
1.88665e-128
3.47668e-129
6.38708e-130
1.16979e-130
2.13592e-131
3.8881e-132
7.0562e-133
1.2767e-133
2.303e-134
4.14184e-135
7.42659e-136
1.32766e-136
2.3664e-137
4.20532e-138
7.45116e-139
1.31633e-139
2.31861e-140
4.07208e-141
7.13072e-142
1.24504e-142
2.16756e-143
3.7627e-144
6.51287e-145
1.12407e-145
1.9345e-146
3.3197e-147
5.68053e-148
9.69266e-149
1.64917e-149
2.79806e-150
4.73397e-151
7.98678e-152
1.34369e-152
2.25432e-153
3.77155e-154
6.29241e-155
1.04691e-155
1.73702e-156
2.87412e-157
4.74253e-158
7.80417e-159
1.28073e-159
2.09608e-160
3.42119e-161
5.56894e-162
9.04057e-163
1.4637e-163
2.36342e-164
3.806e-165
6.11278e-166
9.79159e-167
1.56429e-167
2.49248e-168
3.96097e-169
6.27811e-170
9.92472e-171
1.56485e-171
2.4609e-172
3.86e-173
6.03885e-174
9.42321e-175
1.46664e-175
2.27684e-176
3.52556e-177
5.4452e-178
8.38865e-179
1.28904e-179
1.97579e-180
3.02076e-181
4.60678e-182
7.00787e-183
1.06338e-183
1.60954e-184
2.43015e-185
3.66003e-186
5.49869e-187
8.24062e-188
1.23194e-188
1.83717e-189
2.73304e-190
4.05583e-191
6.00418e-192
8.86687e-193
1.30627e-193
1.91975e-194
2.81455e-195
4.11648e-196
6.00621e-197
8.7425e-198
1.2695e-198
1.83906e-199
2.65783e-200
3.83203e-201
5.51193e-202
7.90962e-203
1.13236e-203
1.61733e-204
2.30459e-205
3.27625e-206
4.64674e-207
6.57526e-208
9.28265e-209
1.30746e-209
1.83731e-210
2.57597e-211
3.60333e-212
5.02892e-213
7.00253e-214
9.72854e-215
1.34851e-215
1.86501e-216
2.57351e-217
3.54317e-218
4.86726e-219
6.6712e-220
9.12331e-221
1.2449e-221
1.69492e-222
2.30251e-223
3.121e-224
4.22111e-225
5.69645e-226
7.67058e-227
1.03063e-227
1.38173e-228
1.84842e-229
2.46737e-230
3.28644e-231
4.36794e-232
5.79283e-233
7.666e-234
1.01231e-234
1.33392e-235
1.75395e-236
2.30132e-237
3.01311e-238
3.93667e-239
5.13246e-240
6.67734e-241
8.66896e-242
1.1231e-242
1.45197e-243
1.87322e-244
2.41164e-245
3.09836e-246
3.97238e-247
5.0824e-248
6.48916e-249
8.26824e-250
1.05134e-250
1.33408e-251
1.6894e-252
2.13498e-253
2.69259e-254
3.38893e-255
4.25671e-256
5.33589e-257
6.67516e-258
8.33376e-259
1.03836e-259
1.29117e-260
1.60236e-261
1.98821e-262
2.75549e-263
)
;

boundaryField
{
    sides
    {
        type            zeroGradient;
    }
    empty
    {
        type            empty;
    }
}


// ************************************************************************* //
