/*--------------------------------*- C++ -*----------------------------------*\
  =========                 |
  \\      /  F ield         | OpenFOAM: The Open Source CFD Toolbox
   \\    /   O peration     | Website:  https://openfoam.org
    \\  /    A nd           | Version:  13
     \\/     M anipulation  |
\*---------------------------------------------------------------------------*/
FoamFile
{
    format      ascii;
    class       volScalarField;
    location    "1.48";
    object      T;
}
// * * * * * * * * * * * * * * * * * * * * * * * * * * * * * * * * * * * * * //

dimensions      [0 0 0 1 0 0 0];

internalField   nonuniform List<scalar> 
1000
(
1.09437e-131
2.84714e-131
9.14227e-131
2.99705e-130
9.82785e-130
3.21752e-129
1.05149e-128
3.43003e-128
1.11687e-127
3.63009e-127
1.17771e-126
3.81389e-126
1.23282e-125
3.97776e-125
1.28108e-124
4.11831e-124
1.32148e-123
4.23251e-123
1.35312e-122
4.31785e-122
1.37529e-121
4.37234e-121
1.38748e-120
4.3947e-120
1.38938e-119
4.38431e-119
1.38092e-118
4.3413e-118
1.36225e-117
4.26652e-117
1.33375e-116
4.16153e-116
1.29602e-115
4.02852e-115
1.24985e-114
3.87027e-114
1.19619e-113
3.69003e-113
1.13613e-112
3.49139e-112
1.07087e-111
3.27821e-111
1.00162e-110
3.05446e-110
9.29667e-110
2.8241e-109
8.56233e-109
2.59097e-108
7.82506e-108
2.35868e-107
7.09582e-107
2.13054e-106
6.38448e-106
1.90946e-105
5.69961e-105
1.69795e-104
5.04835e-104
1.49802e-103
4.43637e-103
1.31123e-102
3.86784e-102
1.13866e-101
3.34548e-101
9.80972e-101
2.8707e-100
8.38398e-100
2.44368e-99
7.10829e-99
2.06355e-98
5.97846e-98
1.72858e-97
4.98782e-97
1.43633e-96
4.12778e-96
1.18385e-95
3.38841e-95
9.67854e-95
2.75891e-94
7.84832e-94
2.22806e-93
6.31228e-93
1.78465e-92
5.03532e-92
1.41777e-91
3.98369e-91
1.11704e-90
3.12573e-90
8.72835e-90
2.43226e-89
6.76369e-89
1.87694e-88
5.19768e-88
1.43635e-87
3.96095e-87
1.09e-86
2.99322e-86
8.20229e-86
2.24293e-85
6.12035e-85
1.66654e-84
4.5283e-84
1.22781e-83
3.322e-83
8.96898e-83
2.41634e-82
6.49595e-82
1.74259e-81
4.66461e-81
1.24595e-80
3.32085e-80
8.83201e-80
2.34385e-79
6.20668e-79
1.64001e-78
4.32402e-78
1.13758e-77
2.98628e-77
7.82219e-77
2.04444e-76
5.33174e-76
1.38742e-75
3.6024e-75
9.3329e-75
2.41258e-74
6.22281e-74
1.6015e-73
4.11249e-73
1.0537e-72
2.69376e-72
6.87118e-72
1.74877e-71
4.44081e-71
1.12516e-70
2.84442e-70
7.17452e-70
1.80556e-69
4.53367e-69
1.13581e-68
2.83906e-68
7.08039e-68
1.76178e-67
4.37377e-67
1.08335e-66
2.67724e-66
6.60101e-66
1.62381e-65
3.98533e-65
9.75866e-65
2.38405e-64
5.81078e-64
1.41302e-63
3.42812e-63
8.2976e-63
2.00373e-62
4.82738e-62
1.1603e-61
2.78235e-61
6.65634e-61
1.58869e-60
3.78286e-60
8.98625e-60
2.12966e-59
5.0352e-59
1.18766e-58
2.79472e-58
6.56072e-58
1.53649e-57
3.58982e-57
8.36713e-57
1.94554e-56
4.51299e-56
1.04434e-55
2.41089e-55
5.5522e-55
1.27557e-54
2.92341e-54
6.68382e-54
1.52442e-53
3.4684e-53
7.87219e-53
1.78239e-52
4.02574e-52
9.07041e-52
2.03865e-51
4.57078e-51
1.02228e-50
2.28075e-50
5.07589e-50
1.12687e-49
2.49549e-49
5.51266e-49
1.21475e-48
2.67011e-48
5.85448e-48
1.28045e-47
2.79349e-47
6.07914e-47
1.31961e-46
2.85731e-46
6.17124e-46
1.32951e-45
2.857e-45
6.1239e-45
1.30931e-44
2.79225e-44
5.93963e-44
1.26025e-43
2.66711e-43
5.63007e-43
1.18542e-42
2.48953e-42
5.21485e-42
1.08955e-41
2.27055e-41
4.71945e-41
9.78423e-41
2.02318e-40
4.17265e-40
8.5834e-40
1.76106e-39
3.60373e-39
7.35519e-39
1.49726e-38
3.03991e-38
6.15574e-38
1.24324e-37
2.50429e-37
5.03113e-37
1.00808e-36
2.01453e-36
4.01512e-36
7.98119e-36
1.58226e-35
3.12845e-35
6.16905e-35
1.21323e-34
2.3796e-34
4.65476e-34
9.08074e-34
1.76675e-33
3.4281e-33
6.63374e-33
1.28022e-32
2.46397e-32
4.72937e-32
9.05293e-32
1.72819e-31
3.29007e-31
6.24644e-31
1.18269e-30
2.23313e-30
4.20499e-30
7.89624e-30
1.47869e-29
2.76144e-29
5.14271e-29
9.55092e-29
1.76886e-28
3.26689e-28
6.01681e-28
1.10507e-27
2.02394e-27
3.6965e-27
6.73238e-27
1.22272e-26
2.21446e-26
3.99931e-26
7.20244e-26
1.29344e-25
2.31627e-25
4.13618e-25
7.36513e-25
1.30776e-24
2.31548e-24
4.08805e-24
7.19704e-24
1.26343e-23
2.2116e-23
3.86028e-23
6.71869e-23
1.16601e-22
2.01777e-22
3.48169e-22
5.9904e-22
1.0277e-21
1.75801e-21
2.9986e-21
5.09982e-21
8.64829e-21
1.46232e-20
2.46541e-20
4.14447e-20
6.94674e-20
1.16097e-19
1.9346e-19
3.21431e-19
5.32486e-19
8.79533e-19
1.44849e-18
2.37849e-18
3.89407e-18
6.35658e-18
1.03456e-17
1.67882e-17
2.7162e-17
4.38157e-17
7.04704e-17
1.13003e-16
1.80667e-16
2.87985e-16
4.57681e-16
7.25198e-16
1.14564e-15
1.80443e-15
2.83351e-15
4.43613e-15
6.92432e-15
1.07756e-14
1.67184e-14
2.58605e-14
3.9881e-14
6.1317e-14
9.39895e-14
1.43635e-13
2.18838e-13
3.32403e-13
5.03368e-13
7.59947e-13
1.14382e-12
1.71635e-12
2.56759e-12
3.8293e-12
5.69355e-12
8.4395e-12
1.24715e-11
1.83733e-11
2.69849e-11
3.95111e-11
5.76742e-11
8.39278e-11
1.21756e-10
1.76091e-10
2.53887e-10
3.64925e-10
5.22905e-10
7.46961e-10
1.06372e-09
1.51012e-09
2.13722e-09
3.01535e-09
4.2411e-09
5.9466e-09
8.31205e-09
1.15824e-08
1.60892e-08
2.22801e-08
3.07572e-08
4.23275e-08
5.80688e-08
7.9416e-08
1.08272e-07
1.47153e-07
1.99372e-07
2.69278e-07
3.62559e-07
4.8663e-07
6.51118e-07
8.68482e-07
1.15479e-06
1.53068e-06
2.02258e-06
2.66419e-06
3.49837e-06
4.57937e-06
5.97563e-06
7.77324e-06
1.008e-05
1.30303e-05
1.67916e-05
2.15709e-05
2.76239e-05
3.52647e-05
4.48784e-05
5.69346e-05
7.20039e-05
9.07775e-05
0.000114089
0.000142939
0.000178528
0.000222282
0.000275898
0.000341382
0.000421095
0.000517809
0.000634761
0.000775715
0.000945036
0.00114776
0.00138966
0.00167735
0.00201837
0.00242125
0.00289563
0.00345235
0.0041035
0.00486256
0.00574448
0.00676571
0.0079443
0.00929996
0.0108541
0.0126297
0.0146517
0.0169465
0.0195422
0.0224683
0.0257559
0.0294373
0.0335457
0.0381154
0.043181
0.0487775
0.0549397
0.061702
0.0690979
0.0771595
0.0859172
0.0953991
0.10563
0.116633
0.128426
0.141022
0.154432
0.168659
0.183704
0.199558
0.216209
0.233638
0.25182
0.270724
0.290311
0.310538
0.331356
0.352708
0.374535
0.396773
0.419352
0.4422
0.465242
0.488401
0.511599
0.534758
0.5578
0.580648
0.603227
0.625464
0.647292
0.668644
0.689462
0.709689
0.729276
0.74818
0.766362
0.783791
0.800442
0.816296
0.83134
0.845567
0.858977
0.871573
0.883365
0.894367
0.904597
0.914078
0.922834
0.930894
0.938288
0.945047
0.951206
0.956797
0.961857
0.966419
0.970518
0.974187
0.97746
0.980367
0.982939
0.985205
0.987192
0.988924
0.990424
0.991714
0.992813
0.993738
0.994503
0.995121
0.995603
0.995957
0.996189
0.996304
0.996304
0.996189
0.995957
0.995603
0.995121
0.994503
0.993738
0.992813
0.991714
0.990424
0.988924
0.987192
0.985205
0.982939
0.980367
0.97746
0.974187
0.970518
0.966419
0.961857
0.956797
0.951206
0.945047
0.938288
0.930894
0.922834
0.914078
0.904597
0.894367
0.883365
0.871573
0.858977
0.845567
0.83134
0.816296
0.800442
0.783791
0.766362
0.74818
0.729276
0.709689
0.689462
0.668644
0.647292
0.625464
0.603227
0.580648
0.5578
0.534758
0.511599
0.488401
0.465242
0.4422
0.419352
0.396773
0.374535
0.352708
0.331356
0.310538
0.290311
0.270724
0.25182
0.233638
0.216209
0.199558
0.183704
0.168659
0.154432
0.141022
0.128426
0.116633
0.10563
0.0953991
0.0859172
0.0771595
0.0690979
0.061702
0.0549397
0.0487775
0.043181
0.0381154
0.0335457
0.0294373
0.0257559
0.0224683
0.0195422
0.0169465
0.0146517
0.0126297
0.0108541
0.00929996
0.0079443
0.00676571
0.00574448
0.00486256
0.0041035
0.00345235
0.00289563
0.00242125
0.00201837
0.00167735
0.00138966
0.00114776
0.000945036
0.000775715
0.000634761
0.000517809
0.000421095
0.000341382
0.000275898
0.000222282
0.000178528
0.000142939
0.000114089
9.07775e-05
7.20039e-05
5.69346e-05
4.48784e-05
3.52647e-05
2.76239e-05
2.15709e-05
1.67916e-05
1.30303e-05
1.008e-05
7.77324e-06
5.97563e-06
4.57937e-06
3.49837e-06
2.66419e-06
2.02258e-06
1.53068e-06
1.15479e-06
8.68482e-07
6.51118e-07
4.8663e-07
3.62559e-07
2.69278e-07
1.99372e-07
1.47153e-07
1.08272e-07
7.9416e-08
5.80688e-08
4.23275e-08
3.07572e-08
2.22801e-08
1.60892e-08
1.15824e-08
8.31205e-09
5.9466e-09
4.2411e-09
3.01535e-09
2.13722e-09
1.51012e-09
1.06372e-09
7.46961e-10
5.22905e-10
3.64925e-10
2.53887e-10
1.76091e-10
1.21756e-10
8.39278e-11
5.76742e-11
3.95111e-11
2.69849e-11
1.83733e-11
1.24715e-11
8.4395e-12
5.69355e-12
3.8293e-12
2.56759e-12
1.71635e-12
1.14382e-12
7.59947e-13
5.03368e-13
3.32403e-13
2.18838e-13
1.43635e-13
9.39895e-14
6.1317e-14
3.9881e-14
2.58605e-14
1.67184e-14
1.07756e-14
6.92432e-15
4.43613e-15
2.83351e-15
1.80443e-15
1.14564e-15
7.25198e-16
4.57681e-16
2.87985e-16
1.80667e-16
1.13003e-16
7.04704e-17
4.38157e-17
2.7162e-17
1.67882e-17
1.03456e-17
6.35658e-18
3.89407e-18
2.37849e-18
1.44849e-18
8.79533e-19
5.32486e-19
3.21431e-19
1.9346e-19
1.16097e-19
6.94674e-20
4.14447e-20
2.46541e-20
1.46232e-20
8.64829e-21
5.09982e-21
2.9986e-21
1.75801e-21
1.0277e-21
5.9904e-22
3.48169e-22
2.01777e-22
1.16601e-22
6.71869e-23
3.86028e-23
2.2116e-23
1.26343e-23
7.19704e-24
4.08805e-24
2.31548e-24
1.30776e-24
7.36513e-25
4.13618e-25
2.31627e-25
1.29344e-25
7.20244e-26
3.99931e-26
2.21446e-26
1.22272e-26
6.73238e-27
3.6965e-27
2.02394e-27
1.10507e-27
6.01681e-28
3.26689e-28
1.76886e-28
9.55092e-29
5.14271e-29
2.76144e-29
1.47869e-29
7.89624e-30
4.20499e-30
2.23313e-30
1.18269e-30
6.24644e-31
3.29007e-31
1.72819e-31
9.05293e-32
4.72937e-32
2.46397e-32
1.28022e-32
6.63374e-33
3.4281e-33
1.76675e-33
9.08074e-34
4.65476e-34
2.3796e-34
1.21323e-34
6.16905e-35
3.12845e-35
1.58226e-35
7.98119e-36
4.01512e-36
2.01453e-36
1.00808e-36
5.03113e-37
2.50429e-37
1.24324e-37
6.15574e-38
3.03991e-38
1.49726e-38
7.35519e-39
3.60373e-39
1.76106e-39
8.5834e-40
4.17265e-40
2.02318e-40
9.78423e-41
4.71945e-41
2.27055e-41
1.08955e-41
5.21485e-42
2.48953e-42
1.18542e-42
5.63007e-43
2.66711e-43
1.26025e-43
5.93963e-44
2.79225e-44
1.30931e-44
6.1239e-45
2.857e-45
1.32951e-45
6.17124e-46
2.85731e-46
1.31961e-46
6.07914e-47
2.79349e-47
1.28045e-47
5.85448e-48
2.67011e-48
1.21475e-48
5.51266e-49
2.49549e-49
1.12687e-49
5.07589e-50
2.28075e-50
1.02228e-50
4.57078e-51
2.03865e-51
9.07041e-52
4.02574e-52
1.78239e-52
7.87219e-53
3.4684e-53
1.52442e-53
6.68382e-54
2.92341e-54
1.27557e-54
5.5522e-55
2.41089e-55
1.04434e-55
4.51299e-56
1.94554e-56
8.36713e-57
3.58982e-57
1.53649e-57
6.56072e-58
2.79472e-58
1.18766e-58
5.0352e-59
2.12966e-59
8.98625e-60
3.78286e-60
1.58869e-60
6.65634e-61
2.78235e-61
1.1603e-61
4.82738e-62
2.00373e-62
8.2976e-63
3.42812e-63
1.41302e-63
5.81078e-64
2.38405e-64
9.75866e-65
3.98533e-65
1.62381e-65
6.60101e-66
2.67724e-66
1.08335e-66
4.37377e-67
1.76178e-67
7.08039e-68
2.83906e-68
1.13581e-68
4.53367e-69
1.80556e-69
7.17452e-70
2.84442e-70
1.12516e-70
4.44081e-71
1.74877e-71
6.87118e-72
2.69376e-72
1.0537e-72
4.11249e-73
1.6015e-73
6.22281e-74
2.41258e-74
9.3329e-75
3.6024e-75
1.38742e-75
5.33174e-76
2.04444e-76
7.82219e-77
2.98628e-77
1.13758e-77
4.32402e-78
1.64001e-78
6.20668e-79
2.34385e-79
8.83201e-80
3.32085e-80
1.24595e-80
4.66461e-81
1.74259e-81
6.49595e-82
2.41634e-82
8.96898e-83
3.322e-83
1.22781e-83
4.5283e-84
1.66654e-84
6.12035e-85
2.24293e-85
8.20229e-86
2.99322e-86
1.09e-86
3.96095e-87
1.43635e-87
5.19768e-88
1.87694e-88
6.76369e-89
2.43226e-89
8.72835e-90
3.12573e-90
1.11704e-90
3.98369e-91
1.41777e-91
5.03532e-92
1.78465e-92
6.31228e-93
2.22806e-93
7.84832e-94
2.75891e-94
9.67854e-95
3.38841e-95
1.18385e-95
4.12778e-96
1.43633e-96
4.98782e-97
1.72858e-97
5.97846e-98
2.06355e-98
7.10829e-99
2.44368e-99
8.38398e-100
2.8707e-100
9.80972e-101
3.34548e-101
1.13866e-101
3.86784e-102
1.31123e-102
4.43637e-103
1.49802e-103
5.04835e-104
1.69795e-104
5.69961e-105
1.90946e-105
6.38448e-106
2.13054e-106
7.09582e-107
2.35868e-107
7.82506e-108
2.59097e-108
8.56233e-109
2.8241e-109
9.29667e-110
3.05446e-110
1.00162e-110
3.27821e-111
1.07087e-111
3.49139e-112
1.13613e-112
3.69003e-113
1.19619e-113
3.87027e-114
1.24985e-114
4.02852e-115
1.29602e-115
4.16153e-116
1.33375e-116
4.26652e-117
1.36225e-117
4.3413e-118
1.38092e-118
4.38431e-119
1.38938e-119
4.3947e-120
1.38748e-120
4.37234e-121
1.37529e-121
4.31785e-122
1.35312e-122
4.23251e-123
1.32148e-123
4.11831e-124
1.28108e-124
3.97776e-125
1.23282e-125
3.81389e-126
1.17771e-126
3.63009e-127
1.11687e-127
3.43003e-128
1.05149e-128
3.21752e-129
9.82785e-130
2.99705e-130
9.14227e-131
2.84714e-131
1.09437e-131
)
;

boundaryField
{
    sides
    {
        type            zeroGradient;
    }
    empty
    {
        type            empty;
    }
}


// ************************************************************************* //
