/*--------------------------------*- C++ -*----------------------------------*\
  =========                 |
  \\      /  F ield         | OpenFOAM: The Open Source CFD Toolbox
   \\    /   O peration     | Website:  https://openfoam.org
    \\  /    A nd           | Version:  13
     \\/     M anipulation  |
\*---------------------------------------------------------------------------*/
FoamFile
{
    format      ascii;
    class       volScalarField;
    location    "4.5";
    object      T;
}
// * * * * * * * * * * * * * * * * * * * * * * * * * * * * * * * * * * * * * //

dimensions      [0 0 0 1 0 0 0];

internalField   nonuniform List<scalar> 
1000
(
7.40138e-50
9.14894e-50
1.30494e-49
2.00057e-49
3.16238e-49
5.05762e-49
8.12061e-49
1.30504e-48
2.09674e-48
3.36633e-48
5.39989e-48
8.6537e-48
1.38547e-47
2.21598e-47
3.54083e-47
5.65217e-47
9.01355e-47
1.43597e-46
2.28543e-46
3.63377e-46
5.77188e-46
9.15896e-46
1.45193e-45
2.29938e-45
3.63787e-45
5.74979e-45
9.07871e-45
1.43207e-44
2.2567e-44
3.55263e-44
5.5872e-44
8.77821e-44
1.3778e-43
2.16038e-43
3.3841e-43
5.29569e-43
8.27883e-43
1.29295e-42
2.01725e-42
3.14415e-42
4.89569e-42
7.61534e-42
1.1834e-41
1.83712e-41
2.8491e-41
4.41412e-41
6.83195e-41
1.05636e-40
1.6317e-40
2.51787e-40
3.88143e-40
5.97741e-40
9.19599e-40
1.41334e-39
2.17e-39
3.32839e-39
5.10002e-39
7.80679e-39
1.19381e-38
1.82373e-38
2.78323e-38
4.24325e-38
6.46265e-38
9.83295e-38
1.49458e-37
2.26942e-37
3.44248e-37
5.21663e-37
7.89713e-37
1.19429e-36
1.8043e-36
2.72314e-36
4.10573e-36
6.18401e-36
9.30488e-36
1.39866e-35
2.10025e-35
3.15057e-35
4.72135e-35
7.06811e-35
1.05706e-34
1.57926e-34
2.35703e-34
3.51428e-34
5.23437e-34
7.78846e-34
1.1577e-33
1.71909e-33
2.5501e-33
3.77898e-33
5.59433e-33
8.27331e-33
1.22227e-32
1.80389e-32
2.65957e-32
3.91714e-32
5.76345e-32
8.47132e-32
1.24387e-31
1.82455e-31
2.67358e-31
3.91367e-31
5.7231e-31
8.36051e-31
1.22008e-30
1.77869e-30
2.5904e-30
3.76865e-30
5.47723e-30
7.95223e-30
1.15338e-29
1.67112e-29
2.41878e-29
3.49736e-29
5.05169e-29
7.28931e-29
1.05073e-28
1.51302e-28
2.17647e-28
3.12762e-28
4.4898e-28
6.43861e-28
9.2238e-28
1.32002e-27
1.88712e-27
2.69509e-27
3.84501e-27
5.47991e-27
7.80191e-27
1.10963e-26
1.57655e-26
2.23763e-26
3.17262e-26
4.49365e-26
6.35814e-26
8.98694e-26
1.26895e-25
1.78988e-25
2.52206e-25
3.55007e-25
4.99192e-25
7.01209e-25
9.83957e-25
1.37929e-24
1.93144e-24
2.70183e-24
3.77557e-24
5.27054e-24
7.34982e-24
1.02387e-23
1.42484e-23
1.98076e-23
2.75071e-23
3.81598e-23
5.2883e-23
7.32104e-23
1.01246e-22
1.39871e-22
1.93031e-22
2.66117e-22
3.66492e-22
5.04202e-22
6.92931e-22
9.5131e-22
1.30467e-21
1.78742e-21
2.44623e-21
3.34436e-21
4.56748e-21
6.23139e-21
8.49257e-21
1.15622e-20
1.57248e-20
2.13636e-20
2.89941e-20
3.93089e-20
5.32373e-20
7.20256e-20
9.73423e-20
1.3142e-19
1.77242e-19
2.38789e-19
3.21371e-19
4.3206e-19
5.80263e-19
7.78484e-19
1.04332e-18
1.39679e-18
1.86804e-18
2.49567e-18
3.33066e-18
4.44034e-18
5.91352e-18
7.86717e-18
1.04552e-17
1.38801e-17
1.84075e-17
2.43859e-17
3.22719e-17
4.26633e-17
5.63412e-17
7.43258e-17
9.79481e-17
1.28942e-16
1.69564e-16
2.2275e-16
2.92309e-16
3.83184e-16
5.01782e-16
6.56394e-16
8.5774e-16
1.11966e-15
1.46003e-15
1.90185e-15
2.47476e-15
3.21685e-15
4.17704e-15
5.41812e-15
7.02051e-15
9.0872e-15
1.17498e-14
1.51766e-14
1.9582e-14
2.52395e-14
3.24972e-14
4.17975e-14
5.37025e-14
6.89255e-14
8.83701e-14
1.1318e-13
1.44803e-13
1.85064e-13
2.3627e-13
3.01324e-13
3.83883e-13
4.88544e-13
6.21081e-13
7.88739e-13
1.00059e-12
1.268e-12
1.60518e-12
2.02986e-12
2.56418e-12
3.23572e-12
4.07879e-12
5.13608e-12
6.46058e-12
8.11802e-12
1.01899e-11
1.27769e-11
1.60038e-11
2.00243e-11
2.50283e-11
3.12496e-11
3.8976e-11
4.85612e-11
6.04393e-11
7.51431e-11
9.33249e-11
1.15783e-10
1.43493e-10
1.77646e-10
2.19695e-10
2.71408e-10
3.34938e-10
4.12899e-10
5.08468e-10
6.25492e-10
7.68632e-10
9.43526e-10
1.15699e-09
1.41723e-09
1.73418e-09
2.11975e-09
2.5883e-09
3.15707e-09
3.84673e-09
4.68207e-09
5.69277e-09
6.91429e-09
8.38902e-09
1.01675e-08
1.23099e-08
1.4888e-08
1.79869e-08
2.17077e-08
2.61705e-08
3.15173e-08
3.79162e-08
4.5566e-08
5.47011e-08
6.5598e-08
7.85822e-08
9.40368e-08
1.12412e-07
1.34234e-07
1.60124e-07
1.90804e-07
2.27122e-07
2.70067e-07
3.20792e-07
3.80641e-07
4.51178e-07
5.34221e-07
6.31879e-07
7.46599e-07
8.81213e-07
1.039e-06
1.22375e-06
1.43982e-06
1.69225e-06
1.98684e-06
2.33025e-06
2.73013e-06
3.19526e-06
3.73569e-06
4.36291e-06
5.09008e-06
5.93218e-06
6.90632e-06
8.03196e-06
9.33122e-06
1.08293e-05
1.25546e-05
1.45394e-05
1.68204e-05
1.94388e-05
2.24411e-05
2.588e-05
2.98146e-05
3.43112e-05
3.94447e-05
4.52988e-05
5.19671e-05
5.95547e-05
6.81786e-05
7.79698e-05
8.90739e-05
0.000101653
0.000115888
0.000131978
0.000150145
0.000170635
0.000193719
0.000219697
0.0002489
0.000281692
0.000318472
0.000359682
0.000405803
0.000457363
0.00051494
0.000579166
0.000650729
0.000730379
0.000818933
0.000917277
0.00102637
0.00114726
0.00128107
0.00142901
0.00159241
0.00177267
0.00197131
0.00218998
0.00243041
0.00269448
0.0029842
0.00330171
0.00364929
0.00402936
0.0044445
0.00489744
0.00539109
0.0059285
0.00651291
0.00714772
0.00783651
0.00858305
0.00939129
0.0102654
0.0112096
0.0122284
0.0133265
0.0145089
0.0157804
0.0171464
0.0186122
0.0201835
0.0218658
0.023665
0.0255872
0.0276385
0.029825
0.0321533
0.0346296
0.0372604
0.0400524
0.0430122
0.0461462
0.049461
0.0529634
0.0566596
0.0605562
0.0646594
0.0689753
0.0735101
0.0782695
0.083259
0.088484
0.0939496
0.0996604
0.105621
0.111835
0.118306
0.125038
0.132032
0.139292
0.146819
0.154615
0.162678
0.171011
0.179611
0.188479
0.197611
0.207005
0.216659
0.226567
0.236727
0.247131
0.257776
0.268652
0.279754
0.291074
0.302602
0.31433
0.326247
0.338344
0.350608
0.363029
0.375594
0.38829
0.401105
0.414024
0.427035
0.440122
0.453271
0.466468
0.479698
0.492944
0.506193
0.519428
0.532634
0.545796
0.558899
0.571927
0.584865
0.597698
0.610413
0.622993
0.635426
0.647698
0.659794
0.671703
0.683412
0.694908
0.70618
0.717216
0.728007
0.738541
0.748809
0.758803
0.768513
0.777931
0.78705
0.795862
0.804361
0.812541
0.820397
0.827922
0.835113
0.841965
0.848474
0.854637
0.86045
0.86591
0.871016
0.875765
0.880154
0.884183
0.887849
0.891153
0.894091
0.896664
0.898871
0.90071
0.902183
0.903287
0.904024
0.904392
0.904392
0.904024
0.903287
0.902183
0.90071
0.898871
0.896664
0.894091
0.891153
0.887849
0.884183
0.880154
0.875765
0.871016
0.86591
0.86045
0.854637
0.848474
0.841965
0.835113
0.827922
0.820397
0.812541
0.804361
0.795862
0.78705
0.777931
0.768513
0.758803
0.748809
0.738541
0.728007
0.717216
0.70618
0.694908
0.683412
0.671703
0.659794
0.647698
0.635426
0.622993
0.610413
0.597698
0.584865
0.571927
0.558899
0.545796
0.532634
0.519428
0.506193
0.492944
0.479698
0.466468
0.453271
0.440122
0.427035
0.414024
0.401105
0.38829
0.375594
0.363029
0.350608
0.338344
0.326247
0.31433
0.302602
0.291074
0.279754
0.268652
0.257776
0.247131
0.236727
0.226567
0.216659
0.207005
0.197611
0.188479
0.179611
0.171011
0.162678
0.154615
0.146819
0.139292
0.132032
0.125038
0.118306
0.111835
0.105621
0.0996604
0.0939496
0.088484
0.083259
0.0782695
0.0735101
0.0689753
0.0646594
0.0605562
0.0566596
0.0529634
0.049461
0.0461462
0.0430122
0.0400524
0.0372604
0.0346296
0.0321533
0.029825
0.0276385
0.0255872
0.023665
0.0218658
0.0201835
0.0186122
0.0171464
0.0157804
0.0145089
0.0133265
0.0122284
0.0112096
0.0102654
0.00939129
0.00858305
0.00783651
0.00714772
0.00651291
0.0059285
0.00539109
0.00489744
0.0044445
0.00402936
0.00364929
0.00330171
0.0029842
0.00269448
0.00243041
0.00218998
0.00197131
0.00177267
0.00159241
0.00142901
0.00128107
0.00114726
0.00102637
0.000917277
0.000818933
0.000730379
0.000650729
0.000579166
0.00051494
0.000457363
0.000405803
0.000359682
0.000318472
0.000281692
0.0002489
0.000219697
0.000193719
0.000170635
0.000150145
0.000131978
0.000115888
0.000101653
8.90739e-05
7.79698e-05
6.81786e-05
5.95547e-05
5.19671e-05
4.52988e-05
3.94447e-05
3.43112e-05
2.98146e-05
2.588e-05
2.24411e-05
1.94388e-05
1.68204e-05
1.45394e-05
1.25546e-05
1.08293e-05
9.33122e-06
8.03196e-06
6.90632e-06
5.93218e-06
5.09008e-06
4.36291e-06
3.73569e-06
3.19526e-06
2.73013e-06
2.33025e-06
1.98684e-06
1.69225e-06
1.43982e-06
1.22375e-06
1.039e-06
8.81213e-07
7.46599e-07
6.31879e-07
5.34221e-07
4.51178e-07
3.80641e-07
3.20792e-07
2.70067e-07
2.27122e-07
1.90804e-07
1.60124e-07
1.34234e-07
1.12412e-07
9.40368e-08
7.85822e-08
6.5598e-08
5.47011e-08
4.5566e-08
3.79162e-08
3.15173e-08
2.61705e-08
2.17077e-08
1.79869e-08
1.4888e-08
1.23099e-08
1.01675e-08
8.38902e-09
6.91429e-09
5.69277e-09
4.68207e-09
3.84673e-09
3.15707e-09
2.5883e-09
2.11975e-09
1.73418e-09
1.41723e-09
1.15699e-09
9.43526e-10
7.68632e-10
6.25492e-10
5.08468e-10
4.12899e-10
3.34938e-10
2.71408e-10
2.19695e-10
1.77646e-10
1.43493e-10
1.15783e-10
9.33249e-11
7.51431e-11
6.04393e-11
4.85612e-11
3.8976e-11
3.12496e-11
2.50283e-11
2.00243e-11
1.60038e-11
1.27769e-11
1.01899e-11
8.11802e-12
6.46058e-12
5.13608e-12
4.07879e-12
3.23572e-12
2.56418e-12
2.02986e-12
1.60518e-12
1.268e-12
1.00059e-12
7.88739e-13
6.21081e-13
4.88544e-13
3.83883e-13
3.01324e-13
2.3627e-13
1.85064e-13
1.44803e-13
1.1318e-13
8.83701e-14
6.89255e-14
5.37025e-14
4.17975e-14
3.24972e-14
2.52395e-14
1.9582e-14
1.51766e-14
1.17498e-14
9.0872e-15
7.02051e-15
5.41812e-15
4.17704e-15
3.21685e-15
2.47476e-15
1.90185e-15
1.46003e-15
1.11966e-15
8.5774e-16
6.56394e-16
5.01782e-16
3.83184e-16
2.92309e-16
2.2275e-16
1.69564e-16
1.28942e-16
9.79481e-17
7.43258e-17
5.63412e-17
4.26633e-17
3.22719e-17
2.43859e-17
1.84075e-17
1.38801e-17
1.04552e-17
7.86717e-18
5.91352e-18
4.44034e-18
3.33066e-18
2.49567e-18
1.86804e-18
1.39679e-18
1.04332e-18
7.78484e-19
5.80263e-19
4.3206e-19
3.21371e-19
2.38789e-19
1.77242e-19
1.3142e-19
9.73423e-20
7.20256e-20
5.32373e-20
3.93089e-20
2.89941e-20
2.13636e-20
1.57248e-20
1.15622e-20
8.49257e-21
6.23139e-21
4.56748e-21
3.34436e-21
2.44623e-21
1.78742e-21
1.30467e-21
9.5131e-22
6.92931e-22
5.04202e-22
3.66492e-22
2.66117e-22
1.93031e-22
1.39871e-22
1.01246e-22
7.32104e-23
5.2883e-23
3.81598e-23
2.75071e-23
1.98076e-23
1.42484e-23
1.02387e-23
7.34982e-24
5.27054e-24
3.77557e-24
2.70183e-24
1.93144e-24
1.37929e-24
9.83957e-25
7.01209e-25
4.99192e-25
3.55007e-25
2.52206e-25
1.78988e-25
1.26895e-25
8.98694e-26
6.35814e-26
4.49365e-26
3.17262e-26
2.23763e-26
1.57655e-26
1.10963e-26
7.80191e-27
5.47991e-27
3.84501e-27
2.69509e-27
1.88712e-27
1.32002e-27
9.2238e-28
6.43861e-28
4.4898e-28
3.12762e-28
2.17647e-28
1.51302e-28
1.05073e-28
7.28931e-29
5.05169e-29
3.49736e-29
2.41878e-29
1.67112e-29
1.15338e-29
7.95223e-30
5.47723e-30
3.76865e-30
2.5904e-30
1.77869e-30
1.22008e-30
8.36051e-31
5.7231e-31
3.91367e-31
2.67358e-31
1.82455e-31
1.24387e-31
8.47132e-32
5.76345e-32
3.91714e-32
2.65957e-32
1.80389e-32
1.22227e-32
8.27331e-33
5.59433e-33
3.77898e-33
2.5501e-33
1.71909e-33
1.1577e-33
7.78846e-34
5.23437e-34
3.51428e-34
2.35703e-34
1.57926e-34
1.05706e-34
7.06811e-35
4.72135e-35
3.15057e-35
2.10025e-35
1.39866e-35
9.30488e-36
6.18401e-36
4.10573e-36
2.72314e-36
1.8043e-36
1.19429e-36
7.89713e-37
5.21663e-37
3.44248e-37
2.26942e-37
1.49458e-37
9.83295e-38
6.46265e-38
4.24325e-38
2.78323e-38
1.82373e-38
1.19381e-38
7.80679e-39
5.10002e-39
3.32839e-39
2.17e-39
1.41334e-39
9.19599e-40
5.97741e-40
3.88143e-40
2.51787e-40
1.6317e-40
1.05636e-40
6.83195e-41
4.41412e-41
2.8491e-41
1.83712e-41
1.1834e-41
7.61534e-42
4.89569e-42
3.14415e-42
2.01725e-42
1.29295e-42
8.27883e-43
5.29569e-43
3.3841e-43
2.16038e-43
1.3778e-43
8.77821e-44
5.5872e-44
3.55263e-44
2.2567e-44
1.43207e-44
9.07871e-45
5.74979e-45
3.63787e-45
2.29938e-45
1.45193e-45
9.15896e-46
5.77188e-46
3.63377e-46
2.28543e-46
1.43597e-46
9.01355e-47
5.65217e-47
3.54083e-47
2.21598e-47
1.38547e-47
8.6537e-48
5.39989e-48
3.36633e-48
2.09674e-48
1.30504e-48
8.12061e-49
5.05762e-49
3.16238e-49
2.00057e-49
1.30494e-49
9.14894e-50
7.40138e-50
)
;

boundaryField
{
    sides
    {
        type            zeroGradient;
    }
    empty
    {
        type            empty;
    }
}


// ************************************************************************* //
