/*--------------------------------*- C++ -*----------------------------------*\
  =========                 |
  \\      /  F ield         | OpenFOAM: The Open Source CFD Toolbox
   \\    /   O peration     | Website:  https://openfoam.org
    \\  /    A nd           | Version:  13
     \\/     M anipulation  |
\*---------------------------------------------------------------------------*/
FoamFile
{
    format      ascii;
    class       volScalarField;
    location    "4.73";
    object      T;
}
// * * * * * * * * * * * * * * * * * * * * * * * * * * * * * * * * * * * * * //

dimensions      [0 0 0 1 0 0 0];

internalField   nonuniform List<scalar> 
1000
(
1.32429e-47
1.60891e-47
2.23818e-47
3.34458e-47
5.16043e-47
8.06568e-47
1.26659e-46
1.99162e-46
3.13155e-46
4.92103e-46
7.72686e-46
1.21217e-45
1.89986e-45
2.9749e-45
4.65384e-45
7.27342e-45
1.13567e-44
1.77156e-44
2.76086e-44
4.29853e-44
6.68625e-44
1.03904e-43
1.61312e-43
2.502e-43
3.87699e-43
6.00189e-43
9.28253e-43
1.43427e-42
2.21401e-42
3.4144e-42
5.26059e-42
8.09727e-42
1.24517e-41
1.91294e-41
2.93602e-41
4.50195e-41
6.89647e-41
1.05545e-40
1.61373e-40
2.46494e-40
3.76156e-40
5.73471e-40
8.7345e-40
1.32907e-39
2.02041e-39
3.06842e-39
4.65556e-39
7.05687e-39
1.06865e-38
1.61673e-38
2.44356e-38
3.68969e-38
5.56594e-38
8.3882e-38
1.26293e-37
1.89964e-37
2.8546e-37
4.28547e-37
6.42736e-37
9.63047e-37
1.44159e-36
2.15584e-36
3.22086e-36
4.80737e-36
7.16839e-36
1.06786e-35
1.58924e-35
2.36288e-35
3.50972e-35
5.20815e-35
7.72098e-35
1.14351e-34
1.69194e-34
2.50098e-34
3.69329e-34
5.44871e-34
8.03068e-34
1.18246e-33
1.73941e-33
2.55619e-33
3.75285e-33
5.50436e-33
8.06546e-33
1.18067e-32
1.72665e-32
2.52265e-32
3.68202e-32
5.36897e-32
7.82118e-32
1.13823e-31
1.65487e-31
2.40365e-31
3.48783e-31
5.0561e-31
7.32235e-31
1.0594e-30
1.53125e-30
2.21108e-30
3.18963e-30
4.59673e-30
6.61809e-30
9.51898e-30
1.3678e-29
1.96349e-29
2.81584e-29
4.03424e-29
5.77416e-29
8.25638e-29
1.17941e-28
1.68311e-28
2.39956e-28
3.41763e-28
4.86285e-28
6.91241e-28
9.81614e-28
1.39259e-27
1.9737e-27
2.79453e-27
3.95284e-27
5.58574e-27
7.88542e-27
1.11209e-26
1.56685e-26
2.20539e-26
3.10109e-26
4.35628e-26
6.11346e-26
8.57097e-26
1.20045e-25
1.67968e-25
2.34791e-25
3.27873e-25
4.57405e-25
6.3748e-25
8.87568e-25
1.23454e-24
1.71546e-24
2.38136e-24
3.30248e-24
4.57534e-24
6.33251e-24
8.75584e-24
1.20945e-23
1.66897e-23
2.30079e-23
3.16865e-23
4.35954e-23
5.99204e-23
8.22769e-23
1.12862e-22
1.54664e-22
2.11736e-22
2.89581e-22
3.95652e-22
5.40037e-22
7.3638e-22
1.00311e-21
1.36509e-21
1.85584e-21
2.52051e-21
3.41982e-21
4.63537e-21
6.27672e-21
8.49078e-21
1.14744e-20
1.54909e-20
2.08926e-20
2.81496e-20
3.78896e-20
5.09486e-20
6.84403e-20
9.18453e-20
1.23131e-19
1.64909e-19
2.20641e-19
2.94913e-19
3.93793e-19
5.25298e-19
7.00019e-19
9.3192e-19
1.2394e-18
1.64669e-18
2.18562e-18
2.89804e-18
3.83881e-18
5.0799e-18
6.71548e-18
8.86878e-18
1.17008e-17
1.54216e-17
2.03053e-17
2.67087e-17
3.50963e-17
4.60715e-17
6.04182e-17
7.91529e-17
1.03593e-16
1.35443e-16
1.76907e-16
2.30834e-16
3.00896e-16
3.91828e-16
5.09729e-16
6.62438e-16
8.60032e-16
1.11544e-15
1.44525e-15
1.87069e-15
2.41892e-15
3.12468e-15
4.03229e-15
5.19829e-15
6.69471e-15
8.61323e-15
1.10704e-14
1.42141e-14
1.82323e-14
2.33628e-14
2.99068e-14
3.82452e-14
4.88592e-14
6.2356e-14
7.95008e-14
1.01257e-13
1.28838e-13
1.63765e-13
2.07952e-13
2.63794e-13
3.34294e-13
4.23208e-13
5.3523e-13
6.76221e-13
8.5349e-13
1.07614e-12
1.35551e-12
1.70567e-12
2.14413e-12
2.69257e-12
3.37789e-12
4.23335e-12
5.3001e-12
6.62895e-12
8.2826e-12
1.03383e-11
1.28912e-11
1.60583e-11
1.99832e-11
2.48423e-11
3.08518e-11
3.82763e-11
4.74394e-11
5.87368e-11
7.2651e-11
8.97706e-11
1.10812e-10
1.36647e-10
1.68336e-10
2.07163e-10
2.54688e-10
3.12799e-10
3.83781e-10
4.70395e-10
5.75973e-10
7.04535e-10
8.60922e-10
1.05096e-09
1.28165e-09
1.56139e-09
1.90028e-09
2.31037e-09
2.80613e-09
3.40483e-09
4.12709e-09
4.9975e-09
6.04536e-09
7.30555e-09
8.81952e-09
1.06365e-08
1.28148e-08
1.54236e-08
1.85448e-08
2.22751e-08
2.67288e-08
3.20405e-08
3.83689e-08
4.5901e-08
5.48563e-08
6.54925e-08
7.81121e-08
9.30694e-08
1.10779e-07
1.31725e-07
1.56474e-07
1.85685e-07
2.20128e-07
2.60696e-07
3.08429e-07
3.64535e-07
4.30412e-07
5.07683e-07
5.98223e-07
7.04199e-07
8.28116e-07
9.72857e-07
1.14175e-06
1.33861e-06
1.56784e-06
1.83447e-06
2.14429e-06
2.50392e-06
2.92092e-06
3.40396e-06
3.96288e-06
4.60895e-06
5.35498e-06
6.21551e-06
7.2071e-06
8.3485e-06
9.66098e-06
1.11686e-05
1.28986e-05
1.48816e-05
1.71522e-05
1.97496e-05
2.27176e-05
2.61055e-05
2.99687e-05
3.43692e-05
3.93766e-05
4.50685e-05
5.15317e-05
5.88631e-05
6.71705e-05
7.65741e-05
8.72074e-05
9.92184e-05
0.000112771
0.000128049
0.000145251
0.000164601
0.000186344
0.00021075
0.000238116
0.00026877
0.000303071
0.000341411
0.000384221
0.000431973
0.000485181
0.000544406
0.000610259
0.000683406
0.000764568
0.000854529
0.000954138
0.00106431
0.00118605
0.00132042
0.00146857
0.00163175
0.0018113
0.00200864
0.00222532
0.00246297
0.00272335
0.00300835
0.00331994
0.00366027
0.00403158
0.00443628
0.00487689
0.00535611
0.00587675
0.00644182
0.00705445
0.00771796
0.00843579
0.00921159
0.0100492
0.0109524
0.0119256
0.0129729
0.0140988
0.015308
0.0166052
0.0179954
0.0194836
0.0210751
0.0227753
0.0245897
0.0265239
0.0285836
0.0307747
0.0331031
0.0355748
0.0381958
0.0409723
0.0439103
0.0470159
0.0502953
0.0537545
0.0573996
0.0612364
0.0652707
0.0695084
0.0739549
0.0786155
0.0834955
0.0885997
0.0939328
0.0994993
0.105303
0.111348
0.117637
0.124174
0.130961
0.137999
0.145292
0.152839
0.160642
0.1687
0.177014
0.185581
0.194402
0.203472
0.21279
0.222353
0.232155
0.242193
0.252462
0.262955
0.273666
0.284587
0.295712
0.307031
0.318536
0.330218
0.342066
0.35407
0.36622
0.378502
0.390906
0.40342
0.41603
0.428723
0.441487
0.454308
0.467171
0.480063
0.492969
0.505876
0.518769
0.531633
0.544454
0.557217
0.569909
0.582515
0.595022
0.607414
0.61968
0.631805
0.643776
0.65558
0.667206
0.678641
0.689873
0.700892
0.711686
0.722244
0.732557
0.742616
0.752411
0.761934
0.771175
0.780129
0.788787
0.797143
0.80519
0.812922
0.820334
0.827421
0.834178
0.840601
0.846685
0.852428
0.857825
0.862875
0.867573
0.871918
0.875908
0.879541
0.882814
0.885728
0.88828
0.890469
0.892294
0.893756
0.894852
0.895583
0.895949
0.895949
0.895583
0.894852
0.893756
0.892294
0.890469
0.88828
0.885728
0.882814
0.879541
0.875908
0.871918
0.867573
0.862875
0.857825
0.852428
0.846685
0.840601
0.834178
0.827421
0.820334
0.812922
0.80519
0.797143
0.788787
0.780129
0.771175
0.761934
0.752411
0.742616
0.732557
0.722244
0.711686
0.700892
0.689873
0.678641
0.667206
0.65558
0.643776
0.631805
0.61968
0.607414
0.595022
0.582515
0.569909
0.557217
0.544454
0.531633
0.518769
0.505876
0.492969
0.480063
0.467171
0.454308
0.441487
0.428723
0.41603
0.40342
0.390906
0.378502
0.36622
0.35407
0.342066
0.330218
0.318536
0.307031
0.295712
0.284587
0.273666
0.262955
0.252462
0.242193
0.232155
0.222353
0.21279
0.203472
0.194402
0.185581
0.177014
0.1687
0.160642
0.152839
0.145292
0.137999
0.130961
0.124174
0.117637
0.111348
0.105303
0.0994993
0.0939328
0.0885997
0.0834955
0.0786155
0.0739549
0.0695084
0.0652707
0.0612364
0.0573996
0.0537545
0.0502953
0.0470159
0.0439103
0.0409723
0.0381958
0.0355748
0.0331031
0.0307747
0.0285836
0.0265239
0.0245897
0.0227753
0.0210751
0.0194836
0.0179954
0.0166052
0.015308
0.0140988
0.0129729
0.0119256
0.0109524
0.0100492
0.00921159
0.00843579
0.00771796
0.00705445
0.00644182
0.00587675
0.00535611
0.00487689
0.00443628
0.00403158
0.00366027
0.00331994
0.00300835
0.00272335
0.00246297
0.00222532
0.00200864
0.0018113
0.00163175
0.00146857
0.00132042
0.00118605
0.00106431
0.000954138
0.000854529
0.000764568
0.000683406
0.000610259
0.000544406
0.000485181
0.000431973
0.000384221
0.000341411
0.000303071
0.00026877
0.000238116
0.00021075
0.000186344
0.000164601
0.000145251
0.000128049
0.000112771
9.92184e-05
8.72074e-05
7.65741e-05
6.71705e-05
5.88631e-05
5.15317e-05
4.50685e-05
3.93766e-05
3.43692e-05
2.99687e-05
2.61055e-05
2.27176e-05
1.97496e-05
1.71522e-05
1.48816e-05
1.28986e-05
1.11686e-05
9.66098e-06
8.3485e-06
7.2071e-06
6.21551e-06
5.35498e-06
4.60895e-06
3.96288e-06
3.40396e-06
2.92092e-06
2.50392e-06
2.14429e-06
1.83447e-06
1.56784e-06
1.33861e-06
1.14175e-06
9.72857e-07
8.28116e-07
7.04199e-07
5.98223e-07
5.07683e-07
4.30412e-07
3.64535e-07
3.08429e-07
2.60696e-07
2.20128e-07
1.85685e-07
1.56474e-07
1.31725e-07
1.10779e-07
9.30694e-08
7.81121e-08
6.54925e-08
5.48563e-08
4.5901e-08
3.83689e-08
3.20405e-08
2.67288e-08
2.22751e-08
1.85448e-08
1.54236e-08
1.28148e-08
1.06365e-08
8.81952e-09
7.30555e-09
6.04536e-09
4.9975e-09
4.12709e-09
3.40483e-09
2.80613e-09
2.31037e-09
1.90028e-09
1.56139e-09
1.28165e-09
1.05096e-09
8.60922e-10
7.04535e-10
5.75973e-10
4.70395e-10
3.83781e-10
3.12799e-10
2.54688e-10
2.07163e-10
1.68336e-10
1.36647e-10
1.10812e-10
8.97706e-11
7.2651e-11
5.87368e-11
4.74394e-11
3.82763e-11
3.08518e-11
2.48423e-11
1.99832e-11
1.60583e-11
1.28912e-11
1.03383e-11
8.2826e-12
6.62895e-12
5.3001e-12
4.23335e-12
3.37789e-12
2.69257e-12
2.14413e-12
1.70567e-12
1.35551e-12
1.07614e-12
8.5349e-13
6.76221e-13
5.3523e-13
4.23208e-13
3.34294e-13
2.63794e-13
2.07952e-13
1.63765e-13
1.28838e-13
1.01257e-13
7.95008e-14
6.2356e-14
4.88592e-14
3.82452e-14
2.99068e-14
2.33628e-14
1.82323e-14
1.42141e-14
1.10704e-14
8.61323e-15
6.69471e-15
5.19829e-15
4.03229e-15
3.12468e-15
2.41892e-15
1.87069e-15
1.44525e-15
1.11544e-15
8.60032e-16
6.62438e-16
5.09729e-16
3.91828e-16
3.00896e-16
2.30834e-16
1.76907e-16
1.35443e-16
1.03593e-16
7.91529e-17
6.04182e-17
4.60715e-17
3.50963e-17
2.67087e-17
2.03053e-17
1.54216e-17
1.17008e-17
8.86878e-18
6.71548e-18
5.0799e-18
3.83881e-18
2.89804e-18
2.18562e-18
1.64669e-18
1.2394e-18
9.3192e-19
7.00019e-19
5.25298e-19
3.93793e-19
2.94913e-19
2.20641e-19
1.64909e-19
1.23131e-19
9.18453e-20
6.84403e-20
5.09486e-20
3.78896e-20
2.81496e-20
2.08926e-20
1.54909e-20
1.14744e-20
8.49078e-21
6.27672e-21
4.63537e-21
3.41982e-21
2.52051e-21
1.85584e-21
1.36509e-21
1.00311e-21
7.3638e-22
5.40037e-22
3.95652e-22
2.89581e-22
2.11736e-22
1.54664e-22
1.12862e-22
8.22769e-23
5.99204e-23
4.35954e-23
3.16865e-23
2.30079e-23
1.66897e-23
1.20945e-23
8.75584e-24
6.33251e-24
4.57534e-24
3.30248e-24
2.38136e-24
1.71546e-24
1.23454e-24
8.87568e-25
6.3748e-25
4.57405e-25
3.27873e-25
2.34791e-25
1.67968e-25
1.20045e-25
8.57097e-26
6.11346e-26
4.35628e-26
3.10109e-26
2.20539e-26
1.56685e-26
1.11209e-26
7.88542e-27
5.58574e-27
3.95284e-27
2.79453e-27
1.9737e-27
1.39259e-27
9.81614e-28
6.91241e-28
4.86285e-28
3.41763e-28
2.39956e-28
1.68311e-28
1.17941e-28
8.25638e-29
5.77416e-29
4.03424e-29
2.81584e-29
1.96349e-29
1.3678e-29
9.51898e-30
6.61809e-30
4.59673e-30
3.18963e-30
2.21108e-30
1.53125e-30
1.0594e-30
7.32235e-31
5.0561e-31
3.48783e-31
2.40365e-31
1.65487e-31
1.13823e-31
7.82118e-32
5.36897e-32
3.68202e-32
2.52265e-32
1.72665e-32
1.18067e-32
8.06546e-33
5.50436e-33
3.75285e-33
2.55619e-33
1.73941e-33
1.18246e-33
8.03068e-34
5.44871e-34
3.69329e-34
2.50098e-34
1.69194e-34
1.14351e-34
7.72098e-35
5.20815e-35
3.50972e-35
2.36288e-35
1.58924e-35
1.06786e-35
7.16839e-36
4.80737e-36
3.22086e-36
2.15584e-36
1.44159e-36
9.63047e-37
6.42736e-37
4.28547e-37
2.8546e-37
1.89964e-37
1.26293e-37
8.3882e-38
5.56594e-38
3.68969e-38
2.44356e-38
1.61673e-38
1.06865e-38
7.05687e-39
4.65556e-39
3.06842e-39
2.02041e-39
1.32907e-39
8.7345e-40
5.73471e-40
3.76156e-40
2.46494e-40
1.61373e-40
1.05545e-40
6.89647e-41
4.50195e-41
2.93602e-41
1.91294e-41
1.24517e-41
8.09727e-42
5.26059e-42
3.4144e-42
2.21401e-42
1.43427e-42
9.28253e-43
6.00189e-43
3.87699e-43
2.502e-43
1.61312e-43
1.03904e-43
6.68625e-44
4.29853e-44
2.76086e-44
1.77156e-44
1.13567e-44
7.27342e-45
4.65384e-45
2.9749e-45
1.89986e-45
1.21217e-45
7.72686e-46
4.92103e-46
3.13155e-46
1.99162e-46
1.26659e-46
8.06568e-47
5.16043e-47
3.34458e-47
2.23818e-47
1.60891e-47
1.32429e-47
)
;

boundaryField
{
    sides
    {
        type            zeroGradient;
    }
    empty
    {
        type            empty;
    }
}


// ************************************************************************* //
