/*--------------------------------*- C++ -*----------------------------------*\
  =========                 |
  \\      /  F ield         | OpenFOAM: The Open Source CFD Toolbox
   \\    /   O peration     | Website:  https://openfoam.org
    \\  /    A nd           | Version:  13
     \\/     M anipulation  |
\*---------------------------------------------------------------------------*/
FoamFile
{
    format      ascii;
    class       volScalarField;
    location    "3.135";
    object      T;
}
// * * * * * * * * * * * * * * * * * * * * * * * * * * * * * * * * * * * * * //

dimensions      [0 0 0 1 0 0 0];

internalField   nonuniform List<scalar> 
1000
(
1.949e-69
2.84458e-69
5.04215e-69
9.53664e-69
1.83562e-68
3.5466e-68
6.85276e-68
1.32287e-67
2.55064e-67
4.91173e-67
9.44636e-67
1.81441e-66
3.48056e-66
6.66811e-66
1.27584e-65
2.43797e-65
4.65265e-65
8.86769e-65
1.68795e-64
3.20882e-64
6.09212e-64
1.15512e-63
2.18739e-63
4.13674e-63
7.81315e-63
1.47377e-62
2.77631e-62
5.22323e-62
9.81399e-62
1.84156e-61
3.4511e-61
6.45895e-61
1.20726e-60
2.25355e-60
4.20115e-60
7.82165e-60
1.45432e-59
2.70054e-59
5.00808e-59
9.27515e-59
1.71553e-58
3.16888e-58
5.84575e-58
1.07697e-57
1.98148e-57
3.64088e-57
6.68109e-57
1.22437e-56
2.24082e-56
4.09565e-56
7.47592e-56
1.36279e-55
2.48095e-55
4.51056e-55
8.18965e-55
1.48498e-54
2.68906e-54
4.86296e-54
8.78257e-54
1.58403e-53
2.85315e-53
5.13223e-53
9.21948e-53
1.65396e-52
2.96322e-52
5.30175e-52
9.47312e-52
1.69038e-51
3.01225e-51
5.36061e-51
9.52694e-51
1.69086e-50
2.99694e-50
5.30472e-50
9.37694e-50
1.65529e-49
2.91809e-49
5.13733e-49
9.0321e-49
1.58581e-48
2.78053e-48
4.8687e-48
8.51354e-48
1.48668e-47
2.5926e-47
4.51504e-47
7.85232e-47
1.36377e-46
2.36535e-46
4.09691e-46
7.08639e-46
1.22405e-45
2.11146e-45
3.63724e-45
6.257e-45
1.07489e-44
1.84404e-44
3.15922e-44
5.40497e-44
9.23444e-44
1.57555e-43
2.68445e-43
4.56752e-43
7.76085e-43
1.31686e-42
2.23136e-42
3.77574e-42
6.38021e-42
1.07663e-41
1.81426e-41
3.05304e-41
5.13054e-41
8.60977e-41
1.44284e-40
2.41459e-40
4.03521e-40
6.73418e-40
1.12228e-39
1.86772e-39
3.10397e-39
5.15134e-39
8.53724e-39
1.41289e-38
2.33504e-38
3.85366e-38
6.35106e-38
1.04523e-37
1.71779e-37
2.81916e-37
4.6202e-37
7.56125e-37
1.23571e-36
2.01666e-36
3.28652e-36
5.34847e-36
8.69187e-36
1.41054e-35
2.28584e-35
3.69909e-35
5.97767e-35
9.6462e-35
1.55442e-34
2.50129e-34
4.01928e-34
6.44939e-34
1.03341e-33
1.65354e-33
2.64204e-33
4.21549e-33
6.71648e-33
1.06861e-32
1.69777e-32
2.69352e-32
4.26723e-32
6.75077e-32
1.06645e-31
1.68234e-31
2.65011e-31
4.16865e-31
6.54798e-31
1.02707e-30
1.60868e-30
2.51606e-30
3.92961e-30
6.12853e-30
9.54425e-30
1.48424e-29
2.30486e-29
3.57406e-29
5.53421e-29
8.55707e-29
1.32121e-28
2.037e-28
3.13609e-28
4.82124e-28
7.40123e-28
1.13455e-27
1.73667e-27
2.6545e-27
4.05156e-27
6.17496e-27
9.39763e-27
1.42815e-26
2.16722e-26
3.28399e-26
4.96903e-26
7.50778e-26
1.13272e-25
1.70649e-25
2.56716e-25
3.85632e-25
5.78443e-25
8.66398e-25
1.29581e-24
1.93524e-24
2.886e-24
4.29757e-24
6.39025e-24
9.4881e-24
1.40672e-23
2.08257e-23
3.07864e-23
4.54446e-23
6.69841e-23
9.85883e-23
1.44892e-22
2.1263e-22
3.11581e-22
4.55911e-22
6.66119e-22
9.71822e-22
1.41574e-21
2.05941e-21
2.99133e-21
4.33858e-21
6.28336e-21
9.0865e-21
1.31209e-20
1.89186e-20
2.72379e-20
3.9158e-20
5.62115e-20
8.0573e-20
1.15322e-19
1.64814e-19
2.35199e-19
3.35145e-19
4.76858e-19
6.7749e-19
9.61111e-19
1.36145e-18
1.92568e-18
2.71973e-18
3.8355e-18
5.40101e-18
7.59422e-18
1.06622e-17
1.49474e-17
2.09237e-17
2.9246e-17
4.08177e-17
5.68832e-17
7.91542e-17
1.09981e-16
1.52586e-16
2.1138e-16
2.92393e-16
4.03851e-16
5.56966e-16
7.66988e-16
1.05463e-15
1.44798e-15
1.98508e-15
2.71733e-15
3.71415e-15
5.06904e-15
6.90786e-15
9.39965e-15
1.27711e-14
1.7326e-14
2.34701e-14
3.17455e-14
4.28744e-14
5.7818e-14
7.78534e-14
1.04674e-13
1.40524e-13
1.8837e-13
2.52126e-13
3.36957e-13
4.49653e-13
5.99139e-13
7.97124e-13
1.05894e-12
1.40464e-12
1.86039e-12
2.46031e-12
3.24879e-12
4.28352e-12
5.6393e-12
7.41305e-12
9.73003e-12
1.2752e-11
1.66873e-11
2.18042e-11
2.84472e-11
3.70582e-11
4.82031e-11
6.26051e-11
8.11876e-11
1.05127e-10
1.3592e-10
1.75468e-10
2.26181e-10
2.91112e-10
3.74117e-10
4.80064e-10
6.15085e-10
7.86892e-10
1.00517e-09
1.28205e-09
1.63274e-09
2.07622e-09
2.63617e-09
3.34207e-09
4.2306e-09
5.34728e-09
6.74849e-09
8.50401e-09
1.07e-08
1.34428e-08
1.68631e-08
2.11217e-08
2.64158e-08
3.29869e-08
4.11304e-08
5.12069e-08
6.36557e-08
7.90114e-08
9.79232e-08
1.21178e-07
1.4973e-07
1.84729e-07
2.27565e-07
2.79912e-07
3.43779e-07
4.21582e-07
5.16213e-07
6.31131e-07
7.70468e-07
9.39148e-07
1.14303e-06
1.38908e-06
1.68555e-06
2.0422e-06
2.4706e-06
2.98436e-06
3.59952e-06
4.33496e-06
5.21279e-06
6.25896e-06
7.50377e-06
8.98263e-06
1.07368e-05
1.28142e-05
1.52706e-05
1.81705e-05
2.15888e-05
2.56115e-05
3.03383e-05
3.58835e-05
4.23787e-05
4.99747e-05
5.88439e-05
6.91836e-05
8.12185e-05
9.52044e-05
0.000111432
0.000130231
0.000151975
0.000177084
0.000206035
0.000239362
0.000277667
0.000321623
0.000371983
0.000429592
0.000495386
0.000570412
0.000655828
0.00075292
0.000863109
0.000987965
0.00112922
0.00128876
0.00146869
0.00167127
0.00189901
0.00215462
0.00244106
0.00276154
0.00311953
0.0035188
0.00396338
0.00445766
0.0050063
0.00561432
0.00628708
0.00703028
0.00785002
0.00875272
0.00974521
0.0108347
0.0120287
0.0133353
0.0147627
0.0163197
0.0180153
0.019859
0.0218604
0.0240296
0.026377
0.0289131
0.0316488
0.034595
0.037763
0.041164
0.0448093
0.0487102
0.0528781
0.0573242
0.0620594
0.0670945
0.0724401
0.0781061
0.0841023
0.0904377
0.097121
0.10416
0.111562
0.119333
0.127478
0.136003
0.144909
0.154201
0.163878
0.173941
0.184389
0.195219
0.206427
0.218007
0.229954
0.242258
0.254911
0.267902
0.281217
0.294845
0.308769
0.322974
0.337442
0.352154
0.367091
0.382231
0.397554
0.413036
0.428654
0.444385
0.460203
0.476084
0.492002
0.507932
0.523848
0.539725
0.555538
0.571261
0.58687
0.60234
0.617648
0.632772
0.647688
0.662376
0.676816
0.690988
0.704874
0.718459
0.731724
0.744658
0.757245
0.769475
0.781336
0.79282
0.803917
0.814622
0.824929
0.834833
0.84433
0.853419
0.862098
0.870367
0.878226
0.885677
0.89272
0.89936
0.905599
0.91144
0.916888
0.921946
0.926618
0.93091
0.934826
0.938369
0.941545
0.944356
0.946807
0.948902
0.950642
0.952031
0.953072
0.953764
0.95411
0.95411
0.953764
0.953072
0.952031
0.950642
0.948902
0.946807
0.944356
0.941545
0.938369
0.934826
0.93091
0.926618
0.921946
0.916888
0.91144
0.905599
0.89936
0.89272
0.885677
0.878226
0.870367
0.862098
0.853419
0.84433
0.834833
0.824929
0.814622
0.803917
0.79282
0.781336
0.769475
0.757245
0.744658
0.731724
0.718459
0.704874
0.690988
0.676816
0.662376
0.647688
0.632772
0.617648
0.60234
0.58687
0.571261
0.555538
0.539725
0.523848
0.507932
0.492002
0.476084
0.460203
0.444385
0.428654
0.413036
0.397554
0.382231
0.367091
0.352154
0.337442
0.322974
0.308769
0.294845
0.281217
0.267902
0.254911
0.242258
0.229954
0.218007
0.206427
0.195219
0.184389
0.173941
0.163878
0.154201
0.144909
0.136003
0.127478
0.119333
0.111562
0.10416
0.097121
0.0904377
0.0841023
0.0781061
0.0724401
0.0670945
0.0620594
0.0573242
0.0528781
0.0487102
0.0448093
0.041164
0.037763
0.034595
0.0316488
0.0289131
0.026377
0.0240296
0.0218604
0.019859
0.0180153
0.0163197
0.0147627
0.0133353
0.0120287
0.0108347
0.00974521
0.00875272
0.00785002
0.00703028
0.00628708
0.00561432
0.0050063
0.00445766
0.00396338
0.0035188
0.00311953
0.00276154
0.00244106
0.00215462
0.00189901
0.00167127
0.00146869
0.00128876
0.00112922
0.000987965
0.000863109
0.00075292
0.000655828
0.000570412
0.000495386
0.000429592
0.000371983
0.000321623
0.000277667
0.000239362
0.000206035
0.000177084
0.000151975
0.000130231
0.000111432
9.52044e-05
8.12185e-05
6.91836e-05
5.88439e-05
4.99747e-05
4.23787e-05
3.58835e-05
3.03383e-05
2.56115e-05
2.15888e-05
1.81705e-05
1.52706e-05
1.28142e-05
1.07368e-05
8.98263e-06
7.50377e-06
6.25896e-06
5.21279e-06
4.33496e-06
3.59952e-06
2.98436e-06
2.4706e-06
2.0422e-06
1.68555e-06
1.38908e-06
1.14303e-06
9.39148e-07
7.70468e-07
6.31131e-07
5.16213e-07
4.21582e-07
3.43779e-07
2.79912e-07
2.27565e-07
1.84729e-07
1.4973e-07
1.21178e-07
9.79232e-08
7.90114e-08
6.36557e-08
5.12069e-08
4.11304e-08
3.29869e-08
2.64158e-08
2.11217e-08
1.68631e-08
1.34428e-08
1.07e-08
8.50401e-09
6.74849e-09
5.34728e-09
4.2306e-09
3.34207e-09
2.63617e-09
2.07622e-09
1.63274e-09
1.28205e-09
1.00517e-09
7.86892e-10
6.15085e-10
4.80064e-10
3.74117e-10
2.91112e-10
2.26181e-10
1.75468e-10
1.3592e-10
1.05127e-10
8.11876e-11
6.26051e-11
4.82031e-11
3.70582e-11
2.84472e-11
2.18042e-11
1.66873e-11
1.2752e-11
9.73003e-12
7.41305e-12
5.6393e-12
4.28352e-12
3.24879e-12
2.46031e-12
1.86039e-12
1.40464e-12
1.05894e-12
7.97124e-13
5.99139e-13
4.49653e-13
3.36957e-13
2.52126e-13
1.8837e-13
1.40524e-13
1.04674e-13
7.78534e-14
5.7818e-14
4.28744e-14
3.17455e-14
2.34701e-14
1.7326e-14
1.27711e-14
9.39965e-15
6.90786e-15
5.06904e-15
3.71415e-15
2.71733e-15
1.98508e-15
1.44798e-15
1.05463e-15
7.66988e-16
5.56966e-16
4.03851e-16
2.92393e-16
2.1138e-16
1.52586e-16
1.09981e-16
7.91542e-17
5.68832e-17
4.08177e-17
2.9246e-17
2.09237e-17
1.49474e-17
1.06622e-17
7.59422e-18
5.40101e-18
3.8355e-18
2.71973e-18
1.92568e-18
1.36145e-18
9.61111e-19
6.7749e-19
4.76858e-19
3.35145e-19
2.35199e-19
1.64814e-19
1.15322e-19
8.0573e-20
5.62115e-20
3.9158e-20
2.72379e-20
1.89186e-20
1.31209e-20
9.0865e-21
6.28336e-21
4.33858e-21
2.99133e-21
2.05941e-21
1.41574e-21
9.71822e-22
6.66119e-22
4.55911e-22
3.11581e-22
2.1263e-22
1.44892e-22
9.85883e-23
6.69841e-23
4.54446e-23
3.07864e-23
2.08257e-23
1.40672e-23
9.4881e-24
6.39025e-24
4.29757e-24
2.886e-24
1.93524e-24
1.29581e-24
8.66398e-25
5.78443e-25
3.85632e-25
2.56716e-25
1.70649e-25
1.13272e-25
7.50778e-26
4.96903e-26
3.28399e-26
2.16722e-26
1.42815e-26
9.39763e-27
6.17496e-27
4.05156e-27
2.6545e-27
1.73667e-27
1.13455e-27
7.40123e-28
4.82124e-28
3.13609e-28
2.037e-28
1.32121e-28
8.55707e-29
5.53421e-29
3.57406e-29
2.30486e-29
1.48424e-29
9.54425e-30
6.12853e-30
3.92961e-30
2.51606e-30
1.60868e-30
1.02707e-30
6.54798e-31
4.16865e-31
2.65011e-31
1.68234e-31
1.06645e-31
6.75077e-32
4.26723e-32
2.69352e-32
1.69777e-32
1.06861e-32
6.71648e-33
4.21549e-33
2.64204e-33
1.65354e-33
1.03341e-33
6.44939e-34
4.01928e-34
2.50129e-34
1.55442e-34
9.6462e-35
5.97767e-35
3.69909e-35
2.28584e-35
1.41054e-35
8.69187e-36
5.34847e-36
3.28652e-36
2.01666e-36
1.23571e-36
7.56125e-37
4.6202e-37
2.81916e-37
1.71779e-37
1.04523e-37
6.35106e-38
3.85366e-38
2.33504e-38
1.41289e-38
8.53724e-39
5.15134e-39
3.10397e-39
1.86772e-39
1.12228e-39
6.73418e-40
4.03521e-40
2.41459e-40
1.44284e-40
8.60977e-41
5.13054e-41
3.05304e-41
1.81426e-41
1.07663e-41
6.38021e-42
3.77574e-42
2.23136e-42
1.31686e-42
7.76085e-43
4.56752e-43
2.68445e-43
1.57555e-43
9.23444e-44
5.40497e-44
3.15922e-44
1.84404e-44
1.07489e-44
6.257e-45
3.63724e-45
2.11146e-45
1.22405e-45
7.08639e-46
4.09691e-46
2.36535e-46
1.36377e-46
7.85232e-47
4.51504e-47
2.5926e-47
1.48668e-47
8.51354e-48
4.8687e-48
2.78053e-48
1.58581e-48
9.0321e-49
5.13733e-49
2.91809e-49
1.65529e-49
9.37694e-50
5.30472e-50
2.99694e-50
1.69086e-50
9.52694e-51
5.36061e-51
3.01225e-51
1.69038e-51
9.47312e-52
5.30175e-52
2.96322e-52
1.65396e-52
9.21948e-53
5.13223e-53
2.85315e-53
1.58403e-53
8.78257e-54
4.86296e-54
2.68906e-54
1.48498e-54
8.18965e-55
4.51056e-55
2.48095e-55
1.36279e-55
7.47592e-56
4.09565e-56
2.24082e-56
1.22437e-56
6.68109e-57
3.64088e-57
1.98148e-57
1.07697e-57
5.84575e-58
3.16888e-58
1.71553e-58
9.27515e-59
5.00808e-59
2.70054e-59
1.45432e-59
7.82165e-60
4.20115e-60
2.25355e-60
1.20726e-60
6.45895e-61
3.4511e-61
1.84156e-61
9.81399e-62
5.22323e-62
2.77631e-62
1.47377e-62
7.81315e-63
4.13674e-63
2.18739e-63
1.15512e-63
6.09212e-64
3.20882e-64
1.68795e-64
8.86769e-65
4.65265e-65
2.43797e-65
1.27584e-65
6.66811e-66
3.48056e-66
1.81441e-66
9.44636e-67
4.91173e-67
2.55064e-67
1.32287e-67
6.85276e-68
3.5466e-68
1.83562e-68
9.53664e-69
5.04215e-69
2.84458e-69
1.949e-69
)
;

boundaryField
{
    sides
    {
        type            zeroGradient;
    }
    empty
    {
        type            empty;
    }
}


// ************************************************************************* //
