/*--------------------------------*- C++ -*----------------------------------*\
  =========                 |
  \\      /  F ield         | OpenFOAM: The Open Source CFD Toolbox
   \\    /   O peration     | Website:  https://openfoam.org
    \\  /    A nd           | Version:  13
     \\/     M anipulation  |
\*---------------------------------------------------------------------------*/
FoamFile
{
    format      ascii;
    class       volScalarField;
    location    "4.78";
    object      T;
}
// * * * * * * * * * * * * * * * * * * * * * * * * * * * * * * * * * * * * * //

dimensions      [0 0 0 1 0 0 0];

internalField   nonuniform List<scalar> 
1000
(
3.84184e-47
4.65126e-47
6.43743e-47
9.56894e-47
1.46902e-46
2.28517e-46
3.57207e-46
5.59161e-46
8.753e-46
1.36942e-45
2.14078e-45
3.34369e-45
5.21775e-45
8.13459e-45
1.26701e-44
1.9716e-44
3.06511e-44
4.76064e-44
7.38712e-44
1.14518e-43
1.77364e-43
2.74438e-43
4.24243e-43
6.55201e-43
1.01094e-42
1.55834e-42
2.39988e-42
3.69239e-42
5.67562e-42
8.71581e-42
1.33718e-41
2.04957e-41
3.1385e-41
4.80142e-41
7.33848e-41
1.12055e-40
1.70939e-40
2.60519e-40
3.96667e-40
6.03393e-40
9.16981e-40
1.39222e-39
2.11175e-39
3.20009e-39
4.84473e-39
7.32762e-39
1.10724e-38
1.67151e-38
2.52092e-38
3.79836e-38
5.71766e-38
8.59856e-38
1.29187e-37
1.93908e-37
2.90777e-37
4.35619e-37
6.51988e-37
9.74891e-37
1.45632e-36
2.17341e-36
3.24049e-36
4.82685e-36
7.18292e-36
1.06788e-35
1.58608e-35
2.35349e-35
3.48884e-35
5.16695e-35
7.64487e-35
1.13003e-34
1.66874e-34
2.46192e-34
3.6286e-34
5.34302e-34
7.85988e-34
1.15512e-33
1.69598e-33
2.48769e-33
3.64545e-33
5.3369e-33
7.80562e-33
1.14053e-32
1.66489e-32
2.42799e-32
3.53744e-32
5.14886e-32
7.48708e-32
1.08766e-31
1.57855e-31
2.28875e-31
3.31528e-31
4.79758e-31
6.9359e-31
1.00176e-30
1.44545e-30
2.08363e-30
3.00066e-30
4.3171e-30
6.20507e-30
8.91004e-30
1.27818e-29
1.83181e-29
2.6227e-29
3.7514e-29
5.36064e-29
7.65275e-29
1.09143e-28
1.55508e-28
2.21353e-28
3.14772e-28
4.47181e-28
6.34669e-28
8.99888e-28
1.2747e-27
1.80385e-27
2.55018e-27
3.60179e-27
5.08208e-27
7.16375e-27
1.00882e-26
1.41927e-26
1.99477e-26
2.80088e-26
3.92891e-26
5.50585e-26
7.70818e-26
1.07809e-25
1.50637e-25
2.10274e-25
2.93232e-25
4.0852e-25
5.68578e-25
7.90569e-25
1.09816e-24
1.52392e-24
2.11269e-24
2.92605e-24
4.04858e-24
5.59624e-24
7.72793e-24
1.06611e-23
1.46932e-23
2.02304e-23
2.78269e-23
3.82382e-23
5.24933e-23
7.19917e-23
9.86355e-23
1.35007e-22
1.84609e-22
2.52186e-22
3.44161e-22
4.69217e-22
6.39084e-22
8.69589e-22
1.18207e-21
1.60525e-21
2.17777e-21
2.95158e-21
3.9964e-21
5.40572e-21
7.30482e-21
9.86136e-21
1.32995e-20
1.79186e-20
2.41181e-20
3.24305e-20
4.35646e-20
5.84635e-20
7.83801e-20
1.04978e-19
1.40462e-19
1.87755e-19
2.50722e-19
3.34475e-19
4.45764e-19
5.93493e-19
7.89398e-19
1.04893e-18
1.3924e-18
1.84652e-18
2.44631e-18
3.23771e-18
4.28089e-18
5.65456e-18
7.46161e-18
9.83637e-18
1.29541e-17
1.7043e-17
2.24003e-17
2.94124e-17
3.85812e-17
5.05579e-17
6.61867e-17
8.65606e-17
1.13094e-16
1.47613e-16
1.92476e-16
2.50726e-16
3.26278e-16
4.24175e-16
5.50896e-16
7.14762e-16
9.26448e-16
1.19963e-15
1.55182e-15
2.00541e-15
2.589e-15
3.33909e-15
4.3022e-15
5.53758e-15
7.12061e-15
9.14704e-15
1.17385e-14
1.5049e-14
1.9274e-14
2.46605e-14
3.1521e-14
4.02498e-14
5.13444e-14
6.5432e-14
8.33015e-14
1.05945e-13
1.3461e-13
1.70859e-13
2.16654e-13
2.74448e-13
3.47313e-13
4.39083e-13
5.54548e-13
6.99676e-13
8.81903e-13
1.11048e-12
1.3969e-12
1.75544e-12
2.20381e-12
2.76393e-12
3.46294e-12
4.33441e-12
5.41975e-12
6.77009e-12
8.44842e-12
1.05323e-11
1.3117e-11
1.63197e-11
2.0284e-11
2.51862e-11
3.12418e-11
3.87146e-11
4.79269e-11
5.92719e-11
7.32292e-11
9.03826e-11
1.11442e-10
1.37272e-10
1.68919e-10
2.07654e-10
2.55016e-10
3.12867e-10
3.83457e-10
4.69504e-10
5.74286e-10
7.01748e-10
8.56644e-10
1.04468e-09
1.27272e-09
1.54899e-09
1.88334e-09
2.28757e-09
2.77578e-09
3.36481e-09
4.07477e-09
4.92958e-09
5.95775e-09
7.19317e-09
8.67608e-09
1.04542e-08
1.25843e-08
1.51331e-08
1.818e-08
2.18185e-08
2.61591e-08
3.13318e-08
3.74899e-08
4.48135e-08
5.35143e-08
6.38405e-08
7.60832e-08
9.05832e-08
1.07739e-07
1.28016e-07
1.51957e-07
1.80196e-07
2.13469e-07
2.52634e-07
2.98686e-07
3.5278e-07
4.16256e-07
4.90663e-07
5.77795e-07
6.79722e-07
7.98832e-07
9.37879e-07
1.10003e-06
1.28894e-06
1.50878e-06
1.76436e-06
2.06118e-06
2.40554e-06
2.80464e-06
3.2667e-06
3.80111e-06
4.41855e-06
5.13118e-06
5.95284e-06
6.8992e-06
7.98809e-06
9.23967e-06
1.06767e-05
1.23251e-05
1.42138e-05
1.63758e-05
1.88479e-05
2.16718e-05
2.4894e-05
2.85672e-05
3.27499e-05
3.75079e-05
4.29147e-05
4.90526e-05
5.6013e-05
6.3898e-05
7.28211e-05
8.29086e-05
9.43006e-05
0.000107152
0.000121636
0.000137942
0.000156279
0.000176881
0.000200003
0.000225925
0.000254957
0.000287438
0.00032374
0.000364271
0.000409476
0.000459841
0.000515897
0.000578223
0.000647448
0.000724255
0.000809386
0.000903645
0.0010079
0.0011231
0.00125025
0.00139045
0.00154488
0.0017148
0.00190157
0.00210666
0.00233161
0.00257811
0.00284793
0.00314297
0.00346525
0.00381692
0.00420026
0.00461769
0.00507177
0.00556519
0.00610082
0.00668164
0.00731082
0.00799168
0.00872769
0.00952248
0.0103799
0.0113038
0.0122984
0.013368
0.014517
0.0157501
0.0170719
0.0184875
0.0200018
0.0216201
0.0233477
0.0251901
0.0271528
0.0292415
0.0314621
0.0338202
0.036322
0.0389732
0.04178
0.0447483
0.0478842
0.0511937
0.0546826
0.058357
0.0622226
0.0662852
0.0705502
0.0750232
0.0797092
0.0846135
0.0897407
0.0950954
0.100682
0.106504
0.112565
0.118869
0.125418
0.132215
0.139262
0.14656
0.15411
0.161913
0.169969
0.178277
0.186837
0.195646
0.204703
0.214004
0.223546
0.233325
0.243337
0.253576
0.264037
0.274712
0.285595
0.296678
0.307954
0.319412
0.331044
0.34284
0.354789
0.366882
0.379105
0.391448
0.403898
0.416444
0.429071
0.441767
0.454519
0.467313
0.480134
0.49297
0.505805
0.518626
0.531418
0.544168
0.55686
0.569482
0.582019
0.594456
0.606781
0.61898
0.63104
0.642948
0.654691
0.666256
0.677633
0.688809
0.699773
0.710515
0.721024
0.73129
0.741303
0.751055
0.760536
0.76974
0.778657
0.787281
0.795605
0.803622
0.811327
0.818713
0.825776
0.832511
0.838914
0.84498
0.850706
0.856088
0.861124
0.86581
0.870145
0.874125
0.877749
0.881015
0.883922
0.886469
0.888653
0.890475
0.891933
0.893028
0.893757
0.894122
0.894122
0.893757
0.893028
0.891933
0.890475
0.888653
0.886469
0.883922
0.881015
0.877749
0.874125
0.870145
0.86581
0.861124
0.856088
0.850706
0.84498
0.838914
0.832511
0.825776
0.818713
0.811327
0.803622
0.795605
0.787281
0.778657
0.76974
0.760536
0.751055
0.741303
0.73129
0.721024
0.710515
0.699773
0.688809
0.677633
0.666256
0.654691
0.642948
0.63104
0.61898
0.606781
0.594456
0.582019
0.569482
0.55686
0.544168
0.531418
0.518626
0.505805
0.49297
0.480134
0.467313
0.454519
0.441767
0.429071
0.416444
0.403898
0.391448
0.379105
0.366882
0.354789
0.34284
0.331044
0.319412
0.307954
0.296678
0.285595
0.274712
0.264037
0.253576
0.243337
0.233325
0.223546
0.214004
0.204703
0.195646
0.186837
0.178277
0.169969
0.161913
0.15411
0.14656
0.139262
0.132215
0.125418
0.118869
0.112565
0.106504
0.100682
0.0950954
0.0897407
0.0846135
0.0797092
0.0750232
0.0705502
0.0662852
0.0622226
0.058357
0.0546826
0.0511937
0.0478842
0.0447483
0.04178
0.0389732
0.036322
0.0338202
0.0314621
0.0292415
0.0271528
0.0251901
0.0233477
0.0216201
0.0200018
0.0184875
0.0170719
0.0157501
0.014517
0.013368
0.0122984
0.0113038
0.0103799
0.00952248
0.00872769
0.00799168
0.00731082
0.00668164
0.00610082
0.00556519
0.00507177
0.00461769
0.00420026
0.00381692
0.00346525
0.00314297
0.00284793
0.00257811
0.00233161
0.00210666
0.00190157
0.0017148
0.00154488
0.00139045
0.00125025
0.0011231
0.0010079
0.000903645
0.000809386
0.000724255
0.000647448
0.000578223
0.000515897
0.000459841
0.000409476
0.000364271
0.00032374
0.000287438
0.000254957
0.000225925
0.000200003
0.000176881
0.000156279
0.000137942
0.000121636
0.000107152
9.43006e-05
8.29086e-05
7.28211e-05
6.3898e-05
5.6013e-05
4.90526e-05
4.29147e-05
3.75079e-05
3.27499e-05
2.85672e-05
2.4894e-05
2.16718e-05
1.88479e-05
1.63758e-05
1.42138e-05
1.23251e-05
1.06767e-05
9.23967e-06
7.98809e-06
6.8992e-06
5.95284e-06
5.13118e-06
4.41855e-06
3.80111e-06
3.2667e-06
2.80464e-06
2.40554e-06
2.06118e-06
1.76436e-06
1.50878e-06
1.28894e-06
1.10003e-06
9.37879e-07
7.98832e-07
6.79722e-07
5.77795e-07
4.90663e-07
4.16256e-07
3.5278e-07
2.98686e-07
2.52634e-07
2.13469e-07
1.80196e-07
1.51957e-07
1.28016e-07
1.07739e-07
9.05832e-08
7.60832e-08
6.38405e-08
5.35143e-08
4.48135e-08
3.74899e-08
3.13318e-08
2.61591e-08
2.18185e-08
1.818e-08
1.51331e-08
1.25843e-08
1.04542e-08
8.67608e-09
7.19317e-09
5.95775e-09
4.92958e-09
4.07477e-09
3.36481e-09
2.77578e-09
2.28757e-09
1.88334e-09
1.54899e-09
1.27272e-09
1.04468e-09
8.56644e-10
7.01748e-10
5.74286e-10
4.69504e-10
3.83457e-10
3.12867e-10
2.55016e-10
2.07654e-10
1.68919e-10
1.37272e-10
1.11442e-10
9.03826e-11
7.32292e-11
5.92719e-11
4.79269e-11
3.87146e-11
3.12418e-11
2.51862e-11
2.0284e-11
1.63197e-11
1.3117e-11
1.05323e-11
8.44842e-12
6.77009e-12
5.41975e-12
4.33441e-12
3.46294e-12
2.76393e-12
2.20381e-12
1.75544e-12
1.3969e-12
1.11048e-12
8.81903e-13
6.99676e-13
5.54548e-13
4.39083e-13
3.47313e-13
2.74448e-13
2.16654e-13
1.70859e-13
1.3461e-13
1.05945e-13
8.33015e-14
6.5432e-14
5.13444e-14
4.02498e-14
3.1521e-14
2.46605e-14
1.9274e-14
1.5049e-14
1.17385e-14
9.14704e-15
7.12061e-15
5.53758e-15
4.3022e-15
3.33909e-15
2.589e-15
2.00541e-15
1.55182e-15
1.19963e-15
9.26448e-16
7.14762e-16
5.50896e-16
4.24175e-16
3.26278e-16
2.50726e-16
1.92476e-16
1.47613e-16
1.13094e-16
8.65606e-17
6.61867e-17
5.05579e-17
3.85812e-17
2.94124e-17
2.24003e-17
1.7043e-17
1.29541e-17
9.83637e-18
7.46161e-18
5.65456e-18
4.28089e-18
3.23771e-18
2.44631e-18
1.84652e-18
1.3924e-18
1.04893e-18
7.89398e-19
5.93493e-19
4.45764e-19
3.34475e-19
2.50722e-19
1.87755e-19
1.40462e-19
1.04978e-19
7.83801e-20
5.84635e-20
4.35646e-20
3.24305e-20
2.41181e-20
1.79186e-20
1.32995e-20
9.86136e-21
7.30482e-21
5.40572e-21
3.9964e-21
2.95158e-21
2.17777e-21
1.60525e-21
1.18207e-21
8.69589e-22
6.39084e-22
4.69217e-22
3.44161e-22
2.52186e-22
1.84609e-22
1.35007e-22
9.86355e-23
7.19917e-23
5.24933e-23
3.82382e-23
2.78269e-23
2.02304e-23
1.46932e-23
1.06611e-23
7.72793e-24
5.59624e-24
4.04858e-24
2.92605e-24
2.11269e-24
1.52392e-24
1.09816e-24
7.90569e-25
5.68578e-25
4.0852e-25
2.93232e-25
2.10274e-25
1.50637e-25
1.07809e-25
7.70818e-26
5.50585e-26
3.92891e-26
2.80088e-26
1.99477e-26
1.41927e-26
1.00882e-26
7.16375e-27
5.08208e-27
3.60179e-27
2.55018e-27
1.80385e-27
1.2747e-27
8.99888e-28
6.34669e-28
4.47181e-28
3.14772e-28
2.21353e-28
1.55508e-28
1.09143e-28
7.65275e-29
5.36064e-29
3.7514e-29
2.6227e-29
1.83181e-29
1.27818e-29
8.91004e-30
6.20507e-30
4.3171e-30
3.00066e-30
2.08363e-30
1.44545e-30
1.00176e-30
6.9359e-31
4.79758e-31
3.31528e-31
2.28875e-31
1.57855e-31
1.08766e-31
7.48708e-32
5.14886e-32
3.53744e-32
2.42799e-32
1.66489e-32
1.14053e-32
7.80562e-33
5.3369e-33
3.64545e-33
2.48769e-33
1.69598e-33
1.15512e-33
7.85988e-34
5.34302e-34
3.6286e-34
2.46192e-34
1.66874e-34
1.13003e-34
7.64487e-35
5.16695e-35
3.48884e-35
2.35349e-35
1.58608e-35
1.06788e-35
7.18292e-36
4.82685e-36
3.24049e-36
2.17341e-36
1.45632e-36
9.74891e-37
6.51988e-37
4.35619e-37
2.90777e-37
1.93908e-37
1.29187e-37
8.59856e-38
5.71766e-38
3.79836e-38
2.52092e-38
1.67151e-38
1.10724e-38
7.32762e-39
4.84473e-39
3.20009e-39
2.11175e-39
1.39222e-39
9.16981e-40
6.03393e-40
3.96667e-40
2.60519e-40
1.70939e-40
1.12055e-40
7.33848e-41
4.80142e-41
3.1385e-41
2.04957e-41
1.33718e-41
8.71581e-42
5.67562e-42
3.69239e-42
2.39988e-42
1.55834e-42
1.01094e-42
6.55201e-43
4.24243e-43
2.74438e-43
1.77364e-43
1.14518e-43
7.38712e-44
4.76064e-44
3.06511e-44
1.9716e-44
1.26701e-44
8.13459e-45
5.21775e-45
3.34369e-45
2.14078e-45
1.36942e-45
8.753e-46
5.59161e-46
3.57207e-46
2.28517e-46
1.46902e-46
9.56894e-47
6.43743e-47
4.65126e-47
3.84184e-47
)
;

boundaryField
{
    sides
    {
        type            zeroGradient;
    }
    empty
    {
        type            empty;
    }
}


// ************************************************************************* //
