/*--------------------------------*- C++ -*----------------------------------*\
  =========                 |
  \\      /  F ield         | OpenFOAM: The Open Source CFD Toolbox
   \\    /   O peration     | Website:  https://openfoam.org
    \\  /    A nd           | Version:  13
     \\/     M anipulation  |
\*---------------------------------------------------------------------------*/
FoamFile
{
    format      ascii;
    class       volScalarField;
    location    "3.06";
    object      T;
}
// * * * * * * * * * * * * * * * * * * * * * * * * * * * * * * * * * * * * * //

dimensions      [0 0 0 1 0 0 0];

internalField   nonuniform List<scalar> 
1000
(
5.71102e-71
8.45164e-71
1.52321e-70
2.92593e-70
5.71453e-70
1.11986e-69
2.19435e-69
4.29552e-69
8.39833e-69
1.63988e-68
3.19792e-68
6.22809e-68
1.21136e-67
2.35302e-67
4.56465e-67
8.84341e-67
1.71105e-66
3.30624e-66
6.38021e-66
1.2296e-65
2.36659e-65
4.54892e-65
8.73216e-65
1.67402e-64
3.205e-64
6.12802e-64
1.17014e-63
2.23142e-63
4.2496e-63
8.08238e-63
1.53516e-62
2.91201e-62
5.51638e-62
1.04361e-61
1.97171e-61
3.72023e-61
7.00999e-61
1.31912e-60
2.47898e-60
4.65245e-60
8.71984e-60
1.63213e-59
3.05083e-59
5.69508e-59
1.06169e-58
1.97658e-58
3.67492e-58
6.82332e-58
1.2652e-57
2.34282e-57
4.33244e-57
8.00093e-57
1.47558e-56
2.71767e-56
4.99855e-56
9.18131e-56
1.68413e-55
3.08503e-55
5.64358e-55
1.031e-54
1.88094e-54
3.42689e-54
6.23497e-54
1.13286e-53
2.05555e-53
3.72467e-53
6.73992e-53
1.21795e-52
2.1979e-52
3.96091e-52
7.12832e-52
1.2811e-51
2.29925e-51
4.12091e-51
7.3757e-51
1.31831e-50
2.35306e-50
4.19424e-50
7.46577e-50
1.32708e-49
2.35571e-49
4.17587e-49
7.39218e-49
1.30677e-48
2.30687e-48
4.06674e-48
7.15927e-48
1.2586e-47
2.20957e-47
3.87367e-47
6.78165e-47
1.18562e-46
2.0699e-46
3.60868e-46
6.28267e-46
1.09228e-45
1.89635e-45
3.28772e-45
5.69202e-45
9.8408e-45
1.69897e-44
2.92911e-44
5.04284e-44
8.66974e-44
1.48843e-43
2.55176e-43
4.3686e-43
7.4685e-43
1.27501e-42
2.17361e-42
3.70032e-42
6.29049e-42
1.06786e-41
1.81023e-41
3.06436e-41
5.18002e-41
8.74396e-41
1.47391e-40
2.48094e-40
4.17011e-40
6.99942e-40
1.17317e-39
1.96355e-39
3.28174e-39
5.4771e-39
9.12805e-39
1.5191e-38
2.52451e-38
4.18935e-38
6.9422e-38
1.14875e-37
1.89818e-37
3.13202e-37
5.16049e-37
8.49053e-37
1.39494e-36
2.28853e-36
3.74914e-36
6.13315e-36
1.00187e-35
1.63424e-35
2.66191e-35
4.32959e-35
7.03192e-35
1.14045e-34
1.84693e-34
2.98675e-34
4.82302e-34
7.77699e-34
1.25221e-33
2.01332e-33
3.23235e-33
5.18199e-33
8.29553e-33
1.32606e-32
2.11665e-32
3.37369e-32
5.36945e-32
8.53341e-32
1.3542e-31
2.14591e-31
3.39553e-31
5.36499e-31
8.46442e-31
1.3335e-30
2.09774e-30
3.29515e-30
5.16851e-30
8.09504e-30
1.26601e-29
1.97705e-29
3.08292e-29
4.80031e-29
7.46344e-29
1.1587e-28
1.79624e-28
2.78047e-28
4.29768e-28
6.633e-28
1.02222e-27
1.57305e-27
2.41712e-27
3.70862e-27
5.68179e-27
8.69193e-27
1.32772e-26
2.02513e-26
3.0843e-26
4.69048e-26
7.12254e-26
1.07996e-25
1.63507e-25
2.47185e-25
3.73131e-25
5.62414e-25
8.46456e-25
1.27206e-24
1.90881e-24
2.86004e-24
4.27893e-24
6.3922e-24
9.53492e-24
1.42016e-23
2.11206e-23
3.13638e-23
4.65052e-23
6.88533e-23
1.01788e-22
1.50252e-22
2.21459e-22
3.25924e-22
4.78946e-22
7.02759e-22
1.02961e-21
1.50622e-21
2.20015e-21
3.20894e-21
4.67325e-21
6.79552e-21
9.86671e-21
1.43044e-20
2.07067e-20
2.99293e-20
4.31945e-20
6.22451e-20
8.95624e-20
1.28674e-19
1.84586e-19
2.64394e-19
3.78135e-19
5.3999e-19
7.69957e-19
1.0962e-18
1.55831e-18
2.21188e-18
3.1348e-18
4.43608e-18
6.26801e-18
8.84302e-18
1.2457e-17
1.75212e-17
2.46067e-17
3.45052e-17
4.83119e-17
6.75402e-17
9.42779e-17
1.314e-16
1.8286e-16
2.54086e-16
3.52517e-16
4.88334e-16
6.75446e-16
9.32827e-16
1.28632e-15
1.77106e-15
2.43474e-15
3.34201e-15
4.58035e-15
6.26795e-15
8.56422e-15
1.16838e-14
1.59154e-14
2.16462e-14
2.93957e-14
3.98582e-14
5.39618e-14
7.29438e-14
9.84518e-14
1.32676e-13
1.78523e-13
2.39844e-13
3.21733e-13
4.30919e-13
5.76272e-13
7.6947e-13
1.02586e-12
1.36557e-12
1.81499e-12
2.4086e-12
3.19144e-12
4.2222e-12
5.57728e-12
7.35591e-12
9.68682e-12
1.27367e-11
1.6721e-11
2.19178e-11
2.86855e-11
3.7485e-11
4.89083e-11
6.37143e-11
8.28744e-11
1.0763e-10
1.39565e-10
1.80695e-10
2.33586e-10
3.01492e-10
3.88538e-10
4.99943e-10
6.42296e-10
8.23908e-10
1.05524e-09
1.34943e-09
1.72298e-09
2.19653e-09
2.7959e-09
3.55332e-09
4.50894e-09
5.71273e-09
7.2267e-09
9.12777e-09
1.15111e-08
1.44943e-08
1.82224e-08
2.2874e-08
2.86685e-08
3.58754e-08
4.48245e-08
5.59195e-08
6.96527e-08
8.66245e-08
1.07565e-07
1.33361e-07
1.65088e-07
2.04047e-07
2.5181e-07
3.10273e-07
3.81719e-07
4.6889e-07
5.75078e-07
7.04224e-07
8.61041e-07
1.05115e-06
1.28126e-06
1.55932e-06
1.8948e-06
2.29891e-06
2.78489e-06
3.36841e-06
4.06791e-06
4.9051e-06
5.90547e-06
7.09891e-06
8.52038e-06
1.02107e-05
1.22176e-05
1.45964e-05
1.74116e-05
2.07378e-05
2.46615e-05
2.92825e-05
3.47159e-05
4.10944e-05
4.85702e-05
5.7318e-05
6.75377e-05
7.94576e-05
9.33383e-05
0.000109476
0.000128208
0.000149915
0.000175031
0.000204042
0.000237498
0.00027602
0.000320302
0.000371123
0.000429353
0.000495966
0.000572045
0.000658794
0.000757549
0.000869791
0.000997154
0.00114144
0.00130464
0.00148892
0.00169667
0.00193051
0.00219328
0.00248809
0.00281829
0.00318755
0.00359981
0.00405932
0.00457068
0.00513881
0.00576899
0.00646686
0.00723843
0.0080901
0.00902865
0.0100613
0.0111955
0.0124394
0.0138014
0.01529
0.0169146
0.0186847
0.0206101
0.022701
0.0249681
0.0274221
0.030074
0.0329353
0.0360174
0.039332
0.0428907
0.0467053
0.0507876
0.0551492
0.0598016
0.0647562
0.0700239
0.0756154
0.0815409
0.0878102
0.0944323
0.101416
0.108768
0.116497
0.124607
0.133104
0.141991
0.151272
0.160949
0.17102
0.181486
0.192345
0.203592
0.215222
0.227229
0.239605
0.25234
0.265423
0.278842
0.292583
0.30663
0.320968
0.335577
0.35044
0.365535
0.380841
0.396336
0.411996
0.427798
0.443715
0.459724
0.475798
0.49191
0.508036
0.524147
0.540218
0.556222
0.572133
0.587926
0.603576
0.619058
0.63435
0.649427
0.664269
0.678854
0.693163
0.707178
0.72088
0.734255
0.747288
0.759965
0.772274
0.784205
0.795749
0.806897
0.817643
0.827982
0.83791
0.847423
0.85652
0.8652
0.873463
0.88131
0.888744
0.895766
0.90238
0.90859
0.9144
0.919814
0.924837
0.929475
0.933732
0.937612
0.941122
0.944266
0.947048
0.949472
0.951543
0.953263
0.954636
0.955663
0.956347
0.956689
0.956689
0.956347
0.955663
0.954636
0.953263
0.951543
0.949472
0.947048
0.944266
0.941122
0.937612
0.933732
0.929475
0.924837
0.919814
0.9144
0.90859
0.90238
0.895766
0.888744
0.88131
0.873463
0.8652
0.85652
0.847423
0.83791
0.827982
0.817643
0.806897
0.795749
0.784205
0.772274
0.759965
0.747288
0.734255
0.72088
0.707178
0.693163
0.678854
0.664269
0.649427
0.63435
0.619058
0.603576
0.587926
0.572133
0.556222
0.540218
0.524147
0.508036
0.49191
0.475798
0.459724
0.443715
0.427798
0.411996
0.396336
0.380841
0.365535
0.35044
0.335577
0.320968
0.30663
0.292583
0.278842
0.265423
0.25234
0.239605
0.227229
0.215222
0.203592
0.192345
0.181486
0.17102
0.160949
0.151272
0.141991
0.133104
0.124607
0.116497
0.108768
0.101416
0.0944323
0.0878102
0.0815409
0.0756154
0.0700239
0.0647562
0.0598016
0.0551492
0.0507876
0.0467053
0.0428907
0.039332
0.0360174
0.0329353
0.030074
0.0274221
0.0249681
0.022701
0.0206101
0.0186847
0.0169146
0.01529
0.0138014
0.0124394
0.0111955
0.0100613
0.00902865
0.0080901
0.00723843
0.00646686
0.00576899
0.00513881
0.00457068
0.00405932
0.00359981
0.00318755
0.00281829
0.00248809
0.00219328
0.00193051
0.00169667
0.00148892
0.00130464
0.00114144
0.000997154
0.000869791
0.000757549
0.000658794
0.000572045
0.000495966
0.000429353
0.000371123
0.000320302
0.00027602
0.000237498
0.000204042
0.000175031
0.000149915
0.000128208
0.000109476
9.33383e-05
7.94576e-05
6.75377e-05
5.7318e-05
4.85702e-05
4.10944e-05
3.47159e-05
2.92825e-05
2.46615e-05
2.07378e-05
1.74116e-05
1.45964e-05
1.22176e-05
1.02107e-05
8.52038e-06
7.09891e-06
5.90547e-06
4.9051e-06
4.06791e-06
3.36841e-06
2.78489e-06
2.29891e-06
1.8948e-06
1.55932e-06
1.28126e-06
1.05115e-06
8.61041e-07
7.04224e-07
5.75078e-07
4.6889e-07
3.81719e-07
3.10273e-07
2.5181e-07
2.04047e-07
1.65088e-07
1.33361e-07
1.07565e-07
8.66245e-08
6.96527e-08
5.59195e-08
4.48245e-08
3.58754e-08
2.86685e-08
2.2874e-08
1.82224e-08
1.44943e-08
1.15111e-08
9.12777e-09
7.2267e-09
5.71273e-09
4.50894e-09
3.55332e-09
2.7959e-09
2.19653e-09
1.72298e-09
1.34943e-09
1.05524e-09
8.23908e-10
6.42296e-10
4.99943e-10
3.88538e-10
3.01492e-10
2.33586e-10
1.80695e-10
1.39565e-10
1.0763e-10
8.28744e-11
6.37143e-11
4.89083e-11
3.7485e-11
2.86855e-11
2.19178e-11
1.6721e-11
1.27367e-11
9.68682e-12
7.35591e-12
5.57728e-12
4.2222e-12
3.19144e-12
2.4086e-12
1.81499e-12
1.36557e-12
1.02586e-12
7.6947e-13
5.76272e-13
4.30919e-13
3.21733e-13
2.39844e-13
1.78523e-13
1.32676e-13
9.84518e-14
7.29438e-14
5.39618e-14
3.98582e-14
2.93957e-14
2.16462e-14
1.59154e-14
1.16838e-14
8.56422e-15
6.26795e-15
4.58035e-15
3.34201e-15
2.43474e-15
1.77106e-15
1.28632e-15
9.32827e-16
6.75446e-16
4.88334e-16
3.52517e-16
2.54086e-16
1.8286e-16
1.314e-16
9.42779e-17
6.75402e-17
4.83119e-17
3.45052e-17
2.46067e-17
1.75212e-17
1.2457e-17
8.84302e-18
6.26801e-18
4.43608e-18
3.1348e-18
2.21188e-18
1.55831e-18
1.0962e-18
7.69957e-19
5.3999e-19
3.78135e-19
2.64394e-19
1.84586e-19
1.28674e-19
8.95624e-20
6.22451e-20
4.31945e-20
2.99293e-20
2.07067e-20
1.43044e-20
9.86671e-21
6.79552e-21
4.67325e-21
3.20894e-21
2.20015e-21
1.50622e-21
1.02961e-21
7.02759e-22
4.78946e-22
3.25924e-22
2.21459e-22
1.50252e-22
1.01788e-22
6.88533e-23
4.65052e-23
3.13638e-23
2.11206e-23
1.42016e-23
9.53492e-24
6.3922e-24
4.27893e-24
2.86004e-24
1.90881e-24
1.27206e-24
8.46456e-25
5.62414e-25
3.73131e-25
2.47185e-25
1.63507e-25
1.07996e-25
7.12254e-26
4.69048e-26
3.0843e-26
2.02513e-26
1.32772e-26
8.69193e-27
5.68179e-27
3.70862e-27
2.41712e-27
1.57305e-27
1.02222e-27
6.633e-28
4.29768e-28
2.78047e-28
1.79624e-28
1.1587e-28
7.46344e-29
4.80031e-29
3.08292e-29
1.97705e-29
1.26601e-29
8.09504e-30
5.16851e-30
3.29515e-30
2.09774e-30
1.3335e-30
8.46442e-31
5.36499e-31
3.39553e-31
2.14591e-31
1.3542e-31
8.53341e-32
5.36945e-32
3.37369e-32
2.11665e-32
1.32606e-32
8.29553e-33
5.18199e-33
3.23235e-33
2.01332e-33
1.25221e-33
7.77699e-34
4.82302e-34
2.98675e-34
1.84693e-34
1.14045e-34
7.03192e-35
4.32959e-35
2.66191e-35
1.63424e-35
1.00187e-35
6.13315e-36
3.74914e-36
2.28853e-36
1.39494e-36
8.49053e-37
5.16049e-37
3.13202e-37
1.89818e-37
1.14875e-37
6.9422e-38
4.18935e-38
2.52451e-38
1.5191e-38
9.12805e-39
5.4771e-39
3.28174e-39
1.96355e-39
1.17317e-39
6.99942e-40
4.17011e-40
2.48094e-40
1.47391e-40
8.74396e-41
5.18002e-41
3.06436e-41
1.81023e-41
1.06786e-41
6.29049e-42
3.70032e-42
2.17361e-42
1.27501e-42
7.4685e-43
4.3686e-43
2.55176e-43
1.48843e-43
8.66974e-44
5.04284e-44
2.92911e-44
1.69897e-44
9.8408e-45
5.69202e-45
3.28772e-45
1.89635e-45
1.09228e-45
6.28267e-46
3.60868e-46
2.0699e-46
1.18562e-46
6.78165e-47
3.87367e-47
2.20957e-47
1.2586e-47
7.15927e-48
4.06674e-48
2.30687e-48
1.30677e-48
7.39218e-49
4.17587e-49
2.35571e-49
1.32708e-49
7.46577e-50
4.19424e-50
2.35306e-50
1.31831e-50
7.3757e-51
4.12091e-51
2.29925e-51
1.2811e-51
7.12832e-52
3.96091e-52
2.1979e-52
1.21795e-52
6.73992e-53
3.72467e-53
2.05555e-53
1.13286e-53
6.23497e-54
3.42689e-54
1.88094e-54
1.031e-54
5.64358e-55
3.08503e-55
1.68413e-55
9.18131e-56
4.99855e-56
2.71767e-56
1.47558e-56
8.00093e-57
4.33244e-57
2.34282e-57
1.2652e-57
6.82332e-58
3.67492e-58
1.97658e-58
1.06169e-58
5.69508e-59
3.05083e-59
1.63213e-59
8.71984e-60
4.65245e-60
2.47898e-60
1.31912e-60
7.00999e-61
3.72023e-61
1.97171e-61
1.04361e-61
5.51638e-62
2.91201e-62
1.53516e-62
8.08238e-63
4.2496e-63
2.23142e-63
1.17014e-63
6.12802e-64
3.205e-64
1.67402e-64
8.73216e-65
4.54892e-65
2.36659e-65
1.2296e-65
6.38021e-66
3.30624e-66
1.71105e-66
8.84341e-67
4.56465e-67
2.35302e-67
1.21136e-67
6.22809e-68
3.19792e-68
1.63988e-68
8.39833e-69
4.29552e-69
2.19435e-69
1.11986e-69
5.71453e-70
2.92593e-70
1.52321e-70
8.45164e-71
5.71102e-71
)
;

boundaryField
{
    sides
    {
        type            zeroGradient;
    }
    empty
    {
        type            empty;
    }
}


// ************************************************************************* //
