/*--------------------------------*- C++ -*----------------------------------*\
  =========                 |
  \\      /  F ield         | OpenFOAM: The Open Source CFD Toolbox
   \\    /   O peration     | Website:  https://openfoam.org
    \\  /    A nd           | Version:  13
     \\/     M anipulation  |
\*---------------------------------------------------------------------------*/
FoamFile
{
    format      ascii;
    class       volScalarField;
    location    "4.065";
    object      T;
}
// * * * * * * * * * * * * * * * * * * * * * * * * * * * * * * * * * * * * * //

dimensions      [0 0 0 1 0 0 0];

internalField   nonuniform List<scalar> 
1000
(
9.05095e-55
1.16361e-54
1.75328e-54
2.83951e-54
4.72606e-54
7.93859e-54
1.33688e-53
2.25176e-53
3.79034e-53
6.37436e-53
1.07091e-52
1.79727e-52
3.0131e-52
5.04601e-52
8.44146e-52
1.41066e-51
2.35484e-51
3.92677e-51
6.54097e-51
1.08839e-50
1.80908e-50
3.00376e-50
4.98202e-50
8.25427e-50
1.36611e-49
2.25851e-49
3.72986e-49
6.1531e-49
1.01397e-48
1.66913e-48
2.74465e-48
4.5083e-48
7.39724e-48
1.21243e-47
1.98506e-47
3.24654e-47
5.30393e-47
8.65573e-47
1.41104e-46
2.29775e-46
3.73762e-46
6.07318e-46
9.85747e-46
1.59824e-45
2.5885e-45
4.18775e-45
6.76768e-45
1.09251e-44
1.76173e-44
2.83779e-44
4.56611e-44
7.33903e-44
1.1783e-43
1.88974e-43
3.0274e-43
4.84468e-43
7.74434e-43
1.2366e-42
1.97241e-42
3.1426e-42
5.00157e-42
7.95147e-42
1.26273e-41
2.00308e-41
3.17402e-41
5.02392e-41
7.94326e-41
1.25452e-40
1.97915e-40
3.1189e-40
4.90959e-40
7.71989e-40
1.21255e-39
1.90242e-39
2.98151e-39
4.66751e-39
7.29887e-39
1.14011e-38
1.77892e-38
2.7726e-38
4.31654e-38
6.71282e-38
1.04278e-37
1.61808e-37
2.50798e-37
3.88301e-37
6.00524e-37
9.27706e-37
1.43156e-36
2.2066e-36
3.39747e-36
5.22523e-36
8.02735e-36
1.23184e-35
1.88823e-35
2.89115e-35
4.42184e-35
6.7554e-35
1.03089e-34
1.57142e-34
2.39269e-34
3.63912e-34
5.52865e-34
8.38992e-34
1.27177e-33
1.92565e-33
2.91244e-33
4.39999e-33
6.63987e-33
1.00088e-32
1.507e-32
2.26653e-32
3.40503e-32
5.10968e-32
7.6591e-32
1.14676e-31
1.71507e-31
2.56214e-31
3.82326e-31
5.69871e-31
8.48458e-31
1.26181e-30
1.87443e-30
2.78135e-30
4.12241e-30
6.1032e-30
9.02554e-30
1.33321e-29
1.96713e-29
2.89919e-29
4.26806e-29
6.27614e-29
9.21856e-29
1.35252e-28
1.98212e-28
2.90152e-28
4.24256e-28
6.1964e-28
9.03978e-28
1.3173e-27
1.91742e-27
2.78777e-27
4.04859e-27
5.87296e-27
8.50975e-27
1.23164e-26
1.78055e-26
2.57118e-26
3.70865e-26
5.34323e-26
7.6895e-26
1.10534e-25
1.58709e-25
2.2762e-25
3.26079e-25
4.66596e-25
6.66903e-25
9.52114e-25
1.35775e-24
1.93398e-24
2.75162e-24
3.91047e-24
5.55101e-24
7.8708e-24
1.11472e-23
1.57696e-23
2.2283e-23
3.14507e-23
4.43393e-23
6.2438e-23
8.78236e-23
1.23389e-22
1.73157e-22
2.42721e-22
3.3984e-22
4.75273e-22
6.63915e-22
9.26366e-22
1.29108e-21
1.79731e-21
2.49916e-21
3.47109e-21
4.81545e-21
6.67278e-21
9.23585e-21
1.27687e-20
1.76325e-20
2.43211e-20
3.3508e-20
4.6112e-20
6.33838e-20
8.70243e-20
1.19344e-19
1.63478e-19
2.23675e-19
3.05683e-19
4.17277e-19
5.6895e-19
7.74857e-19
1.05406e-18
1.43222e-18
1.94378e-18
2.63502e-18
3.56793e-18
4.82553e-18
6.51885e-18
8.79615e-18
1.18553e-17
1.59597e-17
2.14603e-17
2.88232e-17
3.86673e-17
5.18133e-17
6.93481e-17
9.27092e-17
1.23796e-16
1.65114e-16
2.19968e-16
2.92703e-16
3.89036e-16
5.16473e-16
6.84857e-16
9.07083e-16
1.20002e-15
1.58571e-15
2.09292e-15
2.75915e-15
3.63322e-15
4.77862e-15
6.27779e-15
8.23768e-15
1.07968e-14
1.41345e-14
1.84824e-14
2.41396e-14
3.14915e-14
4.10346e-14
5.34073e-14
6.94294e-14
9.01526e-14
1.16925e-13
1.5147e-13
1.95992e-13
2.53305e-13
3.26995e-13
4.2163e-13
5.43016e-13
6.98532e-13
8.97536e-13
1.15189e-12
1.47659e-12
1.8906e-12
2.41787e-12
3.08856e-12
3.94069e-12
5.02203e-12
6.39261e-12
8.12771e-12
1.03217e-11
1.30925e-11
1.65877e-11
2.09913e-11
2.6533e-11
3.34983e-11
4.22427e-11
5.32072e-11
6.69391e-11
8.41164e-11
1.05578e-10
1.32359e-10
1.6574e-10
2.07296e-10
2.58968e-10
3.23141e-10
4.02743e-10
5.01365e-10
6.23407e-10
7.74247e-10
9.60458e-10
1.19006e-09
1.47281e-09
1.82061e-09
2.24791e-09
2.77223e-09
3.41485e-09
4.20151e-09
5.16331e-09
6.33786e-09
7.77046e-09
9.51573e-09
1.16393e-08
1.42202e-08
1.73529e-08
2.1151e-08
2.57501e-08
3.13126e-08
3.80321e-08
4.61394e-08
5.59094e-08
6.76687e-08
8.18056e-08
9.87799e-08
1.19137e-07
1.4352e-07
1.72693e-07
2.07551e-07
2.49154e-07
2.98745e-07
3.57789e-07
4.28e-07
5.11391e-07
6.10316e-07
7.27524e-07
8.66229e-07
1.03017e-06
1.22371e-06
1.45192e-06
1.72067e-06
2.03678e-06
2.40816e-06
2.84393e-06
3.35464e-06
3.95244e-06
4.65135e-06
5.46746e-06
6.41928e-06
7.52802e-06
8.81799e-06
1.0317e-05
1.20567e-05
1.40735e-05
1.64085e-05
1.91087e-05
2.22274e-05
2.58251e-05
2.99703e-05
3.47404e-05
4.02232e-05
4.65172e-05
5.37338e-05
6.19981e-05
7.14507e-05
8.22494e-05
9.45706e-05
0.000108612
0.000124594
0.000142763
0.000163393
0.000186789
0.000213289
0.000243268
0.000277142
0.00031537
0.00035846
0.000406969
0.000461513
0.000522767
0.000591475
0.000668447
0.000754573
0.000850824
0.000958259
0.00107803
0.00121139
0.0013597
0.00152444
0.00170719
0.00190969
0.00213379
0.00238149
0.00265494
0.00295646
0.0032885
0.00365373
0.00405495
0.00449518
0.00497763
0.00550568
0.00608295
0.00671325
0.0074006
0.00814926
0.00896368
0.00984857
0.0108088
0.0118496
0.0129763
0.0141945
0.01551
0.0169288
0.0184572
0.0201016
0.0218687
0.0237652
0.0257982
0.0279747
0.0303022
0.032788
0.0354395
0.0382645
0.0412705
0.0444652
0.0478563
0.0514514
0.0552581
0.059284
0.0635364
0.0680225
0.0727495
0.077724
0.0829527
0.0884417
0.094197
0.100224
0.106528
0.113113
0.119984
0.127144
0.134596
0.142342
0.150385
0.158725
0.167362
0.176297
0.185528
0.195053
0.204869
0.214974
0.225361
0.236028
0.246966
0.25817
0.269631
0.281342
0.293292
0.305473
0.317872
0.330478
0.343278
0.356261
0.369411
0.382715
0.396158
0.409723
0.423397
0.437161
0.450999
0.464895
0.478831
0.49279
0.506754
0.520705
0.534626
0.5485
0.562308
0.576033
0.589659
0.603169
0.616545
0.629772
0.642835
0.655717
0.668404
0.680882
0.693138
0.705157
0.716929
0.72844
0.73968
0.750639
0.761305
0.771672
0.781729
0.791469
0.800886
0.809971
0.818721
0.827128
0.835189
0.842899
0.850255
0.857253
0.863891
0.870166
0.876077
0.881621
0.886799
0.891608
0.896048
0.900118
0.903818
0.907149
0.910108
0.912698
0.914918
0.916767
0.918246
0.919356
0.920095
0.920465
0.920465
0.920095
0.919356
0.918246
0.916767
0.914918
0.912698
0.910108
0.907149
0.903818
0.900118
0.896048
0.891608
0.886799
0.881621
0.876077
0.870166
0.863891
0.857253
0.850255
0.842899
0.835189
0.827128
0.818721
0.809971
0.800886
0.791469
0.781729
0.771672
0.761305
0.750639
0.73968
0.72844
0.716929
0.705157
0.693138
0.680882
0.668404
0.655717
0.642835
0.629772
0.616545
0.603169
0.589659
0.576033
0.562308
0.5485
0.534626
0.520705
0.506754
0.49279
0.478831
0.464895
0.450999
0.437161
0.423397
0.409723
0.396158
0.382715
0.369411
0.356261
0.343278
0.330478
0.317872
0.305473
0.293292
0.281342
0.269631
0.25817
0.246966
0.236028
0.225361
0.214974
0.204869
0.195053
0.185528
0.176297
0.167362
0.158725
0.150385
0.142342
0.134596
0.127144
0.119984
0.113113
0.106528
0.100224
0.094197
0.0884417
0.0829527
0.077724
0.0727495
0.0680225
0.0635364
0.059284
0.0552581
0.0514514
0.0478563
0.0444652
0.0412705
0.0382645
0.0354395
0.032788
0.0303022
0.0279747
0.0257982
0.0237652
0.0218687
0.0201016
0.0184572
0.0169288
0.01551
0.0141945
0.0129763
0.0118496
0.0108088
0.00984857
0.00896368
0.00814926
0.0074006
0.00671325
0.00608295
0.00550568
0.00497763
0.00449518
0.00405495
0.00365373
0.0032885
0.00295646
0.00265494
0.00238149
0.00213379
0.00190969
0.00170719
0.00152444
0.0013597
0.00121139
0.00107803
0.000958259
0.000850824
0.000754573
0.000668447
0.000591475
0.000522767
0.000461513
0.000406969
0.00035846
0.00031537
0.000277142
0.000243268
0.000213289
0.000186789
0.000163393
0.000142763
0.000124594
0.000108612
9.45706e-05
8.22494e-05
7.14507e-05
6.19981e-05
5.37338e-05
4.65172e-05
4.02232e-05
3.47404e-05
2.99703e-05
2.58251e-05
2.22274e-05
1.91087e-05
1.64085e-05
1.40735e-05
1.20567e-05
1.0317e-05
8.81799e-06
7.52802e-06
6.41928e-06
5.46746e-06
4.65135e-06
3.95244e-06
3.35464e-06
2.84393e-06
2.40816e-06
2.03678e-06
1.72067e-06
1.45192e-06
1.22371e-06
1.03017e-06
8.66229e-07
7.27524e-07
6.10316e-07
5.11391e-07
4.28e-07
3.57789e-07
2.98745e-07
2.49154e-07
2.07551e-07
1.72693e-07
1.4352e-07
1.19137e-07
9.87799e-08
8.18056e-08
6.76687e-08
5.59094e-08
4.61394e-08
3.80321e-08
3.13126e-08
2.57501e-08
2.1151e-08
1.73529e-08
1.42202e-08
1.16393e-08
9.51573e-09
7.77046e-09
6.33786e-09
5.16331e-09
4.20151e-09
3.41485e-09
2.77223e-09
2.24791e-09
1.82061e-09
1.47281e-09
1.19006e-09
9.60458e-10
7.74247e-10
6.23407e-10
5.01365e-10
4.02743e-10
3.23141e-10
2.58968e-10
2.07296e-10
1.6574e-10
1.32359e-10
1.05578e-10
8.41164e-11
6.69391e-11
5.32072e-11
4.22427e-11
3.34983e-11
2.6533e-11
2.09913e-11
1.65877e-11
1.30925e-11
1.03217e-11
8.12771e-12
6.39261e-12
5.02203e-12
3.94069e-12
3.08856e-12
2.41787e-12
1.8906e-12
1.47659e-12
1.15189e-12
8.97536e-13
6.98532e-13
5.43016e-13
4.2163e-13
3.26995e-13
2.53305e-13
1.95992e-13
1.5147e-13
1.16925e-13
9.01526e-14
6.94294e-14
5.34073e-14
4.10346e-14
3.14915e-14
2.41396e-14
1.84824e-14
1.41345e-14
1.07968e-14
8.23768e-15
6.27779e-15
4.77862e-15
3.63322e-15
2.75915e-15
2.09292e-15
1.58571e-15
1.20002e-15
9.07083e-16
6.84857e-16
5.16473e-16
3.89036e-16
2.92703e-16
2.19968e-16
1.65114e-16
1.23796e-16
9.27092e-17
6.93481e-17
5.18133e-17
3.86673e-17
2.88232e-17
2.14603e-17
1.59597e-17
1.18553e-17
8.79615e-18
6.51885e-18
4.82553e-18
3.56793e-18
2.63502e-18
1.94378e-18
1.43222e-18
1.05406e-18
7.74857e-19
5.6895e-19
4.17277e-19
3.05683e-19
2.23675e-19
1.63478e-19
1.19344e-19
8.70243e-20
6.33838e-20
4.6112e-20
3.3508e-20
2.43211e-20
1.76325e-20
1.27687e-20
9.23585e-21
6.67278e-21
4.81545e-21
3.47109e-21
2.49916e-21
1.79731e-21
1.29108e-21
9.26366e-22
6.63915e-22
4.75273e-22
3.3984e-22
2.42721e-22
1.73157e-22
1.23389e-22
8.78236e-23
6.2438e-23
4.43393e-23
3.14507e-23
2.2283e-23
1.57696e-23
1.11472e-23
7.8708e-24
5.55101e-24
3.91047e-24
2.75162e-24
1.93398e-24
1.35775e-24
9.52114e-25
6.66903e-25
4.66596e-25
3.26079e-25
2.2762e-25
1.58709e-25
1.10534e-25
7.6895e-26
5.34323e-26
3.70865e-26
2.57118e-26
1.78055e-26
1.23164e-26
8.50975e-27
5.87296e-27
4.04859e-27
2.78777e-27
1.91742e-27
1.3173e-27
9.03978e-28
6.1964e-28
4.24256e-28
2.90152e-28
1.98212e-28
1.35252e-28
9.21856e-29
6.27614e-29
4.26806e-29
2.89919e-29
1.96713e-29
1.33321e-29
9.02554e-30
6.1032e-30
4.12241e-30
2.78135e-30
1.87443e-30
1.26181e-30
8.48458e-31
5.69871e-31
3.82326e-31
2.56214e-31
1.71507e-31
1.14676e-31
7.6591e-32
5.10968e-32
3.40503e-32
2.26653e-32
1.507e-32
1.00088e-32
6.63987e-33
4.39999e-33
2.91244e-33
1.92565e-33
1.27177e-33
8.38992e-34
5.52865e-34
3.63912e-34
2.39269e-34
1.57142e-34
1.03089e-34
6.7554e-35
4.42184e-35
2.89115e-35
1.88823e-35
1.23184e-35
8.02735e-36
5.22523e-36
3.39747e-36
2.2066e-36
1.43156e-36
9.27706e-37
6.00524e-37
3.88301e-37
2.50798e-37
1.61808e-37
1.04278e-37
6.71282e-38
4.31654e-38
2.7726e-38
1.77892e-38
1.14011e-38
7.29887e-39
4.66751e-39
2.98151e-39
1.90242e-39
1.21255e-39
7.71989e-40
4.90959e-40
3.1189e-40
1.97915e-40
1.25452e-40
7.94326e-41
5.02392e-41
3.17402e-41
2.00308e-41
1.26273e-41
7.95147e-42
5.00157e-42
3.1426e-42
1.97241e-42
1.2366e-42
7.74434e-43
4.84468e-43
3.0274e-43
1.88974e-43
1.1783e-43
7.33903e-44
4.56611e-44
2.83779e-44
1.76173e-44
1.09251e-44
6.76768e-45
4.18775e-45
2.5885e-45
1.59824e-45
9.85747e-46
6.07318e-46
3.73762e-46
2.29775e-46
1.41104e-46
8.65573e-47
5.30393e-47
3.24654e-47
1.98506e-47
1.21243e-47
7.39724e-48
4.5083e-48
2.74465e-48
1.66913e-48
1.01397e-48
6.1531e-49
3.72986e-49
2.25851e-49
1.36611e-49
8.25427e-50
4.98202e-50
3.00376e-50
1.80908e-50
1.08839e-50
6.54097e-51
3.92677e-51
2.35484e-51
1.41066e-51
8.44146e-52
5.04601e-52
3.0131e-52
1.79727e-52
1.07091e-52
6.37436e-53
3.79034e-53
2.25176e-53
1.33688e-53
7.93859e-54
4.72606e-54
2.83951e-54
1.75328e-54
1.16361e-54
9.05095e-55
)
;

boundaryField
{
    sides
    {
        type            zeroGradient;
    }
    empty
    {
        type            empty;
    }
}


// ************************************************************************* //
