/*--------------------------------*- C++ -*----------------------------------*\
  =========                 |
  \\      /  F ield         | OpenFOAM: The Open Source CFD Toolbox
   \\    /   O peration     | Website:  https://openfoam.org
    \\  /    A nd           | Version:  13
     \\/     M anipulation  |
\*---------------------------------------------------------------------------*/
FoamFile
{
    format      ascii;
    class       volScalarField;
    location    "3.5";
    object      Ma;
}
// * * * * * * * * * * * * * * * * * * * * * * * * * * * * * * * * * * * * * //

dimensions      [];

internalField   nonuniform List<scalar> 
5250
(
3
2.99997
2.99991
2.99976
2.99942
2.99848
2.99647
2.9907
2.97843
2.94409
2.86499
2.6596
2.19246
1.31619
0.542199
0.260835
0.322225
0.339518
0.305742
0.250277
0.199128
0.158204
0.117882
0.0733394
0.03947
3
2.99997
2.99991
2.99979
2.99938
2.99864
2.99622
2.99154
2.97749
2.94708
2.86472
2.66703
2.20337
1.3339
0.551412
0.262008
0.324645
0.342727
0.309189
0.25454
0.204568
0.164942
0.126679
0.0871134
0.0624149
3
2.99997
2.99992
2.99977
2.99945
2.99855
2.99667
2.99111
2.97963
2.94673
2.87206
2.67646
2.22914
1.37415
0.572742
0.267373
0.332022
0.351933
0.319277
0.266664
0.21931
0.182712
0.148972
0.11717
0.100118
3
2.99998
2.99992
2.99979
2.99946
2.99869
2.99665
2.9921
2.97953
2.95153
2.87651
2.69585
2.26638
1.43743
0.606042
0.277994
0.344738
0.367323
0.33604
0.28621
0.241997
0.209007
0.180099
0.154567
0.141574
3
2.99998
2.99993
2.9998
2.99953
2.99871
2.9971
2.9921
2.98218
2.95299
2.88788
2.71573
2.31699
1.52318
0.650961
0.297471
0.364362
0.389419
0.359548
0.312712
0.271368
0.241859
0.217168
0.196374
0.185936
3
2.99998
2.99993
2.99982
2.99955
2.99887
2.99717
2.99322
2.9827
2.95874
2.8956
2.74309
2.37437
1.63068
0.709121
0.331492
0.394278
0.419758
0.391168
0.346894
0.308216
0.28153
0.260705
0.243996
0.236244
3
2.99998
2.99994
2.99983
2.99961
2.9989
2.99761
2.99338
2.98518
2.9609
2.9071
2.76464
2.42974
1.73142
0.769971
0.365038
0.423648
0.44901
0.424264
0.385546
0.350628
0.327797
0.311218
0.29953
0.296224
3
2.99998
2.99995
2.99985
2.99964
2.99902
2.99776
2.99412
2.98615
2.96483
2.91454
2.78575
2.47601
1.81796
0.842043
0.407016
0.448602
0.469211
0.453565
0.424007
0.396225
0.379225
0.369338
0.365131
0.372055
3
2.99999
2.99996
2.99986
2.99968
2.9991
2.99803
2.99451
2.98779
2.96747
2.92333
2.80463
2.52263
1.90747
0.937983
0.467775
0.467728
0.482856
0.480646
0.461655
0.443493
0.435102
0.434734
0.445065
0.475027
3
2.99999
2.99996
2.99987
2.99971
2.9992
2.99818
2.99521
2.98876
2.97133
2.93065
2.82566
2.57024
2.00419
1.05795
0.540273
0.483401
0.499267
0.507399
0.4988
0.491732
0.493528
0.509377
0.549823
0.651243
3
2.99999
2.99996
2.9999
2.99973
2.99934
2.99834
2.99589
2.99004
2.97477
2.93923
2.84667
2.62181
2.10939
1.20479
0.625402
0.501684
0.519157
0.534871
0.535907
0.539046
0.554076
0.592725
0.676253
0.844798
3
2.99999
2.99997
2.99991
2.99979
2.99939
2.99866
2.9963
2.99175
2.97803
2.94854
2.86842
2.67695
2.22676
1.38496
0.725336
0.528295
0.545426
0.564857
0.573552
0.585564
0.613772
0.671284
0.778704
0.960626
3
3
2.99998
2.99993
2.99982
2.9995
2.99886
2.99702
2.99295
2.98221
2.95677
2.89233
2.73328
2.35548
1.60387
0.842211
0.573787
0.585566
0.601842
0.614868
0.632776
0.669631
0.735632
0.844492
1.00363
3.00001
3
2.99998
2.99994
2.99985
2.99962
2.99902
2.99772
2.994
2.98627
2.96418
2.91535
2.78608
2.48353
1.84471
0.974183
0.637815
0.634394
0.645979
0.661555
0.681344
0.7202
0.785317
0.884506
1.02058
3.00001
3
2.99999
2.99996
2.99987
2.9997
2.99919
2.99816
2.99507
2.98884
2.97066
2.93101
2.82484
2.57314
2.0163
1.12004
0.708215
0.672724
0.686365
0.704271
0.72675
0.764941
0.825562
0.912835
1.02954
3.00001
3
2.99999
2.99996
2.99991
2.99974
2.9994
2.99841
2.99628
2.99054
2.9771
2.94327
2.8598
2.65281
2.18103
1.33424
0.814131
0.704251
0.716357
0.736901
0.765189
0.803412
0.859262
0.936113
1.03641
3.00001
3
2.99999
2.99998
2.99992
2.99982
2.99949
2.99884
2.99692
2.99286
2.98167
2.95619
2.89
2.72931
2.34774
1.59831
0.946169
0.747181
0.748247
0.767547
0.798658
0.836839
0.88844
0.956591
1.04318
3.00001
3
3
2.99998
2.99995
2.99985
2.99965
2.99904
2.99786
2.99422
2.98704
2.96599
2.92013
2.7987
2.51593
1.91266
1.1093
0.814533
0.791824
0.805606
0.833481
0.870005
0.916406
0.976397
1.05124
3.00001
3.00001
3
2.99999
2.99996
2.9999
2.99971
2.99933
2.99824
2.99587
2.98964
2.97482
2.93813
2.84727
2.62507
2.12891
1.29769
0.892681
0.828709
0.840235
0.865234
0.900811
0.943239
0.996171
1.06113
3.00001
3.00001
3
2.99999
2.99997
2.99992
2.9998
2.99948
2.99872
2.99689
2.99219
2.98141
2.95302
2.88663
2.71677
2.32623
1.57227
1.02201
0.872472
0.873002
0.893198
0.92716
0.96781
1.01551
1.07237
3.00001
3.00001
3
3
2.99998
2.99994
2.99985
2.99962
2.99911
2.99767
2.99472
2.98606
2.96816
2.91827
2.80438
2.52332
1.93434
1.19505
0.938986
0.913834
0.926559
0.955408
0.993479
1.03588
1.0856
3.00001
3.00001
3.00001
3
2.99999
2.99996
2.9999
2.99973
2.99935
2.99833
2.99615
2.98994
2.97696
2.94063
2.85868
2.64887
2.18666
1.40198
1.01917
0.95088
0.959654
0.983689
1.0181
1.05644
1.10029
3.00001
3.00001
3.00001
3
2.99999
2.99998
2.99992
2.99982
2.9995
2.99891
2.99703
2.99336
2.98261
2.95941
2.89753
2.75103
2.40176
1.71175
1.15715
1.00151
0.994419
1.00965
1.0393
1.07613
1.11629
3.00001
3.00001
3.00001
3
3
2.99998
2.99995
2.99987
2.99969
2.99921
2.99807
2.99533
2.98836
2.97239
2.93102
2.83377
2.59522
2.07757
1.35479
1.07888
1.03421
1.04096
1.06328
1.09624
1.13309
3.00001
3.00001
3.00001
3.00001
3
2.99999
2.99997
2.99991
2.9998
2.99943
2.99874
2.99666
2.99235
2.9805
2.95373
2.88495
2.72033
2.33811
1.63048
1.19342
1.07897
1.07295
1.08592
1.114
1.1499
3.00001
3.00001
3.00001
3.00001
3
3
2.99998
2.99995
2.99986
2.99964
2.99916
2.99778
2.9951
2.9869
2.97068
2.9245
2.82155
2.56697
2.02723
1.3724
1.14303
1.10923
1.11451
1.13601
1.16636
3.00001
3.00001
3.00001
3.00001
3.00001
3
2.99999
2.99997
2.99991
2.99978
2.9994
2.99866
2.99638
2.99207
2.97891
2.95193
2.8779
2.70811
2.31123
1.61548
1.23548
1.14785
1.14347
1.1563
1.18218
3.00001
3.00001
3.00001
3.00001
3.00001
3
3
2.99998
2.99994
2.99986
2.99961
2.99914
2.99768
2.99483
2.98659
2.96892
2.9222
2.81347
2.5511
1.99836
1.40417
1.20534
1.17647
1.18178
1.20216
3.00001
3.00001
3.00001
3.00001
3.00001
3.00001
3
2.99999
2.99996
2.99991
2.99976
2.99943
2.99856
2.99655
2.99165
2.97944
2.95095
2.87913
2.7089
2.31662
1.65005
1.29984
1.2169
1.21036
1.22113
3.00001
3.00001
3.00001
3.00001
3.00001
3.00001
3
3
2.99998
2.99995
2.99985
2.99965
2.99907
2.99795
2.99449
2.98787
2.96839
2.92705
2.81822
2.57106
2.03889
1.47039
1.27514
1.24313
1.24569
3.00001
3.00001
3.00001
3.00001
3.00001
3.00001
3.00001
3
2.99999
2.99997
2.99992
2.99977
2.99946
2.99864
2.99673
2.99215
2.9806
2.95416
2.88656
2.7289
2.36081
1.72726
1.37474
1.28392
1.27355
3.00001
3.00001
3.00001
3.00001
3.00001
3.00001
3.00001
3
3
2.99998
2.99995
2.99987
2.99965
2.99923
2.99795
2.99541
2.98825
2.97279
2.93269
2.83979
2.61645
2.13555
1.5593
1.34596
1.30751
3.00001
3.00001
3.00001
3.00001
3.00001
3.00001
3.00001
3.00001
3
2.99999
2.99997
2.99992
2.9998
2.99951
2.99877
2.99717
2.99272
2.98359
2.95784
2.90247
2.75867
2.43697
1.83701
1.45063
1.34565
3.00001
3.00001
3.00001
3.00001
3.00001
3.00001
3.00001
3.00001
3
3
2.99999
2.99996
2.99988
2.99971
2.9993
2.99823
2.99597
2.98966
2.97661
2.94074
2.86172
2.66509
2.23547
1.65651
1.41882
3.00001
3.00001
3.00001
3.00001
3.00001
3.00001
3.00001
3.00001
3.00001
3
2.99999
2.99998
2.99993
2.99983
2.99958
2.99897
2.99758
2.99391
2.98613
2.96467
2.91868
2.79877
2.52958
1.98989
1.55276
3.00001
3.00001
3.00001
3.00001
3.00001
3.00001
3.00001
3.00001
3.00001
3
3
2.99999
2.99997
2.9999
2.99976
2.99942
2.99855
2.99665
2.99148
2.98072
2.95113
2.88666
2.72392
2.36127
1.79368
3.00001
3.00001
3.00001
3.00001
3.00001
3.00001
3.00001
3.00001
3.00001
3.00001
3
3
2.99998
2.99995
2.99987
2.99967
2.9992
2.99802
2.99548
2.98855
2.97417
2.93505
2.84976
2.63925
2.19856
3.00001
3.00001
3.00001
3.00001
3.00001
3.00001
3.00001
3.00001
3.00001
3.00001
3.00001
3
2.99999
2.99997
2.99993
2.99982
2.99952
2.99894
2.99721
2.99395
2.98401
2.96454
2.91033
2.79132
2.50448
3.00001
3.00001
3.00001
3.00001
3.00001
3.00001
3.00001
3.00001
3.00001
3.00001
3.00001
3
3
2.99999
2.99996
2.9999
2.99974
2.9994
2.99847
2.99658
2.99113
2.98036
2.94994
2.88496
2.72093
3.00001
3.00001
3.00001
3.00001
3.00001
3.00001
3.00001
3.00001
3.00001
3.00001
3.00001
3.00001
3
3
2.99998
2.99994
2.99987
2.99965
2.99922
2.99801
2.99542
2.98891
2.97359
2.93744
2.85024
3.00001
3.00001
3.00001
3.00001
3.00001
3.00001
3.00001
3.00001
3.00001
3.00001
3.00001
3.00001
3.00001
3
2.99999
2.99998
2.99993
2.99982
2.99953
2.99898
2.9973
2.99415
2.98479
2.96595
2.91522
3.00001
3.00001
3.00001
3.00001
3.00001
3.00001
3.00001
3.00001
3.00001
3.00001
3.00001
3.00001
3.00001
3
3
2.99999
2.99997
2.9999
2.99977
2.9994
2.99866
2.9966
2.99223
2.98098
2.95526
3.00001
3.00001
3.00001
3.00001
3.00001
3.00001
3.00001
3.00001
3.00001
3.00001
3.00001
3.00001
3.00001
3.00001
3
3
2.99998
2.99995
2.99988
2.99968
2.99929
2.99816
2.99602
2.98963
2.97721
3.00001
3.00001
3.00001
3.00001
3.00001
3.00001
3.00001
3.00001
3.00001
3.00001
3.00001
3.00001
3.00001
3.00001
3.00001
3
2.99999
2.99998
2.99994
2.99984
2.9996
2.99905
2.99778
2.99453
2.98761
3.00001
3.00001
3.00001
3.00001
3.00001
3.00001
3.00001
3.00001
3.00001
3.00001
3.00001
3.00001
3.00001
3.00001
3.00001
3.00001
3
2.99999
2.99997
2.99992
2.99978
2.99949
2.99875
2.99703
2.99307
3.00001
3.00001
3.00001
3.00001
3.00001
3.00001
3.00001
3.00001
3.00001
3.00001
3.00001
3.00001
3.00001
3.00001
3.00001
3.00001
3
3
2.99998
2.99995
2.99987
2.9997
2.99922
2.99826
2.99549
3.00001
3.00001
3.00001
3.00001
3.00001
3.00001
3.00001
3.00001
3.00001
3.00001
3.00001
3.00001
3.00001
3.00001
3.00001
3.00001
3.00001
3
2.99999
2.99997
2.99991
2.99978
2.99943
2.99864
2.99666
3.00001
3.00001
3.00001
3.00001
3.00001
3.00001
3.00001
3.00001
3.00001
3.00001
3.00001
3.00001
3.00001
3.00001
3.00001
3.00001
3.00001
3
2.99999
2.99998
2.99992
2.99981
2.9995
2.99878
2.997
3.00001
3.00001
3.00001
3.00001
3.00001
3.00001
3.00001
3.00001
3.00001
3.00001
3.00001
3.00001
3.00001
3.00001
3.00001
3.00001
3.00001
3
2.99999
2.99998
2.99992
2.99982
2.99951
2.99886
2.99702
3.00001
3.00001
3.00001
3.00001
3.00001
3.00001
3.00001
3.00001
3.00001
3.00001
3.00001
3.00001
3.00001
3.00001
3.00001
3.00001
3.00001
3
3
2.99998
2.99993
2.99981
2.99955
2.99878
2.99725
1.12017
1.32481
1.38855
1.35088
1.27869
1.19055
1.10941
1.06913
1.06271
1.06545
1.06789
1.06811
1.06648
1.06322
1.05804
1.05178
1.04375
1.0286
0.996631
0.928498
0.785202
0.521329
0.254308
0.113555
0.0870659
0.170471
0.259493
0.343496
0.406803
0.443714
0.463335
0.473821
0.477909
0.472805
0.454057
0.420179
0.373866
0.319274
0.260783
0.20152
0.145649
0.0932843
0.0500535
0.0322107
0.0635487
0.102381
0.13948
0.174361
0.206111
0.235633
0.26624
0.296646
0.325558
0.35243
0.378519
0.403183
0.427454
0.450434
0.473201
0.494745
0.51622
0.536514
0.556869
0.57607
0.595459
0.613713
0.632279
0.649738
0.66759
0.684442
0.701656
0.717982
0.734697
0.750548
0.766809
0.782254
0.798092
0.813168
0.828612
0.843325
0.858386
0.872747
0.887434
0.901445
0.915772
0.929443
0.94343
0.956788
0.970468
0.983541
0.996943
1.00971
1.02284
1.03521
1.04787
1.05959
1.07121
1.08115
1.08935
1.09472
1.13421
1.25235
1.31856
1.36302
1.40854
1.4438
1.45325
1.44871
1.43239
1.40925
1.3917
1.38608
1.38625
1.38666
1.38632
1.38454
1.37926
1.36585
1.33665
1.27645
1.15204
0.918631
0.634996
0.455921
0.361578
0.279768
0.208359
0.138421
0.0776902
0.080862
0.141054
0.192263
0.221105
0.227782
0.201014
0.165252
0.124944
0.0873105
0.0689367
0.0842543
0.118268
0.155982
0.193687
0.227676
0.26129
0.29385
0.325979
0.356195
0.384684
0.410483
0.437009
0.463652
0.489629
0.51355
0.536994
0.559095
0.58118
0.601982
0.622875
0.642556
0.662365
0.681102
0.699946
0.717847
0.735863
0.753012
0.770327
0.786815
0.803543
0.819455
0.835694
0.85113
0.866951
0.882007
0.897458
0.912192
0.927299
0.941728
0.956504
0.970615
0.985069
0.998847
1.01299
1.02643
1.04026
1.05338
1.06692
1.07974
1.093
1.10555
1.11857
1.13089
1.14372
1.15578
1.16828
1.17977
1.19128
1.20112
1.20941
1.21471
1.13395
1.24208
1.33936
1.43258
1.51865
1.5868
1.61932
1.62215
1.61708
1.60237
1.5824
1.56644
1.55718
1.55343
1.55235
1.55108
1.54788
1.54002
1.52143
1.48008
1.39145
1.20933
0.930778
0.742953
0.645566
0.569464
0.500788
0.434001
0.363988
0.293546
0.226577
0.164464
0.115222
0.0828623
0.092769
0.138341
0.184602
0.229022
0.268095
0.302312
0.334397
0.364902
0.394206
0.421245
0.447802
0.473236
0.498726
0.522942
0.546403
0.567533
0.588883
0.610726
0.632916
0.65348
0.673532
0.692623
0.711706
0.729952
0.748262
0.765737
0.783313
0.800133
0.817052
0.833305
0.849646
0.86537
0.881241
0.896462
0.911947
0.926718
0.941845
0.956248
0.971039
0.985166
0.999667
1.01358
1.02783
1.04155
1.05556
1.06904
1.08281
1.096
1.10952
1.1224
1.13566
1.14828
1.1613
1.17375
1.18661
1.19893
1.21165
1.22379
1.23627
1.24813
1.26024
1.27157
1.28282
1.29266
1.30093
1.30628
1.14246
1.24997
1.34949
1.44083
1.52187
1.58948
1.64183
1.68009
1.70047
1.70569
1.70377
1.69615
1.68394
1.67247
1.66499
1.66123
1.65888
1.65433
1.64359
1.6182
1.56085
1.4323
1.20308
0.976663
0.851326
0.782343
0.725771
0.667747
0.604987
0.544536
0.482463
0.424194
0.376771
0.350871
0.35536
0.383585
0.421509
0.458984
0.491156
0.516037
0.538109
0.558332
0.578288
0.59724
0.616278
0.634765
0.653564
0.671848
0.690042
0.706627
0.723232
0.740061
0.758413
0.775563
0.792743
0.808781
0.825248
0.840848
0.856925
0.872113
0.887808
0.902565
0.917926
0.932328
0.94737
0.961485
0.976167
0.990031
1.00438
1.01804
1.03217
1.04565
1.0596
1.07292
1.08667
1.09982
1.11336
1.12637
1.13969
1.15257
1.16568
1.17836
1.19128
1.20372
1.21647
1.22874
1.24137
1.25352
1.26598
1.27799
1.29026
1.30214
1.3142
1.32585
1.33759
1.34879
1.35979
1.3697
1.37804
1.38354
1.14492
1.24956
1.34505
1.43257
1.51212
1.58367
1.64654
1.6997
1.74097
1.76775
1.77795
1.77803
1.7755
1.76837
1.75853
1.74998
1.74326
1.73746
1.72904
1.71175
1.67518
1.59725
1.43494
1.19055
1.03017
0.955558
0.8968
0.842747
0.793479
0.737401
0.678316
0.620353
0.569446
0.544497
0.550838
0.578849
0.616098
0.651894
0.680307
0.699344
0.712164
0.722337
0.732996
0.743737
0.755887
0.767825
0.78086
0.793443
0.806992
0.819362
0.83208
0.8447
0.85929
0.87365
0.888146
0.901609
0.915659
0.929135
0.943325
0.956894
0.970966
0.984332
0.998169
1.01139
1.0252
1.03842
1.05226
1.0654
1.07908
1.09199
1.10543
1.11821
1.13153
1.14431
1.15758
1.17034
1.1835
1.19609
1.20906
1.22143
1.23422
1.24647
1.25919
1.27143
1.28404
1.2962
1.3086
1.32061
1.3328
1.3446
1.3566
1.36814
1.37997
1.39128
1.40287
1.41384
1.42482
1.4348
1.44335
1.44911
1.14208
1.24181
1.33352
1.41782
1.4953
1.56605
1.62972
1.6859
1.73352
1.77253
1.80231
1.82146
1.82896
1.82912
1.82716
1.82156
1.81297
1.80406
1.79518
1.78339
1.76036
1.71219
1.60674
1.41914
1.19791
1.08221
1.03097
0.98457
0.934649
0.881484
0.825314
0.759016
0.701465
0.679483
0.688826
0.718959
0.760215
0.799291
0.82856
0.848188
0.857107
0.859804
0.861739
0.865137
0.870689
0.877422
0.885622
0.894054
0.903738
0.91262
0.921849
0.930897
0.942056
0.954095
0.966903
0.978907
0.991185
1.00289
1.01534
1.02751
1.04053
1.05308
1.06618
1.07858
1.09141
1.1037
1.11654
1.12903
1.14206
1.15466
1.16766
1.18007
1.19285
1.20505
1.21775
1.22993
1.24269
1.25493
1.26767
1.27985
1.2925
1.30457
1.31699
1.32892
1.34117
1.353
1.36512
1.37683
1.38883
1.40035
1.41221
1.42357
1.43522
1.44641
1.45776
1.46864
1.47939
1.4893
1.49789
1.50357
1.13793
1.23083
1.31828
1.39943
1.47474
1.54419
1.60802
1.66595
1.71796
1.76362
1.80221
1.83356
1.85611
1.86908
1.87334
1.87302
1.87083
1.86535
1.85765
1.84775
1.83158
1.80006
1.73673
1.60375
1.39252
1.22166
1.13968
1.08977
1.04594
0.992861
0.924336
0.846261
0.787505
0.771123
0.784238
0.816566
0.862644
0.907658
0.938606
0.958493
0.970165
0.971698
0.967411
0.963674
0.962515
0.963805
0.96723
0.971802
0.977906
0.984304
0.991381
0.998317
1.00701
1.01684
1.02831
1.03936
1.05089
1.06188
1.07349
1.08479
1.0969
1.10877
1.12139
1.13362
1.14638
1.15855
1.17115
1.18319
1.19577
1.20792
1.22066
1.23297
1.24574
1.25798
1.27053
1.28256
1.29488
1.30682
1.31917
1.33114
1.3435
1.35536
1.36764
1.37931
1.3914
1.40289
1.41476
1.42612
1.43781
1.44908
1.4606
1.4717
1.48304
1.49387
1.50498
1.51544
1.52606
1.53569
1.54437
1.54995
1.13503
1.22024
1.30235
1.38001
1.4526
1.52043
1.58322
1.6414
1.69435
1.74254
1.78497
1.82189
1.85233
1.87674
1.89368
1.90336
1.90631
1.90574
1.90314
1.89702
1.88606
1.86614
1.82673
1.7472
1.59031
1.37185
1.24452
1.1803
1.12646
1.06538
0.981364
0.891019
0.834908
0.826117
0.842815
0.881448
0.933973
0.983695
1.01812
1.03788
1.04927
1.05458
1.05215
1.04492
1.03822
1.03471
1.03374
1.03528
1.03893
1.04386
1.05005
1.05596
1.06321
1.07161
1.08214
1.09284
1.10419
1.11499
1.12641
1.13739
1.14919
1.16065
1.17293
1.18477
1.19728
1.20924
1.22171
1.23359
1.24594
1.25773
1.27003
1.28186
1.29423
1.30614
1.3185
1.33039
1.34264
1.35439
1.36635
1.37788
1.38966
1.40108
1.41281
1.42417
1.43586
1.44709
1.45862
1.46961
1.48087
1.49159
1.5026
1.51313
1.52399
1.5344
1.54518
1.55535
1.56583
1.57521
1.58395
1.58933
1.13485
1.21182
1.28814
1.36141
1.43103
1.49649
1.55789
1.61517
1.66828
1.71728
1.76187
1.8022
1.83767
1.86842
1.89352
1.91335
1.92641
1.93299
1.93397
1.93263
1.92823
1.91781
1.8949
1.84676
1.746
1.56816
1.36195
1.25493
1.18861
1.10811
0.997076
0.896514
0.854383
0.854885
0.877004
0.923825
0.981409
1.03146
1.06764
1.09089
1.10309
1.10916
1.11204
1.10918
1.10247
1.09576
1.09191
1.09021
1.09186
1.09562
1.10128
1.10724
1.11426
1.12184
1.13159
1.14203
1.15336
1.16423
1.17568
1.18657
1.19815
1.20929
1.22121
1.23269
1.24487
1.25654
1.26878
1.28046
1.29263
1.30416
1.31616
1.32752
1.33937
1.35064
1.36249
1.37389
1.38574
1.39714
1.40891
1.4202
1.43177
1.4428
1.4541
1.46485
1.47593
1.48648
1.49745
1.50789
1.51876
1.52908
1.53977
1.54992
1.56032
1.57027
1.58036
1.59009
1.5998
1.60893
1.61722
1.62263
1.13722
1.20639
1.27635
1.34509
1.41094
1.47398
1.53321
1.58937
1.64159
1.69074
1.73589
1.7778
1.81567
1.84976
1.87974
1.9049
1.92581
1.94135
1.9518
1.95509
1.95421
1.95011
1.93903
1.91289
1.85602
1.73247
1.53782
1.34468
1.22774
1.11391
0.971404
0.876247
0.852557
0.861704
0.895769
0.949937
1.00695
1.05416
1.09051
1.11713
1.13459
1.14519
1.15099
1.15541
1.15622
1.15281
1.14813
1.14502
1.1448
1.14754
1.15268
1.15897
1.1662
1.17327
1.18204
1.19163
1.20258
1.21318
1.22443
1.2351
1.24636
1.25702
1.26831
1.27909
1.2905
1.30143
1.31295
1.32399
1.33557
1.34664
1.3582
1.36923
1.38068
1.39162
1.40289
1.41359
1.42462
1.43518
1.44613
1.45665
1.46759
1.47807
1.48893
1.49929
1.51
1.52018
1.5307
1.54069
1.55104
1.56085
1.57106
1.58074
1.59084
1.6004
1.6104
1.6198
1.62952
1.63837
1.64673
1.65196
1.14247
1.20428
1.26793
1.33151
1.39354
1.45327
1.51043
1.56457
1.61595
1.66409
1.70955
1.75158
1.79102
1.82672
1.8598
1.88868
1.91459
1.93591
1.95311
1.96606
1.97135
1.97062
1.96635
1.95363
1.92241
1.85302
1.70418
1.47936
1.27738
1.08697
0.909778
0.838157
0.83394
0.851523
0.897084
0.956135
1.00905
1.05399
1.09185
1.1229
1.14853
1.16792
1.18208
1.19251
1.20074
1.20666
1.20738
1.20559
1.20435
1.20524
1.20841
1.21334
1.22006
1.22635
1.2336
1.2414
1.25105
1.26067
1.27108
1.28095
1.29141
1.30123
1.31166
1.32156
1.33209
1.34216
1.35278
1.36296
1.37366
1.38397
1.39476
1.40516
1.41603
1.42639
1.4371
1.44732
1.45787
1.46795
1.47837
1.48832
1.49862
1.5085
1.51873
1.52855
1.53873
1.54849
1.55862
1.56828
1.57834
1.58788
1.59783
1.60725
1.61706
1.62635
1.63599
1.64509
1.65445
1.66301
1.67117
1.67622
1.15056
1.20546
1.26307
1.32137
1.37915
1.4355
1.48988
1.5421
1.59185
1.63919
1.68391
1.72618
1.76569
1.80283
1.83688
1.86861
1.89681
1.92233
1.94413
1.96191
1.9759
1.98152
1.98041
1.97462
1.95763
1.9161
1.82367
1.6405
1.35014
1.0356
0.827882
0.783844
0.793393
0.827608
0.88203
0.939559
0.99296
1.04135
1.08515
1.12452
1.15952
1.18986
1.21447
1.23315
1.24723
1.25826
1.26621
1.27002
1.2698
1.26879
1.26841
1.27021
1.2739
1.27852
1.28409
1.28951
1.29679
1.30466
1.31375
1.32247
1.3319
1.34078
1.35029
1.35928
1.36896
1.37819
1.38806
1.39751
1.40752
1.41716
1.42729
1.43706
1.44716
1.45684
1.46687
1.47651
1.48655
1.49619
1.50624
1.5159
1.52593
1.53554
1.54551
1.55504
1.56491
1.57431
1.5841
1.59339
1.60309
1.6123
1.62192
1.63105
1.64058
1.64961
1.659
1.66787
1.67702
1.68539
1.69345
1.69841
1.16081
1.20958
1.26116
1.31449
1.36782
1.42066
1.47209
1.52203
1.56989
1.61604
1.65971
1.70173
1.74093
1.77865
1.81322
1.84642
1.87615
1.90439
1.92875
1.95121
1.96897
1.98228
1.98529
1.982
1.97029
1.93947
1.86807
1.71657
1.41703
1.01025
0.758632
0.718188
0.738431
0.790683
0.861699
0.930032
0.993117
1.04947
1.10012
1.14565
1.18716
1.2239
1.25493
1.27899
1.29684
1.31058
1.32043
1.32761
1.33118
1.33083
1.32828
1.32644
1.32571
1.32744
1.33075
1.33453
1.33935
1.34475
1.35217
1.35983
1.36844
1.37662
1.38538
1.39368
1.40259
1.41112
1.42031
1.42912
1.43856
1.44765
1.45728
1.46647
1.47609
1.48533
1.49496
1.50423
1.51385
1.5231
1.53269
1.54191
1.55148
1.56066
1.57025
1.57939
1.58899
1.59807
1.60765
1.61667
1.6262
1.63514
1.6446
1.65348
1.66282
1.67162
1.68083
1.6895
1.69848
1.7067
1.71466
1.71958
1.1727
1.21591
1.26215
1.31034
1.35974
1.40886
1.45747
1.50491
1.55095
1.59534
1.63808
1.67895
1.71802
1.75526
1.7903
1.82384
1.85461
1.88418
1.91034
1.93522
1.95565
1.97302
1.9792
1.97652
1.96662
1.93973
1.87647
1.74254
1.47857
1.11753
0.819749
0.759683
0.788791
0.844692
0.918512
0.985932
1.0462
1.10035
1.14735
1.18888
1.22615
1.2605
1.29018
1.31589
1.33621
1.35186
1.364
1.37279
1.37834
1.38152
1.38181
1.37951
1.37681
1.37515
1.37535
1.37737
1.38063
1.38399
1.38889
1.39485
1.40258
1.41011
1.41831
1.42601
1.43432
1.44224
1.45079
1.459
1.46787
1.47638
1.48542
1.49407
1.50326
1.51206
1.52133
1.53023
1.53953
1.54847
1.55776
1.56669
1.57601
1.58492
1.59429
1.60317
1.61257
1.6214
1.63076
1.63952
1.64881
1.65751
1.66672
1.67537
1.68449
1.69308
1.70211
1.71059
1.71943
1.72746
1.73535
1.74016
1.18543
1.22396
1.26553
1.30938
1.3544
1.40045
1.44579
1.49086
1.53491
1.57747
1.61911
1.65867
1.69714
1.73375
1.76864
1.80221
1.83336
1.86353
1.89074
1.91677
1.93871
1.95692
1.9627
1.95911
1.9474
1.91694
1.84849
1.71102
1.50352
1.26322
1.01467
0.892187
0.891521
0.919937
0.967995
1.02685
1.08143
1.13072
1.17374
1.21193
1.24715
1.28008
1.31044
1.33716
1.36068
1.37996
1.39554
1.40755
1.41754
1.42349
1.42676
1.42762
1.42606
1.4229
1.42082
1.41963
1.42068
1.42282
1.42577
1.42933
1.43493
1.44145
1.4491
1.45645
1.46446
1.47203
1.48021
1.48807
1.49659
1.50472
1.51338
1.5217
1.53049
1.53894
1.54784
1.55635
1.56533
1.57387
1.5829
1.59146
1.60051
1.60909
1.61815
1.62672
1.63578
1.64432
1.65335
1.66186
1.67085
1.67933
1.68829
1.69673
1.70565
1.71404
1.72287
1.73117
1.73982
1.7477
1.75545
1.76021
1.19972
1.23428
1.27173
1.3115
1.35281
1.39494
1.43801
1.47968
1.52214
1.56246
1.60266
1.64121
1.67834
1.71463
1.74858
1.78225
1.81298
1.84364
1.87094
1.89733
1.91941
1.93464
1.93585
1.92917
1.91013
1.8636
1.76196
1.60619
1.46625
1.35995
1.21989
1.0592
0.982427
0.979509
1.00125
1.03956
1.08956
1.13912
1.18389
1.22326
1.2596
1.29293
1.32401
1.35203
1.37769
1.39999
1.41926
1.43456
1.44712
1.45723
1.46394
1.46772
1.46952
1.46926
1.46707
1.46411
1.46249
1.46219
1.46377
1.46605
1.46931
1.47358
1.47995
1.48678
1.49452
1.50188
1.50971
1.51724
1.52523
1.53288
1.54103
1.54886
1.55724
1.56525
1.57382
1.58198
1.59065
1.5989
1.6076
1.61589
1.62462
1.63291
1.64166
1.64994
1.65873
1.667
1.67579
1.68404
1.6928
1.70101
1.70971
1.7179
1.72652
1.73469
1.74322
1.75133
1.75974
1.76749
1.7751
1.77986
1.21469
1.24762
1.28099
1.31692
1.35469
1.39306
1.433
1.47256
1.51175
1.55112
1.58856
1.62651
1.66197
1.69762
1.7309
1.76372
1.79476
1.82417
1.8524
1.87684
1.89779
1.90481
1.90032
1.88663
1.85212
1.77218
1.63443
1.50705
1.44211
1.40069
1.34596
1.25242
1.13873
1.06947
1.05675
1.07203
1.0987
1.13941
1.1847
1.22698
1.26557
1.30049
1.33259
1.36227
1.38955
1.41429
1.43611
1.45528
1.47095
1.48439
1.49499
1.50331
1.50761
1.5101
1.51071
1.5094
1.50665
1.50475
1.50346
1.50429
1.5062
1.50853
1.51219
1.51726
1.52429
1.53125
1.53888
1.54606
1.55371
1.56098
1.56872
1.57619
1.58413
1.59183
1.59999
1.60785
1.61615
1.62406
1.63243
1.64034
1.64875
1.65671
1.66517
1.67316
1.68167
1.68967
1.6982
1.70618
1.71468
1.72262
1.73105
1.73899
1.74734
1.75531
1.76362
1.77155
1.77975
1.78731
1.79476
1.79939
1.23086
1.26085
1.29264
1.32456
1.35941
1.39462
1.43091
1.4681
1.50496
1.54168
1.57819
1.61339
1.64877
1.68203
1.71566
1.74672
1.77786
1.80634
1.8332
1.85633
1.86862
1.86751
1.85687
1.82915
1.76393
1.63736
1.51143
1.44748
1.4286
1.42165
1.40775
1.37513
1.31239
1.2257
1.15129
1.12373
1.13102
1.14846
1.181
1.22273
1.26403
1.30236
1.33721
1.36927
1.39829
1.42531
1.44921
1.47125
1.49022
1.50684
1.52049
1.53214
1.54129
1.54686
1.54972
1.5511
1.55097
1.54918
1.54646
1.54504
1.54468
1.54597
1.54801
1.55066
1.55505
1.56078
1.56791
1.5748
1.58222
1.58913
1.59657
1.60358
1.61117
1.6184
1.62618
1.63364
1.64156
1.6492
1.65719
1.66492
1.67299
1.68073
1.68889
1.69661
1.70485
1.71254
1.72082
1.7285
1.73674
1.74442
1.7526
1.76028
1.76839
1.77605
1.78412
1.79173
1.79972
1.80703
1.81431
1.81884
1.24486
1.27546
1.30506
1.33518
1.36602
1.39899
1.43222
1.46634
1.50103
1.5356
1.56985
1.60394
1.63705
1.66997
1.70132
1.73269
1.7616
1.78983
1.81368
1.83073
1.83223
1.82338
1.79969
1.74636
1.63217
1.50298
1.43439
1.41808
1.4229
1.43336
1.43934
1.43659
1.4179
1.37371
1.30418
1.22834
1.18982
1.18693
1.20069
1.22454
1.26012
1.2991
1.3373
1.37236
1.40428
1.43335
1.45999
1.48398
1.50599
1.52521
1.54221
1.55621
1.56867
1.57848
1.58566
1.5891
1.59113
1.59165
1.59061
1.58813
1.58645
1.58502
1.58561
1.5871
1.58903
1.59206
1.59721
1.6034
1.61044
1.61715
1.62433
1.63109
1.63833
1.64518
1.6526
1.65965
1.66725
1.67446
1.6822
1.68951
1.69732
1.70469
1.71255
1.71997
1.72788
1.73535
1.7433
1.75081
1.75874
1.76623
1.77409
1.78153
1.78932
1.79674
1.80449
1.81185
1.81954
1.82657
1.83364
1.83798
1.26342
1.28933
1.31787
1.34582
1.37487
1.40452
1.43585
1.46741
1.49944
1.53201
1.56452
1.59653
1.62856
1.65955
1.69033
1.71929
1.74783
1.77241
1.79198
1.79623
1.78863
1.76849
1.72177
1.62043
1.48832
1.41243
1.39645
1.40489
1.41996
1.44176
1.46122
1.46938
1.46937
1.45831
1.42816
1.37432
1.30833
1.26183
1.24676
1.25511
1.27052
1.29837
1.33413
1.37066
1.40604
1.43815
1.46722
1.49374
1.51827
1.54004
1.55968
1.57687
1.59171
1.60456
1.61544
1.62353
1.62813
1.63053
1.63143
1.63124
1.62954
1.62675
1.62538
1.62452
1.62546
1.6268
1.62905
1.63284
1.63872
1.64497
1.65191
1.65849
1.66546
1.67202
1.67904
1.68574
1.69295
1.6998
1.70715
1.71411
1.72157
1.72862
1.73619
1.74328
1.75094
1.75806
1.76575
1.77288
1.78052
1.78769
1.79524
1.80246
1.80995
1.81717
1.82465
1.83181
1.83925
1.84606
1.8529
1.85709
1.28154
1.3025
1.33051
1.35786
1.38462
1.41252
1.44076
1.47066
1.50038
1.53074
1.56119
1.59186
1.62186
1.65174
1.68065
1.70844
1.73328
1.75441
1.76049
1.75373
1.73603
1.69368
1.60629
1.4719
1.38838
1.37035
1.3791
1.3963
1.42176
1.45007
1.4751
1.49047
1.4984
1.50043
1.49581
1.4778
1.44102
1.38936
1.3374
1.31171
1.30972
1.32082
1.33974
1.3695
1.40359
1.43744
1.46965
1.49957
1.52653
1.55115
1.5734
1.59353
1.61119
1.62665
1.63989
1.65144
1.66025
1.66621
1.66908
1.67043
1.67074
1.66962
1.66734
1.66489
1.66352
1.66335
1.66431
1.66588
1.66885
1.67339
1.67959
1.6858
1.69255
1.69888
1.70563
1.71199
1.71881
1.72528
1.73223
1.73882
1.74589
1.75258
1.7598
1.76657
1.77388
1.78072
1.78807
1.79499
1.80233
1.8093
1.81662
1.82358
1.83088
1.83775
1.84504
1.85179
1.859
1.86544
1.87203
1.87602
1.30614
1.31957
1.34267
1.36997
1.39598
1.42161
1.44818
1.47518
1.50346
1.53168
1.5603
1.58885
1.61757
1.64536
1.67273
1.69735
1.71841
1.72632
1.72054
1.70431
1.66569
1.58649
1.44979
1.35933
1.33997
1.34943
1.36795
1.39527
1.42729
1.45603
1.48125
1.50241
1.51806
1.52746
1.53304
1.53349
1.52519
1.50299
1.46409
1.41866
1.38316
1.36855
1.37356
1.3855
1.4063
1.43606
1.46833
1.5004
1.53033
1.55793
1.5831
1.60595
1.62654
1.64474
1.66072
1.67448
1.68647
1.69619
1.70324
1.70706
1.70889
1.70944
1.70899
1.70709
1.70407
1.70237
1.70117
1.70171
1.70269
1.70462
1.70843
1.71357
1.71977
1.72575
1.73225
1.73827
1.74473
1.75079
1.75733
1.76354
1.77025
1.77664
1.78351
1.79001
1.79699
1.80356
1.8106
1.81721
1.82428
1.83089
1.83796
1.84456
1.85161
1.85816
1.86518
1.87163
1.87853
1.8846
1.89077
1.89444
1.33151
1.33787
1.35653
1.38163
1.40683
1.43152
1.4562
1.48176
1.50754
1.53442
1.56108
1.5881
1.61454
1.64064
1.66457
1.68531
1.69405
1.68914
1.6733
1.6364
1.56058
1.42923
1.3347
1.31314
1.32181
1.34003
1.36859
1.40169
1.43203
1.45932
1.48419
1.50748
1.52828
1.54577
1.55826
1.56731
1.57134
1.57042
1.55937
1.53474
1.4983
1.4593
1.43566
1.42829
1.43554
1.44798
1.47021
1.49912
1.52962
1.56007
1.58821
1.61392
1.63738
1.65859
1.6774
1.69401
1.70823
1.72089
1.73133
1.73932
1.74428
1.74678
1.74746
1.74749
1.74604
1.74361
1.74051
1.73903
1.73827
1.73891
1.74022
1.74285
1.74741
1.75264
1.75879
1.76452
1.77071
1.77645
1.78263
1.78849
1.79478
1.8008
1.80726
1.81342
1.82007
1.8263
1.83308
1.83936
1.84618
1.85249
1.85929
1.86557
1.87233
1.87852
1.8852
1.89119
1.89765
1.90314
1.90867
1.91183
1.36888
1.36352
1.37249
1.39236
1.41772
1.442
1.46562
1.48929
1.51358
1.53818
1.56332
1.58838
1.61299
1.63573
1.65539
1.66416
1.6595
1.64352
1.60724
1.53288
1.4063
1.30749
1.28502
1.29372
1.31181
1.34114
1.37519
1.40686
1.43482
1.46135
1.48609
1.51052
1.53383
1.55564
1.57508
1.5902
1.60203
1.61096
1.61348
1.61095
1.59828
1.57323
1.54033
1.50769
1.49036
1.48772
1.49561
1.50875
1.5312
1.55995
1.5886
1.61725
1.64365
1.66789
1.6896
1.7093
1.72646
1.74147
1.75442
1.76553
1.77444
1.78044
1.78398
1.78508
1.78527
1.78446
1.78176
1.77882
1.77627
1.7751
1.77518
1.77583
1.77749
1.78072
1.7858
1.79094
1.79678
1.80231
1.80823
1.81377
1.81973
1.82534
1.83146
1.83718
1.84345
1.84929
1.85567
1.86161
1.86805
1.87403
1.88048
1.88638
1.89281
1.89847
1.90476
1.91004
1.91585
1.92043
1.92485
1.92733
1.41422
1.39038
1.39187
1.40563
1.42734
1.45182
1.47502
1.49753
1.52022
1.54323
1.56635
1.58931
1.61089
1.62925
1.63722
1.6321
1.61546
1.57867
1.50405
1.38031
1.27853
1.25533
1.26463
1.28328
1.31385
1.34909
1.38141
1.41043
1.43737
1.46301
1.48845
1.51315
1.53808
1.56182
1.58482
1.60556
1.62279
1.6374
1.64868
1.65681
1.65853
1.65488
1.64129
1.61631
1.58688
1.56007
1.54623
1.54633
1.55396
1.56745
1.58973
1.61792
1.6458
1.67247
1.69752
1.71997
1.74032
1.75802
1.77386
1.78731
1.79929
1.80876
1.81585
1.82034
1.82213
1.82236
1.82195
1.81994
1.81709
1.81385
1.81204
1.81092
1.81117
1.81211
1.8144
1.81799
1.82313
1.82823
1.83393
1.83924
1.84491
1.85022
1.85592
1.86127
1.8671
1.87248
1.87847
1.88389
1.89
1.89543
1.90154
1.90689
1.9128
1.91784
1.92327
1.92765
1.93215
1.93549
1.93898
1.94091
1.50786
1.43078
1.41784
1.42247
1.43855
1.46095
1.48382
1.50559
1.52711
1.54853
1.56981
1.58963
1.60668
1.61341
1.60724
1.58955
1.55104
1.47533
1.35068
1.25016
1.22741
1.23764
1.25739
1.28885
1.32465
1.3573
1.38661
1.41368
1.43984
1.46542
1.49112
1.51661
1.54208
1.56718
1.5915
1.61514
1.63669
1.65623
1.67233
1.68687
1.69771
1.70441
1.70547
1.70108
1.68707
1.66253
1.63591
1.61349
1.60181
1.60381
1.61102
1.62408
1.64622
1.67366
1.70128
1.72637
1.7494
1.77049
1.78937
1.80601
1.82001
1.83245
1.84251
1.85042
1.85544
1.85832
1.85885
1.85864
1.85732
1.85436
1.85123
1.84822
1.84696
1.84623
1.84659
1.84785
1.85072
1.85469
1.85969
1.86452
1.86993
1.87482
1.88023
1.88511
1.8906
1.89555
1.90113
1.90611
1.9117
1.91659
1.92209
1.92667
1.93182
1.93576
1.93995
1.94285
1.94633
1.94845
1.94996
1.95108
1.68787
1.48992
1.45051
1.44557
1.45266
1.46981
1.49209
1.51365
1.53421
1.55412
1.57243
1.58778
1.59253
1.58477
1.56558
1.52434
1.44588
1.32026
1.2234
1.20145
1.2117
1.23326
1.26564
1.30143
1.33408
1.36334
1.39054
1.41678
1.4427
1.46871
1.49471
1.52086
1.54673
1.57258
1.59779
1.6226
1.64637
1.66889
1.68947
1.70725
1.72328
1.73724
1.7473
1.75278
1.75338
1.74863
1.73484
1.71112
1.68675
1.66717
1.65689
1.65949
1.66644
1.67922
1.70029
1.72664
1.75292
1.77787
1.80014
1.8198
1.83708
1.85215
1.86504
1.87575
1.8844
1.89024
1.89417
1.89501
1.89486
1.89375
1.89126
1.88753
1.8847
1.88208
1.88117
1.88073
1.88133
1.88306
1.88638
1.89041
1.89526
1.89981
1.90485
1.90927
1.91437
1.91864
1.92379
1.92797
1.93304
1.93706
1.94174
1.94525
1.94885
1.95135
1.95403
1.95598
1.9569
1.95683
1.9548
1.95538
1.97826
1.59976
1.48777
1.46827
1.46883
1.47995
1.49897
1.52093
1.54105
1.55865
1.57262
1.57513
1.56514
1.5438
1.49906
1.41471
1.28846
1.19574
1.17569
1.18618
1.20951
1.24364
1.27966
1.31204
1.34102
1.36814
1.39447
1.42067
1.44696
1.47335
1.49981
1.52625
1.55257
1.57868
1.60441
1.62966
1.6544
1.67818
1.7012
1.72248
1.74186
1.7591
1.77482
1.78832
1.79785
1.80189
1.80206
1.79698
1.78356
1.76074
1.73785
1.72003
1.71009
1.71268
1.71968
1.73263
1.75348
1.7774
1.80188
1.82513
1.84694
1.86583
1.88269
1.89671
1.9087
1.9182
1.92506
1.92947
1.93081
1.93066
1.92976
1.92732
1.92429
1.92025
1.91742
1.91524
1.91458
1.91419
1.91505
1.91718
1.92086
1.92441
1.92906
1.93289
1.93753
1.94127
1.94569
1.94928
1.95319
1.95622
1.95894
1.96088
1.96267
1.96394
1.96436
1.96385
1.96177
1.95768
1.95094
1.94793
2.36016
1.82754
1.57338
1.5059
1.4928
1.49537
1.50829
1.52733
1.54602
1.56001
1.56082
1.54829
1.52425
1.47474
1.38217
1.25731
1.17158
1.15248
1.16282
1.18698
1.22245
1.2591
1.29148
1.32027
1.34717
1.37346
1.39976
1.4262
1.45279
1.47944
1.50608
1.53269
1.55912
1.58537
1.61133
1.63691
1.66212
1.6867
1.71068
1.73378
1.75566
1.77601
1.79428
1.81133
1.82637
1.83888
1.84782
1.85054
1.8503
1.84498
1.83176
1.81007
1.78821
1.77113
1.76145
1.76417
1.77117
1.7839
1.80424
1.82658
1.84967
1.87156
1.89163
1.90976
1.92501
1.93847
1.94876
1.95693
1.96195
1.96438
1.96453
1.9637
1.96186
1.95828
1.9545
1.95075
1.94804
1.94644
1.94578
1.94566
1.94677
1.94897
1.95247
1.95569
1.95954
1.96278
1.9661
1.96865
1.97064
1.97187
1.97263
1.9731
1.97278
1.97126
1.96882
1.96347
1.95635
1.94452
1.92948
1.92156
2.64851
2.22171
1.74812
1.56194
1.5231
1.51591
1.52043
1.53299
1.54748
1.54863
1.53417
1.50649
1.45059
1.34754
1.22231
1.14494
1.12981
1.14135
1.16804
1.20508
1.24121
1.27297
1.30119
1.3276
1.35357
1.37974
1.40629
1.43307
1.45996
1.48683
1.5136
1.54024
1.56674
1.59301
1.61908
1.64476
1.67013
1.695
1.71935
1.74319
1.76613
1.78836
1.8091
1.82831
1.84599
1.8626
1.8769
1.88835
1.8965
1.89846
1.89757
1.892
1.87873
1.8582
1.83693
1.81956
1.8099
1.81327
1.82033
1.83301
1.85239
1.87348
1.89464
1.91537
1.93397
1.95068
1.96468
1.97649
1.98582
1.992
1.99587
1.99648
1.99579
1.99416
1.99125
1.98726
1.98293
1.97953
1.97677
1.97543
1.97459
1.97458
1.9756
1.97747
1.97993
1.98202
1.98343
1.98387
1.98386
1.98343
1.98219
1.97981
1.97601
1.96936
1.96143
1.94813
1.93399
1.91353
1.89114
1.88085
2.80273
2.53358
2.04101
1.67503
1.5606
1.53716
1.53343
1.53651
1.53686
1.52331
1.49087
1.4258
1.31049
1.1859
1.1204
1.1111
1.12341
1.15175
1.19002
1.2256
1.25639
1.28379
1.30962
1.33516
1.36105
1.38747
1.41431
1.44143
1.46858
1.49565
1.52255
1.54921
1.57565
1.6018
1.62769
1.65327
1.67849
1.70336
1.72774
1.75173
1.77512
1.79792
1.81999
1.84093
1.8607
1.87885
1.89601
1.91182
1.92533
1.93545
1.94255
1.94396
1.9426
1.93642
1.92327
1.90303
1.88157
1.8645
1.85544
1.85924
1.86647
1.87927
1.89761
1.91739
1.93716
1.95622
1.9738
1.98849
2.00143
2.01159
2.01949
2.0243
2.02616
2.02589
2.02456
2.02191
2.01803
2.01308
2.00898
2.00509
2.00262
2.00035
1.99939
1.99851
1.9979
1.99696
1.996
1.99438
1.99234
1.98839
1.98359
1.97548
1.96662
1.95165
1.93631
1.91509
1.89393
1.87348
1.85223
1.84437
2.89284
2.74681
2.41514
1.91347
1.64933
1.57165
1.55013
1.53724
1.51695
1.47469
1.39567
1.26666
1.14501
1.09376
1.09216
1.10636
1.13783
1.178
1.21261
1.24178
1.26783
1.29287
1.31804
1.34379
1.37017
1.39705
1.42423
1.45147
1.47858
1.50545
1.53206
1.5584
1.58454
1.61046
1.63614
1.66155
1.68659
1.71128
1.73556
1.75941
1.78285
1.8057
1.82811
1.84971
1.87056
1.89032
1.9087
1.92617
1.94235
1.95707
1.9697
1.97859
1.98423
1.98516
1.98359
1.97671
1.96357
1.94337
1.92137
1.9058
1.89739
1.90152
1.90896
1.92199
1.93963
1.95761
1.97642
1.99382
2.00979
2.02302
2.03426
2.0434
2.04921
2.05269
2.0529
2.05177
2.04947
2.04555
2.04028
2.03481
2.02961
2.02471
2.02083
2.0162
2.012
2.00675
2.00291
1.99683
1.99105
1.98136
1.97105
1.95448
1.93696
1.91634
1.8952
1.87531
1.85712
1.84444
1.83401
1.83116
2.9428
2.86898
2.68713
2.30564
1.83742
1.63242
1.57005
1.52854
1.46723
1.36394
1.2169
1.09991
1.06243
1.06961
1.09145
1.12828
1.16823
1.20188
1.22971
1.25442
1.27858
1.30336
1.32898
1.35519
1.38175
1.40849
1.43529
1.46204
1.48866
1.51512
1.54137
1.5674
1.59321
1.61875
1.644
1.66895
1.69357
1.71783
1.74172
1.7652
1.78827
1.81089
1.83302
1.85462
1.87562
1.89596
1.91538
1.93381
1.95118
1.96778
1.98311
1.99655
2.00834
2.01632
2.02056
2.02104
2.01939
2.0119
1.99823
1.97751
1.9557
1.94233
1.93456
1.9391
1.94685
1.95992
1.97702
1.99381
2.011
2.02738
2.04084
2.05291
2.06262
2.06966
2.07415
2.07487
2.07386
2.07162
2.06775
2.06109
2.05361
2.04532
2.03743
2.02751
2.01902
2.00873
1.99993
1.98745
1.97413
1.95644
1.93703
1.91674
1.89532
1.87709
1.86107
1.85039
1.84309
1.84019
1.84
1.84061
2.96903
2.92978
2.82876
2.60564
2.16258
1.75947
1.58918
1.48984
1.34599
1.16209
1.0468
1.02169
1.03645
1.07098
1.11581
1.15447
1.18621
1.21256
1.2364
1.26015
1.28467
1.31013
1.33627
1.36281
1.38957
1.41634
1.443
1.46948
1.49573
1.52176
1.54755
1.5731
1.59838
1.62338
1.64807
1.67243
1.69645
1.72011
1.7434
1.76632
1.78885
1.811
1.83274
1.85404
1.87489
1.89517
1.9149
1.93388
1.95195
1.96916
1.98558
2.0011
2.01558
2.02784
2.03868
2.04609
2.04911
2.04934
2.04738
2.03989
2.02487
2.0048
1.98379
1.97204
1.96537
1.97054
1.97883
1.99201
2.00821
2.02413
2.04011
2.05439
2.06631
2.07632
2.08345
2.08848
2.08891
2.08765
2.08471
2.07855
2.07024
2.0572
2.04372
2.02903
2.01511
1.99844
1.9803
1.95958
1.93734
1.91557
1.89469
1.87738
1.86384
1.85496
1.85018
1.84957
1.84991
1.85114
1.85295
1.85445
2.983
2.96121
2.90472
2.78075
2.48923
2.00303
1.6281
1.38088
1.10908
0.972907
0.962564
0.989567
1.03668
1.08836
1.129
1.16033
1.18604
1.2095
1.2332
1.25796
1.28362
1.30972
1.3362
1.3629
1.38967
1.41633
1.44278
1.46896
1.49485
1.52047
1.54579
1.5708
1.59549
1.61986
1.64388
1.6676
1.69098
1.71409
1.73683
1.7593
1.78132
1.80307
1.82435
1.84523
1.86572
1.88567
1.90517
1.92417
1.94239
1.96015
1.97697
1.99325
2.00895
2.02345
2.03732
2.04887
2.05877
2.06594
2.06791
2.06766
2.06534
2.05779
2.04197
2.02224
2.00237
1.99292
1.98776
1.99384
2.00264
2.01575
2.03106
2.04554
2.06013
2.07219
2.08135
2.08825
2.08948
2.08896
2.08653
2.08064
2.071
2.05569
2.03813
2.01775
1.9946
1.96902
1.94236
1.91699
1.89489
1.87741
1.86501
1.85813
1.85535
1.85557
1.85645
1.85835
1.86002
1.86111
1.86048
1.86128
2.99016
2.97441
2.94289
2.85801
2.67163
2.2683
1.67787
1.11104
0.817744
0.818848
0.873086
0.942854
1.00733
1.0561
1.09269
1.12205
1.14877
1.17579
1.20361
1.23199
1.26069
1.28949
1.31783
1.34578
1.37334
1.40046
1.42709
1.45321
1.4788
1.50386
1.52842
1.55253
1.57632
1.59985
1.62321
1.64645
1.66954
1.69245
1.7151
1.73741
1.75934
1.7808
1.80183
1.82235
1.84244
1.86205
1.88118
1.89992
1.9181
1.93591
1.95318
1.96979
1.98624
2.00192
2.01725
2.03159
2.04488
2.05648
2.06549
2.07214
2.07376
2.07325
2.07037
2.06152
2.04568
2.02761
2.00923
2.0014
1.99884
2.00538
2.01501
2.02659
2.04066
2.05329
2.06439
2.072
2.07406
2.0739
2.07101
2.06356
2.04992
2.0305
2.00719
1.98029
1.95098
1.9232
1.89894
1.88018
1.86733
1.86037
1.85766
1.85781
1.85845
1.86001
1.86099
1.86084
1.86014
1.85865
1.85581
1.85571
2.99188
2.98051
2.95194
2.88427
2.71647
2.33775
1.63901
0.807392
0.493495
0.583752
0.695917
0.79406
0.864524
0.916938
0.959622
0.997812
1.03422
1.06975
1.10454
1.13854
1.17178
1.20433
1.23666
1.26819
1.29886
1.32877
1.3579
1.38629
1.41395
1.44095
1.46741
1.49343
1.51914
1.54457
1.56973
1.59458
1.61901
1.64297
1.66637
1.6892
1.71146
1.73313
1.75432
1.77493
1.79519
1.81487
1.83433
1.85325
1.87198
1.89028
1.90837
1.92598
1.94344
1.96036
1.97701
1.99305
2.00826
2.02263
2.03559
2.04695
2.05532
2.06085
2.0623
2.06211
2.05901
2.04918
2.03378
2.01793
2.00185
1.99596
1.99448
2.00092
2.00879
2.01748
2.02629
2.0317
2.03282
2.03119
2.02472
2.01208
1.99338
1.97086
1.9463
1.92231
1.90131
1.88437
1.87202
1.86404
1.86043
1.85873
1.85817
1.85768
1.85674
1.85501
1.85253
1.84886
1.84561
1.84227
1.8382
1.83747
2.99255
2.98198
2.95472
2.88918
2.72195
2.32812
1.55273
0.626635
0.257575
0.398472
0.529255
0.615478
0.679759
0.734872
0.785678
0.833513
0.878771
0.921668
0.962399
1.00118
1.03827
1.07404
1.10864
1.14281
1.17632
1.20921
1.24149
1.27314
1.30423
1.33475
1.3648
1.39434
1.42341
1.45192
1.47984
1.50708
1.53362
1.55942
1.58451
1.60887
1.6326
1.65563
1.67814
1.70005
1.72155
1.74253
1.76322
1.78348
1.8035
1.82318
1.84257
1.86171
1.88038
1.89881
1.91665
1.93412
1.95107
1.96713
1.98279
1.997
2.01003
2.0215
2.03015
2.03459
2.03759
2.03797
2.03443
2.02373
2.0091
1.99309
1.9787
1.97111
1.9673
1.96804
1.96785
1.96568
1.95961
1.95097
1.93811
1.92237
1.90573
1.89003
1.87625
1.86533
1.85819
1.8534
1.85007
1.8478
1.84553
1.84255
1.8391
1.83461
1.83021
1.82485
1.82035
1.81552
1.8115
1.8083
1.80525
1.80542
2.99287
2.98199
2.95565
2.88879
2.72085
2.31733
1.51608
0.58113
0.201202
0.346356
0.444136
0.501099
0.54947
0.598958
0.64895
0.697499
0.743756
0.787679
0.829532
0.869682
0.908457
0.946165
0.982975
1.01903
1.05472
1.08997
1.12476
1.15903
1.19281
1.22597
1.25852
1.29029
1.32131
1.35149
1.38083
1.40937
1.4371
1.46412
1.49043
1.51609
1.54112
1.56557
1.5894
1.61276
1.63548
1.65783
1.6796
1.70107
1.72211
1.74285
1.76333
1.7835
1.80349
1.82314
1.84267
1.86184
1.88079
1.89938
1.91733
1.93504
1.95128
1.96687
1.98059
1.99138
1.9987
2.00261
2.00372
2.00193
1.99298
1.9768
1.95722
1.93506
1.91236
1.89476
1.87821
1.86244
1.84761
1.8341
1.82251
1.81462
1.80933
1.8066
1.8076
1.80872
1.80991
1.81037
1.81047
1.80892
1.80486
1.7986
1.79126
1.7839
1.77638
1.76984
1.764
1.75975
1.75652
1.75508
1.75353
1.7548
2.99243
2.98278
2.95436
2.88968
2.71763
2.31075
1.49939
0.567116
0.191604
0.339837
0.426493
0.467011
0.500783
0.539444
0.581358
0.62336
0.664045
0.70335
0.741641
0.779281
0.816481
0.853378
0.890022
0.926387
0.962383
0.997991
1.03315
1.06782
1.10194
1.1355
1.16848
1.20086
1.23261
1.26372
1.29414
1.32388
1.35289
1.38118
1.40873
1.43557
1.46173
1.48724
1.51218
1.5366
1.56057
1.58413
1.60737
1.6303
1.65294
1.67534
1.69743
1.71929
1.74073
1.76191
1.78256
1.8028
1.82254
1.84157
1.86007
1.87767
1.89428
1.90999
1.92388
1.93596
1.94582
1.94957
1.95152
1.95148
1.94756
1.93524
1.91226
1.88168
1.84558
1.80763
1.77205
1.74237
1.72087
1.70838
1.70401
1.70768
1.71314
1.72001
1.72983
1.7374
1.74275
1.74392
1.74448
1.74249
1.73733
1.72981
1.72025
1.71103
1.70171
1.69435
1.688
1.68391
1.68074
1.67976
1.67836
1.68003
)
;

boundaryField
{
    inlet
    {
        type            calculated;
        value           uniform 3.00001;
    }
    outlet
    {
        type            calculated;
        value           nonuniform List<scalar> 
40
(
1.09472
1.21471
1.30628
1.38354
1.44911
1.50357
1.54995
1.58933
1.62263
1.65196
1.67622
1.69841
1.71958
1.74016
1.76021
1.77986
1.79939
1.81884
1.83798
1.85709
1.87602
1.89444
1.91183
1.92733
1.94091
1.95108
1.95538
1.94793
1.92156
1.88085
1.84437
1.83116
1.84061
1.85445
1.86128
1.85571
1.83747
1.80542
1.7548
1.68003
)
;
    }
    bottom
    {
        type            symmetryPlane;
    }
    top
    {
        type            symmetryPlane;
    }
    obstacle
    {
        type            calculated;
        value           nonuniform List<scalar> 
110
(
0.0266305
0.0559092
0.0961219
0.138445
0.183074
0.233297
0.292807
0.367517
0.467916
0.638413
0.854686
1.17428
1.31857
1.32792
1.27528
1.19054
1.109
1.06908
1.06258
1.06502
1.0675
1.06789
1.06638
1.06318
1.05802
1.05175
1.0437
1.02851
0.996474
0.928191
0.784413
0.517998
0.236827
0.0585515
0.0446071
0.162268
0.258253
0.343429
0.406791
0.443712
0.463299
0.473738
0.477837
0.472782
0.454054
0.420099
0.373607
0.318718
0.259753
0.199716
0.142878
0.088682
0.0397859
0.0138006
0.058508
0.09979
0.137855
0.173232
0.205303
0.235017
0.265722
0.296202
0.325197
0.352141
0.378283
0.402988
0.427289
0.450295
0.473083
0.494644
0.516133
0.536439
0.556803
0.576014
0.595409
0.61367
0.632241
0.649705
0.667561
0.684417
0.701635
0.717963
0.734681
0.750534
0.766797
0.782244
0.798083
0.813161
0.828605
0.84332
0.858381
0.872743
0.88743
0.901442
0.915769
0.929441
0.943429
0.956787
0.970467
0.98354
0.996943
1.00971
1.02284
1.03521
1.04787
1.05959
1.07121
1.08115
1.08935
1.09472
)
;
    }
    defaultFaces
    {
        type            empty;
    }
}


// ************************************************************************* //
