/*--------------------------------*- C++ -*----------------------------------*\
  =========                 |
  \\      /  F ield         | OpenFOAM: The Open Source CFD Toolbox
   \\    /   O peration     | Website:  https://openfoam.org
    \\  /    A nd           | Version:  13
     \\/     M anipulation  |
\*---------------------------------------------------------------------------*/
FoamFile
{
    format      ascii;
    class       volScalarField;
    location    "3.5";
    object      p;
}
// * * * * * * * * * * * * * * * * * * * * * * * * * * * * * * * * * * * * * //

dimensions      [1 -1 -2 0 0 0 0];

internalField   nonuniform List<scalar> 
5250
(
1
1.00003
1.00008
1.00022
1.0005
1.00134
1.00304
1.00813
1.01867
1.04898
1.11815
1.30958
1.8296
3.36482
7.86285
11.7452
11.3047
11.0442
11.1291
11.3617
11.5922
11.7315
11.8381
11.9203
11.9833
1.00001
1.00003
1.00008
1.0002
1.00053
1.00123
1.00318
1.00761
1.01905
1.04705
1.1177
1.30264
1.81548
3.3207
7.74702
11.7591
11.3044
11.0343
11.1202
11.3537
11.5841
11.7239
11.832
11.9156
11.9801
1
1.00003
1.00007
1.00021
1.00047
1.00127
1.00289
1.00771
1.01776
1.04646
1.11213
1.29302
1.78289
3.2262
7.48785
11.7868
11.3005
11.0044
11.0887
11.32
11.5486
11.6866
11.7943
11.8773
11.9423
1
1.00002
1.00007
1.00018
1.00049
1.00111
1.00298
1.00675
1.01801
1.04192
1.10892
1.27324
1.73849
3.08382
7.08972
11.8253
11.2955
10.9551
11.0346
11.2591
11.4851
11.6194
11.7242
11.8055
11.8719
1
1.00002
1.00006
1.00018
1.00042
1.00112
1.00255
1.00677
1.01573
1.04063
1.0987
1.25518
1.67689
2.90697
6.57077
11.8553
11.2886
10.8898
10.9609
11.1733
11.3958
11.5247
11.6244
11.7028
11.7718
1
1.00002
1.00006
1.00015
1.00042
1.00095
1.00254
1.00575
1.01534
1.03551
1.09227
1.22903
1.61224
2.70419
5.95559
11.8218
11.2645
10.8081
10.8672
11.0599
11.2756
11.3955
11.4859
11.5576
11.6285
1
1.00002
1.00005
1.00015
1.00035
1.00093
1.00215
1.00559
1.01327
1.03347
1.08228
1.20924
1.54947
2.52494
5.41919
11.615
11.1714
10.7046
10.7505
10.9144
11.1163
11.2218
11.2954
11.3515
11.419
1
1.00002
1.00005
1.00013
1.00033
1.00082
1.00205
1.0049
1.0125
1.02989
1.07592
1.18924
1.4986
2.37559
4.98504
11.1247
10.9569
10.5976
10.6188
10.7341
10.9111
10.9935
11.0377
11.0593
11.1025
1
1.00002
1.00004
1.00013
1.00029
1.00077
1.00177
1.00465
1.0109
1.02782
1.06778
1.17242
1.44774
2.23371
4.5535
10.4124
10.699
10.5227
10.4721
10.5311
10.6581
10.702
10.6935
10.6428
10.5924
1
1.00001
1.00004
1.00011
1.00027
1.00067
1.00166
1.00399
1.01015
1.02428
1.06164
1.15273
1.39904
2.0881
4.11849
9.52822
10.5477
10.4235
10.2916
10.3118
10.3642
10.3482
10.2595
10.0399
9.69837
1
1.00001
1.00004
1.0001
1.00023
1.00061
1.00139
1.00371
1.00839
1.02248
1.05218
1.13628
1.34447
1.9426
3.67269
8.48436
10.4403
10.3253
10.1037
10.0705
10.0468
9.95367
9.69617
9.09434
7.53377
1
1.00001
1.00003
1.00008
1.0002
1.00052
1.0012
1.00313
1.00739
1.01868
1.04566
1.11467
1.29309
1.78704
3.21795
7.28572
10.3604
10.2276
9.93532
9.82288
9.73468
9.54068
9.12494
8.29188
6.64139
1
1.00001
1.00003
1.00007
1.00017
1.00042
1.00104
1.00249
1.00638
1.01501
1.0386
1.09322
1.24072
1.63196
2.75976
5.98168
10.2397
10.1149
9.79513
9.58266
9.4274
9.14963
8.63143
7.7687
6.42316
1
1.00001
1.00002
1.00005
1.00014
1.00033
1.00087
1.00197
1.00526
1.01195
1.03136
1.07413
1.1913
1.49183
2.34385
4.74741
9.89078
9.89493
9.68289
9.36221
9.13237
8.80754
8.27157
7.47172
6.39511
1
1.00001
1.00002
1.00004
1.00012
1.00027
1.00071
1.00161
1.00428
1.00979
1.02549
1.06057
1.15516
1.39648
2.07873
4.0295
8.95055
9.62482
9.47808
9.15929
8.86996
8.52098
8.0073
7.29155
6.39353
1
1
1.00001
1.00004
1.00009
1.00022
1.00056
1.00133
1.0034
1.00791
1.0206
1.04855
1.12495
1.31485
1.85075
3.37083
7.47189
9.35613
9.26508
9.00302
8.65258
8.28486
7.80172
7.16304
6.39009
1
1
1.00001
1.00003
1.00007
1.00017
1.00044
1.00107
1.00257
1.0065
1.01543
1.03925
1.09529
1.24474
1.64206
2.77311
5.90951
9.15762
9.11718
8.90018
8.48608
8.09338
7.63544
7.06123
6.38311
1
1
1.00001
1.00002
1.00005
1.00014
1.00031
1.00084
1.0019
1.00498
1.01149
1.02948
1.07058
1.17944
1.45941
2.23296
4.33746
8.71348
8.97637
8.79636
8.38752
7.94727
7.50014
6.97759
6.3746
1
1
1.00001
1.00002
1.00004
1.0001
1.00025
1.00062
1.00147
1.00377
1.0087
1.02266
1.0532
1.1366
1.34377
1.92436
3.53715
7.60514
8.7204
8.60578
8.29042
7.82867
7.38736
6.90603
6.36448
1
1
1
1.00001
1.00003
1.00007
1.00019
1.00044
1.00116
1.00264
1.00698
1.01592
1.04167
1.09894
1.2567
1.66908
2.83457
5.9585
8.456
8.41729
8.20415
7.756
7.29989
6.84467
6.35296
1
1
1
1.00001
1.00002
1.00006
1.00013
1.00034
1.00077
1.00205
1.00462
1.01217
1.02801
1.07194
1.17468
1.4534
2.19323
4.14895
7.98799
8.28681
8.12589
7.73492
7.24474
6.79775
6.34367
1
1
1
1.00001
1.00002
1.00004
1.00009
1.00025
1.00056
1.00148
1.00334
1.00882
1.02014
1.05223
1.12493
1.32336
1.84658
3.2917
6.85986
8.05226
7.96478
7.69181
7.21624
6.7678
6.33905
1
1
1
1
1.00001
1.00003
1.00007
1.00016
1.00043
1.00099
1.00251
1.00603
1.01475
1.03641
1.08914
1.22519
1.58362
2.56744
5.15319
7.70594
7.7486
7.60092
7.22904
6.76872
6.34169
1
1
1
1
1.00001
1.00002
1.00005
1.00012
1.00029
1.00068
1.00175
1.00398
1.01042
1.02381
1.06154
1.14702
1.37988
1.98298
3.56292
6.9744
7.60516
7.50602
7.22633
6.78369
6.35322
1
1
1
1
1.00001
1.00001
1.00003
1.00008
1.00019
1.00048
1.00116
1.00281
1.00698
1.01654
1.04166
1.10035
1.25542
1.65785
2.74763
5.48827
7.34998
7.34176
7.2003
6.84261
6.38361
1
1
1
1
1
1.00001
1.00002
1.00006
1.00013
1.00033
1.00074
1.00193
1.00437
1.01132
1.0262
1.06615
1.16033
1.40869
2.04843
3.64944
6.80896
7.24249
7.14647
6.88782
6.4448
1
1
1
1
1
1.00001
1.00002
1.00003
1.00009
1.0002
1.00053
1.0012
1.00311
1.00714
1.01813
1.04301
1.10745
1.26711
1.69105
2.80918
5.5656
7.02021
7.01318
6.87724
6.55183
1
1
1
1
1
1
1.00001
1.00002
1.00006
1.00013
1.00034
1.00079
1.00196
1.00475
1.01134
1.02824
1.06746
1.1689
1.42382
2.09174
3.7493
6.50704
6.90314
6.82582
6.60226
1
1
1
1
1
1
1.00001
1.00001
1.00004
1.00009
1.00021
1.00053
1.00122
1.00315
1.00711
1.01853
1.0425
1.10854
1.26465
1.68468
2.75799
5.33725
6.66853
6.69142
6.58436
1
1
1
1
1
1
1
1.00001
1.00002
1.00005
1.00014
1.00031
1.00082
1.00185
1.00474
1.01096
1.02733
1.06555
1.16213
1.406
2.02949
3.55406
6.13326
6.57831
6.52613
1
1
1
1
1
1
1
1.00001
1.00001
1.00004
1.00009
1.0002
1.00051
1.00116
1.00298
1.00672
1.01746
1.03985
1.1019
1.24589
1.63265
2.60289
4.93373
6.32375
6.4054
1
1
1
1
1
1
1
1
1.00001
1.00002
1.00005
1.00012
1.00031
1.00072
1.00174
1.00424
1.00998
1.02482
1.05854
1.14538
1.35766
1.89565
3.16925
5.73722
6.28595
1
1
1
1
1
1
1
1
1.00001
1.00001
1.00003
1.00007
1.00019
1.00043
1.00111
1.00247
1.00644
1.01448
1.03723
1.08681
1.21948
1.54644
2.38732
4.41989
5.97334
1
1
1
1
1
1
1
1
1
1.00001
1.00002
1.00005
1.00011
1.00027
1.00061
1.00158
1.00354
1.00917
1.02065
1.05272
1.12351
1.31134
1.76876
2.87895
5.23922
1
1
1
1
1
1
1
1
1
1
1.00001
1.00003
1.00006
1.00016
1.00036
1.00094
1.0021
1.00545
1.01216
1.03143
1.07212
1.18253
1.44657
2.1198
3.71861
1
1
1
1
1
1
1
1
1
1
1.00001
1.00002
1.00004
1.00009
1.00023
1.00051
1.00132
1.00293
1.00759
1.01698
1.04355
1.10093
1.25394
1.62369
2.53182
1
1
1
1
1
1
1
1
1
1
1
1.00001
1.00002
1.00005
1.00012
1.00031
1.00069
1.00178
1.00397
1.0102
1.02289
1.05808
1.13503
1.33681
1.81127
1
1
1
1
1
1
1
1
1
1
1
1.00001
1.00001
1.00003
1.00007
1.00017
1.00043
1.00096
1.00243
1.00552
1.01383
1.0322
1.07903
1.19078
1.47231
1
1
1
1
1
1
1
1
1
1
1
1
1.00001
1.00002
1.00004
1.00009
1.00024
1.00053
1.00137
1.00305
1.00781
1.01762
1.04424
1.10351
1.2564
1
1
1
1
1
1
1
1
1
1
1
1
1
1.00001
1.00002
1.00005
1.00013
1.00031
1.00073
1.0017
1.00422
1.00955
1.02414
1.05483
1.13701
1
1
1
1
1
1
1
1
1
1
1
1
1
1.00001
1.00001
1.00003
1.00007
1.00016
1.00042
1.00093
1.00235
1.00536
1.01317
1.03103
1.07482
1
1
1
1
1
1
1
1
1
1
1
1
1
1
1.00001
1.00002
1.00004
1.00009
1.00022
1.00052
1.00125
1.00292
1.00717
1.01641
1.0409
1
1
1
1
1
1
1
1
1
1
1
1
1
1
1
1.00001
1.00002
1.00005
1.00011
1.00029
1.00064
1.00162
1.00364
1.00904
1.02083
1
1
1
1
1
1
1
1
1
1
1
1
1
1
1
1
1.00001
1.00003
1.00006
1.00015
1.00035
1.00088
1.00195
1.00495
1.01096
1
1
1
1
1
1
1
1
1
1
1
1
1
1
1
1
1.00001
1.00001
1.00004
1.00008
1.0002
1.00048
1.00108
1.00273
1.00607
1
1
1
1
1
1
1
1
1
1
1
1
1
1
1
1
1
1.00001
1.00002
1.00005
1.00012
1.00027
1.0007
1.00156
1.00398
1
1
1
1
1
1
1
1
1
1
1
1
1
1
1
1
1
1.00001
1.00002
1.00004
1.00009
1.00021
1.00049
1.00126
1.00286
1
1
1
1
1
1
1
1
1
1
1
1
1
1
1
1
1
1
1.00001
1.00003
1.00007
1.00018
1.00043
1.00112
1.00255
1
1
1
1
1
1
1
1
1
1
1
1
1
1
1
1
1
1
1.00001
1.00003
1.00007
1.00017
1.00042
1.00106
1.00251
1
1
1
1
1
1
1
1
1
1
1
1
1
1
1
1
1
1
1.00001
1.00003
1.00007
1.00018
1.0004
1.00107
1.00246
3.02537
1.53098
1.03676
0.940816
0.96796
1.05182
1.22775
1.365
1.40657
1.40477
1.39896
1.39697
1.39838
1.40299
1.41309
1.42729
1.44143
1.46297
1.50762
1.60323
1.81144
2.26666
3.05382
3.43688
3.49937
3.5101
3.46219
3.40479
3.36038
3.33289
3.32088
3.31789
3.3253
3.35716
3.42443
3.53106
3.66685
3.81657
3.96619
4.10544
4.22569
4.32525
4.40324
4.47139
4.52372
4.55805
4.57805
4.58729
4.58686
4.5817
4.56775
4.54409
4.5158
4.48492
4.45044
4.41363
4.374
4.33283
4.28959
4.24525
4.19929
4.15246
4.10439
4.05564
4.00602
3.956
3.90546
3.85482
3.80395
3.75321
3.7025
3.65205
3.60179
3.5519
3.50232
3.45319
3.40447
3.35626
3.30853
3.26132
3.21464
3.16848
3.12286
3.07775
3.03319
2.98915
2.94568
2.90277
2.86048
2.81876
2.77773
2.73738
2.69783
2.65908
2.62155
2.58538
2.55119
2.52005
2.49371
2.47734
3.72925
2.33678
1.74333
1.49354
1.37783
1.29515
1.27815
1.28656
1.31001
1.35814
1.40341
1.42258
1.42241
1.42143
1.42178
1.42422
1.43171
1.44993
1.48978
1.57503
1.75614
2.14555
2.94696
3.43531
3.51677
3.49941
3.44902
3.3936
3.37011
3.34928
3.32539
3.3134
3.31184
3.33683
3.40239
3.50897
3.64183
3.7886
3.9363
4.08006
4.2029
4.30385
4.38482
4.45348
4.50596
4.54249
4.56384
4.57454
4.57469
4.5715
4.56066
4.53772
4.5084
4.47766
4.44411
4.40798
4.36887
4.3279
4.28491
4.2407
4.19499
4.14833
4.10053
4.05199
4.00265
3.95285
3.90257
3.8521
3.80145
3.75083
3.70027
3.64991
3.59977
3.54994
3.50046
3.45137
3.40273
3.35454
3.30686
3.25967
3.21303
3.1669
3.12132
3.07624
3.03174
2.98775
2.94434
2.90147
2.85924
2.81753
2.77659
2.73632
2.69688
2.65828
2.62066
2.5843
2.54987
2.51836
2.49134
2.47461
4.55893
3.26113
2.44474
1.92782
1.59371
1.38851
1.26816
1.2556
1.26333
1.28567
1.33212
1.37565
1.40449
1.41816
1.42208
1.42404
1.42875
1.44019
1.46684
1.52712
1.65944
1.95425
2.59935
3.33154
3.49427
3.48294
3.45119
3.40107
3.36781
3.33902
3.3189
3.30947
3.31592
3.34261
3.40135
3.49665
3.62684
3.77072
3.91726
4.05734
4.17848
4.27979
4.3615
4.42924
4.48163
4.51962
4.543
4.55523
4.55673
4.5546
4.54661
4.52805
4.49829
4.46725
4.43434
4.399
4.36071
4.32023
4.27769
4.23373
4.18837
4.14198
4.09455
4.04634
3.9974
3.94793
3.89802
3.84784
3.79748
3.74708
3.69674
3.64653
3.59655
3.54684
3.49748
3.44848
3.39993
3.35179
3.30418
3.25703
3.21045
3.16436
3.11885
3.07385
3.02948
2.98559
2.94227
2.89952
2.85742
2.81592
2.77507
2.73484
2.6954
2.65676
2.61912
2.58266
2.54797
2.516
2.4881
2.47048
5.01765
3.84068
2.97022
2.3648
1.95849
1.68579
1.51408
1.40612
1.3431
1.3273
1.331
1.34322
1.3692
1.39933
1.42134
1.43432
1.43919
1.44621
1.46196
1.49885
1.58409
1.77478
2.18742
3.03422
3.43271
3.4774
3.46188
3.42414
3.38351
3.35915
3.34887
3.35073
3.36322
3.3943
3.45128
3.53226
3.6395
3.76408
3.89188
4.02112
4.13995
4.24214
4.32556
4.39369
4.44686
4.48636
4.51216
4.52657
4.53025
4.52895
4.5236
4.51022
4.48319
4.45184
4.41895
4.38431
4.34708
4.30749
4.26573
4.22236
4.17757
4.13169
4.08481
4.03712
3.98873
3.93976
3.89036
3.84061
3.79068
3.74062
3.69061
3.64067
3.59096
3.54144
3.49228
3.44343
3.39502
3.34701
3.2995
3.25246
3.206
3.16004
3.11467
3.06979
3.0256
2.98194
2.93892
2.89634
2.85437
2.81298
2.77226
2.73215
2.69281
2.65422
2.61659
2.58004
2.54506
2.51258
2.48371
2.46489
5.29435
4.26115
3.42257
2.78938
2.32671
1.9902
1.74577
1.57071
1.44824
1.37167
1.33225
1.33253
1.33669
1.348
1.37116
1.39365
1.4109
1.42518
1.43835
1.46496
1.52139
1.64354
1.91118
2.4878
3.24533
3.45574
3.46916
3.45676
3.42543
3.40999
3.41435
3.43243
3.47616
3.53585
3.58813
3.64192
3.70773
3.78593
3.87466
3.96997
4.07979
4.18522
4.27476
4.34725
4.40309
4.44458
4.47277
4.4898
4.49636
4.49579
4.4926
4.4836
4.46381
4.43285
4.39977
4.36555
4.32934
4.2909
4.25028
4.20784
4.16389
4.11873
4.07257
4.02555
3.97783
3.92948
3.88068
3.83147
3.78206
3.73244
3.68285
3.63325
3.58385
3.53461
3.48569
3.43704
3.38882
3.34097
3.29362
3.24677
3.20047
3.15471
3.10964
3.0651
3.02111
2.97762
2.93474
2.89236
2.8506
2.80938
2.76883
2.72889
2.68968
2.65117
2.61357
2.57695
2.54173
2.50878
2.47903
2.45887
5.48066
4.5837
3.80457
3.17428
2.68259
2.30523
2.01752
1.8006
1.63831
1.52154
1.43758
1.38431
1.3563
1.35639
1.35954
1.3684
1.38675
1.40767
1.42836
1.44839
1.48449
1.56101
1.72382
2.07295
2.8049
3.34999
3.46679
3.4826
3.47973
3.48404
3.50678
3.56739
3.68374
3.76522
3.80267
3.82247
3.83602
3.8463
3.87052
3.92184
3.99664
4.09876
4.19893
4.28286
4.34698
4.39348
4.4254
4.44563
4.45553
4.45624
4.45468
4.44918
4.43601
4.40938
4.37706
4.34308
4.30758
4.27021
4.23082
4.18956
4.1467
4.10248
4.05718
4.01093
3.96396
3.91632
3.8682
3.81963
3.77082
3.72174
3.67264
3.62348
3.57446
3.52555
3.47693
3.42854
3.38056
3.33294
3.28574
3.23917
3.19331
3.14792
3.10317
3.05889
3.01517
2.97191
2.92925
2.88709
2.84556
2.80456
2.76423
2.72447
2.68544
2.64707
2.60954
2.57292
2.53755
2.50421
2.47376
2.4522
5.61105
4.83029
4.11799
3.50974
3.01031
2.60896
2.2899
2.03794
1.8394
1.68477
1.56471
1.47678
1.41275
1.37518
1.3584
1.359
1.36242
1.3708
1.38774
1.40711
1.43352
1.48317
1.58466
1.79595
2.23076
3.06324
3.40871
3.48733
3.52138
3.55992
3.64036
3.8028
3.98594
4.07866
4.08589
4.07265
4.03047
3.94424
3.90018
3.90742
3.9345
3.99421
4.09353
4.19009
4.26857
4.32663
4.36693
4.39277
4.40692
4.41127
4.41047
4.40719
4.39876
4.38047
4.35065
4.31733
4.28244
4.24602
4.20787
4.16791
4.12631
4.08323
4.03897
3.99367
3.94758
3.90076
3.85343
3.80559
3.75746
3.70902
3.66049
3.61184
3.56329
3.51477
3.4665
3.41843
3.37074
3.32344
3.27691
3.23073
3.18521
3.14017
3.09572
3.0517
3.00826
2.96527
2.92288
2.88097
2.83971
2.79896
2.75888
2.71936
2.68055
2.64236
2.60498
2.56841
2.53298
2.49934
2.46837
2.44543
5.70412
5.01794
4.37052
3.79486
3.30248
2.89152
2.55315
2.27708
2.05262
1.8714
1.72582
1.61089
1.52156
1.4552
1.40753
1.3798
1.36771
1.36851
1.37237
1.38177
1.40113
1.43255
1.495
1.6225
1.89186
2.45668
3.18904
3.45173
3.55832
3.65894
3.84081
4.14424
4.39243
4.45731
4.44238
4.38407
4.24843
4.06945
3.95278
3.91123
3.91707
3.93873
3.98767
4.07475
4.16321
4.23685
4.29148
4.3284
4.35025
4.36035
4.3609
4.35948
4.35463
4.34312
4.31958
4.28809
4.25412
4.21861
4.18157
4.14286
4.10256
4.06073
4.01763
3.97339
3.92829
3.88239
3.83594
3.78892
3.74157
3.69383
3.64595
3.59787
3.54983
3.50175
3.45389
3.4062
3.35907
3.3124
3.26634
3.22069
3.17557
3.13088
3.08673
3.04302
2.9999
2.95722
2.91515
2.87357
2.83262
2.79218
2.75241
2.71318
2.67464
2.63668
2.5995
2.56304
2.52764
2.49379
2.4625
2.43822
5.77197
5.16206
4.5736
4.03438
3.55817
3.1481
2.80045
2.50893
2.26571
2.06393
1.89689
1.75957
1.64738
1.55724
1.48684
1.43366
1.39697
1.37571
1.37076
1.37242
1.37874
1.39442
1.42909
1.50397
1.66142
1.99232
2.68096
3.29762
3.55455
3.78315
4.13861
4.61796
4.88422
4.8846
4.84258
4.71542
4.45536
4.21593
4.04892
3.95305
3.91694
3.91997
3.935
3.97206
4.04521
4.12328
4.19304
4.24621
4.28074
4.2998
4.30697
4.30641
4.30372
4.2966
4.28112
4.25384
4.2219
4.18761
4.15169
4.11419
4.0752
4.0347
3.99291
3.94989
3.90597
3.86116
3.81573
3.76966
3.72319
3.67625
3.62911
3.58169
3.53424
3.48667
3.43941
3.39248
3.34607
3.30003
3.25448
3.20929
3.16459
3.12026
3.07649
3.03314
2.9904
2.9481
2.90642
2.86521
2.82464
2.78455
2.74512
2.70621
2.66797
2.6303
2.59335
2.55708
2.52178
2.48784
2.45639
2.43094
5.8225
5.27484
4.73813
4.23542
3.78005
3.37795
3.02848
2.72858
2.47276
2.25591
2.07241
1.91788
1.78817
1.68005
1.59127
1.5192
1.46371
1.42129
1.39235
1.37786
1.37865
1.38391
1.39966
1.43815
1.52518
1.71217
2.1028
2.90096
3.48713
3.92845
4.59381
5.21932
5.39336
5.3612
5.24358
4.98116
4.64919
4.37892
4.17922
4.04146
3.95629
3.91604
3.91478
3.92182
3.94695
4.00135
4.0726
4.1398
4.19121
4.22422
4.24282
4.24739
4.24635
4.24246
4.23307
4.21359
4.18494
4.15245
4.11788
4.08167
4.04404
4.00494
3.96457
3.92295
3.88037
3.83684
3.7926
3.74762
3.70215
3.65612
3.60979
3.56309
3.51629
3.46955
3.42317
3.37707
3.33138
3.28596
3.24096
3.19624
3.15201
3.10813
3.0648
3.02188
2.97956
2.93769
2.89644
2.85565
2.8155
2.77582
2.73678
2.69824
2.66036
2.62299
2.58633
2.55028
2.51516
2.4812
2.44974
2.42332
5.86229
5.36536
4.87337
4.40501
3.97252
3.58253
3.23669
2.93373
2.6705
2.44303
2.24724
2.07908
1.93519
1.81226
1.70809
1.6202
1.54754
1.48832
1.44246
1.40915
1.386
1.38645
1.39173
1.40933
1.45462
1.55971
1.78924
2.26924
3.23658
4.03465
5.23513
5.87521
5.88491
5.80824
5.59023
5.19129
4.83774
4.55418
4.33146
4.16005
4.03455
3.95139
3.90855
3.89635
3.89919
3.91445
3.9509
4.01443
4.07549
4.1244
4.15869
4.17651
4.18091
4.17963
4.17499
4.16406
4.14187
4.11245
4.0797
4.04496
4.0088
3.97121
3.93242
3.8924
3.8514
3.80936
3.76652
3.7228
3.67847
3.63347
3.58802
3.54216
3.49637
3.45067
3.40526
3.36
3.31504
3.27026
3.22585
3.18169
3.13799
3.09464
3.05182
3.0094
2.96758
2.92619
2.88542
2.8451
2.80541
2.76617
2.72757
2.68943
2.65193
2.61491
2.57858
2.5428
2.50793
2.47402
2.44267
2.41552
5.89446
5.4391
4.98608
4.54952
4.14018
3.76469
3.42585
3.12386
2.857
2.62272
2.4178
2.23922
2.08378
1.94899
1.83221
1.73172
1.64568
1.57293
1.5127
1.46353
1.42781
1.40202
1.40276
1.40977
1.4332
1.49391
1.63661
1.95454
2.6413
4.00156
5.91632
6.43899
6.37972
6.18934
5.79911
5.38107
5.02455
4.73065
4.48888
4.29223
4.1365
4.01891
3.93734
3.89036
3.87
3.86584
3.87308
3.89579
3.94348
3.9985
4.04699
4.08129
4.10137
4.10703
4.10588
4.10123
4.08997
4.06708
4.03745
4.00455
3.96989
3.93381
3.89664
3.85836
3.81914
3.7788
3.73753
3.69524
3.65219
3.60828
3.56391
3.51925
3.47465
3.43004
3.38559
3.34117
3.29698
3.25291
3.20915
3.16563
3.12253
3.07975
3.03749
2.99563
2.95435
2.9135
2.87326
2.83345
2.79426
2.75551
2.71737
2.67967
2.64259
2.60597
2.57
2.53453
2.49995
2.46617
2.43499
2.40732
5.92217
5.50135
5.08236
4.67495
4.28794
3.92781
3.59788
3.29946
3.03179
2.79353
2.58219
2.39569
2.23111
2.08665
1.95954
1.84859
1.75153
1.66759
1.59546
1.5341
1.48484
1.44447
1.42716
1.43049
1.44553
1.4888
1.59689
1.85028
2.43227
3.72857
6.31781
6.85274
6.74074
6.44528
5.96958
5.54815
5.19272
4.89324
4.64086
4.42875
4.25324
4.11084
3.99947
3.91789
3.86524
3.83816
3.82154
3.82416
3.83691
3.86645
3.91463
3.9597
3.99586
4.0176
4.02704
4.02626
4.02223
4.01186
3.99038
3.96115
3.92822
3.8934
3.85764
3.82104
3.78363
3.74511
3.70556
3.66486
3.6232
3.58063
3.53767
3.49438
3.45102
3.4075
3.36402
3.3205
3.27715
3.23386
3.19085
3.14804
3.10562
3.0635
3.02188
2.98064
2.93997
2.89971
2.86005
2.8208
2.78216
2.74392
2.70628
2.66905
2.63242
2.59621
2.56063
2.52551
2.49126
2.45767
2.42674
2.39869
5.95163
5.55863
5.16869
4.78668
4.42016
4.07491
3.75461
3.46113
3.19467
2.95442
2.73901
2.54653
2.37502
2.22267
2.08724
1.96757
1.86147
1.76834
1.68652
1.61562
1.55546
1.50644
1.47348
1.47555
1.48789
1.52587
1.62195
1.84917
2.36396
3.52438
6.04332
7.04567
6.96013
6.69889
6.20411
5.75287
5.37504
5.06161
4.79789
4.57398
4.38342
4.22253
4.08811
3.97884
3.89431
3.8347
3.79948
3.77251
3.76788
3.77344
3.79031
3.82568
3.86737
3.90403
3.92896
3.9419
3.94169
3.93896
3.93066
3.91258
3.88383
3.85076
3.81629
3.78105
3.74518
3.70832
3.67051
3.63149
3.59148
3.55063
3.50931
3.46748
3.42541
3.38303
3.34061
3.29806
3.25561
3.21318
3.17099
3.12895
3.08729
3.04588
3.00497
2.96441
2.9244
2.88478
2.84575
2.8071
2.76903
2.73135
2.69424
2.65751
2.62136
2.5856
2.55045
2.51571
2.48184
2.44848
2.41786
2.38953
5.98919
5.61628
5.24899
4.88844
4.53967
4.20827
3.8976
3.60979
3.34594
3.10527
2.88757
2.69093
2.51419
2.35568
2.21349
2.08668
1.97309
1.8723
1.78267
1.70377
1.63621
1.57959
1.54432
1.54701
1.56191
1.60633
1.71385
1.95022
2.44337
3.40159
5.03162
6.70228
6.91381
6.79987
6.49249
6.01765
5.59396
5.25123
4.96746
4.72729
4.52197
4.3456
4.19328
4.06238
3.95264
3.86432
3.79784
3.75454
3.72099
3.70259
3.70482
3.71452
3.73683
3.77347
3.80794
3.83539
3.85121
3.85458
3.85286
3.84665
3.83237
3.8048
3.77327
3.73943
3.70458
3.66888
3.63252
3.59519
3.5571
3.51816
3.47858
3.4383
3.39761
3.35648
3.3152
3.2737
3.23226
3.19077
3.14948
3.10831
3.06748
3.02688
2.98675
2.94693
2.90765
2.86873
2.83036
2.79236
2.75491
2.71782
2.68127
2.64507
2.60943
2.57414
2.53946
2.50513
2.47168
2.43861
2.40834
2.37983
6.04335
5.67686
5.32483
4.98121
4.64784
4.32881
4.0279
3.74618
3.48598
3.24636
3.02765
2.82863
2.64796
2.48489
2.33723
2.20463
2.08486
1.97767
1.88182
1.79645
1.725
1.66304
1.64346
1.64989
1.67674
1.74953
1.91541
2.26217
2.9014
3.49847
4.18035
5.35048
6.38694
6.59573
6.51987
6.2955
5.87565
5.49598
5.17603
4.90478
4.67595
4.48035
4.31052
4.16114
4.03112
3.91997
3.82819
3.75585
3.70542
3.66477
3.63736
3.63443
3.63847
3.65088
3.6773
3.70964
3.7382
3.75698
3.76492
3.764
3.75968
3.74865
3.72598
3.69598
3.66242
3.62748
3.59219
3.55641
3.52017
3.4831
3.44531
3.40669
3.36751
3.32776
3.28774
3.24741
3.20705
3.1666
3.12631
3.08609
3.04618
3.00646
2.96718
2.92818
2.88968
2.85151
2.81386
2.77654
2.73975
2.70328
2.66732
2.63169
2.59659
2.56182
2.52763
2.49376
2.46077
2.42804
2.39817
2.36958
6.11589
5.74
5.396
5.06565
4.74626
4.43832
4.14661
3.87183
3.61561
3.37843
3.15969
2.95957
2.7763
2.60974
2.45798
2.32051
2.1959
2.08342
1.98268
1.89382
1.8197
1.76789
1.77011
1.78737
1.84269
1.97653
2.26002
2.82716
3.29656
3.5746
3.87442
4.36116
5.14057
5.97708
6.28609
6.24598
6.09705
5.78535
5.44939
5.12781
4.85953
4.63457
4.44053
4.27107
4.12263
3.99286
3.88065
3.78619
3.70952
3.65255
3.60622
3.57344
3.55839
3.56
3.56694
3.58316
3.61157
3.63853
3.65976
3.67202
3.67229
3.67004
3.66267
3.64625
3.61748
3.5845
3.55042
3.51579
3.48084
3.44532
3.40925
3.3724
3.3349
3.2967
3.2581
3.21907
3.17993
3.14062
3.10142
3.06225
3.02334
2.9846
2.94624
2.90812
2.87046
2.83309
2.79621
2.75961
2.72351
2.6877
2.65237
2.61735
2.58282
2.54862
2.51496
2.48159
2.44911
2.41677
2.38737
2.35878
6.187
5.80491
5.46369
5.14296
4.83522
4.5391
4.25572
3.98796
3.73648
3.50209
3.28465
3.08395
2.89947
2.73013
2.57545
2.43407
2.30562
2.18935
2.08525
1.99716
1.92476
1.91165
1.92329
1.96747
2.08544
2.34229
2.86613
3.34357
3.5807
3.67241
3.79316
3.9611
4.26957
4.78339
5.5201
5.98172
5.97615
5.90417
5.72412
5.40279
5.09635
4.82888
4.59836
4.40133
4.23001
4.08096
3.95013
3.83669
3.7398
3.65961
3.59699
3.54658
3.50733
3.48234
3.4804
3.48326
3.4923
3.51181
3.53735
3.56008
3.57529
3.58039
3.57919
3.57428
3.56245
3.53843
3.5076
3.47394
3.43964
3.40508
3.37038
3.33513
3.29936
3.26287
3.22589
3.18839
3.15066
3.11267
3.07469
3.03669
2.99888
2.96118
2.92382
2.88666
2.8499
2.81339
2.77732
2.7415
2.70614
2.67103
2.63638
2.60201
2.56811
2.53451
2.50144
2.46863
2.43672
2.40484
2.37595
2.3475
6.30935
5.89226
5.53573
5.21798
4.91884
4.63217
4.35792
4.09639
3.8498
3.6186
3.4029
3.2026
3.01731
2.84644
2.6893
2.54535
2.41407
2.29562
2.19265
2.10691
2.07065
2.0791
2.11737
2.22508
2.46632
2.96381
3.48199
3.72191
3.78402
3.78332
3.78675
3.81388
3.9032
4.09977
4.48957
5.10936
5.61613
5.76711
5.73212
5.60985
5.35443
5.07935
4.80254
4.56723
4.36455
4.18923
4.03708
3.90458
3.78936
3.69028
3.60691
3.53968
3.48552
3.44029
3.40946
3.39712
3.39811
3.40292
3.4145
3.43691
3.45905
3.47675
3.48665
3.48634
3.48369
3.4758
3.45866
3.42973
3.39741
3.36369
3.32972
3.2955
3.2611
3.22621
3.19095
3.15515
3.11905
3.08258
3.04601
3.00931
2.97273
2.93618
2.8999
2.86376
2.82797
2.79237
2.75717
2.72218
2.6876
2.65326
2.61933
2.58567
2.55245
2.51951
2.4871
2.4549
2.42363
2.39231
2.36402
2.33586
6.3482
5.98257
5.61521
5.29383
4.99961
4.72047
4.45339
4.19897
3.95689
3.72902
3.51538
3.31591
3.13052
2.95867
2.80014
2.65454
2.52209
2.40527
2.30658
2.24919
2.25457
2.28644
2.38285
2.60909
3.08505
3.66156
3.93137
3.96328
3.94663
3.89718
3.79677
3.7643
3.77763
3.83583
3.97565
4.26104
4.73078
5.23267
5.52923
5.51809
5.45276
5.30026
5.03945
4.78479
4.5411
4.332
4.15159
3.99475
3.85898
3.74106
3.63937
3.55283
3.4812
3.42354
3.3735
3.33658
3.31573
3.3123
3.31437
3.32121
3.3363
3.35774
3.37701
3.39048
3.39369
3.39235
3.38733
3.3753
3.35091
3.3206
3.28784
3.25433
3.22077
3.1871
3.15337
3.11927
3.0849
3.05013
3.01517
2.97996
2.94476
2.90949
2.8744
2.83936
2.80461
2.77
2.73573
2.70163
2.6679
2.63438
2.60125
2.56836
2.53588
2.50367
2.47199
2.4405
2.40995
2.37932
2.35172
2.32413
6.32487
6.1051
5.71748
5.3783
5.08048
4.80553
4.54433
4.29545
4.05874
3.83416
3.62274
3.42459
3.23955
3.06753
2.90855
2.76291
2.63258
2.52249
2.44492
2.44759
2.4747
2.56409
2.78553
3.25328
3.88208
4.1834
4.20542
4.18204
4.11344
3.97363
3.8438
3.75445
3.73594
3.74167
3.77651
3.86969
4.06291
4.38304
4.84075
5.18209
5.29472
5.27016
5.18077
4.98662
4.75111
4.51798
4.30255
4.11653
3.95482
3.81439
3.693
3.58797
3.49794
3.4219
3.36041
3.30664
3.26434
3.23713
3.22545
3.22614
3.22987
3.23914
3.25785
3.27733
3.29287
3.30125
3.30072
3.29757
3.28894
3.27062
3.24285
3.21148
3.17903
3.14633
3.11377
3.0811
3.04836
3.01532
2.98209
2.94854
2.91489
2.88105
2.84726
2.81344
2.77981
2.74626
2.71299
2.67985
2.64704
2.61442
2.58214
2.5501
2.51846
2.48707
2.45621
2.42556
2.39587
2.36615
2.3394
2.31284
6.25881
6.12633
5.83468
5.47614
5.16627
4.89011
4.63287
4.38835
4.15567
3.93486
3.72587
3.52927
3.34525
3.17385
3.01616
2.87306
2.75273
2.65703
2.65584
2.67902
2.76098
2.97729
3.43398
4.13372
4.47026
4.48536
4.45669
4.37267
4.20305
4.04493
3.91563
3.81268
3.73825
3.70671
3.70397
3.71613
3.76664
3.88335
4.10085
4.43734
4.78958
5.03285
5.04448
5.00967
4.91165
4.70664
4.49051
4.2782
4.08554
3.91779
3.77191
3.64557
3.53647
3.44245
3.36236
3.29641
3.23992
3.19336
3.1603
3.14183
3.13879
3.1405
3.14627
3.15917
3.17814
3.19487
3.20703
3.20801
3.20647
3.20123
3.18877
3.16408
3.13529
3.10436
3.07291
3.04132
3.00988
2.97837
2.94681
2.91497
2.88297
2.8507
2.81836
2.78588
2.7535
2.72111
2.68893
2.65684
2.62505
2.5934
2.56209
2.53099
2.50031
2.46987
2.43999
2.41038
2.38176
2.35336
2.32772
2.30308
6.15948
6.09694
5.92318
5.57688
5.25658
4.97561
4.71917
4.47824
4.24917
4.03163
3.82541
3.631
3.44867
3.27963
3.1256
2.99382
2.88921
2.87449
2.89695
2.97911
3.19627
3.65998
4.41055
4.77672
4.78953
4.75586
4.65844
4.46386
4.28579
4.13697
4.01118
3.90141
3.80616
3.72678
3.68044
3.65058
3.65067
3.66675
3.72734
3.86087
4.08405
4.40273
4.66718
4.82109
4.81118
4.76182
4.64505
4.44945
4.25236
4.05641
3.88301
3.73146
3.59933
3.4853
3.38711
3.30328
3.23289
3.17425
3.12402
3.08571
3.06259
3.05191
3.05249
3.05563
3.0635
3.0794
3.09713
3.11032
3.11685
3.11615
3.11277
3.10397
3.0857
3.05979
3.03066
3.00042
2.97012
2.93983
2.90965
2.87936
2.84898
2.81834
2.78758
2.7566
2.7256
2.69452
2.66357
2.63265
2.60198
2.57143
2.54122
2.5112
2.48163
2.45236
2.42372
2.39553
2.36839
2.34207
2.31807
2.29708
5.9868
5.99874
5.91573
5.70699
5.36742
5.06864
4.80657
4.56625
4.34017
4.12578
3.92256
3.73084
3.55197
3.38781
3.24635
3.13299
3.10951
3.13178
3.21579
3.43954
3.92103
4.73039
5.12005
5.11992
5.07943
4.96562
4.75004
4.55239
4.38724
4.2463
4.11995
4.003
3.89365
3.79307
3.70585
3.63872
3.59972
3.5666
3.56901
3.59126
3.65835
3.79783
4.01608
4.29084
4.50208
4.58998
4.57554
4.52185
4.40191
4.21237
4.02885
3.85068
3.6927
3.55534
3.43598
3.33317
3.24525
3.17098
3.10986
3.05711
3.01475
2.98562
2.96853
2.96497
2.96635
2.97122
2.982
2.99942
3.01416
3.02478
3.02545
3.02398
3.01885
3.00715
2.9841
2.95769
2.92935
2.90029
2.8712
2.84213
2.81316
2.78405
2.75489
2.7255
2.69606
2.66645
2.63691
2.60733
2.57796
2.54869
2.51975
2.49106
2.46288
2.43516
2.40823
2.38215
2.35739
2.33441
2.31356
2.2983
5.55072
5.89272
5.86539
5.74526
5.48452
5.17062
4.89739
4.65459
4.43021
4.21878
4.01888
3.83135
3.65832
3.50841
3.38765
3.35916
3.38242
3.47143
3.70911
4.22298
5.08508
5.49389
5.48914
5.43551
5.2928
5.0567
4.84013
4.65918
4.50426
4.36471
4.23393
4.10872
3.98864
3.87415
3.76759
3.67161
3.59264
3.53757
3.49241
3.46339
3.46766
3.49342
3.56289
3.70501
3.9126
4.13834
4.31375
4.36157
4.34579
4.29068
4.16976
3.99249
3.81955
3.65787
3.51341
3.38837
3.2814
3.19029
3.11254
3.0472
2.99128
2.94529
2.91149
2.88985
2.87935
2.87979
2.88247
2.88934
2.90321
2.91859
2.93033
2.93668
2.93607
2.9331
2.92538
2.9092
2.88576
2.85925
2.83168
2.80379
2.77599
2.74821
2.72052
2.69273
2.66494
2.63697
2.60905
2.58104
2.55323
2.5255
2.49818
2.47121
2.44496
2.41948
2.39529
2.37258
2.35207
2.33492
2.31708
2.30621
4.573
5.65022
5.77408
5.72299
5.57864
5.28504
4.9978
4.74754
4.52204
4.31257
4.11673
3.93576
3.7784
3.65176
3.62293
3.64851
3.7463
4.00389
4.56176
5.47253
5.89003
5.88101
5.81361
5.64345
5.38321
5.14806
4.95156
4.78288
4.63052
4.487
4.34893
4.21497
4.08533
3.96055
3.84169
3.7302
3.62871
3.53856
3.47213
3.41388
3.37047
3.34634
3.35235
3.38016
3.44911
3.58823
3.78152
3.96844
4.11711
4.14033
4.12283
4.07012
3.95489
3.78858
3.622
3.4742
3.34523
3.2332
3.13546
3.0528
2.98384
2.92609
2.87703
2.83965
2.81388
2.79853
2.79524
2.79644
2.8005
2.80995
2.82493
2.83844
2.8481
2.84976
2.84846
2.84396
2.83383
2.81363
2.79009
2.76439
2.73802
2.71145
2.68508
2.65877
2.63263
2.60641
2.58031
2.55415
2.52825
2.50253
2.47741
2.45293
2.42973
2.40784
2.38855
2.37193
2.35596
2.34225
2.33071
2.32806
2.90388
5.07802
5.64445
5.65093
5.58234
5.41228
5.11829
4.85218
4.61943
4.41002
4.21954
4.05539
3.92399
3.90018
3.92961
4.03974
4.32611
4.94306
5.90964
6.31652
6.30174
6.21597
6.01088
5.72616
5.47329
5.26258
5.08105
4.91606
4.75995
4.60908
4.46226
4.31947
4.18107
4.04771
3.91981
3.79821
3.68373
3.57779
3.48281
3.40297
3.33884
3.2811
3.23864
3.21977
3.22686
3.2554
3.3222
3.4547
3.63063
3.78973
3.9194
3.93008
3.91209
3.86226
3.75382
3.60291
3.45003
3.30926
3.18449
3.08162
2.99466
2.92114
2.85969
2.80841
2.76735
2.73766
2.71816
2.7106
2.71122
2.71412
2.72108
2.73494
2.74897
2.75982
2.76603
2.7656
2.76316
2.75661
2.7429
2.72213
2.69866
2.67398
2.64915
2.62432
2.59983
2.57544
2.55137
2.52746
2.50401
2.48114
2.45934
2.43897
2.42099
2.40611
2.3922
2.37964
2.37059
2.36556
2.36723
2.37458
2.16024
3.78942
5.27867
5.56113
5.54492
5.45484
5.25082
4.97041
4.72493
4.51412
4.33946
4.20219
4.18857
4.22358
4.35155
4.67733
5.37164
6.40638
6.78108
6.75741
6.64696
6.39752
6.08693
5.81576
5.59103
5.39734
5.22032
5.0517
4.88794
4.72804
4.57216
4.4208
4.27442
4.13346
3.99818
3.86888
3.7459
3.62971
3.5213
3.42206
3.33429
3.26248
3.19629
3.14196
3.10115
3.08677
3.09434
3.12241
3.1866
3.31147
3.47017
3.60837
3.72804
3.73115
3.71324
3.66351
3.55708
3.42239
3.28857
3.15972
3.04515
2.94691
2.86479
2.79656
2.74071
2.69614
2.66259
2.64096
2.62912
2.6293
2.63119
2.63627
2.64699
2.66122
2.67406
2.68327
2.68541
2.68441
2.68071
2.67218
2.65523
2.63495
2.61286
2.59007
2.56748
2.54518
2.5235
2.50256
2.48259
2.46429
2.44818
2.43569
2.4243
2.41442
2.40702
2.40513
2.40778
2.41604
2.43492
2.47605
1.62356
2.50093
4.42602
5.33643
5.47353
5.43703
5.32685
5.09566
4.84269
4.63998
4.4911
4.48821
4.53068
4.68458
5.0648
5.86842
6.90114
7.25282
7.22333
7.09206
6.80401
6.46708
6.17741
5.9384
5.73227
5.54312
5.36188
5.18491
5.01152
4.84217
4.67752
4.51816
4.36446
4.21666
4.07487
3.93913
3.80955
3.68616
3.56932
3.45945
3.35769
3.26463
3.18525
3.11441
3.05052
2.99956
2.96162
2.95215
2.95987
2.98661
3.04734
3.1632
3.30759
3.43303
3.53921
3.53953
3.5215
3.4736
3.37255
3.25143
3.12903
3.01367
2.91021
2.82057
2.74568
2.68363
2.63334
2.59527
2.56851
2.55283
2.54894
2.55005
2.5537
2.56221
2.57641
2.59068
2.60125
2.6084
2.60826
2.60667
2.60194
2.5917
2.5751
2.55639
2.53678
2.51745
2.49909
2.48261
2.46886
2.45837
2.45149
2.44405
2.44009
2.44139
2.44601
2.45772
2.48063
2.52333
2.57216
2.6732
1.32447
1.7865
2.81474
4.78042
5.32805
5.38153
5.33305
5.21091
4.98669
4.80444
4.79754
4.85024
5.03732
5.49097
6.43885
7.46786
7.78101
7.73416
7.56554
7.21464
6.85722
6.55533
6.30509
6.08734
5.88582
5.6914
5.50062
5.31307
5.12952
4.95092
4.77797
4.61112
4.45059
4.29644
4.14869
4.00721
3.87199
3.74288
3.61991
3.50316
3.39292
3.28969
3.19456
3.1089
3.03492
2.96532
2.90421
2.85727
2.82224
2.81754
2.82551
2.85039
2.90887
3.01514
3.14782
3.26181
3.36099
3.3582
3.33819
3.29281
3.19699
3.08943
2.97924
2.87558
2.78139
2.70026
2.63366
2.57814
2.53416
2.50193
2.48158
2.47204
2.47253
2.47514
2.4815
2.49442
2.50913
2.52304
2.53255
2.53831
2.53808
2.5364
2.53184
2.52222
2.50858
2.4949
2.48286
2.47518
2.47182
2.46753
2.46855
2.47222
2.48075
2.49853
2.52842
2.57345
2.62905
2.72257
2.79983
2.95508
1.18068
1.44092
2.06852
3.52963
4.93725
5.28218
5.3028
5.26532
5.16502
5.13836
5.20103
5.4242
5.97043
7.09467
8.09384
8.31685
8.25202
8.05089
7.64319
7.25853
6.94456
6.68662
6.45995
6.24707
6.03943
5.83436
5.63207
5.43372
5.2405
5.05332
4.87269
4.69887
4.53195
4.37189
4.21858
4.07188
3.93162
3.79761
3.66968
3.54778
3.43187
3.32208
3.21871
3.12245
3.03357
2.95546
2.88269
2.81759
2.75994
2.71764
2.68529
2.68523
2.69339
2.71652
2.77174
2.87102
2.99556
3.1
3.18962
3.18583
3.16493
3.12024
3.03024
2.93518
2.83666
2.74351
2.65864
2.58729
2.52892
2.48019
2.44278
2.41726
2.40207
2.40033
2.40198
2.40642
2.41685
2.43303
2.4491
2.46311
2.47306
2.4798
2.48326
2.48317
2.48252
2.48264
2.48357
2.48537
2.48952
2.49774
2.5131
2.53747
2.57255
2.62184
2.6907
2.78255
2.87964
3.0002
3.08892
3.22238
1.09477
1.23387
1.56119
2.33738
4.04038
5.02156
5.25233
5.31242
5.36954
5.51324
5.85457
6.56923
7.89903
8.81671
8.89914
8.80706
8.55361
8.07727
7.67066
7.34923
7.08531
6.85063
6.62682
6.40583
6.18601
5.96843
5.75473
5.54636
5.34434
5.1493
4.96156
4.78121
4.60825
4.44257
4.28401
4.13246
3.98755
3.84913
3.71693
3.5908
3.47059
3.35616
3.24758
3.14492
3.0486
2.95905
2.87756
2.80381
2.73423
2.67326
2.61968
2.58187
2.55325
2.55493
2.56485
2.58783
2.6396
2.73426
2.8525
2.94625
3.02609
3.02202
3.00134
2.95726
2.87337
2.78972
2.70242
2.61911
2.54422
2.48324
2.43211
2.3904
2.36004
2.34085
2.33414
2.33524
2.33919
2.3482
2.36549
2.38496
2.40414
2.42171
2.43723
2.45149
2.46624
2.48665
2.50048
2.51836
2.53976
2.57092
2.61267
2.67341
2.7522
2.84747
2.95201
3.06323
3.16337
3.25229
3.30341
3.35553
1.0504
1.11961
1.28796
1.68459
2.57251
4.39651
5.10888
5.40778
5.70711
6.28471
7.28063
8.83364
9.62898
9.5996
9.42039
9.01412
8.50954
8.09494
7.76987
7.50327
7.26229
7.02718
6.79166
6.55579
6.32177
6.09184
5.86762
5.65019
5.44017
5.23789
5.04348
4.85697
4.67831
4.50736
4.34396
4.18777
4.03865
3.8963
3.76041
3.63072
3.50698
3.38903
3.27679
3.17009
3.06898
2.97354
2.88424
2.80143
2.72623
2.65563
2.59053
2.53427
2.48506
2.45124
2.4274
2.42938
2.43943
2.46435
2.51701
2.60602
2.71743
2.79998
2.87234
2.86813
2.84795
2.80508
2.72801
2.65422
2.57743
2.50399
2.4405
2.38918
2.34565
2.31176
2.28925
2.27926
2.28032
2.28453
2.29433
2.31424
2.34058
2.37018
2.40114
2.43667
2.47476
2.51103
2.54834
2.59387
2.64987
2.72207
2.80967
2.91099
3.01976
3.12739
3.22134
3.29387
3.33955
3.36341
3.36125
3.35624
1.02781
1.06283
1.15628
1.36891
1.88674
3.05875
4.70102
5.56853
6.45676
7.97981
9.87074
10.5201
10.4312
10.1202
9.49189
8.96259
8.54379
8.21669
7.94796
7.69613
7.44741
7.19604
6.94327
6.69215
6.4453
6.20455
5.97109
5.74549
5.52806
5.31897
5.1183
4.92603
4.74206
4.56623
4.39831
4.23801
4.08501
3.93903
3.79973
3.66684
3.54003
3.41912
3.30383
3.19405
3.08966
2.99057
2.89685
2.80868
2.72608
2.65044
2.5792
2.51351
2.45311
2.40151
2.357
2.32638
2.30836
2.31061
2.32083
2.34742
2.40327
2.48444
2.59005
2.6653
2.73001
2.72569
2.7062
2.66438
2.59499
2.53027
2.46367
2.40096
2.35002
2.30827
2.27561
2.25117
2.24398
2.24601
2.25262
2.26734
2.29678
2.33906
2.39274
2.4499
2.51016
2.57619
2.65306
2.7454
2.85098
2.96442
3.07922
3.18399
3.27054
3.32881
3.36516
3.37051
3.36758
3.35944
3.3432
3.33243
1.01538
1.03443
1.08644
1.20058
1.49382
2.1698
3.71381
5.7
8.22374
10.9957
11.4982
11.3048
10.7712
10.0193
9.43418
9.00225
8.67191
8.40006
8.14138
7.87966
7.61079
7.34122
7.07379
6.81076
6.55383
6.30424
6.06276
5.82983
5.6057
5.39048
5.1842
4.9868
4.79815
4.61803
4.44616
4.28222
4.12584
3.9767
3.83443
3.69874
3.5693
3.44588
3.32819
3.21603
3.10923
3.00758
2.91104
2.81953
2.73304
2.65178
2.57619
2.50535
2.43885
2.37821
2.32287
2.27562
2.23611
2.20831
2.19645
2.19972
2.21091
2.23929
2.29527
2.37562
2.47442
2.54242
2.59998
2.59568
2.57765
2.53809
2.47902
2.42383
2.36815
2.31898
2.28196
2.25368
2.24436
2.24642
2.25366
2.27001
2.30331
2.35548
2.42205
2.50482
2.60078
2.71389
2.84341
2.97707
3.10517
3.21419
3.29789
3.34768
3.37181
3.36968
3.36299
3.35294
3.33861
3.32741
3.32821
3.33208
1.00896
1.0225
1.05201
1.12841
1.31122
1.77765
2.94082
5.71412
11.5973
12.5495
12.2059
11.375
10.5481
9.93526
9.49787
9.16527
8.88841
8.61565
8.33407
8.04565
7.75502
7.46777
7.18782
6.91471
6.64915
6.39177
6.14305
5.90334
5.67292
5.45195
5.24048
5.0384
4.84551
4.66152
4.4861
4.31888
4.15946
4.00749
3.86261
3.72449
3.59281
3.4673
3.34767
3.23365
3.12505
3.02161
2.92318
2.8296
2.74076
2.65666
2.57726
2.50296
2.43317
2.3676
2.30632
2.25052
2.20021
2.15704
2.12313
2.09843
2.09323
2.09717
2.11027
2.14042
2.20069
2.27731
2.3705
2.43397
2.48643
2.48306
2.46833
2.43713
2.39394
2.34839
2.3088
2.27883
2.27232
2.27577
2.28705
2.31212
2.36211
2.43648
2.53082
2.64762
2.78711
2.93403
3.07285
3.18902
3.27516
3.32653
3.35021
3.34857
3.3437
3.33614
3.32497
3.32527
3.32749
3.33313
3.34519
3.37017
1.00741
1.01686
1.04352
1.10267
1.26397
1.68064
2.85973
6.12623
12.9327
12.6017
11.744
10.9304
10.373
9.99074
9.68454
9.40245
9.11005
8.80427
8.49202
8.18034
7.87324
7.57215
7.28133
6.99839
6.72526
6.46166
6.20742
5.96267
5.72761
5.50237
5.28698
5.08126
4.885
4.69788
4.51954
4.34961
4.18769
4.03342
3.88644
3.74639
3.61294
3.48576
3.3646
3.2491
3.13911
3.03427
2.93448
2.83944
2.74905
2.66314
2.58167
2.50453
2.43191
2.36324
2.29858
2.23833
2.18253
2.13163
2.08681
2.0478
2.01968
1.99904
2.00026
2.00667
2.02211
2.05533
2.1211
2.19761
2.28664
2.3495
2.40009
2.40468
2.39931
2.38671
2.36547
2.34973
2.3529
2.36464
2.39192
2.44602
2.52628
2.63067
2.75349
2.88109
3.0004
3.10076
3.17852
3.23107
3.25764
3.26864
3.27291
3.2753
3.27994
3.28923
3.30481
3.32669
3.34857
3.37447
3.39293
3.42997
1.00676
1.01551
1.04076
1.09762
1.25579
1.67783
2.94036
6.77183
12.8106
11.9834
11.1117
10.6769
10.4084
10.1606
9.88699
9.5805
9.25524
8.92401
8.59455
8.2708
7.95452
7.64628
7.34484
7.05547
6.7771
6.50884
6.25058
6.00236
5.76426
5.53623
5.31821
5.10998
4.91134
4.72194
4.54146
4.36955
4.20582
4.04989
3.9014
3.75997
3.62528
3.49697
3.37477
3.25833
3.14742
3.04175
2.9411
2.84522
2.75395
2.66706
2.58444
2.50595
2.43153
2.36123
2.2948
2.23219
2.17341
2.11857
2.06834
2.02255
1.98315
1.95
1.92629
1.91706
1.91962
1.92878
1.95059
1.99536
2.0676
2.15191
2.24232
2.31859
2.37715
2.40855
2.43702
2.4651
2.5061
2.55833
2.62403
2.70813
2.80037
2.89102
2.97099
3.03416
3.0768
3.10496
3.12328
3.13507
3.14869
3.16586
3.18955
3.21878
3.25229
3.28969
3.3265
3.36323
3.39695
3.42974
3.44756
3.47961
1.00653
1.01535
1.04008
1.09746
1.25594
1.68523
2.9816
6.98366
12.7166
11.7487
11.0117
10.6954
10.494
10.2573
9.96721
9.64566
9.31228
8.9774
8.64594
8.32024
8.00164
7.691
7.3886
7.09568
6.81308
6.5406
6.27913
6.02852
5.78851
5.55882
5.33926
5.12956
4.92949
4.73874
4.55699
4.38389
4.21906
4.06215
3.91274
3.77049
3.63502
3.50601
3.38312
3.26608
3.15455
3.04832
2.94708
2.85065
2.75878
2.67128
2.58797
2.5087
2.43337
2.36193
2.29425
2.23014
2.16968
2.11284
2.05986
2.01079
1.96632
1.92683
1.89326
1.86818
1.85333
1.85506
1.86215
1.87988
1.91672
1.98246
2.07281
2.17873
2.30525
2.41975
2.52869
2.63215
2.73216
2.82593
2.90991
2.97198
3.01448
3.04078
3.03978
3.03647
3.03023
3.0306
3.03382
3.04355
3.06512
3.10372
3.15123
3.20385
3.25832
3.31085
3.35997
3.40276
3.43616
3.46469
3.47778
3.50402
1.00656
1.01537
1.04001
1.0982
1.25717
1.6927
3.00818
7.09381
12.6804
11.6609
10.9512
10.6715
10.4921
10.2645
9.97756
9.65858
9.32779
8.99516
8.66476
8.33892
8.01951
7.70793
7.40483
7.1108
6.82613
6.55288
6.29063
6.03931
5.79869
5.56845
5.34832
5.13802
4.93729
4.74586
4.56343
4.38966
4.2242
4.06668
3.91672
3.77396
3.63805
3.50863
3.38539
3.26801
3.1562
3.0497
2.94823
2.85156
2.75945
2.67172
2.58814
2.50859
2.43288
2.36097
2.29274
2.22813
2.1671
2.10953
2.05563
2.00531
1.959
1.91707
1.87969
1.84959
1.82417
1.81748
1.82032
1.82931
1.85048
1.89442
1.97366
2.09049
2.24286
2.42493
2.61887
2.80335
2.95863
3.06573
3.13089
3.12644
3.11238
3.09188
3.05277
3.0151
2.98816
2.9892
2.99493
3.00852
3.03537
3.08273
3.14121
3.20426
3.2673
3.32565
3.37672
3.41919
3.45122
3.47715
3.48906
3.51286
)
;

boundaryField
{
    inlet
    {
        type            fixedValue;
        value           uniform 1;
    }
    outlet
    {
        type            waveTransmissive;
        gamma           1.4;
        fieldInf        1;
        lInf            3;
        value           nonuniform List<scalar> 
40
(
2.47149
2.46877
2.46465
2.45908
2.45307
2.44643
2.43968
2.43249
2.42524
2.41765
2.40989
2.40173
2.39313
2.38401
2.37434
2.36412
2.35336
2.34211
2.33049
2.31877
2.30744
2.29755
2.29125
2.29212
2.29946
2.32034
2.36512
2.46267
2.65456
2.9335
3.20516
3.3459
3.35065
3.32628
3.32413
3.36072
3.42011
3.47
3.49453
3.50324
)
;
    }
    bottom
    {
        type            symmetryPlane;
    }
    top
    {
        type            symmetryPlane;
    }
    obstacle
    {
        type            zeroGradient;
    }
    defaultFaces
    {
        type            empty;
    }
}


// ************************************************************************* //
