/*--------------------------------*- C++ -*----------------------------------*\
  =========                 |
  \\      /  F ield         | OpenFOAM: The Open Source CFD Toolbox
   \\    /   O peration     | Website:  https://openfoam.org
    \\  /    A nd           | Version:  13
     \\/     M anipulation  |
\*---------------------------------------------------------------------------*/
FoamFile
{
    format      ascii;
    class       volScalarField;
    location    "3.5";
    object      rho;
}
// * * * * * * * * * * * * * * * * * * * * * * * * * * * * * * * * * * * * * //

dimensions      [1 -3 0 0 0 0 0];

internalField   nonuniform List<scalar> 
5250
(
1.40001
1.40002
1.40006
1.40016
1.40035
1.40095
1.40218
1.40566
1.41323
1.43331
1.47741
1.58057
1.79468
2.26542
4.16073
5.95137
5.76877
5.64995
5.66879
5.75421
5.84506
5.89772
5.93773
5.95791
5.98165
1.40001
1.40002
1.40006
1.40015
1.40035
1.40093
1.40212
1.40567
1.41276
1.43325
1.47564
1.57839
1.78872
2.25176
4.10711
5.95916
5.7704
5.64734
5.6666
5.75258
5.84356
5.89644
5.93722
5.95815
5.98284
1.40001
1.40002
1.40006
1.40015
1.40034
1.40089
1.40209
1.40532
1.41272
1.43146
1.47401
1.57214
1.77784
2.22237
3.98782
5.97653
5.7739
5.63906
5.65764
5.74257
5.83265
5.88422
5.92581
5.94608
5.97056
1.40001
1.40002
1.40006
1.40013
1.40036
1.40077
1.40213
1.40477
1.41257
1.42896
1.47159
1.56241
1.7618
2.17968
3.80354
6.00293
5.78099
5.62594
5.64225
5.72401
5.81386
5.86275
5.90308
5.92249
5.94779
1.40001
1.40002
1.40005
1.40013
1.40031
1.40077
1.40189
1.4046
1.41144
1.42735
1.46623
1.55268
1.73917
2.12796
3.56245
6.03148
5.79326
5.61038
5.62076
5.69848
5.78402
5.833
5.86913
5.88981
5.91554
1.40001
1.40002
1.40005
1.40011
1.40031
1.40066
1.40184
1.40401
1.41084
1.42449
1.46164
1.53966
1.71469
2.07168
3.27608
6.03971
5.80638
5.595
5.60187
5.66224
5.74923
5.78943
5.82421
5.83896
5.86771
1.40001
1.40002
1.40005
1.40011
1.40027
1.40062
1.40163
1.40373
1.4098
1.42244
1.45627
1.52831
1.68997
2.01924
3.03048
5.96133
5.78521
5.56843
5.56916
5.62221
5.69587
5.73502
5.7593
5.77212
5.79829
1.40001
1.40002
1.40004
1.40009
1.40026
1.40054
1.40155
1.40329
1.40918
1.42013
1.45208
1.5173
1.66823
1.97283
2.84581
5.74577
5.69758
5.53225
5.527
5.56178
5.63032
5.6565
5.67328
5.66945
5.69436
1.40001
1.40002
1.40004
1.40009
1.40022
1.40052
1.40134
1.40311
1.40807
1.41868
1.44688
1.50784
1.64572
1.9292
2.67744
5.4332
5.58286
5.5067
5.47802
5.49025
5.54116
5.55664
5.55193
5.52871
5.52475
1.40001
1.40001
1.40004
1.40008
1.40021
1.40045
1.40125
1.40268
1.40748
1.41635
1.44281
1.49652
1.62394
1.88269
2.5203
5.04129
5.51987
5.4713
5.41115
5.4127
5.43468
5.42845
5.39834
5.32273
5.25304
1.40001
1.40001
1.40003
1.40008
1.40016
1.40045
1.40095
1.4027
1.40579
1.41591
1.43533
1.48862
1.59675
1.8353
2.36985
4.57309
5.48238
5.44068
5.34122
5.32512
5.31672
5.28466
5.19115
4.96297
4.29583
1.40001
1.40001
1.40003
1.40006
1.40015
1.40036
1.40091
1.4021
1.4055
1.41256
1.43227
1.47399
1.57372
1.77917
2.22659
4.02537
5.4688
5.41725
5.28499
5.23511
5.20204
5.13129
4.97631
4.65221
3.92781
1.40001
1.40001
1.40002
1.40005
1.40013
1.40028
1.40079
1.40168
1.40471
1.41019
1.42733
1.4611
1.54735
1.72138
2.09005
3.41439
5.45644
5.40415
5.25154
5.15415
5.09214
4.98642
4.783
4.44459
3.85862
1.40001
1.40001
1.40002
1.40004
1.40011
1.40024
1.40062
1.40142
1.40367
1.40858
1.42155
1.4505
1.51979
1.66657
1.96926
2.82417
5.34698
5.34553
5.24578
5.09009
4.99029
4.86348
4.64459
4.32369
3.86735
1.40001
1.40001
1.40002
1.40004
1.40009
1.40019
1.40051
1.40117
1.40296
1.40711
1.41744
1.44185
1.49882
1.62339
1.88402
2.52063
4.92329
5.24767
5.18562
5.035
4.90222
4.76112
4.54938
4.25456
3.8775
1.40001
1.40001
1.40002
1.40003
1.40007
1.40015
1.40043
1.40089
1.40254
1.40536
1.41488
1.43263
1.48252
1.58277
1.80565
2.28571
4.2306
5.14172
5.10681
4.99171
4.83277
4.67847
4.47708
4.20952
3.88305
1.40001
1.40001
1.40001
1.40003
1.40005
1.40014
1.4003
1.40081
1.40172
1.40484
1.4104
1.42796
1.46224
1.54985
1.72591
2.09526
3.48323
5.08967
5.06855
4.97474
4.78412
4.6146
4.42136
4.17704
3.88684
1.40001
1.40001
1.40001
1.40002
1.40004
1.4001
1.40023
1.40059
1.4014
1.40341
1.40842
1.42006
1.44868
1.51297
1.65403
1.93312
2.70241
4.93444
5.05068
4.96892
4.77628
4.57573
4.38084
4.15464
3.8922
1.40001
1.40001
1.40001
1.40002
1.40003
1.40008
1.40017
1.40047
1.40099
1.40281
1.40593
1.41632
1.43582
1.48969
1.59797
1.83417
2.36443
4.40818
4.9588
4.91027
4.7656
4.54982
4.35192
4.13921
3.89957
1.40001
1.40001
1.40001
1.40001
1.40003
1.40006
1.40015
1.40031
1.40085
1.40184
1.40501
1.41113
1.42895
1.46554
1.55551
1.73811
2.11785
3.60135
4.87141
4.84991
4.75647
4.54452
4.33397
4.12925
3.90784
1.40001
1.40001
1.40001
1.40001
1.40002
1.40005
1.4001
1.40025
1.40056
1.40144
1.40337
1.40841
1.42002
1.44833
1.51185
1.65148
1.9176
2.66674
4.69799
4.83525
4.76043
4.57341
4.33745
4.12863
3.92054
1.40001
1.40001
1.40001
1.40001
1.40002
1.40004
1.40007
1.40019
1.4004
1.40106
1.40241
1.40615
1.41442
1.43556
1.4824
1.58954
1.80683
2.29245
4.14228
4.75407
4.71579
4.59025
4.356
4.13926
3.93738
1.40001
1.40001
1.40001
1.40001
1.40001
1.40003
1.40006
1.40013
1.40029
1.40076
1.40169
1.40452
1.40996
1.42616
1.45863
1.54025
1.70497
2.0363
3.26625
4.62566
4.64049
4.5751
4.39587
4.16804
3.9611
1.40001
1.40001
1.40001
1.40001
1.40001
1.40002
1.40004
1.40008
1.40022
1.40047
1.40129
1.40279
1.40749
1.41662
1.44245
1.49499
1.61898
1.84747
2.4354
4.29871
4.61597
4.56632
4.42991
4.20813
3.99242
1.40001
1.40001
1.40001
1.40001
1.40001
1.40002
1.40003
1.40006
1.40015
1.40033
1.40089
1.40189
1.40522
1.41122
1.42977
1.4658
1.55697
1.73508
2.10442
3.52553
4.53051
4.51604
4.44918
4.26974
4.03752
1.40001
1.40001
1.40001
1.40001
1.40001
1.40001
1.40002
1.40005
1.40009
1.40024
1.40055
1.40134
1.40326
1.40773
1.41909
1.44436
1.50465
1.63186
1.86648
2.51188
4.2939
4.51237
4.46096
4.33315
4.09834
1.40001
1.40001
1.40001
1.40001
1.40001
1.40001
1.40002
1.40003
1.40007
1.40015
1.40037
1.4009
1.40212
1.40535
1.41229
1.43083
1.47034
1.56355
1.74821
2.13818
3.63202
4.43498
4.42364
4.35825
4.19196
1.40001
1.40001
1.40001
1.40001
1.40001
1.40001
1.40001
1.40002
1.40005
1.40011
1.40024
1.40061
1.40132
1.4036
1.40767
1.42064
1.44499
1.51009
1.63814
1.88146
2.6137
4.19879
4.40711
4.36633
4.25546
1.40001
1.40001
1.40001
1.40001
1.40001
1.40001
1.40001
1.40002
1.40003
1.40007
1.40015
1.4004
1.40084
1.40233
1.40495
1.41334
1.42925
1.47295
1.56065
1.74613
2.13014
3.57027
4.32171
4.32605
4.27413
1.40001
1.40001
1.40001
1.40001
1.40001
1.40001
1.40001
1.40001
1.40002
1.40004
1.4001
1.40024
1.40057
1.40139
1.40323
1.40818
1.41859
1.44617
1.50346
1.63306
1.85794
2.54554
4.0638
4.30583
4.27586
1.40001
1.40001
1.40001
1.40001
1.40001
1.40001
1.40001
1.40001
1.40002
1.40003
1.40007
1.40014
1.40038
1.4008
1.4022
1.40471
1.41254
1.42764
1.46872
1.55127
1.72572
2.07834
3.39918
4.20418
4.24173
1.40001
1.40001
1.40001
1.40001
1.40001
1.40001
1.40001
1.40001
1.40001
1.40002
1.40004
1.4001
1.40021
1.40055
1.40119
1.40321
1.4068
1.41822
1.43949
1.49667
1.60793
1.81253
2.3551
3.90792
4.21756
1.40001
1.40001
1.40001
1.40001
1.40001
1.40001
1.40001
1.40001
1.40001
1.40001
1.40003
1.40006
1.40015
1.40031
1.4008
1.40179
1.40455
1.41052
1.42567
1.45961
1.537
1.69244
1.99865
3.14023
4.06819
1.40001
1.40001
1.40001
1.40001
1.40001
1.40001
1.40001
1.40001
1.40001
1.40001
1.40002
1.40004
1.40008
1.40021
1.40044
1.40114
1.40257
1.40647
1.4149
1.4363
1.4825
1.58645
1.76857
2.22941
3.67426
1.40001
1.40001
1.40001
1.40001
1.40001
1.40001
1.40001
1.40001
1.40001
1.40001
1.40001
1.40003
1.40005
1.40013
1.40026
1.40069
1.4015
1.4039
1.40878
1.42193
1.44995
1.51679
1.64973
1.89866
2.75605
1.40001
1.40001
1.40001
1.40001
1.40001
1.40001
1.40001
1.40001
1.40001
1.40001
1.40001
1.40002
1.40003
1.40007
1.40017
1.40037
1.40096
1.40212
1.4054
1.41227
1.4302
1.46847
1.55675
1.71752
2.08034
1.40001
1.40001
1.40001
1.40001
1.40001
1.40001
1.40001
1.40001
1.40001
1.40001
1.40001
1.40001
1.40002
1.40005
1.40009
1.40023
1.4005
1.40129
1.40289
1.40724
1.41653
1.44002
1.49002
1.59884
1.78159
1.40001
1.40001
1.40001
1.40001
1.40001
1.40001
1.40001
1.40001
1.40001
1.40001
1.40001
1.40001
1.40002
1.40003
1.40006
1.40013
1.40031
1.40072
1.40169
1.40418
1.40944
1.42366
1.45285
1.52397
1.65886
1.40001
1.40001
1.40001
1.40001
1.40001
1.40001
1.40001
1.40001
1.40001
1.40001
1.40001
1.40001
1.40001
1.40002
1.40004
1.40007
1.40018
1.40039
1.40098
1.40225
1.40546
1.41298
1.43039
1.47088
1.55764
1.40001
1.40001
1.40001
1.40001
1.40001
1.40001
1.40001
1.40001
1.40001
1.40001
1.40001
1.40001
1.40001
1.40001
1.40002
1.40004
1.4001
1.40021
1.40056
1.40118
1.40316
1.40668
1.41759
1.43772
1.492
1.40001
1.40001
1.40001
1.40001
1.40001
1.40001
1.40001
1.40001
1.40001
1.40001
1.40001
1.40001
1.40001
1.40001
1.40001
1.40003
1.40006
1.40013
1.4003
1.40071
1.40162
1.40407
1.40904
1.42281
1.45039
1.40001
1.40001
1.40001
1.40001
1.40001
1.40001
1.40001
1.40001
1.40001
1.40001
1.40001
1.40001
1.40001
1.40001
1.40001
1.40002
1.40003
1.40007
1.40017
1.40037
1.40096
1.40202
1.40539
1.41139
1.42955
1.40001
1.40001
1.40001
1.40001
1.40001
1.40001
1.40001
1.40001
1.40001
1.40001
1.40001
1.40001
1.40001
1.40001
1.40001
1.40001
1.40002
1.40004
1.40009
1.40021
1.40049
1.40113
1.40277
1.40625
1.41553
1.40001
1.40001
1.40001
1.40001
1.40001
1.40001
1.40001
1.40001
1.40001
1.40001
1.40001
1.40001
1.40001
1.40001
1.40001
1.40001
1.40001
1.40003
1.40005
1.40012
1.40025
1.40065
1.4014
1.40359
1.40797
1.40001
1.40001
1.40001
1.40001
1.40001
1.40001
1.40001
1.40001
1.40001
1.40001
1.40001
1.40001
1.40001
1.40001
1.40001
1.40001
1.40001
1.40002
1.40003
1.40007
1.40014
1.40037
1.40077
1.40202
1.40436
1.40001
1.40001
1.40001
1.40001
1.40001
1.40001
1.40001
1.40001
1.40001
1.40001
1.40001
1.40001
1.40001
1.40001
1.40001
1.40001
1.40001
1.40001
1.40002
1.40004
1.4001
1.40021
1.40051
1.40117
1.40279
1.40001
1.40001
1.40001
1.40001
1.40001
1.40001
1.40001
1.40001
1.40001
1.40001
1.40001
1.40001
1.40001
1.40001
1.40001
1.40001
1.40001
1.40001
1.40002
1.40003
1.40006
1.40017
1.40035
1.40094
1.402
1.40001
1.40001
1.40001
1.40001
1.40001
1.40001
1.40001
1.40001
1.40001
1.40001
1.40001
1.40001
1.40001
1.40001
1.40001
1.40001
1.40001
1.40001
1.40001
1.40003
1.40005
1.40014
1.4003
1.40083
1.40178
1.40001
1.40001
1.40001
1.40001
1.40001
1.40001
1.40001
1.40001
1.40001
1.40001
1.40001
1.40001
1.40001
1.40001
1.40001
1.40001
1.40001
1.40001
1.40001
1.40003
1.40005
1.40014
1.40029
1.4008
1.40171
1.40001
1.40001
1.40001
1.40001
1.40001
1.40001
1.40001
1.40001
1.40001
1.40001
1.40001
1.40001
1.40001
1.40001
1.40001
1.40001
1.40001
1.40001
1.40001
1.40003
1.40005
1.40013
1.4003
1.40075
1.40183
1.89225
1.03412
0.718211
0.64214
0.642342
0.675071
0.765007
0.838474
0.862063
0.861786
0.858957
0.857816
0.858201
0.860037
0.864722
0.871443
0.877557
0.885668
0.902035
0.936148
1.00767
1.17382
1.47218
1.62184
1.64436
1.62769
1.59281
1.5714
1.57295
1.57038
1.57052
1.57406
1.57959
1.59512
1.62494
1.66843
1.72649
1.78764
1.84935
1.90844
1.96059
2.00499
2.04114
2.07239
2.10032
2.11852
2.13316
2.14056
2.14722
2.14864
2.15052
2.14414
2.14042
2.13042
2.12345
2.1105
2.10084
2.0856
2.0739
2.05695
2.0437
2.02538
2.01093
1.99154
1.97619
1.95602
1.94004
1.91942
1.9029
1.88247
1.86548
1.84521
1.82816
1.80801
1.79088
1.77096
1.75376
1.73416
1.717
1.69772
1.6807
1.66182
1.64502
1.62654
1.61001
1.59196
1.57575
1.55813
1.54226
1.52509
1.50963
1.49289
1.47798
1.46172
1.44751
1.43221
1.41912
1.40562
1.39503
1.38748
2.33881
1.53223
1.17289
1.0229
0.960986
0.916334
0.907637
0.91189
0.922292
0.947247
0.971944
0.982989
0.982933
0.98239
0.982487
0.983434
0.986426
0.993397
1.00838
1.03995
1.1005
1.24645
1.53337
1.70191
1.71354
1.6684
1.6086
1.56358
1.5408
1.52596
1.51578
1.51506
1.52047
1.53339
1.56299
1.61187
1.67673
1.75155
1.82833
1.90573
1.98936
2.04684
2.10608
2.14821
2.19087
2.21706
2.24335
2.25755
2.27196
2.27798
2.28606
2.28353
2.28233
2.27507
2.27088
2.2603
2.25295
2.23939
2.22947
2.21401
2.20186
2.18512
2.1711
2.1533
2.1379
2.11917
2.1028
2.08332
2.06628
2.04622
2.0288
2.00845
1.99079
1.97045
1.95263
1.93243
1.91453
1.89451
1.87659
1.85675
1.83894
1.81928
1.80165
1.78223
1.76483
1.74569
1.72856
1.70973
1.6929
1.6744
1.65796
1.63994
1.62404
1.60664
1.59136
1.57476
1.56056
1.54575
1.534
1.52549
2.86119
2.13007
1.65816
1.35694
1.16208
1.04176
0.964638
0.956252
0.960078
0.970981
0.997605
1.02329
1.04069
1.04914
1.05155
1.05241
1.05439
1.05914
1.06998
1.09404
1.14454
1.25086
1.4765
1.79661
1.82652
1.77349
1.72857
1.67488
1.62191
1.57329
1.5396
1.52017
1.51822
1.52643
1.55682
1.60986
1.68962
1.77796
1.86889
1.95791
2.03507
2.09878
2.15602
2.20101
2.24268
2.27156
2.29821
2.31401
2.32913
2.33691
2.34577
2.34627
2.34442
2.33837
2.33358
2.3246
2.31664
2.3045
2.29383
2.27935
2.26655
2.25055
2.23607
2.21897
2.20323
2.18517
2.16864
2.14967
2.13263
2.11291
2.0954
2.07523
2.05729
2.03703
2.01882
1.99872
1.98044
1.96057
1.94232
1.92262
1.90449
1.88488
1.86695
1.84745
1.82978
1.81052
1.79305
1.77419
1.75705
1.73868
1.7219
1.70394
1.68753
1.67009
1.65422
1.6375
1.62263
1.60752
1.59487
1.58596
3.16326
2.51764
2.02355
1.67112
1.43084
1.26697
1.16346
1.09831
1.05832
1.04819
1.05024
1.05639
1.07118
1.08934
1.10293
1.11114
1.11377
1.1169
1.12363
1.13897
1.17355
1.23682
1.40095
1.7696
1.8863
1.87032
1.85089
1.80248
1.73332
1.70063
1.66604
1.63643
1.62187
1.63021
1.66182
1.71529
1.7929
1.87762
1.96493
2.04568
2.12197
2.18496
2.24118
2.28659
2.32715
2.35746
2.3832
2.40012
2.41442
2.4227
2.43217
2.43332
2.4321
2.4241
2.4194
2.40931
2.40169
2.38875
2.37814
2.36255
2.34968
2.33201
2.3176
2.29859
2.28296
2.26315
2.24631
2.22598
2.20818
2.1876
2.16934
2.14866
2.13017
2.10939
2.09063
2.06981
2.0508
2.03015
2.01105
1.99072
1.97172
1.95166
1.93286
1.91293
1.8944
1.87478
1.8566
1.83733
1.81939
1.80062
1.78306
1.76484
1.74768
1.73004
1.71341
1.69646
1.68074
1.66527
1.6516
1.64206
3.34359
2.79597
2.3289
1.96517
1.69319
1.49222
1.34433
1.23738
1.16143
1.11286
1.08571
1.08594
1.08813
1.09392
1.10794
1.12194
1.13247
1.14103
1.14721
1.15936
1.18435
1.23561
1.33851
1.56646
1.91645
1.98762
1.9454
1.8995
1.86495
1.82647
1.79395
1.77557
1.77538
1.79694
1.8277
1.87103
1.92664
1.98975
2.05245
2.11437
2.18257
2.2447
2.30104
2.34531
2.38569
2.41419
2.44005
2.45533
2.47001
2.47687
2.48717
2.49075
2.49261
2.48406
2.47719
2.46567
2.45693
2.44403
2.43359
2.41886
2.40574
2.38846
2.37295
2.35413
2.33782
2.31863
2.30209
2.28236
2.26496
2.2443
2.22588
2.20481
2.18597
2.16516
2.14632
2.12571
2.10676
2.08602
2.0669
2.04606
2.027
2.00644
1.98776
1.96785
1.94943
1.93001
1.91169
1.89261
1.87441
1.85549
1.83757
1.81883
1.80134
1.78301
1.76611
1.74858
1.73253
1.71662
1.7023
1.69213
3.45741
3.0006
2.57965
2.22518
1.9405
1.717
1.54338
1.41079
1.31014
1.2375
1.18449
1.15016
1.1306
1.13071
1.13235
1.13694
1.14777
1.16058
1.17289
1.18313
1.20006
1.23462
1.29616
1.45395
1.76138
1.99791
2.04439
2.02256
1.97989
1.94279
1.92923
1.92698
1.95419
1.98859
2.01458
2.04365
2.07778
2.10953
2.14254
2.18665
2.2351
2.294
2.35161
2.40128
2.44299
2.47439
2.50079
2.51818
2.53322
2.5382
2.54555
2.54823
2.55142
2.54514
2.53859
2.5275
2.51717
2.50263
2.4901
2.4746
2.46168
2.44523
2.43025
2.41129
2.39357
2.37302
2.35449
2.33418
2.31597
2.29578
2.27708
2.25596
2.23622
2.21428
2.19424
2.17244
2.15288
2.13167
2.11245
2.09163
2.07265
2.05209
2.03303
2.01274
1.99375
1.97384
1.95513
1.93557
1.91725
1.89797
1.88002
1.86112
1.84347
1.8251
1.80776
1.79003
1.77328
1.75674
1.74153
1.72993
3.53362
3.14854
2.77629
2.44324
2.16054
1.92676
1.73702
1.58424
1.46216
1.36584
1.28986
1.2342
1.19231
1.16725
1.15507
1.15538
1.15713
1.16131
1.17172
1.18267
1.1962
1.22004
1.26668
1.34702
1.53794
1.94807
2.08432
2.08912
2.08683
2.0719
2.06756
2.1073
2.17018
2.21455
2.22789
2.24377
2.25347
2.23933
2.23705
2.25765
2.28389
2.31994
2.3739
2.42657
2.47143
2.50634
2.5332
2.55094
2.56434
2.56999
2.57566
2.57832
2.58275
2.5798
2.57352
2.56227
2.55232
2.53844
2.52585
2.50994
2.49599
2.47938
2.46482
2.44738
2.43137
2.41212
2.39416
2.37346
2.35463
2.33383
2.31516
2.29464
2.27575
2.25482
2.235
2.2134
2.19294
2.17134
2.15142
2.13048
2.1112
2.09068
2.07176
2.05128
2.03236
2.01194
1.99299
1.97294
1.95419
1.93465
1.91622
1.89706
1.87898
1.86004
1.84236
1.8238
1.80673
1.78926
1.77358
1.76059
3.58752
3.25726
2.92763
2.62135
2.34892
2.11499
1.91693
1.75241
1.61558
1.50402
1.41262
1.34002
1.28249
1.23984
1.20802
1.18932
1.18026
1.18061
1.18251
1.18729
1.19789
1.21378
1.24417
1.30236
1.4166
1.65797
2.04775
2.15365
2.16416
2.1781
2.22309
2.3343
2.42707
2.46056
2.46556
2.4645
2.43149
2.3698
2.33125
2.3241
2.33823
2.35555
2.38268
2.42824
2.4742
2.51645
2.5483
2.57146
2.5877
2.59658
2.60276
2.60559
2.61034
2.6107
2.6075
2.59736
2.58812
2.57494
2.56311
2.54757
2.53399
2.51725
2.5026
2.48492
2.46905
2.45014
2.43277
2.41248
2.39372
2.37246
2.35297
2.33149
2.31186
2.29052
2.27074
2.24938
2.22937
2.208
2.18768
2.16627
2.14593
2.12476
2.10484
2.0841
2.06467
2.04419
2.02495
2.00449
1.98521
1.9648
1.94561
1.92554
1.90681
1.88732
1.86934
1.85045
1.83331
1.81528
1.7994
1.78498
3.63002
3.33968
3.04671
2.76577
2.5087
2.27983
2.08054
1.90951
1.76379
1.64093
1.53739
1.4514
1.37995
1.32225
1.27628
1.24155
1.21655
1.20161
1.19755
1.19823
1.20127
1.2091
1.22622
1.26232
1.32983
1.48234
1.79707
2.11588
2.22304
2.29364
2.4089
2.60074
2.71574
2.71794
2.71536
2.68778
2.5914
2.49789
2.43141
2.39608
2.38507
2.39129
2.40331
2.42359
2.46265
2.50377
2.54452
2.57332
2.59514
2.60887
2.61808
2.62136
2.62708
2.62936
2.63063
2.62305
2.61524
2.60336
2.59263
2.57805
2.56497
2.54851
2.53397
2.51646
2.50083
2.48237
2.46558
2.44601
2.42795
2.40711
2.38774
2.36573
2.34537
2.32286
2.30234
2.28044
2.26045
2.23924
2.21954
2.19851
2.17862
2.15728
2.13704
2.1154
2.09512
2.07356
2.05359
2.03244
2.01289
1.99218
1.97287
1.95251
1.93324
1.91322
1.89408
1.8746
1.85597
1.83752
1.82047
1.80528
3.66497
3.40582
3.14139
2.88495
2.64305
2.42388
2.22663
2.05435
1.90306
1.77337
1.66087
1.56541
1.48368
1.41496
1.35797
1.31073
1.27472
1.24601
1.22644
1.21515
1.21529
1.21754
1.22507
1.24369
1.28506
1.35833
1.54534
1.93497
2.20808
2.38404
2.65152
2.91744
2.99847
2.9903
2.95777
2.86403
2.72925
2.61653
2.53176
2.47355
2.43624
2.42214
2.42501
2.43418
2.45231
2.48345
2.52327
2.56077
2.59084
2.6133
2.62971
2.63742
2.64454
2.648
2.65209
2.64859
2.6424
2.63149
2.62184
2.60843
2.59622
2.58022
2.56555
2.54765
2.53135
2.51232
2.49491
2.47503
2.45673
2.43608
2.41688
2.39539
2.37517
2.35301
2.33219
2.30967
2.28856
2.26605
2.24505
2.22286
2.20221
2.18038
2.15998
2.13835
2.11804
2.0965
2.07626
2.05483
2.03475
2.01356
1.9938
1.97299
1.95368
1.93335
1.91455
1.8948
1.87661
1.85769
1.84081
1.82448
3.69705
3.46172
3.22067
2.98406
2.75824
2.54835
2.35737
2.18541
2.03312
1.89825
1.78077
1.67742
1.58858
1.51068
1.44492
1.38774
1.34096
1.30162
1.27118
1.24898
1.23107
1.231
1.23319
1.24139
1.26298
1.31189
1.40099
1.62194
2.10843
2.41825
2.95984
3.24375
3.2505
3.22774
3.15454
2.99049
2.84177
2.72133
2.62591
2.55
2.49733
2.46326
2.45021
2.45234
2.46221
2.47944
2.50304
2.54173
2.57809
2.60967
2.63448
2.64949
2.6599
2.66404
2.66911
2.66893
2.66535
2.65512
2.64556
2.63219
2.62007
2.60411
2.58941
2.57147
2.55498
2.53571
2.51771
2.4973
2.47817
2.45696
2.43704
2.41525
2.39491
2.37291
2.35226
2.33003
2.30902
2.28653
2.26524
2.24263
2.22129
2.19881
2.17766
2.1555
2.13469
2.1129
2.09247
2.07102
2.05097
2.02985
2.01013
1.98934
1.96991
1.94948
1.93034
1.91033
1.89166
1.87229
1.85501
1.83772
3.72847
3.5108
3.28951
3.06989
2.85825
2.65871
2.47387
2.30537
2.15294
2.0166
1.89488
1.78727
1.69178
1.60831
1.53436
1.47076
1.41485
1.36776
1.32796
1.29484
1.27126
1.25096
1.2509
1.25371
1.26455
1.29322
1.35823
1.49827
1.78108
2.37276
3.25269
3.50398
3.48304
3.41495
3.25669
3.08217
2.93563
2.81406
2.71295
2.6308
2.56839
2.52566
2.49926
2.48789
2.48835
2.49646
2.50979
2.52991
2.56081
2.59591
2.62573
2.6494
2.66572
2.67259
2.67778
2.67885
2.6797
2.67147
2.66199
2.64822
2.63567
2.61963
2.60498
2.5872
2.57099
2.5519
2.53413
2.51381
2.4946
2.47327
2.45299
2.43105
2.41023
2.3879
2.36675
2.34422
2.32298
2.30049
2.27932
2.25697
2.2359
2.2137
2.19274
2.17065
2.14982
2.12784
2.10722
2.08548
2.06517
2.0438
2.02384
2.00288
1.98325
1.96269
1.9434
1.92324
1.90443
1.88482
1.86743
1.84949
3.75933
3.55638
3.35005
3.14635
2.9469
2.7574
2.57904
2.41459
2.26327
2.12677
2.00247
1.89208
1.79175
1.70391
1.62391
1.55491
1.4921
1.43887
1.39094
1.35131
1.31764
1.28986
1.27551
1.27645
1.28284
1.3027
1.35266
1.46447
1.66918
2.22552
3.40777
3.65145
3.61078
3.50137
3.32068
3.16481
3.03537
2.91863
2.81715
2.73185
2.66741
2.61911
2.58296
2.55463
2.53724
2.53288
2.53069
2.54128
2.55354
2.57262
2.60125
2.6287
2.64986
2.6656
2.67503
2.67721
2.68011
2.67765
2.67174
2.6592
2.64682
2.63097
2.61637
2.59908
2.58306
2.56437
2.54683
2.52667
2.50766
2.48634
2.46632
2.44447
2.42383
2.40168
2.38063
2.35825
2.3369
2.31429
2.29274
2.27003
2.24852
2.22592
2.20468
2.18232
2.16146
2.13938
2.1189
2.09711
2.07699
2.05555
2.03574
2.01469
1.99514
1.97451
1.95521
1.935
1.91614
1.89643
1.87898
1.86062
3.79423
3.6016
3.40831
3.21553
3.02837
2.84702
2.67565
2.51511
2.36635
2.2295
2.10479
1.99127
1.88866
1.79629
1.71254
1.63849
1.57074
1.51217
1.45836
1.41302
1.37217
1.33965
1.31339
1.31351
1.31838
1.33548
1.37942
1.48092
1.66794
2.21353
3.30483
3.78915
3.77647
3.70398
3.52737
3.34661
3.19756
3.0786
2.97004
2.87384
2.79196
2.7282
2.67313
2.63016
2.5947
2.57103
2.55978
2.55026
2.55268
2.55986
2.57222
2.594
2.61947
2.64195
2.65869
2.66901
2.67233
2.67322
2.67329
2.66633
2.65548
2.63972
2.62511
2.60778
2.5918
2.57322
2.55572
2.53567
2.51664
2.49541
2.47546
2.4536
2.43313
2.411
2.39015
2.36783
2.34663
2.32412
2.3027
2.28011
2.25877
2.23628
2.21527
2.19299
2.17234
2.15029
2.12994
2.10816
2.08805
2.0666
2.04674
2.02567
2.00609
1.98543
1.96618
1.94592
1.92713
1.90727
1.88988
1.87105
3.83625
3.64963
3.46553
3.2829
3.10262
2.93058
2.76392
2.60793
2.46207
2.32567
2.20153
2.08592
1.98159
1.8861
1.79909
1.72129
1.64946
1.58652
1.52821
1.47794
1.43258
1.39465
1.36643
1.36647
1.37219
1.39179
1.43988
1.53955
1.76436
2.2239
2.97637
3.77918
3.89191
3.86257
3.74124
3.53692
3.36196
3.22724
3.10545
2.9959
2.9038
2.82807
2.7641
2.70685
2.65977
2.62037
2.59265
2.57568
2.56456
2.55807
2.5635
2.57049
2.58403
2.60494
2.62655
2.64287
2.65459
2.6584
2.66016
2.65875
2.65487
2.64146
2.62813
2.61134
2.59566
2.57742
2.5605
2.54128
2.52324
2.50301
2.48378
2.46262
2.44247
2.42065
2.39992
2.3776
2.35652
2.33389
2.31267
2.28997
2.26877
2.2462
2.22517
2.20283
2.18204
2.15998
2.13943
2.1177
2.09745
2.07607
2.05617
2.03516
2.01561
1.995
1.97577
1.95555
1.93676
1.91686
1.89947
1.88033
3.89322
3.70339
3.52397
3.34791
3.17493
3.00672
2.84838
2.69302
2.55207
2.4158
2.29229
2.17682
2.07008
1.97367
1.88304
1.80317
1.72727
1.66147
1.59913
1.54511
1.49744
1.45394
1.43684
1.438
1.44875
1.48028
1.5464
1.70995
2.06103
2.37513
2.6829
3.20397
3.70826
3.82635
3.8115
3.72293
3.53716
3.3828
3.24534
3.11978
3.01736
2.93045
2.85647
2.78887
2.73121
2.68036
2.6392
2.6057
2.58449
2.5668
2.55494
2.55713
2.56135
2.56966
2.58576
2.60413
2.62197
2.6337
2.64074
2.64176
2.64221
2.63802
2.62923
2.61442
2.59918
2.58121
2.5644
2.54581
2.52813
2.50842
2.48949
2.46859
2.44877
2.42711
2.40671
2.38459
2.36375
2.34139
2.32029
2.29784
2.27668
2.25426
2.23325
2.211
2.19029
2.1683
2.14789
2.12619
2.10603
2.08464
2.06469
2.04368
2.02397
2.00339
1.98399
1.96383
1.94497
1.92515
1.9078
1.88857
3.95939
3.76513
3.58337
3.41173
3.24504
3.0798
2.9256
2.77608
2.63422
2.5033
2.37703
2.26401
2.15502
2.05796
1.96559
1.88264
1.80561
1.73499
1.67208
1.61374
1.56544
1.52491
1.5236
1.52883
1.55178
1.60464
1.7313
2.04413
2.31694
2.46598
2.61336
2.8294
3.17324
3.59024
3.74982
3.74257
3.68262
3.55523
3.41336
3.26424
3.14272
3.04013
2.9512
2.87376
2.80601
2.74629
2.69338
2.64946
2.61262
2.58789
2.56591
2.55241
2.54534
2.54925
2.55412
2.564
2.58033
2.59739
2.60978
2.61912
2.62099
2.6212
2.61981
2.61255
2.59964
2.58241
2.56607
2.54764
2.5303
2.51113
2.4928
2.47272
2.45334
2.43238
2.41225
2.3906
2.36997
2.3478
2.32686
2.30446
2.28345
2.26112
2.24026
2.21816
2.19759
2.17573
2.15544
2.1338
2.1137
2.09232
2.07237
2.05138
2.03166
2.01117
1.9918
1.97176
1.95294
1.93313
1.91585
1.89633
4.03138
3.8244
3.64687
3.47301
3.31265
3.15255
2.99882
2.85396
2.71465
2.58351
2.46108
2.34457
2.2388
2.13727
2.04675
1.95958
1.88229
1.80906
1.74368
1.6869
1.63426
1.62214
1.62381
1.64045
1.68891
1.79517
2.07721
2.35518
2.50131
2.5574
2.62542
2.70202
2.83157
3.06675
3.43009
3.65458
3.65954
3.64175
3.57631
3.42941
3.29087
3.16773
3.05979
2.96866
2.88768
2.81885
2.75528
2.70196
2.65454
2.61675
2.58672
2.56324
2.54462
2.53222
2.53365
2.53656
2.54281
2.5549
2.5693
2.58415
2.59386
2.59868
2.59966
2.59824
2.59412
2.58175
2.56691
2.54846
2.53113
2.51187
2.49411
2.47437
2.45574
2.43518
2.41559
2.39439
2.37406
2.35249
2.33174
2.31
2.28916
2.26733
2.24667
2.22481
2.20445
2.18267
2.16254
2.14096
2.12096
2.09967
2.07981
2.05886
2.0392
2.01862
1.9993
1.97913
1.96039
1.9405
1.92334
1.90369
4.1328
3.90445
3.7107
3.54025
3.37712
3.22416
3.07319
2.92891
2.79256
2.66285
2.54009
2.42556
2.31717
2.21746
2.12275
2.03745
1.9559
1.8838
1.81722
1.75998
1.72975
1.72978
1.74286
1.78842
1.88617
2.14093
2.44024
2.5899
2.63782
2.64797
2.65533
2.67085
2.71105
2.79123
2.97562
3.26354
3.52177
3.61231
3.60936
3.55948
3.44834
3.32391
3.19311
3.08253
2.98598
2.90155
2.8283
2.76325
2.70764
2.65827
2.61766
2.58368
2.55813
2.53497
2.52055
2.51436
2.51742
2.52093
2.52815
2.54112
2.5559
2.56612
2.57375
2.57452
2.57394
2.57055
2.56312
2.54721
2.53053
2.51152
2.49369
2.47428
2.45605
2.43608
2.41719
2.39654
2.37698
2.35575
2.33568
2.3141
2.29378
2.27207
2.2517
2.23007
2.20982
2.1884
2.16832
2.14713
2.12717
2.10617
2.08628
2.06551
2.04578
2.02533
2.00595
1.98582
1.96709
1.94716
1.93009
1.91027
4.18823
3.9855
3.78321
3.60542
3.44555
3.29129
3.14597
3.00419
2.868
2.73997
2.61855
2.50309
2.39593
2.29408
2.20048
2.11143
2.03197
1.95775
1.8942
1.8496
1.84757
1.85672
1.89515
1.9857
2.21585
2.54425
2.71248
2.74416
2.74787
2.73851
2.69049
2.67486
2.68298
2.70981
2.77048
2.89994
3.12162
3.38663
3.54398
3.54545
3.52521
3.46598
3.34259
3.22284
3.10624
3.00477
2.91543
2.8371
2.77061
2.71097
2.65979
2.61578
2.57966
2.55111
2.52566
2.50689
2.49587
2.49576
2.49749
2.50222
2.51147
2.52324
2.53642
2.54401
2.54703
2.54677
2.54479
2.5388
2.52662
2.5095
2.49202
2.47272
2.45452
2.43493
2.41648
2.39656
2.37762
2.35711
2.33756
2.31652
2.2966
2.27529
2.25532
2.23394
2.21406
2.19272
2.17291
2.1517
2.13189
2.11096
2.09115
2.07063
2.05097
2.03084
2.01158
1.99176
1.97321
1.9535
1.93664
1.91697
4.20146
4.08857
3.87101
3.68136
3.51401
3.36236
3.21523
3.07806
2.94348
2.81572
2.69436
2.58052
2.4719
2.3709
2.2759
2.18804
2.10667
2.03791
1.9794
1.97547
1.98146
2.01488
2.10766
2.32183
2.67211
2.85691
2.8819
2.88535
2.86799
2.80237
2.73978
2.69175
2.68734
2.69108
2.70984
2.75395
2.84198
2.99995
3.22806
3.41168
3.48025
3.4784
3.44128
3.35506
3.24433
3.12973
3.02166
2.92943
2.84728
2.77583
2.71369
2.66007
2.61321
2.574
2.54218
2.51417
2.49123
2.47687
2.47045
2.47212
2.47475
2.48031
2.49171
2.50285
2.51253
2.51784
2.51788
2.51653
2.51256
2.50241
2.48764
2.46932
2.45147
2.43217
2.41406
2.39466
2.3763
2.35649
2.33759
2.31719
2.29779
2.27696
2.25734
2.23634
2.21669
2.1957
2.17606
2.15529
2.13567
2.11521
2.09571
2.07546
2.05622
2.03612
2.0173
1.99742
1.97928
1.95971
1.94321
1.92403
4.19731
4.13021
3.96935
3.76604
3.59037
3.43332
3.28861
3.14906
3.01821
2.8911
2.77039
2.65556
2.54831
2.44604
2.3524
2.2642
2.1892
2.11981
2.11336
2.1156
2.14354
2.23378
2.42749
2.81276
3.01662
3.03794
3.04093
3.01582
2.93808
2.86087
2.79845
2.74836
2.71247
2.69899
2.7019
2.70961
2.73518
2.79099
2.89408
3.06585
3.25504
3.38734
3.40098
3.39445
3.35376
3.25422
3.14931
3.04313
2.94388
2.85745
2.7817
2.71585
2.65872
2.60868
2.56607
2.53078
2.5004
2.47477
2.45667
2.44598
2.4453
2.44647
2.45016
2.45784
2.46794
2.47913
2.48584
2.48679
2.4862
2.4836
2.47744
2.46282
2.44699
2.42833
2.41054
2.39122
2.37315
2.35376
2.33544
2.31579
2.29706
2.27703
2.25793
2.23759
2.21831
2.19783
2.17851
2.15806
2.13881
2.11849
2.0994
2.07929
2.06046
2.04064
2.02223
2.00279
1.9851
1.96611
1.95002
1.93192
4.17184
4.13989
4.05194
3.85318
3.66889
3.50787
3.36029
3.22294
3.0902
2.96597
2.84539
2.7319
2.62333
2.5228
2.42869
2.34745
2.27331
2.2567
2.25772
2.28443
2.3722
2.56623
2.97304
3.19002
3.20925
3.20941
3.17981
3.08801
3.00184
2.93028
2.87018
2.81912
2.77358
2.73624
2.71501
2.70315
2.70493
2.71482
2.74474
2.80949
2.92299
3.08767
3.23826
3.3263
3.32657
3.30763
3.25779
3.15922
3.05941
2.95884
2.86801
2.78749
2.7169
2.65589
2.60258
2.55689
2.51786
2.4862
2.45774
2.43617
2.42283
2.41674
2.41722
2.41934
2.4235
2.43321
2.44254
2.45108
2.45417
2.454
2.45229
2.44748
2.43773
2.42192
2.40538
2.38651
2.36877
2.34973
2.33182
2.31278
2.29458
2.27525
2.25671
2.23698
2.21826
2.19828
2.17953
2.15951
2.14082
2.12091
2.10232
2.08263
2.06429
2.0449
2.02707
2.00815
1.99116
1.97314
1.95774
1.94203
4.11519
4.11474
4.07238
3.96021
3.76276
3.58857
3.43613
3.29602
3.16475
3.03917
2.92042
2.80723
2.70069
2.60045
2.51287
2.4337
2.4104
2.40997
2.43577
2.52344
2.7244
3.15587
3.38257
3.39346
3.39036
3.35346
3.25105
3.1567
3.07614
3.01087
2.95048
2.8965
2.84483
2.79661
2.75503
2.72172
2.70496
2.69039
2.69175
2.70443
2.73786
2.80772
2.92469
3.07031
3.19203
3.24572
3.24437
3.2213
3.16574
3.06931
2.97264
2.87835
2.79298
2.71854
2.65259
2.59623
2.54689
2.50523
2.47089
2.44073
2.41638
2.3989
2.38884
2.38643
2.38721
2.38989
2.39483
2.40533
2.41369
2.42027
2.4205
2.41966
2.41686
2.41009
2.39686
2.38021
2.3634
2.34494
2.32737
2.30875
2.29111
2.2723
2.25448
2.2353
2.21722
2.19777
2.17952
2.16005
2.1418
2.12247
2.10442
2.08525
2.06767
2.04878
2.03198
2.01387
1.99823
1.98197
1.96811
1.9564
3.88551
4.08559
4.06911
4.00798
3.85994
3.6754
3.51465
3.37139
3.23925
3.11444
2.99564
2.88373
2.77892
2.68579
2.60147
2.57365
2.57191
2.59768
2.68861
2.90384
3.3549
3.58861
3.59695
3.58544
3.53557
3.4264
3.32233
3.23584
3.16291
3.09681
3.03611
2.97592
2.92005
2.86418
2.81312
2.76545
2.72519
2.70001
2.67641
2.6639
2.66658
2.6808
2.71555
2.78837
2.90381
3.02791
3.12988
3.16132
3.15797
3.13365
3.074
2.98177
2.88909
2.80009
2.72033
2.64992
2.59009
2.53782
2.49372
2.45549
2.42339
2.39575
2.3756
2.36243
2.35517
2.35528
2.35675
2.35964
2.3677
2.37573
2.38322
2.38625
2.38578
2.38399
2.37971
2.36944
2.35567
2.33858
2.32185
2.30373
2.28651
2.26827
2.25094
2.23248
2.21503
2.19619
2.17866
2.15961
2.14221
2.12328
2.10616
2.08765
2.07101
2.05329
2.03772
2.02154
2.00808
1.99534
1.98318
1.97453
3.32629
3.98184
4.04786
4.0196
3.94396
3.7707
3.59961
3.45019
3.31594
3.19064
3.07318
2.96247
2.86478
2.77629
2.74683
2.74434
2.77051
2.86941
3.09896
3.57074
3.80765
3.81613
3.7971
3.73245
3.6126
3.50057
3.40691
3.32666
3.25518
3.18688
3.12191
3.05777
2.99577
2.93537
2.87658
2.82188
2.76964
2.72425
2.69049
2.66203
2.63917
2.62705
2.6308
2.646
2.68067
2.75301
2.86314
2.96967
3.0571
3.07555
3.07005
3.04516
2.98747
2.8977
2.80645
2.72286
2.64911
2.58488
2.52807
2.47998
2.43864
2.40478
2.37462
2.35203
2.33525
2.32549
2.32265
2.32312
2.32479
2.32883
2.3378
2.34501
2.35161
2.35129
2.35035
2.34758
2.34176
2.32835
2.31392
2.29677
2.28024
2.2622
2.2455
2.22748
2.21091
2.19292
2.17634
2.15828
2.14174
2.12377
2.1077
2.0903
2.07545
2.05952
2.0469
2.0342
2.02365
2.01266
2.00381
2.0013
2.27915
3.66633
4.00995
4.00648
3.96933
3.87557
3.69881
3.53799
3.3972
3.27047
3.15319
3.05012
2.9567
2.92885
2.92597
2.95316
3.06364
3.31956
3.81568
4.0434
4.04915
4.0254
3.94088
3.80744
3.68752
3.58748
3.50171
3.42375
3.34969
3.27815
3.20779
3.13945
3.07196
3.00719
2.94344
2.88289
2.82454
2.76988
2.72033
2.67775
2.64522
2.61463
2.59086
2.58056
2.58519
2.60113
2.63596
2.70615
2.80849
2.9017
2.9795
2.98985
2.98398
2.95984
2.90246
2.8199
2.73334
2.65224
2.57808
2.51714
2.46502
2.4207
2.3833
2.35148
2.32609
2.30662
2.29435
2.28813
2.28831
2.28933
2.29237
2.29937
2.30825
2.31379
2.31792
2.31634
2.31466
2.3105
2.30207
2.28799
2.273
2.256
2.23998
2.22241
2.20668
2.1891
2.17373
2.15631
2.14132
2.12461
2.11051
2.09551
2.08335
2.07201
2.06216
2.05249
2.04458
2.03937
2.03753
2.04315
1.92605
2.86432
3.80785
3.9796
3.96893
3.92233
3.80558
3.6351
3.48458
3.35383
3.24297
3.1432
3.11949
3.1162
3.14771
3.26842
3.56446
4.09278
4.29812
4.29957
4.26626
4.16039
4.01358
3.88385
3.777
3.68607
3.60299
3.52364
3.44603
3.36952
3.29436
3.22079
3.14901
3.07929
3.01145
2.94566
2.88257
2.82151
2.76475
2.71123
2.66401
2.62568
2.5896
2.56051
2.5371
2.52739
2.53222
2.54787
2.5827
2.65018
2.74314
2.82649
2.89943
2.90384
2.89739
2.87223
2.81469
2.73779
2.66088
2.58372
2.51553
2.45513
2.40542
2.36277
2.32824
2.30002
2.27819
2.26413
2.25488
2.25476
2.25527
2.25643
2.26261
2.26977
2.27776
2.28256
2.28347
2.28145
2.27887
2.27317
2.26227
2.24748
2.2333
2.21649
2.20172
2.1852
2.17085
2.15542
2.14184
2.12821
2.11646
2.1068
2.09805
2.08999
2.08317
2.08039
2.07962
2.08157
2.09077
2.12014
1.71664
2.08562
3.30873
3.87858
3.95662
3.93442
3.87546
3.73694
3.57883
3.44919
3.33914
3.31872
3.31573
3.35544
3.4924
3.84767
4.37081
4.55873
4.557
4.51372
4.39009
4.23212
4.09331
3.97948
3.88256
3.79419
3.70924
3.62529
3.54207
3.45986
3.37918
3.30061
3.22408
3.14996
3.0781
3.00844
2.94138
2.87639
2.81433
2.75514
2.69944
2.64812
2.60396
2.56494
2.52821
2.499
2.47694
2.46881
2.4734
2.48821
2.52181
2.58644
2.67206
2.74828
2.81412
2.81658
2.80974
2.78433
2.7283
2.65685
2.58469
2.51478
2.45091
2.39558
2.34794
2.30944
2.27635
2.25202
2.23349
2.22222
2.21868
2.21857
2.21969
2.22282
2.23125
2.23914
2.2451
2.24913
2.24774
2.24564
2.2423
2.23495
2.22389
2.20997
2.19656
2.18216
2.16915
2.1566
2.14599
2.13744
2.13142
2.12454
2.1201
2.11881
2.1197
2.12272
2.13524
2.1574
2.18412
2.25626
1.59148
1.77498
2.26762
3.55652
3.90041
3.92745
3.89938
3.83001
3.68761
3.55398
3.52667
3.52371
3.57337
3.73435
4.16276
4.68207
4.85023
4.84093
4.78084
4.62342
4.45658
4.31347
4.19458
4.09157
3.99684
3.90536
3.81507
3.72524
3.63621
3.54854
3.46271
3.37922
3.29831
3.21989
3.14427
3.07078
2.99998
2.9313
2.86504
2.80163
2.74049
2.68325
2.62922
2.58036
2.53823
2.49795
2.46129
2.43275
2.41169
2.40681
2.41049
2.42386
2.45647
2.51799
2.59759
2.6668
2.72876
2.72944
2.72067
2.69635
2.64079
2.57677
2.50921
2.44582
2.38589
2.33447
2.29149
2.25537
2.22652
2.20414
2.19034
2.18203
2.18167
2.18213
2.18466
2.19174
2.19968
2.20813
2.21294
2.21625
2.21434
2.21236
2.20895
2.20168
2.19168
2.18106
2.1712
2.16416
2.16031
2.15535
2.15434
2.15405
2.15661
2.16363
2.18154
2.20318
2.23713
2.28921
2.32938
2.44098
1.51841
1.64475
1.8964
2.75498
3.67113
3.88972
3.89839
3.87568
3.80222
3.76085
3.75392
3.80849
4.00508
4.52748
5.03281
5.15162
5.13357
5.05883
4.87128
4.68922
4.54053
4.41919
4.31246
4.21182
4.11315
4.01537
3.91835
3.82259
3.72824
3.63585
3.54556
3.4576
3.3723
3.28951
3.20952
3.13213
3.05726
2.98504
2.91504
2.84788
2.78305
2.72109
2.66224
2.60638
2.55454
2.5084
2.46499
2.42595
2.38999
2.36229
2.34143
2.34039
2.34365
2.35484
2.38621
2.44448
2.5198
2.58457
2.6412
2.64111
2.63135
2.60719
2.55277
2.49558
2.43393
2.37503
2.3208
2.27372
2.23613
2.20309
2.17804
2.15995
2.14815
2.14629
2.14623
2.1472
2.1526
2.16148
2.17156
2.17923
2.18529
2.18798
2.18963
2.18775
2.18581
2.18406
2.18328
2.18222
2.18302
2.18458
2.19255
2.2034
2.22471
2.24795
2.29118
2.3414
2.39751
2.4704
2.51591
2.61146
1.46351
1.54802
1.69107
2.02465
3.11928
3.75109
3.88844
3.91147
3.91974
3.954
4.06299
4.32814
4.96546
5.42801
5.47258
5.44302
5.34644
5.12532
4.93163
4.77763
4.65212
4.54165
4.43622
4.33153
4.22683
4.12263
4.01956
3.9179
3.81784
3.71967
3.62387
3.53073
3.44076
3.35392
3.27017
3.18944
3.11124
3.03575
2.96274
2.89224
2.82442
2.75883
2.69623
2.63597
2.57892
2.52508
2.47531
2.43036
2.38642
2.34786
2.31328
2.28696
2.26653
2.26707
2.27207
2.28218
2.31203
2.36885
2.44078
2.50085
2.55195
2.5516
2.54165
2.51773
2.46584
2.41372
2.35914
2.3048
2.25607
2.21558
2.18137
2.15344
2.13158
2.11806
2.11189
2.11166
2.11279
2.11694
2.12699
2.13857
2.14998
2.15987
2.16949
2.17608
2.18472
2.19583
2.20362
2.21091
2.22345
2.23817
2.26384
2.2951
2.34233
2.39711
2.45788
2.52418
2.58131
2.63653
2.66316
2.70095
1.43446
1.48195
1.57328
1.73835
2.15454
3.36992
3.81345
3.96715
4.08011
4.30893
4.70809
5.46057
5.86594
5.86055
5.79082
5.6161
5.38175
5.18464
5.02839
4.90097
4.78774
4.67801
4.56751
4.45506
4.34168
4.22869
4.11724
4.00803
3.90143
3.79776
3.69721
3.59992
3.50593
3.41515
3.32752
3.24287
3.16118
3.08231
3.00612
2.93254
2.86149
2.79297
2.72695
2.66339
2.60241
2.54424
2.48891
2.43706
2.38955
2.34444
2.30205
2.2645
2.23187
2.20756
2.18877
2.18952
2.1954
2.20698
2.23774
2.29139
2.35916
2.4149
2.46195
2.46153
2.45171
2.428
2.37993
2.33349
2.28428
2.23669
2.19332
2.15976
2.13006
2.10618
2.09045
2.08171
2.08167
2.08324
2.08863
2.09943
2.11535
2.13284
2.15263
2.17275
2.1979
2.21664
2.2402
2.26445
2.29835
2.33865
2.38969
2.45041
2.51268
2.57817
2.63246
2.67722
2.70342
2.71855
2.71713
2.71443
1.41967
1.44423
1.5026
1.61474
1.82486
2.47667
3.53798
4.01911
4.3958
5.05227
5.98767
6.3209
6.29765
6.17956
5.88885
5.64007
5.44036
5.28348
5.15595
5.03742
4.92078
4.80218
4.68143
4.55984
4.43897
4.31965
4.20245
4.08772
3.97581
3.86711
3.76183
3.66006
3.56184
3.46704
3.37554
3.28723
3.20195
3.11966
3.0402
2.96357
2.88957
2.81829
2.74953
2.68332
2.61972
2.55846
2.49993
2.44407
2.39089
2.34187
2.29496
2.25127
2.21086
2.17485
2.14446
2.12234
2.10678
2.1078
2.11407
2.12863
2.16063
2.21048
2.27588
2.32828
2.37126
2.37117
2.36217
2.33881
2.29476
2.25431
2.21175
2.17004
2.13598
2.10819
2.08483
2.06793
2.06121
2.06172
2.06481
2.07171
2.09091
2.1146
2.14874
2.18339
2.22226
2.26076
2.30698
2.36193
2.42435
2.49265
2.56047
2.62379
2.67541
2.71021
2.73248
2.73677
2.73488
2.72982
2.71971
2.71364
1.4111
1.42458
1.45931
1.52948
1.67157
1.95348
2.84385
3.93395
5.11252
6.50917
6.77708
6.71938
6.50614
6.16173
5.88591
5.68002
5.52419
5.39801
5.2781
5.15567
5.0278
4.89803
4.76845
4.64018
4.51371
4.38917
4.26688
4.14724
4.03066
3.91751
3.80797
3.70211
3.59989
3.50129
3.40619
3.31464
3.2264
3.14156
3.05971
2.98108
2.90496
2.83188
2.76109
2.69286
2.62719
2.56362
2.5026
2.4441
2.38763
2.33452
2.28412
2.23662
2.19187
2.15022
2.11287
2.07935
2.05158
2.03211
2.0207
2.02185
2.02884
2.04594
2.07836
2.12848
2.18979
2.23957
2.27924
2.28012
2.27244
2.25039
2.21351
2.17883
2.14417
2.11191
2.08713
2.06887
2.06059
2.06176
2.06576
2.07438
2.09531
2.12553
2.1667
2.21822
2.27639
2.34477
2.42317
2.50374
2.58137
2.64758
2.69826
2.72926
2.74442
2.74295
2.73906
2.73412
2.72449
2.71785
2.71798
2.72205
1.40675
1.41554
1.43766
1.48505
1.59214
1.80484
2.29365
3.56002
6.52616
7.0626
6.97776
6.65088
6.30482
6.04023
5.84859
5.70245
5.58343
5.46582
5.34145
5.21049
5.07589
4.94149
4.80901
4.67815
4.54902
4.42163
4.29619
4.17292
4.05216
3.93422
3.81961
3.70865
3.6019
3.49956
3.40182
3.30862
3.21959
3.13442
3.05256
2.97363
2.89735
2.82339
2.7518
2.68232
2.61514
2.55014
2.48732
2.42701
2.3688
2.31338
2.26057
2.21057
2.16407
2.11956
2.07835
2.04046
2.00625
1.97659
1.95223
1.93503
1.92956
1.93074
1.93857
1.95612
1.99302
2.04246
2.10093
2.14817
2.1877
2.18941
2.18602
2.16887
2.14461
2.11633
2.09226
2.07353
2.06923
2.0721
2.07938
2.09464
2.12547
2.17068
2.22833
2.29982
2.38485
2.47517
2.55961
2.63033
2.6829
2.71543
2.73045
2.7292
2.7263
2.7228
2.71521
2.71542
2.71659
2.71967
2.72645
2.74619
1.40544
1.41181
1.43088
1.46878
1.56409
1.7581
2.19088
3.45057
6.71656
6.65627
6.38705
6.10841
5.91939
5.79624
5.69734
5.60125
5.49262
5.37216
5.24464
5.11417
4.98287
4.85157
4.72328
4.59551
4.46923
4.34449
4.2211
4.09954
3.98037
3.86433
3.75231
3.64471
3.54203
3.44412
3.35064
3.26115
3.17491
3.09154
3.01057
2.93182
2.85527
2.78079
2.70867
2.63854
2.5711
2.50554
2.44291
2.38223
2.32448
2.26897
2.21638
2.16612
2.11916
2.07422
2.03215
1.99276
1.95587
1.92224
1.89213
1.86579
1.84561
1.83053
1.83112
1.8347
1.84433
1.86382
1.90681
1.95901
2.01674
2.06542
2.10489
2.11381
2.11594
2.11267
2.10248
2.09395
2.09762
2.1064
2.12402
2.15853
2.20821
2.27354
2.3501
2.42859
2.50174
2.56287
2.61067
2.64267
2.65993
2.66664
2.66973
2.67134
2.67428
2.68
2.69009
2.70249
2.71672
2.73328
2.74344
2.77195
1.40493
1.41084
1.42877
1.46508
1.55746
1.74669
2.18235
3.57945
6.41518
6.11681
5.8081
5.68835
5.63311
5.57718
5.50084
5.40227
5.28967
5.16924
5.04406
4.91562
4.78514
4.6541
4.52297
4.39677
4.27464
4.15604
4.04091
3.92909
3.82103
3.71665
3.61646
3.51993
3.42718
3.3374
3.25036
3.16555
3.08277
3.00186
2.92293
2.84583
2.77094
2.69802
2.62757
2.55923
2.49358
2.43015
2.36952
2.31118
2.25556
2.20233
2.15157
2.10332
2.0572
2.0138
1.97228
1.93315
1.89627
1.86125
1.82983
1.80028
1.77518
1.75442
1.73959
1.73352
1.73783
1.74538
1.76126
1.79055
1.84075
1.8985
1.96038
2.01774
2.06082
2.087
2.10999
2.13095
2.15819
2.19261
2.23268
2.28452
2.34121
2.39672
2.44479
2.48167
2.50714
2.52389
2.53432
2.54143
2.55033
2.56099
2.57674
2.59499
2.61776
2.64103
2.66595
2.68919
2.7118
2.73361
2.74419
2.7697
1.40484
1.41052
1.42856
1.46434
1.55707
1.74545
2.18524
3.63973
6.33149
5.9544
5.6633
5.55336
5.50043
5.43493
5.34351
5.23247
5.11005
4.98131
4.84935
4.71685
4.58577
4.45777
4.33345
4.21381
4.09949
3.99
3.88546
3.7849
3.68802
3.59357
3.50149
3.41069
3.32137
3.23312
3.14621
3.06092
2.97738
2.89609
2.81709
2.74066
2.66679
2.59564
2.52694
2.46108
2.39742
2.33667
2.27803
2.2222
2.16866
2.11768
2.0692
2.02307
1.97954
1.93825
1.89964
1.86308
1.82901
1.79721
1.76752
1.74091
1.71603
1.69495
1.67701
1.6632
1.65592
1.66022
1.66586
1.67898
1.70232
1.74381
1.80314
1.87149
1.95256
2.02877
2.09913
2.16432
2.22698
2.28519
2.33613
2.37413
2.3997
2.41484
2.41496
2.41294
2.40943
2.41054
2.41396
2.42046
2.43362
2.45805
2.48802
2.52217
2.55649
2.5906
2.62213
2.65082
2.67308
2.69374
2.7021
2.72394
1.4045
1.41126
1.42728
1.46641
1.55578
1.74836
2.19137
3.67986
6.30705
5.90661
5.61587
5.50126
5.44273
5.37041
5.26811
5.14219
5.00377
4.86276
4.72498
4.59334
4.46837
4.34956
4.23556
4.125
4.01689
3.91128
3.80751
3.70534
3.60471
3.50562
3.40829
3.31291
3.21976
3.12903
3.04084
2.95536
2.87253
2.79254
2.71533
2.641
2.56959
2.50117
2.43579
2.37346
2.31422
2.25797
2.20468
2.15419
2.10632
2.06096
2.01775
1.97676
1.93743
1.90008
1.86414
1.82984
1.79705
1.76543
1.73561
1.70704
1.6802
1.65582
1.63296
1.61437
1.59857
1.59241
1.59367
1.59896
1.61221
1.63752
1.6825
1.75135
1.8415
1.94945
2.06366
2.17183
2.26326
2.32821
2.36826
2.36828
2.36459
2.35555
2.33801
2.31767
2.30573
2.30922
2.31622
2.32552
2.34197
2.37266
2.40799
2.44747
2.48488
2.52164
2.55257
2.58028
2.59998
2.61829
2.62462
2.64378
)
;

boundaryField
{
    inlet
    {
        type            calculated;
        value           uniform 1.40001;
    }
    outlet
    {
        type            calculated;
        value           nonuniform List<scalar> 
40
(
1.3842
1.52189
1.58222
1.63819
1.68814
1.72585
1.75645
1.78079
1.80104
1.82021
1.83344
1.8452
1.85631
1.86673
1.876
1.88422
1.89197
1.89931
1.90588
1.91254
1.91954
1.92729
1.9371
1.95114
1.96875
1.99466
2.03501
2.10869
2.24052
2.42315
2.5975
2.69319
2.70991
2.70863
2.71556
2.73849
2.76398
2.76205
2.71656
2.63654
)
;
    }
    bottom
    {
        type            symmetryPlane;
    }
    top
    {
        type            symmetryPlane;
    }
    obstacle
    {
        type            calculated;
        value           nonuniform List<scalar> 
110
(
5.98165
5.98284
5.97056
5.94779
5.91554
5.86771
5.79829
5.69436
5.52475
5.25304
1.89225
1.03412
0.718211
0.64214
0.642342
0.675071
0.765007
0.838474
0.862063
0.861786
0.858957
0.857816
0.858201
0.860037
0.864722
0.871443
0.877557
0.885668
0.902035
0.936148
1.00767
1.17382
1.47218
1.62184
1.64436
1.62769
1.59281
1.5714
1.57295
1.57038
1.57052
1.57406
1.57959
1.59512
1.62494
1.66843
1.72649
1.78764
1.84935
1.90844
1.96059
2.00499
2.04114
2.07239
2.10032
2.11852
2.13316
2.14056
2.14722
2.14864
2.15052
2.14414
2.14042
2.13042
2.12345
2.1105
2.10084
2.0856
2.0739
2.05695
2.0437
2.02538
2.01093
1.99154
1.97619
1.95602
1.94004
1.91942
1.9029
1.88247
1.86548
1.84521
1.82816
1.80801
1.79088
1.77096
1.75376
1.73416
1.717
1.69772
1.6807
1.66182
1.64502
1.62654
1.61001
1.59196
1.57575
1.55813
1.54226
1.52509
1.50963
1.49289
1.47798
1.46172
1.44751
1.43221
1.41912
1.40562
1.39503
1.38748
)
;
    }
    defaultFaces
    {
        type            empty;
    }
}


// ************************************************************************* //
