/*--------------------------------*- C++ -*----------------------------------*\
  =========                 |
  \\      /  F ield         | OpenFOAM: The Open Source CFD Toolbox
   \\    /   O peration     | Website:  https://openfoam.org
    \\  /    A nd           | Version:  13
     \\/     M anipulation  |
\*---------------------------------------------------------------------------*/
FoamFile
{
    format      ascii;
    class       volScalarField;
    location    "0.705";
    object      T;
}
// * * * * * * * * * * * * * * * * * * * * * * * * * * * * * * * * * * * * * //

dimensions      [0 0 0 1 0 0 0];

internalField   nonuniform List<scalar> 
1000
(
2.16667e-222
1.1753e-221
7.31792e-221
4.56484e-220
2.84209e-219
1.76596e-218
1.09509e-217
6.77712e-217
4.18567e-216
2.57992e-215
1.58696e-214
9.74194e-214
5.96816e-213
3.64879e-212
2.22623e-211
1.35551e-210
8.23648e-210
4.99444e-209
3.0223e-208
1.82511e-207
1.09987e-206
6.61444e-206
3.96954e-205
2.37728e-204
1.42074e-203
8.47302e-203
5.04255e-202
2.99466e-201
1.77472e-200
1.04953e-199
6.19351e-199
3.64719e-198
2.14316e-197
1.25668e-196
7.35304e-196
4.29317e-195
2.50125e-194
1.45412e-193
8.43541e-193
4.88285e-192
2.82032e-191
1.62548e-190
9.34796e-190
5.3642e-189
3.07145e-188
1.7548e-187
1.00037e-186
5.69028e-186
3.2296e-185
1.82895e-184
1.03346e-183
5.82661e-183
3.27772e-182
1.83974e-181
1.03032e-180
5.75716e-180
3.20973e-179
1.78546e-178
9.90941e-178
5.48734e-177
3.03172e-176
1.6712e-175
9.19126e-175
5.04346e-174
2.76112e-173
1.50815e-172
8.21865e-172
4.46842e-171
2.42383e-170
1.31172e-169
7.08222e-169
3.81491e-168
2.05014e-167
1.09917e-166
5.87929e-166
3.13734e-165
1.67022e-164
8.87066e-164
4.70011e-163
2.48443e-162
1.31011e-161
6.89211e-161
3.61705e-160
1.89371e-159
9.89066e-159
5.15333e-158
2.67855e-157
1.38886e-156
7.18385e-156
3.70679e-155
1.90799e-154
9.7969e-154
5.01803e-153
2.56394e-152
1.3068e-151
6.64409e-151
3.36963e-150
1.7047e-149
8.60258e-149
4.33034e-148
2.17433e-147
1.08902e-146
5.44068e-146
2.71126e-145
1.34768e-144
6.68189e-144
3.30449e-143
1.63004e-142
8.02013e-142
3.93593e-141
1.92662e-140
9.40636e-140
4.58061e-139
2.22483e-138
1.07781e-137
5.20775e-137
2.50971e-136
1.2063e-135
5.78293e-135
2.76498e-134
1.31853e-133
6.27095e-133
2.97456e-132
1.40719e-131
6.63931e-131
3.12412e-130
1.46611e-129
6.86171e-129
3.20276e-128
1.49087e-127
6.9211e-127
3.20425e-126
1.47942e-125
6.81185e-125
3.12785e-124
1.43228e-123
6.54053e-123
2.97847e-122
1.35259e-121
6.12532e-121
2.76617e-120
1.24569e-119
5.594e-119
2.50502e-118
1.11859e-117
4.98083e-117
2.21155e-116
9.79164e-116
4.32287e-115
1.90302e-114
8.35348e-114
3.65627e-113
1.59571e-112
6.94403e-112
3.01305e-111
1.30357e-110
5.6233e-110
2.41866e-109
1.03724e-108
4.43513e-108
1.8908e-107
8.03708e-107
3.4061e-106
1.4392e-105
6.06294e-105
2.54649e-104
1.06634e-103
4.45178e-103
1.85293e-102
7.68889e-102
3.18087e-101
1.3119e-100
5.39416e-100
2.21112e-99
9.03569e-99
3.68101e-98
1.49495e-97
6.05248e-97
2.44279e-96
9.8283e-96
3.94192e-95
1.57605e-94
6.28143e-94
2.49558e-93
9.88336e-93
3.90169e-92
1.53537e-91
6.02254e-91
2.35477e-90
9.17733e-90
3.56515e-89
1.38048e-88
5.32801e-88
2.04966e-87
7.85916e-87
3.0036e-86
1.14413e-85
4.34381e-85
1.64371e-84
6.19917e-84
2.33019e-83
8.72959e-83
3.25939e-82
1.21287e-81
4.49804e-81
1.66249e-80
6.12372e-80
2.24796e-79
8.22383e-79
2.99824e-78
1.08933e-77
3.94415e-77
1.42311e-76
5.11695e-76
1.83344e-75
6.54636e-75
2.3292e-74
8.25812e-74
2.91755e-73
1.0271e-72
3.60298e-72
1.25938e-71
4.38629e-71
1.52221e-70
5.26359e-70
1.8135e-69
6.22553e-69
2.12937e-68
7.25666e-68
2.46393e-67
8.33532e-67
2.80938e-66
9.43386e-66
3.15611e-65
1.05195e-64
3.4931e-64
1.15557e-63
3.8084e-63
1.25039e-62
4.08981e-62
1.33262e-61
4.32561e-61
1.3987e-60
4.50536e-60
1.44564e-59
4.62068e-59
1.47117e-58
4.66583e-58
1.47398e-57
4.63822e-57
1.45378e-56
4.53866e-56
1.41135e-55
4.37129e-55
1.3485e-54
4.14333e-54
1.26794e-53
3.86454e-53
1.1731e-52
3.54655e-52
1.06784e-51
3.20203e-51
9.56227e-51
2.84384e-50
8.42272e-50
2.48425e-49
7.29673e-49
2.13425e-48
6.21638e-48
1.80302e-47
5.2075e-47
1.49766e-46
4.28894e-46
1.22301e-45
3.47255e-45
9.81742e-45
2.76357e-44
7.7457e-44
2.16154e-43
6.00576e-43
1.66139e-42
4.57576e-42
1.2547e-41
3.42525e-41
9.30927e-41
2.51884e-40
6.78487e-40
1.81941e-39
4.85694e-39
1.29071e-38
3.41445e-38
8.99154e-38
2.357e-37
6.15025e-37
1.59743e-36
4.12995e-36
1.0628e-35
2.72229e-35
6.94042e-35
1.76116e-34
4.44804e-34
1.11811e-33
2.7973e-33
6.96509e-33
1.72599e-32
4.25665e-32
1.04474e-31
2.5518e-31
6.20272e-31
1.50039e-30
3.61164e-30
8.6512e-30
2.06211e-29
4.89106e-29
1.15436e-28
2.71095e-28
6.33481e-28
1.47289e-27
3.4074e-27
7.84307e-27
1.79618e-26
4.09266e-26
9.27784e-26
2.0925e-25
4.69519e-25
1.0481e-24
2.32758e-24
5.14224e-24
1.13015e-23
2.47088e-23
5.37386e-23
1.16261e-22
2.502e-22
5.35596e-22
1.14045e-21
2.41543e-21
5.08847e-21
1.06621e-20
2.22206e-20
4.60594e-20
9.49553e-20
1.94694e-19
3.97018e-19
8.05161e-19
1.62392e-18
3.2572e-18
6.49704e-18
1.28876e-17
2.54215e-17
4.98654e-17
9.72649e-17
1.88653e-16
3.63845e-16
6.97754e-16
1.3305e-15
2.52261e-15
4.75547e-15
8.91336e-15
1.66106e-14
3.07763e-14
5.66927e-14
1.03827e-13
1.89042e-13
3.42186e-13
6.15766e-13
1.10157e-12
1.95902e-12
3.46334e-12
6.08653e-12
1.0633e-11
1.84649e-11
3.18739e-11
5.46907e-11
9.32769e-11
1.58129e-10
2.66451e-10
4.46257e-10
7.42863e-10
1.22908e-09
2.02114e-09
3.30329e-09
5.3657e-09
8.66222e-09
1.38979e-08
2.21605e-08
3.5117e-08
5.53035e-08
8.65531e-08
1.34617e-07
2.08067e-07
3.19583e-07
4.87794e-07
7.39875e-07
1.11518e-06
1.67028e-06
2.48594e-06
3.67657e-06
5.40309e-06
7.89017e-06
1.14491e-05
1.6508e-05
2.36511e-05
3.367e-05
4.76282e-05
6.69444e-05
9.34956e-05
0.000129746
0.000178905
0.000245118
0.000333696
0.000451391
0.000606708
0.000810276
0.00107526
0.00141784
0.00185768
0.00241852
0.00312875
0.00402193
0.00513745
0.00652101
0.00822514
0.0103095
0.0128414
0.0158953
0.0195532
0.0239041
0.0290431
0.0350705
0.0420903
0.0502086
0.0595315
0.0701625
0.0821999
0.0957337
0.110843
0.127592
0.146027
0.166176
0.188041
0.211602
0.23681
0.26359
0.291837
0.321422
0.352188
0.383955
0.416523
0.449676
0.483186
0.516814
0.550324
0.583477
0.616045
0.647812
0.678578
0.708163
0.73641
0.76319
0.788398
0.811959
0.833824
0.853973
0.872408
0.889157
0.904266
0.9178
0.929837
0.940468
0.949791
0.95791
0.96493
0.970957
0.976096
0.980447
0.984105
0.987159
0.98969
0.991775
0.993479
0.994863
0.995978
0.996871
0.997581
0.998142
0.998582
0.998925
0.99919
0.999393
0.999548
0.999666
0.999754
0.99982
0.999869
0.999905
0.999931
0.999949
0.999961
0.999968
0.999972
0.999972
0.999968
0.999961
0.999949
0.999931
0.999905
0.999869
0.99982
0.999754
0.999666
0.999548
0.999393
0.99919
0.998925
0.998582
0.998142
0.997581
0.996871
0.995978
0.994863
0.993479
0.991775
0.98969
0.987159
0.984105
0.980447
0.976096
0.970957
0.96493
0.95791
0.949791
0.940468
0.929837
0.9178
0.904266
0.889157
0.872408
0.853973
0.833824
0.811959
0.788398
0.76319
0.73641
0.708163
0.678578
0.647812
0.616045
0.583477
0.550324
0.516814
0.483186
0.449676
0.416523
0.383955
0.352188
0.321422
0.291837
0.26359
0.23681
0.211602
0.188041
0.166176
0.146027
0.127592
0.110843
0.0957337
0.0821999
0.0701625
0.0595315
0.0502086
0.0420903
0.0350705
0.0290431
0.0239041
0.0195532
0.0158953
0.0128414
0.0103095
0.00822514
0.00652101
0.00513745
0.00402193
0.00312875
0.00241852
0.00185768
0.00141784
0.00107526
0.000810276
0.000606708
0.000451391
0.000333696
0.000245118
0.000178905
0.000129746
9.34956e-05
6.69444e-05
4.76282e-05
3.367e-05
2.36511e-05
1.6508e-05
1.14491e-05
7.89017e-06
5.40309e-06
3.67657e-06
2.48594e-06
1.67028e-06
1.11518e-06
7.39875e-07
4.87794e-07
3.19583e-07
2.08067e-07
1.34617e-07
8.65531e-08
5.53035e-08
3.5117e-08
2.21605e-08
1.38979e-08
8.66222e-09
5.3657e-09
3.30329e-09
2.02114e-09
1.22908e-09
7.42863e-10
4.46257e-10
2.66451e-10
1.58129e-10
9.32769e-11
5.46907e-11
3.18739e-11
1.84649e-11
1.0633e-11
6.08653e-12
3.46334e-12
1.95902e-12
1.10157e-12
6.15766e-13
3.42186e-13
1.89042e-13
1.03827e-13
5.66927e-14
3.07763e-14
1.66106e-14
8.91336e-15
4.75547e-15
2.52261e-15
1.3305e-15
6.97754e-16
3.63845e-16
1.88653e-16
9.72649e-17
4.98654e-17
2.54215e-17
1.28876e-17
6.49704e-18
3.2572e-18
1.62392e-18
8.05161e-19
3.97018e-19
1.94694e-19
9.49553e-20
4.60594e-20
2.22206e-20
1.06621e-20
5.08847e-21
2.41543e-21
1.14045e-21
5.35596e-22
2.502e-22
1.16261e-22
5.37386e-23
2.47088e-23
1.13015e-23
5.14224e-24
2.32758e-24
1.0481e-24
4.69519e-25
2.0925e-25
9.27784e-26
4.09266e-26
1.79618e-26
7.84307e-27
3.4074e-27
1.47289e-27
6.33481e-28
2.71095e-28
1.15436e-28
4.89106e-29
2.06211e-29
8.6512e-30
3.61164e-30
1.50039e-30
6.20272e-31
2.5518e-31
1.04474e-31
4.25665e-32
1.72599e-32
6.96509e-33
2.7973e-33
1.11811e-33
4.44804e-34
1.76116e-34
6.94042e-35
2.72229e-35
1.0628e-35
4.12995e-36
1.59743e-36
6.15025e-37
2.357e-37
8.99154e-38
3.41445e-38
1.29071e-38
4.85694e-39
1.81941e-39
6.78487e-40
2.51884e-40
9.30927e-41
3.42525e-41
1.2547e-41
4.57576e-42
1.66139e-42
6.00576e-43
2.16154e-43
7.7457e-44
2.76357e-44
9.81742e-45
3.47255e-45
1.22301e-45
4.28894e-46
1.49766e-46
5.2075e-47
1.80302e-47
6.21638e-48
2.13425e-48
7.29673e-49
2.48425e-49
8.42272e-50
2.84384e-50
9.56227e-51
3.20203e-51
1.06784e-51
3.54655e-52
1.1731e-52
3.86454e-53
1.26794e-53
4.14333e-54
1.3485e-54
4.37129e-55
1.41135e-55
4.53866e-56
1.45378e-56
4.63822e-57
1.47398e-57
4.66583e-58
1.47117e-58
4.62068e-59
1.44564e-59
4.50536e-60
1.3987e-60
4.32561e-61
1.33262e-61
4.08981e-62
1.25039e-62
3.8084e-63
1.15557e-63
3.4931e-64
1.05195e-64
3.15611e-65
9.43386e-66
2.80938e-66
8.33532e-67
2.46393e-67
7.25666e-68
2.12937e-68
6.22553e-69
1.8135e-69
5.26359e-70
1.52221e-70
4.38629e-71
1.25938e-71
3.60298e-72
1.0271e-72
2.91755e-73
8.25812e-74
2.3292e-74
6.54636e-75
1.83344e-75
5.11695e-76
1.42311e-76
3.94415e-77
1.08933e-77
2.99824e-78
8.22383e-79
2.24796e-79
6.12372e-80
1.66249e-80
4.49804e-81
1.21287e-81
3.25939e-82
8.72959e-83
2.33019e-83
6.19917e-84
1.64371e-84
4.34381e-85
1.14413e-85
3.0036e-86
7.85916e-87
2.04966e-87
5.32801e-88
1.38048e-88
3.56515e-89
9.17733e-90
2.35477e-90
6.02254e-91
1.53537e-91
3.90169e-92
9.88336e-93
2.49558e-93
6.28143e-94
1.57605e-94
3.94192e-95
9.8283e-96
2.44279e-96
6.05248e-97
1.49495e-97
3.68101e-98
9.03569e-99
2.21112e-99
5.39416e-100
1.3119e-100
3.18087e-101
7.68889e-102
1.85293e-102
4.45178e-103
1.06634e-103
2.54649e-104
6.06294e-105
1.4392e-105
3.4061e-106
8.03708e-107
1.8908e-107
4.43513e-108
1.03724e-108
2.41866e-109
5.6233e-110
1.30357e-110
3.01305e-111
6.94403e-112
1.59571e-112
3.65627e-113
8.35348e-114
1.90302e-114
4.32287e-115
9.79164e-116
2.21155e-116
4.98083e-117
1.11859e-117
2.50502e-118
5.594e-119
1.24569e-119
2.76617e-120
6.12532e-121
1.35259e-121
2.97847e-122
6.54053e-123
1.43228e-123
3.12785e-124
6.81185e-125
1.47942e-125
3.20425e-126
6.9211e-127
1.49087e-127
3.20276e-128
6.86171e-129
1.46611e-129
3.12412e-130
6.63931e-131
1.40719e-131
2.97456e-132
6.27095e-133
1.31853e-133
2.76498e-134
5.78293e-135
1.2063e-135
2.50971e-136
5.20775e-137
1.07781e-137
2.22483e-138
4.58061e-139
9.40636e-140
1.92662e-140
3.93593e-141
8.02013e-142
1.63004e-142
3.30449e-143
6.68189e-144
1.34768e-144
2.71126e-145
5.44068e-146
1.08902e-146
2.17433e-147
4.33034e-148
8.60258e-149
1.7047e-149
3.36963e-150
6.64409e-151
1.3068e-151
2.56394e-152
5.01803e-153
9.7969e-154
1.90799e-154
3.70679e-155
7.18385e-156
1.38886e-156
2.67855e-157
5.15333e-158
9.89066e-159
1.89371e-159
3.61705e-160
6.89211e-161
1.31011e-161
2.48443e-162
4.70011e-163
8.87066e-164
1.67022e-164
3.13734e-165
5.87929e-166
1.09917e-166
2.05014e-167
3.81491e-168
7.08222e-169
1.31172e-169
2.42383e-170
4.46842e-171
8.21865e-172
1.50815e-172
2.76112e-173
5.04346e-174
9.19126e-175
1.6712e-175
3.03172e-176
5.48734e-177
9.90941e-178
1.78546e-178
3.20973e-179
5.75716e-180
1.03032e-180
1.83974e-181
3.27772e-182
5.82661e-183
1.03346e-183
1.82895e-184
3.2296e-185
5.69028e-186
1.00037e-186
1.7548e-187
3.07145e-188
5.3642e-189
9.34796e-190
1.62548e-190
2.82032e-191
4.88285e-192
8.43541e-193
1.45412e-193
2.50125e-194
4.29317e-195
7.35304e-196
1.25668e-196
2.14316e-197
3.64719e-198
6.19351e-199
1.04953e-199
1.77472e-200
2.99466e-201
5.04255e-202
8.47302e-203
1.42074e-203
2.37728e-204
3.96954e-205
6.61444e-206
1.09987e-206
1.82511e-207
3.0223e-208
4.99444e-209
8.23648e-210
1.35551e-210
2.22623e-211
3.64879e-212
5.96816e-213
9.74194e-214
1.58696e-214
2.57992e-215
4.18567e-216
6.77712e-217
1.09509e-217
1.76596e-218
2.84209e-219
4.56484e-220
7.31792e-221
1.1753e-221
2.16667e-222
)
;

boundaryField
{
    sides
    {
        type            zeroGradient;
    }
    empty
    {
        type            empty;
    }
}


// ************************************************************************* //
