/*--------------------------------*- C++ -*----------------------------------*\
  =========                 |
  \\      /  F ield         | OpenFOAM: The Open Source CFD Toolbox
   \\    /   O peration     | Website:  https://openfoam.org
    \\  /    A nd           | Version:  13
     \\/     M anipulation  |
\*---------------------------------------------------------------------------*/
FoamFile
{
    format      ascii;
    class       volScalarField;
    location    "1.96";
    object      T;
}
// * * * * * * * * * * * * * * * * * * * * * * * * * * * * * * * * * * * * * //

dimensions      [0 0 0 1 0 0 0];

internalField   nonuniform List<scalar> 
1000
(
9.87228e-105
2.0035e-104
5.07385e-104
1.33251e-103
3.51315e-103
9.25447e-103
2.43411e-102
6.39175e-102
1.67565e-101
4.3856e-101
1.14592e-100
2.98925e-100
7.78483e-100
2.02401e-99
5.25358e-99
1.36136e-98
3.52182e-98
9.09568e-98
2.34518e-97
6.03658e-97
1.55123e-96
3.97954e-96
1.0192e-95
2.60588e-95
6.65145e-95
1.69491e-94
4.31163e-94
1.09497e-93
2.77603e-93
7.02605e-93
1.77525e-92
4.47785e-92
1.12756e-91
2.83444e-91
7.11301e-91
1.78195e-90
4.45652e-90
1.11263e-89
2.77306e-89
6.89955e-89
1.7137e-88
4.24912e-88
1.05175e-87
2.59883e-87
6.41047e-87
1.57851e-86
3.8802e-86
9.52148e-86
2.33238e-85
5.70343e-85
1.39225e-84
3.39263e-84
8.25273e-84
2.004e-83
4.85776e-83
1.17547e-82
2.83937e-82
6.8465e-82
1.64797e-81
3.9597e-81
9.49746e-81
2.27396e-80
5.43488e-80
1.29666e-79
3.08808e-79
7.3414e-79
1.74219e-78
4.12701e-78
9.75889e-78
2.3035e-77
5.42747e-77
1.27652e-76
2.99693e-76
7.02337e-76
1.64298e-75
3.83649e-75
8.94237e-75
2.08059e-74
4.83206e-74
1.12019e-73
2.59216e-73
5.98745e-73
1.38049e-72
3.1771e-72
7.29854e-72
1.67359e-71
3.83058e-71
8.75157e-71
1.99577e-70
4.54294e-70
1.0322e-69
2.34094e-69
5.29928e-69
1.1974e-68
2.70061e-68
6.07963e-68
1.36612e-67
3.06403e-67
6.85946e-67
1.53277e-66
3.41867e-66
7.61071e-66
1.69115e-65
3.75081e-65
8.30338e-65
1.83472e-64
4.0464e-64
8.90739e-64
1.95711e-63
4.29199e-63
9.3947e-63
2.05251e-62
4.47575e-62
9.74144e-62
2.1162e-61
4.58841e-61
9.92985e-61
2.14484e-60
4.624e-60
9.94974e-60
2.13685e-59
4.58041e-59
9.79945e-59
2.0925e-58
4.45956e-58
9.486e-58
2.0139e-57
4.26729e-57
9.02458e-57
1.90485e-56
4.01287e-56
8.43732e-56
1.77056e-55
3.70827e-55
7.75149e-55
1.61716e-54
3.36722e-54
6.99747e-54
1.45131e-53
3.00419e-53
6.20642e-53
1.27968e-52
2.63334e-52
5.40826e-52
1.10854e-51
2.26769e-51
4.62977e-51
9.43353e-51
1.91835e-50
3.8933e-50
7.88579e-50
1.59407e-49
3.21591e-49
6.47491e-49
1.30105e-48
2.60908e-48
5.22167e-48
1.04294e-47
2.07893e-47
4.13565e-47
8.21059e-47
1.62678e-46
3.21667e-46
6.34756e-46
1.25005e-45
2.45679e-45
4.81868e-45
9.43204e-45
1.84247e-44
3.59178e-44
6.98769e-44
1.35666e-43
2.62858e-43
5.08255e-43
9.80736e-43
1.88857e-42
3.62927e-42
6.96008e-42
1.33203e-41
2.54401e-41
4.84873e-41
9.22229e-41
1.75045e-40
3.31561e-40
6.26721e-40
1.18218e-39
2.22531e-39
4.18016e-39
7.83592e-39
1.46582e-38
2.73631e-38
5.0973e-38
9.47557e-38
1.75776e-37
3.25389e-37
6.01082e-37
1.10803e-36
2.03822e-36
3.74143e-36
6.8534e-36
1.25273e-35
2.28501e-35
4.15909e-35
7.55418e-35
1.36916e-34
2.47627e-34
4.46906e-34
8.04839e-34
1.44636e-33
2.59366e-33
4.64112e-33
8.28709e-33
1.47656e-32
2.62523e-32
4.65747e-32
8.24516e-32
1.45651e-31
2.56738e-31
4.51576e-31
7.9256e-31
1.38802e-30
2.42558e-30
4.22957e-30
7.35926e-30
1.2777e-29
2.21349e-29
3.82632e-29
6.5999e-29
1.13592e-28
1.95077e-28
3.34285e-28
5.71579e-28
9.75178e-28
1.66012e-27
2.81994e-27
4.77953e-27
8.08304e-27
1.36398e-26
2.29658e-26
3.85832e-26
6.46775e-26
1.0818e-25
1.80543e-25
3.00643e-25
4.99524e-25
8.28127e-25
1.36984e-24
2.26089e-24
3.72322e-24
6.11772e-24
1.00298e-23
1.64067e-23
2.6778e-23
4.36077e-23
7.08557e-23
1.14871e-22
1.85812e-22
2.99887e-22
4.82908e-22
7.75876e-22
1.24377e-21
1.98934e-21
3.17465e-21
5.05477e-21
8.03013e-21
1.2728e-20
2.01285e-20
3.17599e-20
4.99986e-20
7.85326e-20
1.2307e-19
1.92427e-19
3.00185e-19
4.67219e-19
7.25538e-19
1.1241e-18
1.73764e-18
2.67989e-18
4.12362e-18
6.33058e-18
9.69643e-18
1.48177e-17
2.25919e-17
3.43655e-17
5.21546e-17
7.89698e-17
1.19296e-16
1.798e-16
2.70364e-16
4.05604e-16
6.07086e-16
9.06552e-16
1.3506e-15
2.00749e-15
2.97696e-15
4.40434e-15
6.50099e-15
9.57342e-15
1.40651e-14
2.06161e-14
3.01479e-14
4.39839e-14
6.40199e-14
9.29655e-14
1.34683e-13
1.94664e-13
2.807e-13
4.03814e-13
5.79564e-13
8.29854e-13
1.18545e-12
1.68944e-12
2.40205e-12
3.40721e-12
4.82162e-12
6.80713e-12
9.58765e-12
1.34721e-11
1.88858e-11
2.64124e-11
3.68515e-11
5.12952e-11
7.12313e-11
9.8682e-11
1.36388e-10
1.88056e-10
2.58683e-10
3.54993e-10
4.86006e-10
6.63794e-10
9.04471e-10
1.22949e-09
1.66733e-09
2.25574e-09
3.04454e-09
4.09943e-09
5.5067e-09
7.37948e-09
9.86566e-09
1.31581e-08
1.75075e-08
2.32393e-08
3.07741e-08
4.06549e-08
5.35803e-08
7.04469e-08
9.24023e-08
1.20912e-07
1.5784e-07
2.05555e-07
2.67058e-07
3.46134e-07
4.47556e-07
5.77316e-07
7.42922e-07
9.53754e-07
1.2215e-06
1.56067e-06
1.98927e-06
2.52954e-06
3.20886e-06
4.06092e-06
5.12698e-06
6.45747e-06
8.11386e-06
1.01709e-05
1.2719e-05
1.58676e-05
1.97485e-05
2.45202e-05
3.03725e-05
3.75321e-05
4.62692e-05
5.69046e-05
6.98186e-05
8.54601e-05
0.000104358
0.000127132
0.000154509
0.000187338
0.000226605
0.000273454
0.00032921
0.000395398
0.000473775
0.00056635
0.000675421
0.000803605
0.000953871
0.00112958
0.00133452
0.00157296
0.00184966
0.00216997
0.00253981
0.00296577
0.00345513
0.0040159
0.00465688
0.00538769
0.00621881
0.00716162
0.00822843
0.00943248
0.010788
0.0123102
0.0140151
0.01592
0.0180429
0.0204027
0.0230191
0.0259129
0.0291051
0.0326177
0.0364731
0.0406938
0.0453029
0.0503231
0.0557774
0.0616882
0.0680774
0.0749661
0.0823746
0.0903217
0.098825
0.1079
0.117561
0.127819
0.138684
0.150161
0.162256
0.174968
0.188294
0.20223
0.216766
0.231888
0.247581
0.263825
0.280595
0.297866
0.315605
0.333781
0.352355
0.371289
0.390539
0.410062
0.429811
0.449737
0.469791
0.489922
0.510078
0.530209
0.550262
0.570188
0.589937
0.60946
0.62871
0.647643
0.666217
0.684392
0.702131
0.719401
0.73617
0.752412
0.768103
0.783224
0.797757
0.81169
0.825013
0.83772
0.849808
0.861279
0.872135
0.882382
0.89203
0.90109
0.909574
0.917498
0.924879
0.931735
0.938085
0.943949
0.949348
0.954302
0.958832
0.962961
0.966707
0.970091
0.973133
0.975851
0.978263
0.980384
0.98223
0.983815
0.98515
0.986246
0.987112
0.987756
0.988181
0.988393
0.988393
0.988181
0.987756
0.987112
0.986246
0.98515
0.983815
0.98223
0.980384
0.978263
0.975851
0.973133
0.970091
0.966707
0.962961
0.958832
0.954302
0.949348
0.943949
0.938085
0.931735
0.924879
0.917498
0.909574
0.90109
0.89203
0.882382
0.872135
0.861279
0.849808
0.83772
0.825013
0.81169
0.797757
0.783224
0.768103
0.752412
0.73617
0.719401
0.702131
0.684392
0.666217
0.647643
0.62871
0.60946
0.589937
0.570188
0.550262
0.530209
0.510078
0.489922
0.469791
0.449737
0.429811
0.410062
0.390539
0.371289
0.352355
0.333781
0.315605
0.297866
0.280595
0.263825
0.247581
0.231888
0.216766
0.20223
0.188294
0.174968
0.162256
0.150161
0.138684
0.127819
0.117561
0.1079
0.098825
0.0903217
0.0823746
0.0749661
0.0680774
0.0616882
0.0557774
0.0503231
0.0453029
0.0406938
0.0364731
0.0326177
0.0291051
0.0259129
0.0230191
0.0204027
0.0180429
0.01592
0.0140151
0.0123102
0.010788
0.00943248
0.00822843
0.00716162
0.00621881
0.00538769
0.00465688
0.0040159
0.00345513
0.00296577
0.00253981
0.00216997
0.00184966
0.00157296
0.00133452
0.00112958
0.000953871
0.000803605
0.000675421
0.00056635
0.000473775
0.000395398
0.00032921
0.000273454
0.000226605
0.000187338
0.000154509
0.000127132
0.000104358
8.54601e-05
6.98186e-05
5.69046e-05
4.62692e-05
3.75321e-05
3.03725e-05
2.45202e-05
1.97485e-05
1.58676e-05
1.2719e-05
1.01709e-05
8.11386e-06
6.45747e-06
5.12698e-06
4.06092e-06
3.20886e-06
2.52954e-06
1.98927e-06
1.56067e-06
1.2215e-06
9.53754e-07
7.42922e-07
5.77316e-07
4.47556e-07
3.46134e-07
2.67058e-07
2.05555e-07
1.5784e-07
1.20912e-07
9.24023e-08
7.04469e-08
5.35803e-08
4.06549e-08
3.07741e-08
2.32393e-08
1.75075e-08
1.31581e-08
9.86566e-09
7.37948e-09
5.5067e-09
4.09943e-09
3.04454e-09
2.25574e-09
1.66733e-09
1.22949e-09
9.04471e-10
6.63794e-10
4.86006e-10
3.54993e-10
2.58683e-10
1.88056e-10
1.36388e-10
9.8682e-11
7.12313e-11
5.12952e-11
3.68515e-11
2.64124e-11
1.88858e-11
1.34721e-11
9.58765e-12
6.80713e-12
4.82162e-12
3.40721e-12
2.40205e-12
1.68944e-12
1.18545e-12
8.29854e-13
5.79564e-13
4.03814e-13
2.807e-13
1.94664e-13
1.34683e-13
9.29655e-14
6.40199e-14
4.39839e-14
3.01479e-14
2.06161e-14
1.40651e-14
9.57342e-15
6.50099e-15
4.40434e-15
2.97696e-15
2.00749e-15
1.3506e-15
9.06552e-16
6.07086e-16
4.05604e-16
2.70364e-16
1.798e-16
1.19296e-16
7.89698e-17
5.21546e-17
3.43655e-17
2.25919e-17
1.48177e-17
9.69643e-18
6.33058e-18
4.12362e-18
2.67989e-18
1.73764e-18
1.1241e-18
7.25538e-19
4.67219e-19
3.00185e-19
1.92427e-19
1.2307e-19
7.85326e-20
4.99986e-20
3.17599e-20
2.01285e-20
1.2728e-20
8.03013e-21
5.05477e-21
3.17465e-21
1.98934e-21
1.24377e-21
7.75876e-22
4.82908e-22
2.99887e-22
1.85812e-22
1.14871e-22
7.08557e-23
4.36077e-23
2.6778e-23
1.64067e-23
1.00298e-23
6.11772e-24
3.72322e-24
2.26089e-24
1.36984e-24
8.28127e-25
4.99524e-25
3.00643e-25
1.80543e-25
1.0818e-25
6.46775e-26
3.85832e-26
2.29658e-26
1.36398e-26
8.08304e-27
4.77953e-27
2.81994e-27
1.66012e-27
9.75178e-28
5.71579e-28
3.34285e-28
1.95077e-28
1.13592e-28
6.5999e-29
3.82632e-29
2.21349e-29
1.2777e-29
7.35926e-30
4.22957e-30
2.42558e-30
1.38802e-30
7.9256e-31
4.51576e-31
2.56738e-31
1.45651e-31
8.24516e-32
4.65747e-32
2.62523e-32
1.47656e-32
8.28709e-33
4.64112e-33
2.59366e-33
1.44636e-33
8.04839e-34
4.46906e-34
2.47627e-34
1.36916e-34
7.55418e-35
4.15909e-35
2.28501e-35
1.25273e-35
6.8534e-36
3.74143e-36
2.03822e-36
1.10803e-36
6.01082e-37
3.25389e-37
1.75776e-37
9.47557e-38
5.0973e-38
2.73631e-38
1.46582e-38
7.83592e-39
4.18016e-39
2.22531e-39
1.18218e-39
6.26721e-40
3.31561e-40
1.75045e-40
9.22229e-41
4.84873e-41
2.54401e-41
1.33203e-41
6.96008e-42
3.62927e-42
1.88857e-42
9.80736e-43
5.08255e-43
2.62858e-43
1.35666e-43
6.98769e-44
3.59178e-44
1.84247e-44
9.43204e-45
4.81868e-45
2.45679e-45
1.25005e-45
6.34756e-46
3.21667e-46
1.62678e-46
8.21059e-47
4.13565e-47
2.07893e-47
1.04294e-47
5.22167e-48
2.60908e-48
1.30105e-48
6.47491e-49
3.21591e-49
1.59407e-49
7.88579e-50
3.8933e-50
1.91835e-50
9.43353e-51
4.62977e-51
2.26769e-51
1.10854e-51
5.40826e-52
2.63334e-52
1.27968e-52
6.20642e-53
3.00419e-53
1.45131e-53
6.99747e-54
3.36722e-54
1.61716e-54
7.75149e-55
3.70827e-55
1.77056e-55
8.43732e-56
4.01287e-56
1.90485e-56
9.02458e-57
4.26729e-57
2.0139e-57
9.486e-58
4.45956e-58
2.0925e-58
9.79945e-59
4.58041e-59
2.13685e-59
9.94974e-60
4.624e-60
2.14484e-60
9.92985e-61
4.58841e-61
2.1162e-61
9.74144e-62
4.47575e-62
2.05251e-62
9.3947e-63
4.29199e-63
1.95711e-63
8.90739e-64
4.0464e-64
1.83472e-64
8.30338e-65
3.75081e-65
1.69115e-65
7.61071e-66
3.41867e-66
1.53277e-66
6.85946e-67
3.06403e-67
1.36612e-67
6.07963e-68
2.70061e-68
1.1974e-68
5.29928e-69
2.34094e-69
1.0322e-69
4.54294e-70
1.99577e-70
8.75157e-71
3.83058e-71
1.67359e-71
7.29854e-72
3.1771e-72
1.38049e-72
5.98745e-73
2.59216e-73
1.12019e-73
4.83206e-74
2.08059e-74
8.94237e-75
3.83649e-75
1.64298e-75
7.02337e-76
2.99693e-76
1.27652e-76
5.42747e-77
2.3035e-77
9.75889e-78
4.12701e-78
1.74219e-78
7.3414e-79
3.08808e-79
1.29666e-79
5.43488e-80
2.27396e-80
9.49746e-81
3.9597e-81
1.64797e-81
6.8465e-82
2.83937e-82
1.17547e-82
4.85776e-83
2.004e-83
8.25273e-84
3.39263e-84
1.39225e-84
5.70343e-85
2.33238e-85
9.52148e-86
3.8802e-86
1.57851e-86
6.41047e-87
2.59883e-87
1.05175e-87
4.24912e-88
1.7137e-88
6.89955e-89
2.77306e-89
1.11263e-89
4.45652e-90
1.78195e-90
7.11301e-91
2.83444e-91
1.12756e-91
4.47785e-92
1.77525e-92
7.02605e-93
2.77603e-93
1.09497e-93
4.31163e-94
1.69491e-94
6.65145e-95
2.60588e-95
1.0192e-95
3.97954e-96
1.55123e-96
6.03658e-97
2.34518e-97
9.09568e-98
3.52182e-98
1.36136e-98
5.25358e-99
2.02401e-99
7.78483e-100
2.98925e-100
1.14592e-100
4.3856e-101
1.67565e-101
6.39175e-102
2.43411e-102
9.25447e-103
3.51315e-103
1.33251e-103
5.07385e-104
2.0035e-104
9.87228e-105
)
;

boundaryField
{
    sides
    {
        type            zeroGradient;
    }
    empty
    {
        type            empty;
    }
}


// ************************************************************************* //
