/*--------------------------------*- C++ -*----------------------------------*\
  =========                 |
  \\      /  F ield         | OpenFOAM: The Open Source CFD Toolbox
   \\    /   O peration     | Website:  https://openfoam.org
    \\  /    A nd           | Version:  13
     \\/     M anipulation  |
\*---------------------------------------------------------------------------*/
FoamFile
{
    format      ascii;
    class       volScalarField;
    location    "2.415";
    object      T;
}
// * * * * * * * * * * * * * * * * * * * * * * * * * * * * * * * * * * * * * //

dimensions      [0 0 0 1 0 0 0];

internalField   nonuniform List<scalar> 
1000
(
1.45054e-87
2.50402e-87
5.36871e-87
1.20996e-86
2.75089e-86
6.25718e-86
1.42167e-85
3.22552e-85
7.30731e-85
1.65297e-84
3.73354e-84
8.42025e-84
1.89617e-83
4.26357e-83
9.57231e-83
2.14588e-82
4.80327e-82
1.07353e-81
2.39569e-81
5.33816e-81
1.18766e-80
2.63838e-80
5.85221e-80
1.29611e-79
2.86618e-79
6.32851e-79
1.3952e-78
3.07121e-78
6.75023e-78
1.48136e-77
3.24593e-77
7.10152e-77
1.5513e-76
3.38355e-76
7.36853e-76
1.60221e-75
3.47848e-75
7.54029e-75
1.63198e-74
3.52672e-74
7.60946e-74
1.63932e-73
3.52613e-73
7.57283e-73
1.62384e-72
3.47658e-72
7.43162e-72
1.58612e-71
3.37997e-71
7.19132e-71
1.52765e-70
3.24012e-70
6.86144e-70
1.45074e-69
3.06251e-69
6.45482e-69
1.35833e-68
2.85393e-68
5.98682e-68
1.2539e-67
2.62204e-67
5.47433e-67
1.14112e-66
2.3749e-66
4.9348e-66
1.02377e-65
2.12052e-65
4.38523e-65
9.05416e-65
1.86643e-64
3.84131e-64
7.89321e-64
1.61932e-63
3.31675e-63
6.78262e-63
1.38479e-62
2.82275e-62
5.74461e-62
1.16721e-61
2.36776e-61
4.79539e-61
9.69635e-61
1.95745e-60
3.94519e-60
7.93855e-60
1.59481e-59
3.19869e-59
6.40513e-59
1.28049e-58
2.55574e-58
5.09271e-58
1.01315e-57
2.01226e-57
3.99012e-57
7.89907e-57
1.56118e-56
3.08048e-56
6.06832e-56
1.19345e-55
2.34329e-55
4.59337e-55
8.98917e-55
1.75627e-54
3.42565e-54
6.67079e-54
1.29686e-53
2.51701e-53
4.87706e-53
9.4343e-53
1.82196e-52
3.51272e-52
6.76123e-52
1.29922e-51
2.49238e-51
4.77331e-51
9.12637e-51
1.742e-50
3.31949e-50
6.31489e-50
1.1993e-49
2.27386e-49
4.30393e-49
8.13272e-49
1.53417e-48
2.88921e-48
5.43186e-48
1.01949e-47
1.91023e-47
3.57313e-47
6.6723e-47
1.24384e-46
2.31481e-46
4.30059e-46
7.97627e-46
1.47683e-45
2.72974e-45
5.03697e-45
9.27845e-45
1.70623e-44
3.13224e-44
5.74022e-44
1.05016e-43
1.91795e-43
3.49681e-43
6.36441e-43
1.15637e-42
2.09742e-42
3.79774e-42
6.86457e-42
1.23866e-41
2.23119e-41
4.01207e-41
7.20192e-41
1.29055e-40
2.30857e-40
4.12248e-40
7.34882e-40
1.30773e-39
2.32308e-39
4.11954e-39
7.29249e-39
1.28867e-38
2.27326e-38
4.00308e-38
7.03684e-38
1.23481e-37
2.163e-37
3.78225e-37
6.60206e-37
1.15038e-36
2.00097e-36
3.47434e-36
6.02193e-36
1.04191e-35
1.79952e-35
3.10252e-35
5.33951e-35
9.17313e-35
1.57312e-34
2.69299e-34
4.60186e-34
7.84981e-34
1.33663e-33
2.27189e-33
3.85468e-33
6.52848e-33
1.10372e-32
1.86264e-32
3.13777e-32
5.27634e-32
8.85657e-32
1.48394e-31
2.48193e-31
4.1436e-31
6.90534e-31
1.14871e-30
1.90743e-30
3.16159e-30
5.2309e-30
8.63895e-30
1.42416e-29
2.34353e-29
3.84942e-29
6.31148e-29
1.03295e-28
1.68746e-28
2.7517e-28
4.47896e-28
7.27715e-28
1.18019e-27
1.91052e-27
3.08715e-27
4.97931e-27
8.01653e-27
1.28827e-26
2.06649e-26
3.30873e-26
5.28801e-26
8.43579e-26
1.34326e-25
2.13499e-25
3.38713e-25
5.36373e-25
8.47815e-25
1.33762e-24
2.10651e-24
3.31125e-24
5.19536e-24
8.13646e-24
1.27189e-23
1.98454e-23
3.09075e-23
4.80465e-23
7.45507e-23
1.15461e-22
1.78488e-22
2.75407e-22
4.24161e-22
6.52043e-22
1.00049e-21
1.53227e-21
2.34233e-21
3.57395e-21
5.44297e-21
8.27389e-21
1.25536e-20
1.90114e-20
2.87372e-20
4.3357e-20
6.52916e-20
9.81383e-20
1.47232e-19
2.20469e-19
3.29516e-19
4.91569e-19
7.31937e-19
1.08778e-18
1.61358e-18
2.38902e-18
3.53041e-18
5.20725e-18
7.66602e-18
1.12644e-17
1.65205e-17
2.41831e-17
3.53328e-17
5.1525e-17
7.49951e-17
1.08949e-16
1.57973e-16
2.28622e-16
3.30237e-16
4.76108e-16
6.85104e-16
9.83962e-16
1.41049e-15
2.01806e-15
2.88181e-15
4.1074e-15
5.84302e-15
8.29614e-15
1.17566e-14
1.66286e-14
2.34746e-14
3.30754e-14
4.65135e-14
6.52859e-14
9.14586e-14
1.27878e-13
1.78455e-13
2.48558e-13
3.45534e-13
4.79422e-13
6.63907e-13
9.17612e-13
1.26582e-12
1.74281e-12
2.3949e-12
3.28464e-12
4.49623e-12
6.14284e-12
8.37627e-12
1.13997e-11
1.54843e-11
2.0992e-11
2.84035e-11
3.83575e-11
5.16996e-11
6.95476e-11
9.33758e-11
1.25125e-10
1.67345e-10
2.23376e-10
2.97591e-10
3.95692e-10
5.25112e-10
6.9551e-10
9.19412e-10
1.21303e-09
1.59732e-09
2.09925e-09
2.75355e-09
3.60477e-09
4.70994e-09
6.14199e-09
7.99387e-09
1.03839e-08
1.34622e-08
1.74191e-08
2.24953e-08
2.89941e-08
3.72977e-08
4.7886e-08
6.13605e-08
7.84734e-08
1.00164e-07
1.276e-07
1.62235e-07
2.0587e-07
2.60732e-07
3.29571e-07
4.15775e-07
5.23505e-07
6.57864e-07
8.25099e-07
1.03283e-06
1.29035e-06
1.60893e-06
2.00227e-06
2.48693e-06
3.08289e-06
3.81422e-06
4.70988e-06
5.80455e-06
7.13973e-06
8.76498e-06
1.07393e-05
1.31328e-05
1.60285e-05
1.95248e-05
2.37376e-05
2.88034e-05
3.48826e-05
4.21631e-05
5.08643e-05
6.12426e-05
7.35958e-05
8.82697e-05
0.000105665
0.000126244
0.00015054
0.000179166
0.000212824
0.000252319
0.000298567
0.000352613
0.000415643
0.000489
0.0005742
0.000672954
0.000787183
0.000919042
0.00107094
0.00124556
0.0014459
0.00167527
0.00193733
0.00223614
0.00257615
0.00296224
0.00339976
0.00389454
0.00445292
0.0050818
0.0057886
0.00658136
0.0074687
0.00845986
0.0095647
0.0107937
0.0121581
0.0136696
0.0153407
0.0171843
0.0192142
0.0214444
0.0238898
0.0265656
0.0294875
0.0326714
0.0361338
0.0398912
0.0439603
0.048358
0.0531009
0.0582056
0.0636884
0.069565
0.0758508
0.0825603
0.0897074
0.0973047
0.105364
0.113896
0.122909
0.132411
0.142408
0.152904
0.163901
0.175398
0.187395
0.199886
0.212865
0.226324
0.24025
0.254632
0.269452
0.284692
0.300332
0.31635
0.33272
0.349416
0.366408
0.383666
0.401158
0.418851
0.43671
0.454699
0.472781
0.490919
0.509076
0.527214
0.545295
0.563283
0.58114
0.598832
0.616323
0.633579
0.650568
0.66726
0.683626
0.699639
0.715273
0.730506
0.745317
0.759688
0.773603
0.787046
0.800008
0.812479
0.824451
0.83592
0.846883
0.857339
0.86729
0.876738
0.885688
0.894147
0.902121
0.90962
0.916653
0.92323
0.929364
0.935066
0.940348
0.945224
0.949705
0.953804
0.957533
0.960904
0.963929
0.966618
0.968981
0.971028
0.972767
0.974204
0.975347
0.976199
0.976766
0.977048
0.977048
0.976766
0.976199
0.975347
0.974204
0.972767
0.971028
0.968981
0.966618
0.963929
0.960904
0.957533
0.953804
0.949705
0.945224
0.940348
0.935066
0.929364
0.92323
0.916653
0.90962
0.902121
0.894147
0.885688
0.876738
0.86729
0.857339
0.846883
0.83592
0.824451
0.812479
0.800008
0.787046
0.773603
0.759688
0.745317
0.730506
0.715273
0.699639
0.683626
0.66726
0.650568
0.633579
0.616323
0.598832
0.58114
0.563283
0.545295
0.527214
0.509076
0.490919
0.472781
0.454699
0.43671
0.418851
0.401158
0.383666
0.366408
0.349416
0.33272
0.31635
0.300332
0.284692
0.269452
0.254632
0.24025
0.226324
0.212865
0.199886
0.187395
0.175398
0.163901
0.152904
0.142408
0.132411
0.122909
0.113896
0.105364
0.0973047
0.0897074
0.0825603
0.0758508
0.069565
0.0636884
0.0582056
0.0531009
0.048358
0.0439603
0.0398912
0.0361338
0.0326714
0.0294875
0.0265656
0.0238898
0.0214444
0.0192142
0.0171843
0.0153407
0.0136696
0.0121581
0.0107937
0.0095647
0.00845986
0.0074687
0.00658136
0.0057886
0.0050818
0.00445292
0.00389454
0.00339976
0.00296224
0.00257615
0.00223614
0.00193733
0.00167527
0.0014459
0.00124556
0.00107094
0.000919042
0.000787183
0.000672954
0.0005742
0.000489
0.000415643
0.000352613
0.000298567
0.000252319
0.000212824
0.000179166
0.00015054
0.000126244
0.000105665
8.82697e-05
7.35958e-05
6.12426e-05
5.08643e-05
4.21631e-05
3.48826e-05
2.88034e-05
2.37376e-05
1.95248e-05
1.60285e-05
1.31328e-05
1.07393e-05
8.76498e-06
7.13973e-06
5.80455e-06
4.70988e-06
3.81422e-06
3.08289e-06
2.48693e-06
2.00227e-06
1.60893e-06
1.29035e-06
1.03283e-06
8.25099e-07
6.57864e-07
5.23505e-07
4.15775e-07
3.29571e-07
2.60732e-07
2.0587e-07
1.62235e-07
1.276e-07
1.00164e-07
7.84734e-08
6.13605e-08
4.7886e-08
3.72977e-08
2.89941e-08
2.24953e-08
1.74191e-08
1.34622e-08
1.03839e-08
7.99387e-09
6.14199e-09
4.70994e-09
3.60477e-09
2.75355e-09
2.09925e-09
1.59732e-09
1.21303e-09
9.19412e-10
6.9551e-10
5.25112e-10
3.95692e-10
2.97591e-10
2.23376e-10
1.67345e-10
1.25125e-10
9.33758e-11
6.95476e-11
5.16996e-11
3.83575e-11
2.84035e-11
2.0992e-11
1.54843e-11
1.13997e-11
8.37627e-12
6.14284e-12
4.49623e-12
3.28464e-12
2.3949e-12
1.74281e-12
1.26582e-12
9.17612e-13
6.63907e-13
4.79422e-13
3.45534e-13
2.48558e-13
1.78455e-13
1.27878e-13
9.14586e-14
6.52859e-14
4.65135e-14
3.30754e-14
2.34746e-14
1.66286e-14
1.17566e-14
8.29614e-15
5.84302e-15
4.1074e-15
2.88181e-15
2.01806e-15
1.41049e-15
9.83962e-16
6.85104e-16
4.76108e-16
3.30237e-16
2.28622e-16
1.57973e-16
1.08949e-16
7.49951e-17
5.1525e-17
3.53328e-17
2.41831e-17
1.65205e-17
1.12644e-17
7.66602e-18
5.20725e-18
3.53041e-18
2.38902e-18
1.61358e-18
1.08778e-18
7.31937e-19
4.91569e-19
3.29516e-19
2.20469e-19
1.47232e-19
9.81383e-20
6.52916e-20
4.3357e-20
2.87372e-20
1.90114e-20
1.25536e-20
8.27389e-21
5.44297e-21
3.57395e-21
2.34233e-21
1.53227e-21
1.00049e-21
6.52043e-22
4.24161e-22
2.75407e-22
1.78488e-22
1.15461e-22
7.45507e-23
4.80465e-23
3.09075e-23
1.98454e-23
1.27189e-23
8.13646e-24
5.19536e-24
3.31125e-24
2.10651e-24
1.33762e-24
8.47815e-25
5.36373e-25
3.38713e-25
2.13499e-25
1.34326e-25
8.43579e-26
5.28801e-26
3.30873e-26
2.06649e-26
1.28827e-26
8.01653e-27
4.97931e-27
3.08715e-27
1.91052e-27
1.18019e-27
7.27715e-28
4.47896e-28
2.7517e-28
1.68746e-28
1.03295e-28
6.31148e-29
3.84942e-29
2.34353e-29
1.42416e-29
8.63895e-30
5.2309e-30
3.16159e-30
1.90743e-30
1.14871e-30
6.90534e-31
4.1436e-31
2.48193e-31
1.48394e-31
8.85657e-32
5.27634e-32
3.13777e-32
1.86264e-32
1.10372e-32
6.52848e-33
3.85468e-33
2.27189e-33
1.33663e-33
7.84981e-34
4.60186e-34
2.69299e-34
1.57312e-34
9.17313e-35
5.33951e-35
3.10252e-35
1.79952e-35
1.04191e-35
6.02193e-36
3.47434e-36
2.00097e-36
1.15038e-36
6.60206e-37
3.78225e-37
2.163e-37
1.23481e-37
7.03684e-38
4.00308e-38
2.27326e-38
1.28867e-38
7.29249e-39
4.11954e-39
2.32308e-39
1.30773e-39
7.34882e-40
4.12248e-40
2.30857e-40
1.29055e-40
7.20192e-41
4.01207e-41
2.23119e-41
1.23866e-41
6.86457e-42
3.79774e-42
2.09742e-42
1.15637e-42
6.36441e-43
3.49681e-43
1.91795e-43
1.05016e-43
5.74022e-44
3.13224e-44
1.70623e-44
9.27845e-45
5.03697e-45
2.72974e-45
1.47683e-45
7.97627e-46
4.30059e-46
2.31481e-46
1.24384e-46
6.6723e-47
3.57313e-47
1.91023e-47
1.01949e-47
5.43186e-48
2.88921e-48
1.53417e-48
8.13272e-49
4.30393e-49
2.27386e-49
1.1993e-49
6.31489e-50
3.31949e-50
1.742e-50
9.12637e-51
4.77331e-51
2.49238e-51
1.29922e-51
6.76123e-52
3.51272e-52
1.82196e-52
9.4343e-53
4.87706e-53
2.51701e-53
1.29686e-53
6.67079e-54
3.42565e-54
1.75627e-54
8.98917e-55
4.59337e-55
2.34329e-55
1.19345e-55
6.06832e-56
3.08048e-56
1.56118e-56
7.89907e-57
3.99012e-57
2.01226e-57
1.01315e-57
5.09271e-58
2.55574e-58
1.28049e-58
6.40513e-59
3.19869e-59
1.59481e-59
7.93855e-60
3.94519e-60
1.95745e-60
9.69635e-61
4.79539e-61
2.36776e-61
1.16721e-61
5.74461e-62
2.82275e-62
1.38479e-62
6.78262e-63
3.31675e-63
1.61932e-63
7.89321e-64
3.84131e-64
1.86643e-64
9.05416e-65
4.38523e-65
2.12052e-65
1.02377e-65
4.9348e-66
2.3749e-66
1.14112e-66
5.47433e-67
2.62204e-67
1.2539e-67
5.98682e-68
2.85393e-68
1.35833e-68
6.45482e-69
3.06251e-69
1.45074e-69
6.86144e-70
3.24012e-70
1.52765e-70
7.19132e-71
3.37997e-71
1.58612e-71
7.43162e-72
3.47658e-72
1.62384e-72
7.57283e-73
3.52613e-73
1.63932e-73
7.60946e-74
3.52672e-74
1.63198e-74
7.54029e-75
3.47848e-75
1.60221e-75
7.36853e-76
3.38355e-76
1.5513e-76
7.10152e-77
3.24593e-77
1.48136e-77
6.75023e-78
3.07121e-78
1.3952e-78
6.32851e-79
2.86618e-79
1.29611e-79
5.85221e-80
2.63838e-80
1.18766e-80
5.33816e-81
2.39569e-81
1.07353e-81
4.80327e-82
2.14588e-82
9.57231e-83
4.26357e-83
1.89617e-83
8.42025e-84
3.73354e-84
1.65297e-84
7.30731e-85
3.22552e-85
1.42167e-85
6.25718e-86
2.75089e-86
1.20996e-86
5.36871e-87
2.50402e-87
1.45054e-87
)
;

boundaryField
{
    sides
    {
        type            zeroGradient;
    }
    empty
    {
        type            empty;
    }
}


// ************************************************************************* //
