/*--------------------------------*- C++ -*----------------------------------*\
  =========                 |
  \\      /  F ield         | OpenFOAM: The Open Source CFD Toolbox
   \\    /   O peration     | Website:  https://openfoam.org
    \\  /    A nd           | Version:  13
     \\/     M anipulation  |
\*---------------------------------------------------------------------------*/
FoamFile
{
    format      ascii;
    class       volScalarField;
    location    "0.22";
    object      T;
}
// * * * * * * * * * * * * * * * * * * * * * * * * * * * * * * * * * * * * * //

dimensions      [0 0 0 1 0 0 0];

internalField   nonuniform List<scalar> 
1000
(
0
0
0
0
0
0
0
0
0
0
0
0
0
0
0
0
0
0
0
0
0
0
0
0
0
0
0
0
0
0
0
0
0
0
0
0
0
0
0
0
0
0
0
0
0
0
0
0
0
0
0
0
0
0
0
0
0
0
0
0
0
0
0
0
9.88131e-323
1.85769e-321
2.84779e-320
4.33394e-319
6.57833e-318
9.96306e-317
1.50559e-315
2.27015e-314
3.41533e-313
5.12674e-312
7.67849e-311
1.14745e-309
1.71084e-308
2.5451e-307
3.77757e-306
5.59412e-305
8.26531e-304
1.21841e-302
1.79195e-301
2.62942e-300
3.84937e-299
5.62227e-298
8.19263e-297
1.19103e-295
1.72744e-294
2.49957e-293
3.60832e-292
5.19659e-291
7.46625e-290
1.07017e-288
1.53027e-287
2.18296e-286
3.10656e-285
4.41031e-284
6.24609e-283
8.82461e-282
1.24373e-280
1.74864e-279
2.45251e-278
3.43127e-277
4.78884e-276
6.66703e-275
9.25889e-274
1.28264e-272
1.77243e-271
2.44312e-270
3.35917e-269
4.60706e-268
6.30259e-267
8.60029e-266
1.17058e-264
1.58922e-263
2.15205e-262
2.90673e-261
3.91597e-260
5.26198e-259
7.05233e-258
9.42725e-257
1.25691e-255
1.67141e-254
2.21676e-253
2.93231e-252
3.86858e-251
5.09024e-250
6.67985e-249
8.74246e-248
1.14113e-246
1.48547e-245
1.92851e-244
2.4969e-243
3.22401e-242
4.15152e-241
5.33122e-240
6.82733e-239
8.7192e-238
1.11045e-236
1.41031e-235
1.78615e-234
2.25583e-233
2.84101e-232
3.56792e-231
4.46815e-230
5.57966e-229
6.94783e-228
8.62677e-227
1.06807e-225
1.31856e-224
1.6231e-223
1.99218e-222
2.43807e-221
2.97506e-220
3.61967e-219
4.39099e-218
5.31095e-217
6.40461e-216
7.70051e-215
9.23098e-214
1.10325e-212
1.31458e-211
1.56168e-210
1.84959e-209
2.18392e-208
2.5708e-207
3.01694e-206
3.52961e-205
4.11664e-204
4.78641e-203
5.54782e-202
6.41025e-201
7.38352e-200
8.47776e-199
9.70339e-198
1.10709e-196
1.2591e-195
1.42739e-194
1.61298e-193
1.81681e-192
2.03978e-191
2.28267e-190
2.54614e-189
2.83071e-188
3.13673e-187
3.46434e-186
3.81348e-185
4.18383e-184
4.57478e-183
4.98547e-182
5.4147e-181
5.86098e-180
6.32246e-179
6.79698e-178
7.28207e-177
7.77491e-176
8.2724e-175
8.77116e-174
9.26756e-173
9.75776e-172
1.02378e-170
1.07034e-169
1.11506e-168
1.1575e-167
1.19727e-166
1.23394e-165
1.26715e-164
1.29654e-163
1.32178e-162
1.34259e-161
1.35871e-160
1.36995e-159
1.37617e-158
1.37727e-157
1.37321e-156
1.36403e-155
1.3498e-154
1.33065e-153
1.30678e-152
1.27843e-151
1.24589e-150
1.20949e-149
1.1696e-148
1.12663e-147
1.08098e-146
1.03311e-145
9.83453e-145
9.3247e-144
8.80605e-143
8.28292e-142
7.75951e-141
7.23977e-140
6.7274e-139
6.22575e-138
5.73787e-137
5.26642e-136
4.81368e-135
4.38154e-134
3.97151e-133
3.58471e-132
3.22191e-131
2.88354e-130
2.56968e-129
2.28017e-128
2.01455e-127
1.77217e-126
1.55215e-125
1.35351e-124
1.17509e-123
1.01568e-122
8.73999e-122
7.48719e-121
6.38516e-120
5.42077e-119
4.58115e-118
3.85391e-117
3.22726e-116
2.69004e-115
2.23186e-114
1.84309e-113
1.51491e-112
1.2393e-111
1.00904e-110
8.17642e-110
6.5938e-109
5.29191e-108
4.22652e-107
3.35918e-106
2.65677e-105
2.0909e-104
1.6374e-103
1.27589e-102
9.89212e-102
7.63089e-101
5.85675e-100
4.4722e-99
3.39748e-98
2.56772e-97
1.93057e-96
1.44395e-95
1.07433e-94
7.95105e-94
5.85334e-93
4.28606e-92
3.12159e-91
2.26121e-90
1.62908e-89
1.16724e-88
8.31734e-88
5.89384e-87
4.15325e-86
2.91029e-85
2.02783e-84
1.40493e-83
9.67812e-83
6.62866e-82
4.5138e-81
3.0558e-80
2.05663e-79
1.376e-78
9.15166e-78
6.05033e-77
3.97594e-76
2.59696e-75
1.68592e-74
1.08777e-73
6.97512e-73
4.44485e-72
2.81473e-71
1.77122e-70
1.1075e-69
6.88074e-69
4.24741e-68
2.6049e-67
1.58715e-66
9.60689e-66
5.77652e-65
3.45023e-64
2.04694e-63
1.2062e-62
7.05941e-62
4.10326e-61
2.36854e-60
1.35769e-59
7.72797e-59
4.36771e-58
2.45099e-57
1.36554e-56
7.55302e-56
4.14729e-55
2.26054e-54
1.22303e-53
6.56777e-53
3.50046e-52
1.85155e-51
9.71899e-51
5.0624e-50
2.61646e-49
1.34173e-48
6.8263e-48
3.44544e-47
1.7251e-46
8.56769e-46
4.22052e-45
2.06201e-44
9.99098e-44
4.8005e-43
2.28715e-42
1.08044e-41
5.06027e-41
2.34953e-40
1.0814e-39
4.93357e-39
2.23084e-38
9.99708e-38
4.43958e-37
1.95361e-36
8.51773e-36
3.6793e-35
1.57443e-34
6.67358e-34
2.80179e-33
1.16497e-32
4.79682e-32
1.95575e-31
7.89501e-31
3.15522e-30
1.24826e-29
4.88797e-29
1.89436e-28
7.26543e-28
2.75727e-27
1.03531e-26
3.84579e-26
1.41313e-25
5.13579e-25
1.84593e-24
6.56077e-24
2.30556e-23
8.0099e-23
2.75078e-22
9.33705e-22
3.13209e-21
1.03818e-20
3.39997e-20
1.09997e-19
3.51505e-19
1.10936e-18
3.45733e-18
1.06385e-17
3.23166e-17
9.68988e-17
2.86744e-16
8.37319e-16
2.41236e-15
6.8562e-15
1.92198e-14
5.31336e-14
1.44837e-13
3.89231e-13
1.03106e-12
2.69179e-12
6.92478e-12
1.75511e-11
4.38195e-11
1.0775e-10
2.60907e-10
6.22005e-10
1.45971e-09
3.37156e-09
7.66318e-09
1.71367e-08
3.7697e-08
8.15594e-08
1.73521e-07
3.62967e-07
7.46351e-07
1.50836e-06
2.99559e-06
5.8452e-06
1.12044e-05
2.10949e-05
3.90034e-05
7.08103e-05
0.000126211
0.000220825
0.000379219
0.000639108
0.00105694
0.00171507
0.00273041
0.00426443
0.00653368
0.00981983
0.0144775
0.0209378
0.0297053
0.0413454
0.0564617
0.0756603
0.0995046
0.12846
0.162837
0.202736
0.248
0.298192
0.352587
0.410201
0.469837
0.530163
0.589799
0.647413
0.701808
0.752
0.797264
0.837163
0.87154
0.900495
0.92434
0.943538
0.958655
0.970295
0.979062
0.985522
0.99018
0.993466
0.995736
0.99727
0.998285
0.998943
0.999361
0.999621
0.999779
0.999874
0.999929
0.999961
0.999979
0.999989
0.999994
0.999997
0.999998
0.999999
1
1
1
1
1
1
1
1
1
1
1
1
1
1
1
1
1
1
1
1
1
1
1
1
1
1
1
1
1
1
1
1
1
1
0.999999
0.999998
0.999997
0.999994
0.999989
0.999979
0.999961
0.999929
0.999874
0.999779
0.999621
0.999361
0.998943
0.998285
0.99727
0.995736
0.993466
0.99018
0.985522
0.979062
0.970295
0.958655
0.943538
0.92434
0.900495
0.87154
0.837163
0.797264
0.752
0.701808
0.647413
0.589799
0.530163
0.469837
0.410201
0.352587
0.298192
0.248
0.202736
0.162837
0.12846
0.0995046
0.0756603
0.0564617
0.0413454
0.0297053
0.0209378
0.0144775
0.00981983
0.00653368
0.00426443
0.00273041
0.00171507
0.00105694
0.000639108
0.000379219
0.000220825
0.000126211
7.08103e-05
3.90034e-05
2.10949e-05
1.12044e-05
5.8452e-06
2.99559e-06
1.50836e-06
7.46351e-07
3.62967e-07
1.73521e-07
8.15594e-08
3.7697e-08
1.71367e-08
7.66318e-09
3.37156e-09
1.45971e-09
6.22005e-10
2.60907e-10
1.0775e-10
4.38195e-11
1.75511e-11
6.92478e-12
2.69179e-12
1.03106e-12
3.89231e-13
1.44837e-13
5.31336e-14
1.92198e-14
6.8562e-15
2.41236e-15
8.37319e-16
2.86744e-16
9.68988e-17
3.23166e-17
1.06385e-17
3.45733e-18
1.10936e-18
3.51505e-19
1.09997e-19
3.39997e-20
1.03818e-20
3.13209e-21
9.33705e-22
2.75078e-22
8.0099e-23
2.30556e-23
6.56077e-24
1.84593e-24
5.13579e-25
1.41313e-25
3.84579e-26
1.03531e-26
2.75727e-27
7.26543e-28
1.89436e-28
4.88797e-29
1.24826e-29
3.15522e-30
7.89501e-31
1.95575e-31
4.79682e-32
1.16497e-32
2.80179e-33
6.67358e-34
1.57443e-34
3.6793e-35
8.51773e-36
1.95361e-36
4.43958e-37
9.99708e-38
2.23084e-38
4.93357e-39
1.0814e-39
2.34953e-40
5.06027e-41
1.08044e-41
2.28715e-42
4.8005e-43
9.99098e-44
2.06201e-44
4.22052e-45
8.56769e-46
1.7251e-46
3.44544e-47
6.8263e-48
1.34173e-48
2.61646e-49
5.0624e-50
9.71899e-51
1.85155e-51
3.50046e-52
6.56777e-53
1.22303e-53
2.26054e-54
4.14729e-55
7.55302e-56
1.36554e-56
2.45099e-57
4.36771e-58
7.72797e-59
1.35769e-59
2.36854e-60
4.10326e-61
7.05941e-62
1.2062e-62
2.04694e-63
3.45023e-64
5.77652e-65
9.60689e-66
1.58715e-66
2.6049e-67
4.24741e-68
6.88074e-69
1.1075e-69
1.77122e-70
2.81473e-71
4.44485e-72
6.97512e-73
1.08777e-73
1.68592e-74
2.59696e-75
3.97594e-76
6.05033e-77
9.15166e-78
1.376e-78
2.05663e-79
3.0558e-80
4.5138e-81
6.62866e-82
9.67812e-83
1.40493e-83
2.02783e-84
2.91029e-85
4.15325e-86
5.89384e-87
8.31734e-88
1.16724e-88
1.62908e-89
2.26121e-90
3.12159e-91
4.28606e-92
5.85334e-93
7.95105e-94
1.07433e-94
1.44395e-95
1.93057e-96
2.56772e-97
3.39748e-98
4.4722e-99
5.85675e-100
7.63089e-101
9.89212e-102
1.27589e-102
1.6374e-103
2.0909e-104
2.65677e-105
3.35918e-106
4.22652e-107
5.29191e-108
6.5938e-109
8.17642e-110
1.00904e-110
1.2393e-111
1.51491e-112
1.84309e-113
2.23186e-114
2.69004e-115
3.22726e-116
3.85391e-117
4.58115e-118
5.42077e-119
6.38516e-120
7.48719e-121
8.73999e-122
1.01568e-122
1.17509e-123
1.35351e-124
1.55215e-125
1.77217e-126
2.01455e-127
2.28017e-128
2.56968e-129
2.88354e-130
3.22191e-131
3.58471e-132
3.97151e-133
4.38154e-134
4.81368e-135
5.26642e-136
5.73787e-137
6.22575e-138
6.7274e-139
7.23977e-140
7.75951e-141
8.28292e-142
8.80605e-143
9.3247e-144
9.83453e-145
1.03311e-145
1.08098e-146
1.12663e-147
1.1696e-148
1.20949e-149
1.24589e-150
1.27843e-151
1.30678e-152
1.33065e-153
1.3498e-154
1.36403e-155
1.37321e-156
1.37727e-157
1.37617e-158
1.36995e-159
1.35871e-160
1.34259e-161
1.32178e-162
1.29654e-163
1.26715e-164
1.23394e-165
1.19727e-166
1.1575e-167
1.11506e-168
1.07034e-169
1.02378e-170
9.75776e-172
9.26756e-173
8.77116e-174
8.2724e-175
7.77491e-176
7.28207e-177
6.79698e-178
6.32246e-179
5.86098e-180
5.4147e-181
4.98547e-182
4.57478e-183
4.18383e-184
3.81348e-185
3.46434e-186
3.13673e-187
2.83071e-188
2.54614e-189
2.28267e-190
2.03978e-191
1.81681e-192
1.61298e-193
1.42739e-194
1.2591e-195
1.10709e-196
9.70339e-198
8.47776e-199
7.38352e-200
6.41025e-201
5.54782e-202
4.78641e-203
4.11664e-204
3.52961e-205
3.01694e-206
2.5708e-207
2.18392e-208
1.84959e-209
1.56168e-210
1.31458e-211
1.10325e-212
9.23098e-214
7.70051e-215
6.40461e-216
5.31095e-217
4.39099e-218
3.61967e-219
2.97506e-220
2.43807e-221
1.99218e-222
1.6231e-223
1.31856e-224
1.06807e-225
8.62677e-227
6.94783e-228
5.57966e-229
4.46815e-230
3.56792e-231
2.84101e-232
2.25583e-233
1.78615e-234
1.41031e-235
1.11045e-236
8.7192e-238
6.82733e-239
5.33122e-240
4.15152e-241
3.22401e-242
2.4969e-243
1.92851e-244
1.48547e-245
1.14113e-246
8.74246e-248
6.67985e-249
5.09024e-250
3.86858e-251
2.93231e-252
2.21676e-253
1.67141e-254
1.25691e-255
9.42725e-257
7.05233e-258
5.26198e-259
3.91597e-260
2.90673e-261
2.15205e-262
1.58922e-263
1.17058e-264
8.60029e-266
6.30259e-267
4.60706e-268
3.35917e-269
2.44312e-270
1.77243e-271
1.28264e-272
9.25889e-274
6.66703e-275
4.78884e-276
3.43127e-277
2.45251e-278
1.74864e-279
1.24373e-280
8.82461e-282
6.24609e-283
4.41031e-284
3.10656e-285
2.18296e-286
1.53027e-287
1.07017e-288
7.46625e-290
5.19659e-291
3.60832e-292
2.49957e-293
1.72744e-294
1.19103e-295
8.19263e-297
5.62227e-298
3.84937e-299
2.62942e-300
1.79195e-301
1.21841e-302
8.26531e-304
5.59412e-305
3.77757e-306
2.5451e-307
1.71084e-308
1.14745e-309
7.67849e-311
5.12674e-312
3.41533e-313
2.27015e-314
1.50559e-315
9.96306e-317
6.57837e-318
4.33399e-319
2.84829e-320
1.85769e-321
9.88131e-323
0
0
0
0
0
0
0
0
0
0
0
0
0
0
0
0
0
0
0
0
0
0
0
0
0
0
0
0
0
0
0
0
0
0
0
0
0
0
0
0
0
0
0
0
0
0
0
0
0
0
0
0
0
0
0
0
0
0
0
0
0
0
0
0
)
;

boundaryField
{
    sides
    {
        type            zeroGradient;
    }
    empty
    {
        type            empty;
    }
}


// ************************************************************************* //
