/*--------------------------------*- C++ -*----------------------------------*\
  =========                 |
  \\      /  F ield         | OpenFOAM: The Open Source CFD Toolbox
   \\    /   O peration     | Website:  https://openfoam.org
    \\  /    A nd           | Version:  13
     \\/     M anipulation  |
\*---------------------------------------------------------------------------*/
FoamFile
{
    format      ascii;
    class       volScalarField;
    location    "0.001";
    object      rho;
}
// * * * * * * * * * * * * * * * * * * * * * * * * * * * * * * * * * * * * * //

dimensions      [1 -3 0 0 0 0 0];

internalField   nonuniform List<scalar> 
1000
(
0.997575
0.997575
0.997575
0.997575
0.997575
0.997575
0.997575
0.997575
0.997575
0.997575
0.997575
0.997575
0.997575
0.997575
0.997575
0.997575
0.997575
0.997575
0.997575
0.997575
0.997575
0.997575
0.997575
0.997575
0.997575
0.997575
0.997575
0.997575
0.997575
0.997575
0.997575
0.997575
0.997575
0.997575
0.997575
0.997575
0.997575
0.997575
0.997575
0.997575
0.997575
0.997575
0.997575
0.997575
0.997575
0.997575
0.997575
0.997575
0.997575
0.997575
0.997575
0.997575
0.997575
0.997575
0.997575
0.997575
0.997575
0.997575
0.997575
0.997575
0.997575
0.997575
0.997575
0.997575
0.997575
0.997575
0.997575
0.997575
0.997575
0.997575
0.997575
0.997575
0.997575
0.997575
0.997575
0.997575
0.997575
0.997575
0.997575
0.997575
0.997575
0.997575
0.997575
0.997575
0.997575
0.997575
0.997575
0.997575
0.997575
0.997575
0.997575
0.997575
0.997575
0.997575
0.997575
0.997575
0.997575
0.997575
0.997575
0.997575
0.997575
0.997575
0.997575
0.997575
0.997575
0.997575
0.997575
0.997575
0.997575
0.997575
0.997575
0.997575
0.997575
0.997575
0.997575
0.997575
0.997575
0.997575
0.997575
0.997575
0.997575
0.997575
0.997575
0.997575
0.997575
0.997575
0.997575
0.997575
0.997575
0.997575
0.997575
0.997575
0.997575
0.997575
0.997575
0.997575
0.997575
0.997575
0.997575
0.997575
0.997575
0.997575
0.997575
0.997575
0.997575
0.997575
0.997575
0.997575
0.997575
0.997575
0.997575
0.997575
0.997575
0.997575
0.997575
0.997575
0.997575
0.997575
0.997575
0.997575
0.997575
0.997575
0.997575
0.997575
0.997575
0.997575
0.997575
0.997575
0.997575
0.997575
0.997575
0.997575
0.997575
0.997575
0.997575
0.997575
0.997575
0.997575
0.997575
0.997575
0.997575
0.997575
0.997575
0.997575
0.997575
0.997575
0.997575
0.997575
0.997575
0.997575
0.997575
0.997575
0.997575
0.997575
0.997575
0.997575
0.997575
0.997575
0.997575
0.997575
0.997575
0.997575
0.997575
0.997575
0.997575
0.997575
0.997575
0.997575
0.997575
0.997575
0.997575
0.997575
0.997575
0.997575
0.997575
0.997575
0.997575
0.997575
0.997575
0.997575
0.997575
0.997575
0.997575
0.997575
0.997575
0.997575
0.997575
0.997575
0.997575
0.997575
0.997575
0.997575
0.997575
0.997575
0.997575
0.997575
0.997575
0.997575
0.997575
0.997575
0.997575
0.997575
0.997575
0.997575
0.997575
0.997575
0.997575
0.997575
0.997575
0.997575
0.997575
0.997575
0.997575
0.997575
0.997575
0.997575
0.997575
0.997575
0.997575
0.997575
0.997575
0.997575
0.997575
0.997575
0.997575
0.997575
0.997575
0.997575
0.997575
0.997575
0.997575
0.997575
0.997575
0.997575
0.997575
0.997575
0.997575
0.997575
0.997575
0.997575
0.997575
0.997575
0.997575
0.997575
0.997575
0.997575
0.997575
0.997575
0.997575
0.997575
0.997575
0.997575
0.997575
0.997575
0.997575
0.997575
0.997575
0.997575
0.997575
0.997575
0.997575
0.997575
0.997575
0.997575
0.997575
0.997575
0.997575
0.997575
0.997575
0.997575
0.997575
0.997575
0.997575
0.997575
0.997575
0.997575
0.997575
0.997575
0.997575
0.997575
0.997575
0.997575
0.997575
0.997575
0.997575
0.997575
0.997575
0.997575
0.997575
0.997575
0.997575
0.997575
0.997575
0.997575
0.997575
0.997575
0.997575
0.997575
0.997575
0.997575
0.997575
0.997575
0.997575
0.997575
0.997575
0.997575
0.997575
0.997575
0.997575
0.997575
0.997575
0.997575
0.997575
0.997575
0.997575
0.997575
0.997575
0.997575
0.997575
0.997575
0.997575
0.997575
0.997575
0.997575
0.997575
0.997575
0.997575
0.997575
0.997575
0.997575
0.997575
0.997575
0.997575
0.997575
0.997575
0.997575
0.997575
0.997575
0.997575
0.997575
0.997575
0.997575
0.997575
0.997575
0.997575
0.997575
0.997575
0.997575
0.997575
0.997575
0.997575
0.997575
0.997575
0.997575
0.997575
0.997575
0.997575
0.997575
0.997575
0.997575
0.997575
0.997575
0.997575
0.997575
0.997575
0.997575
0.997575
0.997575
0.997575
0.997575
0.997575
0.997575
0.997575
0.997575
0.997575
0.997575
0.997575
0.997575
0.997575
0.997575
0.997575
0.997575
0.997575
0.997575
0.997575
0.997575
0.997575
0.997575
0.997575
0.997575
0.997575
0.997575
0.997575
0.997575
0.997575
0.997575
0.997575
0.997575
0.997575
0.997575
0.997575
0.997575
0.997575
0.997574
0.997574
0.997574
0.997573
0.997571
0.997566
0.997554
0.997525
0.997458
0.997312
0.997004
0.99638
0.995179
0.993
0.989352
0.984006
0.976906
0.968004
0.95743
0.945407
0.932206
0.918093
0.903303
0.888032
0.872438
0.856642
0.840742
0.824811
0.808908
0.79308
0.777361
0.761782
0.746366
0.731131
0.716093
0.701265
0.686656
0.672277
0.658134
0.644234
0.630583
0.617186
0.604048
0.591174
0.578568
0.566234
0.554177
0.542403
0.530916
0.519723
0.508833
0.498261
0.488024
0.478143
0.468643
0.459554
0.450911
0.442744
0.435122
0.428004
0.421786
0.414645
0.414582
0.414592
0.414699
0.414928
0.415303
0.41583
0.416494
0.417261
0.418067
0.418839
0.419511
0.420123
0.421557
0.421868
0.421971
0.421909
0.421571
0.42054
0.418128
0.413301
0.404819
0.391361
0.372282
0.348188
0.321553
0.296999
0.2795
0.26995
0.265532
0.2636
0.262866
0.262653
0.262602
0.262627
0.262796
0.263137
0.263541
0.263784
0.263815
0.263654
0.263291
0.262932
0.262572
0.261969
0.26094
0.259704
0.258093
0.255441
0.251235
0.24441
0.230201
0.192494
0.139944
0.127591
0.125132
0.12476
0.124706
0.124698
0.124697
0.124697
0.124697
0.124697
0.124697
0.124697
0.124697
0.124697
0.124697
0.124697
0.124697
0.124697
0.124697
0.124697
0.124697
0.124697
0.124697
0.124697
0.124697
0.124697
0.124697
0.124697
0.124697
0.124697
0.124697
0.124697
0.124697
0.124697
0.124697
0.124697
0.124697
0.124697
0.124697
0.124697
0.124697
0.124697
0.124697
0.124697
0.124697
0.124697
0.124697
0.124697
0.124697
0.124697
0.124697
0.124697
0.124697
0.124697
0.124697
0.124697
0.124697
0.124697
0.124697
0.124697
0.124697
0.124697
0.124697
0.124697
0.124697
0.124697
0.124697
0.124697
0.124697
0.124697
0.124697
0.124697
0.124697
0.124697
0.124697
0.124697
0.124697
0.124697
0.124697
0.124697
0.124697
0.124697
0.124697
0.124697
0.124697
0.124697
0.124697
0.124697
0.124697
0.124697
0.124697
0.124697
0.124697
0.124697
0.124697
0.124697
0.124697
0.124697
0.124697
0.124697
0.124697
0.124697
0.124697
0.124697
0.124697
0.124697
0.124697
0.124697
0.124697
0.124697
0.124697
0.124697
0.124697
0.124697
0.124697
0.124697
0.124697
0.124697
0.124697
0.124697
0.124697
0.124697
0.124697
0.124697
0.124697
0.124697
0.124697
0.124697
0.124697
0.124697
0.124697
0.124697
0.124697
0.124697
0.124697
0.124697
0.124697
0.124697
0.124697
0.124697
0.124697
0.124697
0.124697
0.124697
0.124697
0.124697
0.124697
0.124697
0.124697
0.124697
0.124697
0.124697
0.124697
0.124697
0.124697
0.124697
0.124697
0.124697
0.124697
0.124697
0.124697
0.124697
0.124697
0.124697
0.124697
0.124697
0.124697
0.124697
0.124697
0.124697
0.124697
0.124697
0.124697
0.124697
0.124697
0.124697
0.124697
0.124697
0.124697
0.124697
0.124697
0.124697
0.124697
0.124697
0.124697
0.124697
0.124697
0.124697
0.124697
0.124697
0.124697
0.124697
0.124697
0.124697
0.124697
0.124697
0.124697
0.124697
0.124697
0.124697
0.124697
0.124697
0.124697
0.124697
0.124697
0.124697
0.124697
0.124697
0.124697
0.124697
0.124697
0.124697
0.124697
0.124697
0.124697
0.124697
0.124697
0.124697
0.124697
0.124697
0.124697
0.124697
0.124697
0.124697
0.124697
0.124697
0.124697
0.124697
0.124697
0.124697
0.124697
0.124697
0.124697
0.124697
0.124697
0.124697
0.124697
0.124697
0.124697
0.124697
0.124697
0.124697
0.124697
0.124697
0.124697
0.124697
0.124697
0.124697
0.124697
0.124697
0.124697
0.124697
0.124697
0.124697
0.124697
0.124697
0.124697
0.124697
0.124697
0.124697
0.124697
0.124697
0.124697
0.124697
0.124697
0.124697
0.124697
0.124697
0.124697
0.124697
0.124697
0.124697
0.124697
0.124697
0.124697
0.124697
0.124697
0.124697
0.124697
0.124697
0.124697
0.124697
0.124697
0.124697
0.124697
0.124697
0.124697
0.124697
0.124697
0.124697
0.124697
0.124697
0.124697
0.124697
0.124697
0.124697
0.124697
0.124697
0.124697
0.124697
0.124697
0.124697
0.124697
0.124697
0.124697
0.124697
0.124697
0.124697
0.124697
0.124697
0.124697
0.124697
0.124697
0.124697
0.124697
0.124697
0.124697
0.124697
0.124697
0.124697
0.124697
0.124697
0.124697
0.124697
0.124697
0.124697
0.124697
0.124697
0.124697
0.124697
0.124697
0.124697
0.124697
0.124697
0.124697
0.124697
0.124697
0.124697
0.124697
0.124697
0.124697
0.124697
0.124697
0.124697
0.124697
0.124697
0.124697
0.124697
0.124697
0.124697
0.124697
0.124697
0.124697
0.124697
0.124697
0.124697
0.124697
0.124697
0.124697
0.124697
0.124697
0.124697
0.124697
0.124697
0.124697
0.124697
0.124697
0.124697
0.124697
0.124697
0.124697
0.124697
0.124697
0.124697
0.124697
0.124697
0.124697
0.124697
0.124697
0.124697
0.124697
0.124697
0.124697
0.124697
0.124697
0.124697
0.124697
0.124697
0.124697
0.124697
0.124697
0.124697
0.124697
0.124697
0.124697
0.124697
0.124697
0.124697
0.124697
0.124697
0.124697
0.124697
0.124697
0.124697
0.124697
0.124697
0.124697
0.124697
0.124697
0.124697
0.124697
0.124697
0.124697
0.124697
0.124697
0.124697
0.124697
0.124697
0.124697
0.124697
0.124697
0.124697
0.124697
0.124697
0.124697
0.124697
0.124697
0.124697
0.124697
0.124697
0.124697
0.124697
0.124697
0.124697
0.124697
0.124697
0.124697
0.124697
0.124697
0.124697
0.124697
0.124697
0.124697
)
;

boundaryField
{
    sides
    {
        type            calculated;
        value           nonuniform List<scalar> 2(0.124697 0.997575);
    }
    empty
    {
        type            empty;
    }
}


// ************************************************************************* //
