/*--------------------------------*- C++ -*----------------------------------*\
  =========                 |
  \\      /  F ield         | OpenFOAM: The Open Source CFD Toolbox
   \\    /   O peration     | Website:  https://openfoam.org
    \\  /    A nd           | Version:  13
     \\/     M anipulation  |
\*---------------------------------------------------------------------------*/
FoamFile
{
    format      ascii;
    class       volScalarField;
    location    "1.655";
    object      T;
}
// * * * * * * * * * * * * * * * * * * * * * * * * * * * * * * * * * * * * * //

dimensions      [0 0 0 1 0 0 0];

internalField   nonuniform List<scalar> 
1000
(
1.95849e-120
4.59961e-120
1.34189e-119
4.01945e-119
1.20565e-118
3.61131e-118
1.07985e-117
3.22331e-117
9.60454e-117
2.85685e-116
8.48266e-116
2.51426e-115
7.43908e-115
2.19715e-114
6.47784e-114
1.90646e-113
5.60085e-113
1.6425e-112
4.8082e-112
1.40502e-111
4.09832e-111
1.1933e-110
3.46828e-110
1.00623e-109
2.91407e-109
8.42398e-109
2.43081e-108
7.00161e-108
2.01307e-107
5.77738e-107
1.65506e-106
4.73267e-106
1.35085e-105
3.8487e-105
1.09453e-104
3.10703e-104
8.80373e-104
2.48995e-103
7.02933e-103
1.98079e-102
5.57134e-102
1.56415e-101
4.38323e-101
1.22604e-100
3.42301e-100
9.53903e-100
2.65333e-99
7.36661e-99
2.04142e-98
5.64657e-98
1.55892e-97
4.29582e-97
1.18155e-96
3.24371e-96
8.88815e-96
2.43087e-95
6.63573e-95
1.80798e-94
4.91671e-94
1.33454e-93
3.61542e-93
9.77596e-93
2.63834e-92
7.10677e-92
1.91065e-91
5.12693e-91
1.37309e-90
3.67033e-90
9.79206e-90
2.60738e-89
6.92941e-89
1.838e-88
4.8658e-88
1.28564e-87
3.3903e-87
8.92301e-87
2.34389e-86
6.1449e-86
1.60784e-85
4.19872e-85
1.09431e-84
2.84648e-84
7.38962e-84
1.9146e-83
4.95082e-83
1.27766e-82
3.29074e-82
8.45882e-82
2.17001e-81
5.55584e-81
1.41962e-80
3.62014e-80
9.2132e-80
2.34005e-79
5.93155e-79
1.50051e-78
3.78821e-78
9.54453e-78
2.39992e-77
6.0223e-77
1.50816e-76
3.76921e-76
9.40094e-76
2.33996e-75
5.81246e-75
1.44087e-74
3.56452e-74
8.80012e-74
2.16813e-73
5.33076e-73
1.30797e-72
3.20269e-72
7.82588e-72
1.90833e-71
4.64382e-71
1.12771e-70
2.73284e-70
6.6089e-70
1.59492e-69
3.84099e-69
9.23079e-69
2.21373e-68
5.29787e-68
1.26522e-67
3.0152e-67
7.17052e-67
1.70165e-66
4.02968e-66
9.52254e-66
2.24551e-65
5.28389e-65
1.24071e-64
2.9071e-64
6.7971e-64
1.58584e-63
3.69204e-63
8.57715e-63
1.98832e-62
4.59936e-62
1.06163e-61
2.44518e-61
5.61967e-61
1.28876e-60
2.94911e-60
6.73392e-60
1.53427e-59
3.4881e-59
7.91279e-59
1.79111e-58
4.04543e-58
9.1171e-58
2.05019e-57
4.60023e-57
1.02993e-56
2.3008e-56
5.12852e-56
1.14063e-55
2.53125e-55
5.60483e-55
1.2383e-54
2.72974e-54
6.00413e-54
1.31768e-53
2.88535e-53
6.304e-53
1.37423e-52
2.98901e-52
6.48663e-52
1.40453e-51
3.03435e-51
6.54061e-51
1.40666e-50
3.01838e-50
6.46209e-50
1.38034e-49
2.94178e-49
6.25523e-49
1.32704e-48
2.80888e-48
5.93181e-48
1.24981e-47
2.62727e-47
5.51017e-47
1.15299e-46
2.40703e-46
5.01343e-46
1.0418e-45
2.15985e-45
4.46741e-45
9.21889e-45
1.89797e-44
3.89841e-44
7.9886e-44
1.6332e-43
3.3311e-43
6.77826e-43
1.37603e-42
2.78686e-42
5.63092e-42
1.13506e-41
2.2826e-41
4.57946e-41
9.16574e-41
1.83016e-40
3.64569e-40
7.24494e-40
1.43633e-39
2.84077e-39
5.60504e-39
1.10327e-38
2.16641e-38
4.24382e-38
8.29332e-38
1.61679e-37
3.14434e-37
6.10038e-37
1.18068e-36
2.27958e-36
4.3906e-36
8.43601e-36
1.61693e-35
3.09164e-35
5.89692e-35
1.12202e-34
2.12966e-34
4.03234e-34
7.61617e-34
1.43499e-33
2.69706e-33
5.05664e-33
9.45716e-33
1.76435e-32
3.28348e-32
6.09547e-32
1.12876e-31
2.08504e-31
3.8419e-31
7.06147e-31
1.29467e-30
2.36776e-30
4.31946e-30
7.86015e-30
1.42673e-29
2.58322e-29
4.66538e-29
8.40461e-29
1.51026e-28
2.707e-28
4.83977e-28
8.63099e-28
1.5353e-27
2.7241e-27
4.82112e-27
8.5107e-27
1.49856e-26
2.63193e-26
4.61065e-26
8.05634e-26
1.4041e-25
2.44087e-25
4.23227e-25
7.31955e-25
1.26263e-24
2.17242e-24
3.72813e-24
6.38136e-24
1.08946e-23
1.85515e-23
3.1508e-23
5.33744e-23
9.01807e-23
1.51971e-22
2.55432e-22
4.28207e-22
7.1597e-22
1.19398e-21
1.98592e-21
3.29447e-21
5.45087e-21
8.99503e-21
1.48045e-20
2.43019e-20
3.97867e-20
6.49662e-20
1.058e-19
1.71843e-19
2.78373e-19
4.49745e-19
7.24686e-19
1.1646e-18
1.86658e-18
2.9837e-18
4.75667e-18
7.56292e-18
1.19926e-17
1.89658e-17
2.99133e-17
4.70532e-17
7.38153e-17
1.15487e-16
1.80198e-16
2.80412e-16
4.35179e-16
6.73543e-16
1.03965e-15
1.60041e-15
2.45697e-15
3.76173e-15
5.74375e-15
8.74625e-15
1.32821e-14
2.01153e-14
3.0381e-14
4.57607e-14
6.87378e-14
1.0297e-13
1.53829e-13
2.29178e-13
3.40501e-13
5.04512e-13
7.45472e-13
1.09849e-12
1.61424e-12
2.3656e-12
3.45716e-12
5.03847e-12
7.32282e-12
1.06135e-11
1.53405e-11
2.21114e-11
3.17827e-11
4.55578e-11
6.51224e-11
9.28309e-11
1.31962e-10
1.87067e-10
2.64448e-10
3.72798e-10
5.2408e-10
7.34704e-10
1.02711e-09
1.43189e-09
1.99063e-09
2.75968e-09
3.81516e-09
5.25962e-09
7.2307e-09
9.91271e-09
1.35515e-08
1.84743e-08
2.51149e-08
3.40469e-08
4.60263e-08
6.20463e-08
8.34081e-08
1.1181e-07
1.49464e-07
1.99237e-07
2.6484e-07
3.51057e-07
4.64036e-07
6.11653e-07
8.03966e-07
1.05378e-06
1.37733e-06
1.79518e-06
2.33322e-06
3.024e-06
3.9083e-06
5.03699e-06
6.47342e-06
8.29612e-06
1.06022e-05
1.35112e-05
1.71702e-05
2.17587e-05
2.74962e-05
3.46491e-05
4.35404e-05
5.456e-05
6.8177e-05
8.4954e-05
0.000105563
0.000130805
0.00016163
0.000199161
0.000244722
0.000299867
0.000366414
0.000446482
0.000542533
0.000657415
0.000794412
0.000957295
0.00115038
0.00137858
0.00164749
0.00196342
0.00233348
0.00276567
0.0032689
0.00385309
0.00452926
0.00530954
0.00620728
0.00723706
0.00841477
0.00975763
0.0112842
0.0130144
0.0149696
0.0171724
0.0196467
0.0224175
0.0255112
0.028955
0.032777
0.0370059
0.0416711
0.0468021
0.0524284
0.0585793
0.0652834
0.0725685
0.0804611
0.0889862
0.0981667
0.108023
0.118573
0.129832
0.141811
0.154518
0.167956
0.182124
0.197017
0.212626
0.228934
0.245921
0.263564
0.281831
0.300688
0.320094
0.340007
0.360376
0.38115
0.402272
0.423684
0.445324
0.467128
0.489032
0.510968
0.532872
0.554676
0.576316
0.597728
0.61885
0.639624
0.659993
0.679905
0.699312
0.718168
0.736435
0.754078
0.771065
0.787373
0.802981
0.817874
0.832041
0.845478
0.858184
0.870161
0.881418
0.891966
0.90182
0.910997
0.919517
0.927404
0.934682
0.941377
0.947517
0.95313
0.958244
0.962889
0.967092
0.970883
0.97429
0.977338
0.980053
0.982461
0.984584
0.986443
0.988058
0.989448
0.990628
0.991613
0.992414
0.993043
0.993507
0.993813
0.993965
0.993965
0.993813
0.993507
0.993043
0.992414
0.991613
0.990628
0.989448
0.988058
0.986443
0.984584
0.982461
0.980053
0.977338
0.97429
0.970883
0.967092
0.962889
0.958244
0.95313
0.947517
0.941377
0.934682
0.927404
0.919517
0.910997
0.90182
0.891966
0.881418
0.870161
0.858184
0.845478
0.832041
0.817874
0.802981
0.787373
0.771065
0.754078
0.736435
0.718168
0.699312
0.679905
0.659993
0.639624
0.61885
0.597728
0.576316
0.554676
0.532872
0.510968
0.489032
0.467128
0.445324
0.423684
0.402272
0.38115
0.360376
0.340007
0.320094
0.300688
0.281831
0.263564
0.245921
0.228934
0.212626
0.197017
0.182124
0.167956
0.154518
0.141811
0.129832
0.118573
0.108023
0.0981667
0.0889862
0.0804611
0.0725685
0.0652834
0.0585793
0.0524284
0.0468021
0.0416711
0.0370059
0.032777
0.028955
0.0255112
0.0224175
0.0196467
0.0171724
0.0149696
0.0130144
0.0112842
0.00975763
0.00841477
0.00723706
0.00620728
0.00530954
0.00452926
0.00385309
0.0032689
0.00276567
0.00233348
0.00196342
0.00164749
0.00137858
0.00115038
0.000957295
0.000794412
0.000657415
0.000542533
0.000446482
0.000366414
0.000299867
0.000244722
0.000199161
0.00016163
0.000130805
0.000105563
8.4954e-05
6.8177e-05
5.456e-05
4.35404e-05
3.46491e-05
2.74962e-05
2.17587e-05
1.71702e-05
1.35112e-05
1.06022e-05
8.29612e-06
6.47342e-06
5.03699e-06
3.9083e-06
3.024e-06
2.33322e-06
1.79518e-06
1.37733e-06
1.05378e-06
8.03966e-07
6.11653e-07
4.64036e-07
3.51057e-07
2.6484e-07
1.99237e-07
1.49464e-07
1.1181e-07
8.34081e-08
6.20463e-08
4.60263e-08
3.40469e-08
2.51149e-08
1.84743e-08
1.35515e-08
9.91271e-09
7.2307e-09
5.25962e-09
3.81516e-09
2.75968e-09
1.99063e-09
1.43189e-09
1.02711e-09
7.34704e-10
5.2408e-10
3.72798e-10
2.64448e-10
1.87067e-10
1.31962e-10
9.28309e-11
6.51224e-11
4.55578e-11
3.17827e-11
2.21114e-11
1.53405e-11
1.06135e-11
7.32282e-12
5.03847e-12
3.45716e-12
2.3656e-12
1.61424e-12
1.09849e-12
7.45472e-13
5.04512e-13
3.40501e-13
2.29178e-13
1.53829e-13
1.0297e-13
6.87378e-14
4.57607e-14
3.0381e-14
2.01153e-14
1.32821e-14
8.74625e-15
5.74375e-15
3.76173e-15
2.45697e-15
1.60041e-15
1.03965e-15
6.73543e-16
4.35179e-16
2.80412e-16
1.80198e-16
1.15487e-16
7.38153e-17
4.70532e-17
2.99133e-17
1.89658e-17
1.19926e-17
7.56292e-18
4.75667e-18
2.9837e-18
1.86658e-18
1.1646e-18
7.24686e-19
4.49745e-19
2.78373e-19
1.71843e-19
1.058e-19
6.49662e-20
3.97867e-20
2.43019e-20
1.48045e-20
8.99503e-21
5.45087e-21
3.29447e-21
1.98592e-21
1.19398e-21
7.1597e-22
4.28207e-22
2.55432e-22
1.51971e-22
9.01807e-23
5.33744e-23
3.1508e-23
1.85515e-23
1.08946e-23
6.38136e-24
3.72813e-24
2.17242e-24
1.26263e-24
7.31955e-25
4.23227e-25
2.44087e-25
1.4041e-25
8.05634e-26
4.61065e-26
2.63193e-26
1.49856e-26
8.5107e-27
4.82112e-27
2.7241e-27
1.5353e-27
8.63099e-28
4.83977e-28
2.707e-28
1.51026e-28
8.40461e-29
4.66538e-29
2.58322e-29
1.42673e-29
7.86015e-30
4.31946e-30
2.36776e-30
1.29467e-30
7.06147e-31
3.8419e-31
2.08504e-31
1.12876e-31
6.09547e-32
3.28348e-32
1.76435e-32
9.45716e-33
5.05664e-33
2.69706e-33
1.43499e-33
7.61617e-34
4.03234e-34
2.12966e-34
1.12202e-34
5.89692e-35
3.09164e-35
1.61693e-35
8.43601e-36
4.3906e-36
2.27958e-36
1.18068e-36
6.10038e-37
3.14434e-37
1.61679e-37
8.29332e-38
4.24382e-38
2.16641e-38
1.10327e-38
5.60504e-39
2.84077e-39
1.43633e-39
7.24494e-40
3.64569e-40
1.83016e-40
9.16574e-41
4.57946e-41
2.2826e-41
1.13506e-41
5.63092e-42
2.78686e-42
1.37603e-42
6.77826e-43
3.3311e-43
1.6332e-43
7.9886e-44
3.89841e-44
1.89797e-44
9.21889e-45
4.46741e-45
2.15985e-45
1.0418e-45
5.01343e-46
2.40703e-46
1.15299e-46
5.51017e-47
2.62727e-47
1.24981e-47
5.93181e-48
2.80888e-48
1.32704e-48
6.25523e-49
2.94178e-49
1.38034e-49
6.46209e-50
3.01838e-50
1.40666e-50
6.54061e-51
3.03435e-51
1.40453e-51
6.48663e-52
2.98901e-52
1.37423e-52
6.304e-53
2.88535e-53
1.31768e-53
6.00413e-54
2.72974e-54
1.2383e-54
5.60483e-55
2.53125e-55
1.14063e-55
5.12852e-56
2.3008e-56
1.02993e-56
4.60023e-57
2.05019e-57
9.1171e-58
4.04543e-58
1.79111e-58
7.91279e-59
3.4881e-59
1.53427e-59
6.73392e-60
2.94911e-60
1.28876e-60
5.61967e-61
2.44518e-61
1.06163e-61
4.59936e-62
1.98832e-62
8.57715e-63
3.69204e-63
1.58584e-63
6.7971e-64
2.9071e-64
1.24071e-64
5.28389e-65
2.24551e-65
9.52254e-66
4.02968e-66
1.70165e-66
7.17052e-67
3.0152e-67
1.26522e-67
5.29787e-68
2.21373e-68
9.23079e-69
3.84099e-69
1.59492e-69
6.6089e-70
2.73284e-70
1.12771e-70
4.64382e-71
1.90833e-71
7.82588e-72
3.20269e-72
1.30797e-72
5.33076e-73
2.16813e-73
8.80012e-74
3.56452e-74
1.44087e-74
5.81246e-75
2.33996e-75
9.40094e-76
3.76921e-76
1.50816e-76
6.0223e-77
2.39992e-77
9.54453e-78
3.78821e-78
1.50051e-78
5.93155e-79
2.34005e-79
9.2132e-80
3.62014e-80
1.41962e-80
5.55584e-81
2.17001e-81
8.45882e-82
3.29074e-82
1.27766e-82
4.95082e-83
1.9146e-83
7.38962e-84
2.84648e-84
1.09431e-84
4.19872e-85
1.60784e-85
6.1449e-86
2.34389e-86
8.92301e-87
3.3903e-87
1.28564e-87
4.8658e-88
1.838e-88
6.92941e-89
2.60738e-89
9.79206e-90
3.67033e-90
1.37309e-90
5.12693e-91
1.91065e-91
7.10677e-92
2.63834e-92
9.77596e-93
3.61542e-93
1.33454e-93
4.91671e-94
1.80798e-94
6.63573e-95
2.43087e-95
8.88815e-96
3.24371e-96
1.18155e-96
4.29582e-97
1.55892e-97
5.64657e-98
2.04142e-98
7.36661e-99
2.65333e-99
9.53903e-100
3.42301e-100
1.22604e-100
4.38323e-101
1.56415e-101
5.57134e-102
1.98079e-102
7.02933e-103
2.48995e-103
8.80373e-104
3.10703e-104
1.09453e-104
3.8487e-105
1.35085e-105
4.73267e-106
1.65506e-106
5.77738e-107
2.01307e-107
7.00161e-108
2.43081e-108
8.42398e-109
2.91407e-109
1.00623e-109
3.46828e-110
1.1933e-110
4.09832e-111
1.40502e-111
4.8082e-112
1.6425e-112
5.60085e-113
1.90646e-113
6.47784e-114
2.19715e-114
7.43908e-115
2.51426e-115
8.48266e-116
2.85685e-116
9.60454e-117
3.22331e-117
1.07985e-117
3.61131e-118
1.20565e-118
4.01945e-119
1.34189e-119
4.59961e-120
1.95849e-120
)
;

boundaryField
{
    sides
    {
        type            zeroGradient;
    }
    empty
    {
        type            empty;
    }
}


// ************************************************************************* //
