/*--------------------------------*- C++ -*----------------------------------*\
  =========                 |
  \\      /  F ield         | OpenFOAM: The Open Source CFD Toolbox
   \\    /   O peration     | Website:  https://openfoam.org
    \\  /    A nd           | Version:  13
     \\/     M anipulation  |
\*---------------------------------------------------------------------------*/
FoamFile
{
    format      ascii;
    class       volScalarField;
    location    "1.685";
    object      T;
}
// * * * * * * * * * * * * * * * * * * * * * * * * * * * * * * * * * * * * * //

dimensions      [0 0 0 1 0 0 0];

internalField   nonuniform List<scalar> 
1000
(
1.08625e-118
2.51048e-118
7.21321e-118
2.13001e-117
6.29988e-117
1.86077e-116
5.48672e-116
1.61502e-115
4.74554e-115
1.39198e-114
4.07585e-114
1.19135e-113
3.47617e-113
1.0125e-112
2.94392e-112
8.54454e-112
2.47562e-111
7.15994e-111
2.06711e-110
5.95728e-110
1.7138e-109
4.92149e-109
1.41078e-108
4.03688e-108
1.15307e-107
3.28765e-107
9.357e-107
2.65832e-106
7.53868e-106
2.13403e-105
6.03005e-105
1.70081e-104
4.78856e-104
1.34575e-103
3.77518e-103
1.05711e-102
2.95467e-102
8.2434e-102
2.29567e-101
6.38144e-101
1.77064e-100
4.90394e-100
1.35569e-99
3.74091e-99
1.03037e-98
2.83273e-98
7.77347e-98
2.12922e-97
5.82128e-97
1.58858e-96
4.32706e-96
1.17643e-95
3.19248e-95
8.64727e-95
2.33785e-94
6.30868e-94
1.6992e-93
4.56809e-93
1.22576e-92
3.2829e-92
8.77583e-92
2.34151e-91
6.23566e-91
1.65746e-90
4.39722e-90
1.16436e-89
3.07727e-89
8.11737e-89
2.13715e-88
5.61593e-88
1.47291e-87
3.85561e-87
1.00734e-86
2.62677e-86
6.83641e-86
1.7758e-85
4.60385e-85
1.19125e-84
3.07641e-84
7.92937e-84
2.0398e-83
5.23706e-83
1.34196e-82
3.43195e-82
8.75974e-82
2.23146e-81
5.67324e-81
1.43952e-80
3.64544e-80
9.21346e-80
2.324e-79
5.85044e-79
1.46987e-78
3.68559e-78
9.22293e-78
2.30338e-77
5.7411e-77
1.42809e-76
3.54524e-76
8.78344e-76
2.17176e-75
5.35899e-75
1.31971e-74
3.2434e-74
7.95504e-74
1.94717e-73
4.75649e-73
1.15954e-72
2.82099e-72
6.8491e-72
1.6595e-71
4.01269e-71
9.68287e-71
2.33175e-70
5.60362e-70
1.34388e-69
3.21633e-69
7.68182e-69
1.83092e-68
4.35489e-68
1.03368e-67
2.44844e-67
5.78753e-67
1.36519e-66
3.21356e-66
7.54871e-66
1.7695e-65
4.13923e-65
9.66223e-65
2.25072e-64
5.23183e-64
1.21358e-63
2.80911e-63
6.48858e-63
1.49559e-62
3.43995e-62
7.89533e-62
1.80828e-61
4.13271e-61
9.42492e-61
2.14483e-60
4.87055e-60
1.10365e-59
2.49549e-59
5.63046e-59
1.26764e-58
2.84783e-58
6.38401e-58
1.42802e-57
3.18737e-57
7.09887e-57
1.57762e-56
3.4984e-56
7.7409e-56
1.70909e-55
3.7652e-55
8.27678e-55
1.81544e-54
3.97328e-54
8.67682e-54
1.89067e-53
4.11067e-53
8.91763e-53
1.9303e-52
4.16907e-52
8.98441e-52
1.93185e-51
4.14468e-51
8.87239e-51
1.89505e-50
4.03858e-50
8.58745e-50
1.82191e-49
3.85667e-49
8.14556e-49
1.71653e-48
3.60912e-48
7.5713e-48
1.58474e-47
3.30947e-47
6.89564e-47
1.43352e-46
2.97333e-46
6.15307e-46
1.27043e-45
2.61706e-45
5.37878e-45
1.10296e-44
2.25649e-44
4.60586e-44
9.37967e-44
1.90573e-43
3.86307e-43
7.81266e-43
1.57637e-42
3.17329e-42
6.37312e-42
1.27698e-41
2.55272e-41
5.09105e-41
1.01297e-40
2.01081e-40
3.98222e-40
7.86792e-40
1.55086e-39
3.04976e-39
5.98318e-39
1.17104e-38
2.28659e-38
4.45424e-38
8.65623e-38
1.67824e-37
3.24597e-37
6.26326e-37
1.20565e-36
2.31528e-36
4.43556e-36
8.4772e-36
1.61627e-35
3.07421e-35
5.83321e-35
1.10417e-34
2.08505e-34
3.92778e-34
7.3812e-34
1.38374e-33
2.5878e-33
4.82781e-33
8.9849e-33
1.66809e-32
3.08933e-32
5.70755e-32
1.0519e-31
1.93389e-31
3.54671e-31
6.48863e-31
1.18417e-30
2.15577e-30
3.9149e-30
7.09198e-30
1.28156e-29
2.31013e-29
4.15392e-29
7.45075e-29
1.3331e-28
2.37928e-28
4.23589e-28
7.52246e-28
1.33257e-27
2.35469e-27
4.15039e-27
7.29718e-27
1.27976e-26
2.23879e-26
3.90663e-26
6.79979e-26
1.18057e-25
2.04453e-25
3.53177e-25
6.08544e-25
1.0459e-24
1.79301e-24
3.066e-24
5.22944e-24
8.89673e-24
1.50972e-23
2.55536e-23
4.31417e-23
7.26488e-23
1.22024e-22
2.04431e-22
3.41611e-22
5.69374e-22
9.4655e-22
1.56953e-21
2.5958e-21
4.28204e-21
7.0454e-21
1.1562e-20
1.89249e-20
3.08962e-20
5.03092e-20
8.17066e-20
1.32353e-19
2.13835e-19
3.44577e-19
5.53806e-19
8.87752e-19
1.41934e-18
2.2633e-18
3.5996e-18
5.70986e-18
9.03341e-18
1.42539e-17
2.2432e-17
3.52092e-17
5.51183e-17
8.60567e-17
1.34006e-16
2.08118e-16
3.2236e-16
4.97989e-16
7.67259e-16
1.17898e-15
1.80682e-15
2.76162e-15
4.20971e-15
6.39999e-15
9.70386e-15
1.46739e-14
2.21301e-14
3.32855e-14
4.99298e-14
7.4696e-14
1.11446e-13
1.65831e-13
2.4609e-13
3.64209e-13
5.37569e-13
7.91307e-13
1.16167e-12
1.70076e-12
2.48328e-12
3.61604e-12
5.25124e-12
7.60521e-12
1.09845e-11
1.58223e-11
2.27287e-11
3.25611e-11
4.65201e-11
6.62822e-11
9.41821e-11
1.33461e-10
1.88605e-10
2.65806e-10
3.73584e-10
5.23629e-10
7.31929e-10
1.02029e-09
1.41837e-09
1.96636e-09
2.71859e-09
3.74827e-09
5.15378e-09
7.06688e-09
9.6635e-09
1.31779e-08
1.7921e-08
2.43043e-08
3.28706e-08
4.43338e-08
5.963e-08
7.99829e-08
1.06987e-07
1.42714e-07
1.89848e-07
2.51851e-07
3.33183e-07
4.39565e-07
5.78313e-07
7.58759e-07
9.92759e-07
1.29534e-06
1.68548e-06
2.18708e-06
2.83011e-06
3.6521e-06
4.69983e-06
6.03144e-06
7.71898e-06
9.85142e-06
1.25383e-05
1.59139e-05
2.01427e-05
2.5425e-05
3.20039e-05
4.01743e-05
5.02917e-05
6.27836e-05
7.81628e-05
9.70416e-05
0.000120149
0.00014835
0.000182668
0.000224307
0.000274682
0.00033545
0.00040854
0.000496194
0.000601009
0.000725978
0.000874541
0.00105064
0.00125876
0.00150401
0.00179217
0.00212975
0.00252408
0.00298333
0.00351664
0.00413413
0.00484698
0.00566752
0.00660922
0.00768681
0.00891627
0.0103149
0.0119012
0.0136952
0.0157181
0.0179922
0.0205414
0.0233905
0.0265652
0.0300925
0.034
0.0383157
0.0430684
0.0482867
0.0539994
0.0602348
0.0670207
0.0743838
0.0823495
0.0909418
0.100182
0.110091
0.120684
0.131976
0.143976
0.156692
0.170127
0.184278
0.19914
0.214703
0.23095
0.247863
0.265416
0.283579
0.302317
0.321592
0.34136
0.361574
0.382182
0.403129
0.424359
0.44581
0.467422
0.48913
0.51087
0.532578
0.55419
0.575641
0.596871
0.617818
0.638426
0.658639
0.678407
0.697682
0.716421
0.734583
0.752136
0.769048
0.785296
0.800858
0.815719
0.82987
0.843303
0.856018
0.868017
0.879306
0.889897
0.899802
0.909038
0.917625
0.925584
0.932939
0.939715
0.945938
0.951635
0.956835
0.961564
0.965852
0.969725
0.97321
0.976335
0.979123
0.981599
0.983786
0.985704
0.987373
0.988811
0.990033
0.991054
0.991887
0.99254
0.993023
0.993342
0.9935
0.9935
0.993342
0.993023
0.99254
0.991887
0.991054
0.990033
0.988811
0.987373
0.985704
0.983786
0.981599
0.979123
0.976335
0.97321
0.969725
0.965852
0.961564
0.956835
0.951635
0.945938
0.939715
0.932939
0.925584
0.917625
0.909038
0.899802
0.889897
0.879306
0.868017
0.856018
0.843303
0.82987
0.815719
0.800858
0.785296
0.769048
0.752136
0.734583
0.716421
0.697682
0.678407
0.658639
0.638426
0.617818
0.596871
0.575641
0.55419
0.532578
0.51087
0.48913
0.467422
0.44581
0.424359
0.403129
0.382182
0.361574
0.34136
0.321592
0.302317
0.283579
0.265416
0.247863
0.23095
0.214703
0.19914
0.184278
0.170127
0.156692
0.143976
0.131976
0.120684
0.110091
0.100182
0.0909418
0.0823495
0.0743838
0.0670207
0.0602348
0.0539994
0.0482867
0.0430684
0.0383157
0.034
0.0300925
0.0265652
0.0233905
0.0205414
0.0179922
0.0157181
0.0136952
0.0119012
0.0103149
0.00891627
0.00768681
0.00660922
0.00566752
0.00484698
0.00413413
0.00351664
0.00298333
0.00252408
0.00212975
0.00179217
0.00150401
0.00125876
0.00105064
0.000874541
0.000725978
0.000601009
0.000496194
0.00040854
0.00033545
0.000274682
0.000224307
0.000182668
0.00014835
0.000120149
9.70416e-05
7.81628e-05
6.27836e-05
5.02917e-05
4.01743e-05
3.20039e-05
2.5425e-05
2.01427e-05
1.59139e-05
1.25383e-05
9.85142e-06
7.71898e-06
6.03144e-06
4.69983e-06
3.6521e-06
2.83011e-06
2.18708e-06
1.68548e-06
1.29534e-06
9.92759e-07
7.58759e-07
5.78313e-07
4.39565e-07
3.33183e-07
2.51851e-07
1.89848e-07
1.42714e-07
1.06987e-07
7.99829e-08
5.963e-08
4.43338e-08
3.28706e-08
2.43043e-08
1.7921e-08
1.31779e-08
9.6635e-09
7.06688e-09
5.15378e-09
3.74827e-09
2.71859e-09
1.96636e-09
1.41837e-09
1.02029e-09
7.31929e-10
5.23629e-10
3.73584e-10
2.65806e-10
1.88605e-10
1.33461e-10
9.41821e-11
6.62822e-11
4.65201e-11
3.25611e-11
2.27287e-11
1.58223e-11
1.09845e-11
7.60521e-12
5.25124e-12
3.61604e-12
2.48328e-12
1.70076e-12
1.16167e-12
7.91307e-13
5.37569e-13
3.64209e-13
2.4609e-13
1.65831e-13
1.11446e-13
7.4696e-14
4.99298e-14
3.32855e-14
2.21301e-14
1.46739e-14
9.70386e-15
6.39999e-15
4.20971e-15
2.76162e-15
1.80682e-15
1.17898e-15
7.67259e-16
4.97989e-16
3.2236e-16
2.08118e-16
1.34006e-16
8.60567e-17
5.51183e-17
3.52092e-17
2.2432e-17
1.42539e-17
9.03341e-18
5.70986e-18
3.5996e-18
2.2633e-18
1.41934e-18
8.87752e-19
5.53806e-19
3.44577e-19
2.13835e-19
1.32353e-19
8.17066e-20
5.03092e-20
3.08962e-20
1.89249e-20
1.1562e-20
7.0454e-21
4.28204e-21
2.5958e-21
1.56953e-21
9.4655e-22
5.69374e-22
3.41611e-22
2.04431e-22
1.22024e-22
7.26488e-23
4.31417e-23
2.55536e-23
1.50972e-23
8.89673e-24
5.22944e-24
3.066e-24
1.79301e-24
1.0459e-24
6.08544e-25
3.53177e-25
2.04453e-25
1.18057e-25
6.79979e-26
3.90663e-26
2.23879e-26
1.27976e-26
7.29718e-27
4.15039e-27
2.35469e-27
1.33257e-27
7.52246e-28
4.23589e-28
2.37928e-28
1.3331e-28
7.45075e-29
4.15392e-29
2.31013e-29
1.28156e-29
7.09198e-30
3.9149e-30
2.15577e-30
1.18417e-30
6.48863e-31
3.54671e-31
1.93389e-31
1.0519e-31
5.70755e-32
3.08933e-32
1.66809e-32
8.9849e-33
4.82781e-33
2.5878e-33
1.38374e-33
7.3812e-34
3.92778e-34
2.08505e-34
1.10417e-34
5.83321e-35
3.07421e-35
1.61627e-35
8.4772e-36
4.43556e-36
2.31528e-36
1.20565e-36
6.26326e-37
3.24597e-37
1.67824e-37
8.65623e-38
4.45424e-38
2.28659e-38
1.17104e-38
5.98318e-39
3.04976e-39
1.55086e-39
7.86792e-40
3.98222e-40
2.01081e-40
1.01297e-40
5.09105e-41
2.55272e-41
1.27698e-41
6.37312e-42
3.17329e-42
1.57637e-42
7.81266e-43
3.86307e-43
1.90573e-43
9.37967e-44
4.60586e-44
2.25649e-44
1.10296e-44
5.37878e-45
2.61706e-45
1.27043e-45
6.15307e-46
2.97333e-46
1.43352e-46
6.89564e-47
3.30947e-47
1.58474e-47
7.5713e-48
3.60912e-48
1.71653e-48
8.14556e-49
3.85667e-49
1.82191e-49
8.58745e-50
4.03858e-50
1.89505e-50
8.87239e-51
4.14468e-51
1.93185e-51
8.98441e-52
4.16907e-52
1.9303e-52
8.91763e-53
4.11067e-53
1.89067e-53
8.67682e-54
3.97328e-54
1.81544e-54
8.27678e-55
3.7652e-55
1.70909e-55
7.7409e-56
3.4984e-56
1.57762e-56
7.09887e-57
3.18737e-57
1.42802e-57
6.38401e-58
2.84783e-58
1.26764e-58
5.63046e-59
2.49549e-59
1.10365e-59
4.87055e-60
2.14483e-60
9.42492e-61
4.13271e-61
1.80828e-61
7.89533e-62
3.43995e-62
1.49559e-62
6.48858e-63
2.80911e-63
1.21358e-63
5.23183e-64
2.25072e-64
9.66223e-65
4.13923e-65
1.7695e-65
7.54871e-66
3.21356e-66
1.36519e-66
5.78753e-67
2.44844e-67
1.03368e-67
4.35489e-68
1.83092e-68
7.68182e-69
3.21633e-69
1.34388e-69
5.60362e-70
2.33175e-70
9.68287e-71
4.01269e-71
1.6595e-71
6.8491e-72
2.82099e-72
1.15954e-72
4.75649e-73
1.94717e-73
7.95504e-74
3.2434e-74
1.31971e-74
5.35899e-75
2.17176e-75
8.78344e-76
3.54524e-76
1.42809e-76
5.7411e-77
2.30338e-77
9.22293e-78
3.68559e-78
1.46987e-78
5.85044e-79
2.324e-79
9.21346e-80
3.64544e-80
1.43952e-80
5.67324e-81
2.23146e-81
8.75974e-82
3.43195e-82
1.34196e-82
5.23706e-83
2.0398e-83
7.92937e-84
3.07641e-84
1.19125e-84
4.60385e-85
1.7758e-85
6.83641e-86
2.62677e-86
1.00734e-86
3.85561e-87
1.47291e-87
5.61593e-88
2.13715e-88
8.11737e-89
3.07727e-89
1.16436e-89
4.39722e-90
1.65746e-90
6.23566e-91
2.34151e-91
8.77583e-92
3.2829e-92
1.22576e-92
4.56809e-93
1.6992e-93
6.30868e-94
2.33785e-94
8.64727e-95
3.19248e-95
1.17643e-95
4.32706e-96
1.58858e-96
5.82128e-97
2.12922e-97
7.77347e-98
2.83273e-98
1.03037e-98
3.74091e-99
1.35569e-99
4.90394e-100
1.77064e-100
6.38144e-101
2.29567e-101
8.2434e-102
2.95467e-102
1.05711e-102
3.77518e-103
1.34575e-103
4.78856e-104
1.70081e-104
6.03005e-105
2.13403e-105
7.53868e-106
2.65832e-106
9.357e-107
3.28765e-107
1.15307e-107
4.03688e-108
1.41078e-108
4.92149e-109
1.7138e-109
5.95728e-110
2.06711e-110
7.15994e-111
2.47562e-111
8.54454e-112
2.94392e-112
1.0125e-112
3.47617e-113
1.19135e-113
4.07585e-114
1.39198e-114
4.74554e-115
1.61502e-115
5.48672e-116
1.86077e-116
6.29988e-117
2.13001e-117
7.21321e-118
2.51048e-118
1.08625e-118
)
;

boundaryField
{
    sides
    {
        type            zeroGradient;
    }
    empty
    {
        type            empty;
    }
}


// ************************************************************************* //
