/*--------------------------------*- C++ -*----------------------------------*\
  =========                 |
  \\      /  F ield         | OpenFOAM: The Open Source CFD Toolbox
   \\    /   O peration     | Website:  https://openfoam.org
    \\  /    A nd           | Version:  13
     \\/     M anipulation  |
\*---------------------------------------------------------------------------*/
FoamFile
{
    format      ascii;
    class       volScalarField;
    location    "4.725";
    object      T;
}
// * * * * * * * * * * * * * * * * * * * * * * * * * * * * * * * * * * * * * //

dimensions      [0 0 0 1 0 0 0];

internalField   nonuniform List<scalar> 
1000
(
1.1891e-47
1.44518e-47
2.01144e-47
3.00737e-47
4.64249e-47
7.25963e-47
1.14054e-46
1.79424e-46
2.82245e-46
4.43728e-46
6.9704e-46
1.09398e-45
1.71538e-45
2.68722e-45
4.20565e-45
6.57585e-45
1.02721e-44
1.60306e-44
2.49936e-44
3.89308e-44
6.05823e-44
9.41853e-44
1.46287e-43
2.26995e-43
3.51893e-43
5.44994e-43
8.43252e-43
1.30349e-42
2.013e-42
3.10573e-42
4.78706e-42
7.37155e-42
1.13405e-41
1.74297e-41
2.67629e-41
4.10543e-41
6.2917e-41
9.63298e-41
1.47345e-40
2.25163e-40
3.43747e-40
5.24281e-40
7.98862e-40
1.21608e-39
1.84942e-39
2.80989e-39
4.26508e-39
6.46764e-39
9.79821e-39
1.48296e-38
2.24229e-38
3.38717e-38
5.11168e-38
7.70674e-38
1.1608e-37
1.74673e-37
2.62589e-37
3.94371e-37
5.91718e-37
8.8696e-37
1.32823e-36
1.98711e-36
2.96996e-36
4.43465e-36
6.61526e-36
9.85855e-36
1.46777e-35
2.18315e-35
3.24404e-35
4.81578e-35
7.14211e-35
1.05819e-34
1.56632e-34
2.31619e-34
3.42174e-34
5.05005e-34
7.44599e-34
1.0968e-33
1.61402e-33
2.37283e-33
3.48499e-33
5.11344e-33
7.49552e-33
1.09766e-32
1.60586e-32
2.34706e-32
3.42703e-32
4.99905e-32
7.28505e-32
1.0606e-31
1.54258e-31
2.2414e-31
3.25362e-31
4.71832e-31
6.83572e-31
9.89362e-31
1.43054e-30
2.06643e-30
2.98205e-30
4.29916e-30
6.19193e-30
8.90927e-30
1.28066e-29
1.83906e-29
2.63836e-29
3.78133e-29
5.41412e-29
7.74435e-29
1.10666e-28
1.57986e-28
2.25316e-28
3.21026e-28
4.56942e-28
6.4976e-28
9.23034e-28
1.30995e-27
1.85722e-27
2.63053e-27
3.72216e-27
5.26161e-27
7.43042e-27
1.04828e-26
1.47746e-26
2.08029e-26
2.92619e-26
4.112e-26
5.77262e-26
8.09587e-26
1.13429e-25
1.58765e-25
2.22002e-25
3.10119e-25
4.32782e-25
6.03365e-25
8.40351e-25
1.16926e-24
1.62529e-24
2.25693e-24
3.13095e-24
4.33913e-24
6.00756e-24
8.30925e-24
1.14814e-23
1.58488e-23
2.18558e-23
3.01095e-23
4.14391e-23
5.6975e-23
7.82577e-23
1.07383e-22
1.47202e-22
2.01586e-22
2.75787e-22
3.76924e-22
5.14637e-22
7.01965e-22
9.56527e-22
1.30211e-21
1.77077e-21
2.40571e-21
3.26507e-21
4.42699e-21
5.99639e-21
8.11406e-21
1.09686e-20
1.48127e-20
1.99839e-20
2.69334e-20
3.62635e-20
4.87768e-20
6.55425e-20
8.79828e-20
1.17988e-19
1.58068e-19
2.11551e-19
2.82846e-19
3.7779e-19
5.041e-19
6.71966e-19
8.94834e-19
1.19043e-18
1.58207e-18
2.10046e-18
2.78592e-18
3.69136e-18
4.88616e-18
6.4612e-18
8.53538e-18
1.12641e-17
1.48503e-17
1.95585e-17
2.57336e-17
3.38243e-17
4.4414e-17
5.82606e-17
7.63473e-17
9.99484e-17
1.30714e-16
1.70777e-16
2.22895e-16
2.90625e-16
3.78556e-16
4.92595e-16
6.40343e-16
8.31567e-16
1.07881e-15
1.39815e-15
1.8102e-15
2.34133e-15
3.02523e-15
3.90497e-15
5.03547e-15
6.48669e-15
8.34773e-15
1.07319e-14
1.3783e-14
1.76838e-14
2.26657e-14
2.90218e-14
3.71228e-14
4.74371e-14
6.0556e-14
7.72251e-14
9.83831e-14
1.25212e-13
1.59195e-13
2.02197e-13
2.56557e-13
3.25201e-13
4.11796e-13
5.20922e-13
6.58301e-13
8.3107e-13
1.04812e-12
1.32052e-12
1.66204e-12
2.08977e-12
2.62492e-12
3.29377e-12
4.12888e-12
5.17049e-12
6.46833e-12
8.08375e-12
1.00924e-11
1.25874e-11
1.56833e-11
1.9521e-11
2.42731e-11
3.01515e-11
3.74157e-11
4.63829e-11
5.74412e-11
7.10639e-11
8.78285e-11
1.08438e-10
1.33748e-10
1.648e-10
2.02854e-10
2.49443e-10
3.06422e-10
3.76035e-10
4.60996e-10
5.64581e-10
6.90742e-10
8.4424e-10
1.0308e-09
1.25732e-09
1.53207e-09
1.86496e-09
2.26789e-09
2.75507e-09
3.34354e-09
4.05358e-09
4.90945e-09
5.94e-09
7.17961e-09
8.66914e-09
1.04571e-08
1.26011e-08
1.51693e-08
1.82424e-08
2.1916e-08
2.63027e-08
3.15355e-08
3.77712e-08
4.51941e-08
5.40212e-08
6.45071e-08
7.69507e-08
9.17018e-08
1.0917e-07
1.29835e-07
1.54256e-07
1.83085e-07
2.17083e-07
2.57134e-07
3.04267e-07
3.59676e-07
4.24747e-07
5.01084e-07
5.90545e-07
6.95276e-07
8.17757e-07
9.60844e-07
1.12783e-06
1.32251e-06
1.54922e-06
1.81298e-06
2.1195e-06
2.47536e-06
2.88806e-06
3.36618e-06
3.9195e-06
4.55919e-06
5.29796e-06
6.15026e-06
7.1325e-06
8.26331e-06
9.56379e-06
1.10579e-05
1.27725e-05
1.47382e-05
1.69895e-05
1.9565e-05
2.25084e-05
2.58687e-05
2.97009e-05
3.40668e-05
3.90354e-05
4.4684e-05
5.10989e-05
5.83765e-05
6.66241e-05
7.59611e-05
8.65204e-05
9.84495e-05
0.000111912
0.000127089
0.00014418
0.000163408
0.000185016
0.000209273
0.000236477
0.000266951
0.000301055
0.00033918
0.000381756
0.000429251
0.000482179
0.000541099
0.00060662
0.000679406
0.000760176
0.000849713
0.000948863
0.00105854
0.00117974
0.00131353
0.00146107
0.00162358
0.00180241
0.00199899
0.00221484
0.00245162
0.00271107
0.00299506
0.0033056
0.00364479
0.00401491
0.00441834
0.00485761
0.00533541
0.00585456
0.00641806
0.00702904
0.00769081
0.00840683
0.00918073
0.0100163
0.0109175
0.0118885
0.0129336
0.0140572
0.015264
0.0165587
0.0179463
0.019432
0.0210208
0.0227182
0.0245298
0.0264611
0.0285179
0.0307061
0.0330315
0.0355002
0.0381181
0.0408915
0.0438264
0.046929
0.0502054
0.0536616
0.0573037
0.0611376
0.0651691
0.069404
0.0738478
0.0785058
0.0833833
0.0884852
0.0938161
0.0993805
0.105182
0.111226
0.117513
0.124049
0.130835
0.137872
0.145164
0.152711
0.160514
0.168573
0.176887
0.185455
0.194276
0.203348
0.212668
0.222233
0.232037
0.242078
0.25235
0.262846
0.27356
0.284485
0.295614
0.306938
0.318448
0.330135
0.341988
0.353998
0.366153
0.378441
0.390852
0.403371
0.415988
0.428688
0.441459
0.454286
0.467157
0.480056
0.492969
0.505883
0.518783
0.531654
0.544482
0.557253
0.569952
0.582565
0.595079
0.607478
0.61975
0.631881
0.643859
0.65567
0.667302
0.678742
0.68998
0.701004
0.711803
0.722367
0.732685
0.742748
0.752547
0.762074
0.77132
0.780277
0.788938
0.797297
0.805347
0.813082
0.820497
0.827586
0.834346
0.84077
0.846856
0.852601
0.857999
0.86305
0.86775
0.872096
0.876087
0.87972
0.882995
0.885909
0.888461
0.890651
0.892477
0.893938
0.895035
0.895766
0.896132
0.896132
0.895766
0.895035
0.893938
0.892477
0.890651
0.888461
0.885909
0.882995
0.87972
0.876087
0.872096
0.86775
0.86305
0.857999
0.852601
0.846856
0.84077
0.834346
0.827586
0.820497
0.813082
0.805347
0.797297
0.788938
0.780277
0.77132
0.762074
0.752547
0.742748
0.732685
0.722367
0.711803
0.701004
0.68998
0.678742
0.667302
0.65567
0.643859
0.631881
0.61975
0.607478
0.595079
0.582565
0.569952
0.557253
0.544482
0.531654
0.518783
0.505883
0.492969
0.480056
0.467157
0.454286
0.441459
0.428688
0.415988
0.403371
0.390852
0.378441
0.366153
0.353998
0.341988
0.330135
0.318448
0.306938
0.295614
0.284485
0.27356
0.262846
0.25235
0.242078
0.232037
0.222233
0.212668
0.203348
0.194276
0.185455
0.176887
0.168573
0.160514
0.152711
0.145164
0.137872
0.130835
0.124049
0.117513
0.111226
0.105182
0.0993805
0.0938161
0.0884852
0.0833833
0.0785058
0.0738478
0.069404
0.0651691
0.0611376
0.0573037
0.0536616
0.0502054
0.046929
0.0438264
0.0408915
0.0381181
0.0355002
0.0330315
0.0307061
0.0285179
0.0264611
0.0245298
0.0227182
0.0210208
0.019432
0.0179463
0.0165587
0.015264
0.0140572
0.0129336
0.0118885
0.0109175
0.0100163
0.00918073
0.00840683
0.00769081
0.00702904
0.00641806
0.00585456
0.00533541
0.00485761
0.00441834
0.00401491
0.00364479
0.0033056
0.00299506
0.00271107
0.00245162
0.00221484
0.00199899
0.00180241
0.00162358
0.00146107
0.00131353
0.00117974
0.00105854
0.000948863
0.000849713
0.000760176
0.000679406
0.00060662
0.000541099
0.000482179
0.000429251
0.000381756
0.00033918
0.000301055
0.000266951
0.000236477
0.000209273
0.000185016
0.000163408
0.00014418
0.000127089
0.000111912
9.84495e-05
8.65204e-05
7.59611e-05
6.66241e-05
5.83765e-05
5.10989e-05
4.4684e-05
3.90354e-05
3.40668e-05
2.97009e-05
2.58687e-05
2.25084e-05
1.9565e-05
1.69895e-05
1.47382e-05
1.27725e-05
1.10579e-05
9.56379e-06
8.26331e-06
7.1325e-06
6.15026e-06
5.29796e-06
4.55919e-06
3.9195e-06
3.36618e-06
2.88806e-06
2.47536e-06
2.1195e-06
1.81298e-06
1.54922e-06
1.32251e-06
1.12783e-06
9.60844e-07
8.17757e-07
6.95276e-07
5.90545e-07
5.01084e-07
4.24747e-07
3.59676e-07
3.04267e-07
2.57134e-07
2.17083e-07
1.83085e-07
1.54256e-07
1.29835e-07
1.0917e-07
9.17018e-08
7.69507e-08
6.45071e-08
5.40212e-08
4.51941e-08
3.77712e-08
3.15355e-08
2.63027e-08
2.1916e-08
1.82424e-08
1.51693e-08
1.26011e-08
1.04571e-08
8.66914e-09
7.17961e-09
5.94e-09
4.90945e-09
4.05358e-09
3.34354e-09
2.75507e-09
2.26789e-09
1.86496e-09
1.53207e-09
1.25732e-09
1.0308e-09
8.4424e-10
6.90742e-10
5.64581e-10
4.60996e-10
3.76035e-10
3.06422e-10
2.49443e-10
2.02854e-10
1.648e-10
1.33748e-10
1.08438e-10
8.78285e-11
7.10639e-11
5.74412e-11
4.63829e-11
3.74157e-11
3.01515e-11
2.42731e-11
1.9521e-11
1.56833e-11
1.25874e-11
1.00924e-11
8.08375e-12
6.46833e-12
5.17049e-12
4.12888e-12
3.29377e-12
2.62492e-12
2.08977e-12
1.66204e-12
1.32052e-12
1.04812e-12
8.3107e-13
6.58301e-13
5.20922e-13
4.11796e-13
3.25201e-13
2.56557e-13
2.02197e-13
1.59195e-13
1.25212e-13
9.83831e-14
7.72251e-14
6.0556e-14
4.74371e-14
3.71228e-14
2.90218e-14
2.26657e-14
1.76838e-14
1.3783e-14
1.07319e-14
8.34773e-15
6.48669e-15
5.03547e-15
3.90497e-15
3.02523e-15
2.34133e-15
1.8102e-15
1.39815e-15
1.07881e-15
8.31567e-16
6.40343e-16
4.92595e-16
3.78556e-16
2.90625e-16
2.22895e-16
1.70777e-16
1.30714e-16
9.99484e-17
7.63473e-17
5.82606e-17
4.4414e-17
3.38243e-17
2.57336e-17
1.95585e-17
1.48503e-17
1.12641e-17
8.53538e-18
6.4612e-18
4.88616e-18
3.69136e-18
2.78592e-18
2.10046e-18
1.58207e-18
1.19043e-18
8.94834e-19
6.71966e-19
5.041e-19
3.7779e-19
2.82846e-19
2.11551e-19
1.58068e-19
1.17988e-19
8.79828e-20
6.55425e-20
4.87768e-20
3.62635e-20
2.69334e-20
1.99839e-20
1.48127e-20
1.09686e-20
8.11406e-21
5.99639e-21
4.42699e-21
3.26507e-21
2.40571e-21
1.77077e-21
1.30211e-21
9.56527e-22
7.01965e-22
5.14637e-22
3.76924e-22
2.75787e-22
2.01586e-22
1.47202e-22
1.07383e-22
7.82577e-23
5.6975e-23
4.14391e-23
3.01095e-23
2.18558e-23
1.58488e-23
1.14814e-23
8.30925e-24
6.00756e-24
4.33913e-24
3.13095e-24
2.25693e-24
1.62529e-24
1.16926e-24
8.40351e-25
6.03365e-25
4.32782e-25
3.10119e-25
2.22002e-25
1.58765e-25
1.13429e-25
8.09587e-26
5.77262e-26
4.112e-26
2.92619e-26
2.08029e-26
1.47746e-26
1.04828e-26
7.43042e-27
5.26161e-27
3.72216e-27
2.63053e-27
1.85722e-27
1.30995e-27
9.23034e-28
6.4976e-28
4.56942e-28
3.21026e-28
2.25316e-28
1.57986e-28
1.10666e-28
7.74435e-29
5.41412e-29
3.78133e-29
2.63836e-29
1.83906e-29
1.28066e-29
8.90927e-30
6.19193e-30
4.29916e-30
2.98205e-30
2.06643e-30
1.43054e-30
9.89362e-31
6.83572e-31
4.71832e-31
3.25362e-31
2.2414e-31
1.54258e-31
1.0606e-31
7.28505e-32
4.99905e-32
3.42703e-32
2.34706e-32
1.60586e-32
1.09766e-32
7.49552e-33
5.11344e-33
3.48499e-33
2.37283e-33
1.61402e-33
1.0968e-33
7.44599e-34
5.05005e-34
3.42174e-34
2.31619e-34
1.56632e-34
1.05819e-34
7.14211e-35
4.81578e-35
3.24404e-35
2.18315e-35
1.46777e-35
9.85855e-36
6.61526e-36
4.43465e-36
2.96996e-36
1.98711e-36
1.32823e-36
8.8696e-37
5.91718e-37
3.94371e-37
2.62589e-37
1.74673e-37
1.1608e-37
7.70674e-38
5.11168e-38
3.38717e-38
2.24229e-38
1.48296e-38
9.79821e-39
6.46764e-39
4.26508e-39
2.80989e-39
1.84942e-39
1.21608e-39
7.98862e-40
5.24281e-40
3.43747e-40
2.25163e-40
1.47345e-40
9.63298e-41
6.2917e-41
4.10543e-41
2.67629e-41
1.74297e-41
1.13405e-41
7.37155e-42
4.78706e-42
3.10573e-42
2.013e-42
1.30349e-42
8.43252e-43
5.44994e-43
3.51893e-43
2.26995e-43
1.46287e-43
9.41853e-44
6.05823e-44
3.89308e-44
2.49936e-44
1.60306e-44
1.02721e-44
6.57585e-45
4.20565e-45
2.68722e-45
1.71538e-45
1.09398e-45
6.9704e-46
4.43728e-46
2.82245e-46
1.79424e-46
1.14054e-46
7.25963e-47
4.64249e-47
3.00737e-47
2.01144e-47
1.44518e-47
1.1891e-47
)
;

boundaryField
{
    sides
    {
        type            zeroGradient;
    }
    empty
    {
        type            empty;
    }
}


// ************************************************************************* //
