/*--------------------------------*- C++ -*----------------------------------*\
  =========                 |
  \\      /  F ield         | OpenFOAM: The Open Source CFD Toolbox
   \\    /   O peration     | Website:  https://openfoam.org
    \\  /    A nd           | Version:  13
     \\/     M anipulation  |
\*---------------------------------------------------------------------------*/
FoamFile
{
    format      ascii;
    class       volScalarField;
    location    "2.97";
    object      T;
}
// * * * * * * * * * * * * * * * * * * * * * * * * * * * * * * * * * * * * * //

dimensions      [0 0 0 1 0 0 0];

internalField   nonuniform List<scalar> 
1000
(
6.69381e-73
1.00818e-72
1.85523e-72
3.63319e-72
7.22627e-72
1.44147e-71
2.8746e-71
5.72644e-71
1.13932e-70
2.26377e-70
4.49205e-70
8.9018e-70
1.7617e-69
3.48183e-69
6.87231e-69
1.35462e-68
2.66656e-68
5.24207e-68
1.02914e-67
2.01772e-67
3.95062e-67
7.72479e-67
1.50843e-66
2.94155e-66
5.72855e-66
1.11411e-65
2.16384e-65
4.19696e-65
8.12941e-65
1.57252e-64
3.03769e-64
5.86009e-64
1.12895e-63
2.17199e-63
4.17303e-63
8.00671e-63
1.53414e-62
2.93553e-62
5.6094e-62
1.07042e-61
2.03985e-61
3.88194e-61
7.37747e-61
1.40014e-60
2.65363e-60
5.02244e-60
9.4928e-60
1.79175e-59
3.37725e-59
6.35702e-59
1.19494e-58
2.24306e-58
4.20471e-58
7.87107e-58
1.4714e-57
2.74682e-57
5.12069e-57
9.53291e-57
1.77224e-56
3.29015e-56
6.09969e-56
1.12927e-55
2.08778e-55
3.85449e-55
7.10633e-55
1.30834e-54
2.40541e-54
4.41624e-54
8.09674e-54
1.48239e-53
2.71022e-53
4.94814e-53
9.02134e-53
1.64245e-52
2.98609e-52
5.42133e-52
9.82875e-52
1.77943e-51
3.21701e-51
5.80781e-51
1.04703e-50
1.88494e-50
3.38861e-50
6.0832e-50
1.09051e-49
1.95215e-49
3.48964e-49
6.22923e-49
1.11038e-48
1.97649e-48
3.51318e-48
6.23576e-48
1.10525e-47
1.95621e-47
3.45741e-47
6.10193e-47
1.07539e-46
1.89253e-46
3.32583e-46
5.83629e-46
1.02271e-45
1.78957e-45
3.12694e-45
5.45594e-45
9.50598e-45
1.65387e-44
2.87329e-44
4.98466e-44
8.63507e-44
1.49373e-43
2.58018e-43
4.45045e-43
7.66533e-43
1.31835e-42
2.26414e-42
3.88281e-42
6.64909e-42
1.13697e-41
1.94136e-41
3.31004e-41
5.63548e-41
9.58069e-41
1.62642e-40
2.75699e-40
4.66667e-40
7.88761e-40
1.33122e-39
2.24349e-39
3.77539e-39
6.34403e-39
1.06447e-38
1.78348e-38
2.98378e-38
4.98458e-38
8.31483e-38
1.38497e-37
2.30352e-37
3.82565e-37
6.34424e-37
1.05055e-36
1.73704e-36
2.86792e-36
4.72807e-36
7.78322e-36
1.27936e-35
2.09984e-35
3.44142e-35
5.63179e-35
9.20264e-35
1.50153e-34
2.44632e-34
3.97969e-34
6.46456e-34
1.04854e-33
1.69818e-33
2.74624e-33
4.43452e-33
7.15002e-33
1.15112e-32
1.8505e-32
2.97034e-32
4.76076e-32
7.619e-32
1.2175e-31
1.94264e-31
3.09503e-31
4.92364e-31
7.8209e-31
1.24044e-30
1.96446e-30
3.10641e-30
4.90481e-30
7.73271e-30
1.21727e-29
1.91333e-29
3.00289e-29
4.70579e-29
7.36328e-29
1.15041e-28
1.79466e-28
2.79546e-28
4.34777e-28
6.75187e-28
1.04695e-27
1.62094e-27
2.50582e-27
3.86789e-27
5.96128e-27
9.17373e-27
1.40959e-26
2.16261e-26
3.31287e-26
5.06721e-26
7.73876e-26
1.18008e-25
1.79677e-25
2.73154e-25
4.14631e-25
6.28422e-25
9.50994e-25
1.43694e-24
2.16789e-24
3.26566e-24
4.91177e-24
7.37633e-24
1.10605e-23
1.65594e-23
2.47542e-23
3.69475e-23
5.50621e-23
8.1932e-23
1.21727e-22
1.80572e-22
2.67451e-22
3.95522e-22
5.84019e-22
8.61019e-22
1.26744e-21
1.86283e-21
2.73368e-21
4.00545e-21
5.85979e-21
8.55936e-21
1.24833e-20
1.81778e-20
2.64291e-20
3.83663e-20
5.56089e-20
8.04755e-20
1.16281e-19
1.67757e-19
2.41644e-19
3.47532e-19
4.99045e-19
7.15498e-19
1.02424e-18
1.46392e-18
2.08908e-18
2.97657e-18
4.23448e-18
6.01459e-18
8.52969e-18
1.20777e-17
1.70747e-17
2.41015e-17
3.39669e-17
4.77957e-17
6.71493e-17
9.41918e-17
1.31918e-16
1.84466e-16
2.5754e-16
3.58999e-16
4.99644e-16
6.94297e-16
9.63269e-16
1.33434e-15
1.84546e-15
2.54835e-15
3.51342e-15
4.83636e-15
6.64695e-15
9.12099e-15
1.24962e-14
1.70934e-14
2.33451e-14
3.18329e-14
4.33384e-14
5.89093e-14
7.99482e-14
1.0833e-13
1.46555e-13
1.97956e-13
2.66961e-13
3.59452e-13
4.83223e-13
6.48585e-13
8.69158e-13
1.1629e-12
1.55346e-12
2.07189e-12
2.75898e-12
3.66809e-12
4.86904e-12
6.45294e-12
8.53853e-12
1.12803e-11
1.48788e-11
1.95941e-11
2.57628e-11
3.38199e-11
4.43263e-11
5.80043e-11
7.57825e-11
9.88525e-11
1.28741e-10
1.67399e-10
2.1732e-10
2.8168e-10
3.6452e-10
4.70972e-10
6.07545e-10
7.82475e-10
1.00617e-09
1.29175e-09
1.65576e-09
2.11896e-09
2.70744e-09
3.45383e-09
4.39898e-09
5.59385e-09
7.10196e-09
9.00231e-09
1.1393e-08
1.43956e-08
1.81605e-08
2.28737e-08
2.87641e-08
3.61139e-08
4.52695e-08
5.66559e-08
7.07933e-08
8.83176e-08
1.10005e-07
1.36799e-07
1.69848e-07
2.10547e-07
2.60582e-07
3.21994e-07
3.97247e-07
4.89306e-07
6.01742e-07
7.38835e-07
9.0572e-07
1.10853e-06
1.35461e-06
1.65267e-06
2.01312e-06
2.44828e-06
2.97277e-06
3.6039e-06
4.36208e-06
5.27138e-06
6.36013e-06
7.66156e-06
9.21467e-06
1.1065e-05
1.32659e-05
1.58794e-05
1.89776e-05
2.26444e-05
2.69769e-05
3.20876e-05
3.81061e-05
4.5182e-05
5.34872e-05
6.32191e-05
7.46038e-05
8.78999e-05
0.000103402
0.000121448
0.000142417
0.000166745
0.000194922
0.000227503
0.000265112
0.000308455
0.000358321
0.000415597
0.000481275
0.000556461
0.000642388
0.000740426
0.000852098
0.000979085
0.00112325
0.00128664
0.0014715
0.00168033
0.00191581
0.00218093
0.00247889
0.00281322
0.00318773
0.00360654
0.00407411
0.00459524
0.0051751
0.00581922
0.00653354
0.00732437
0.00819844
0.00916289
0.0102253
0.0113936
0.0126763
0.0140822
0.0156205
0.0173009
0.0191334
0.0211284
0.0232968
0.0256495
0.0281981
0.0309542
0.0339297
0.0371366
0.0405871
0.0442936
0.0482683
0.0525235
0.0570713
0.0619237
0.0670923
0.0725886
0.0784234
0.0846073
0.0911501
0.098061
0.105348
0.11302
0.121082
0.129541
0.138401
0.147665
0.157336
0.167414
0.1779
0.18879
0.200082
0.211771
0.22385
0.236311
0.249145
0.262341
0.275887
0.289767
0.303966
0.318468
0.333253
0.348302
0.363593
0.379106
0.394815
0.410697
0.426727
0.442878
0.459124
0.475439
0.491795
0.508164
0.524518
0.54083
0.557073
0.573219
0.589242
0.605116
0.620815
0.636314
0.651591
0.666623
0.681388
0.695865
0.710037
0.723885
0.737392
0.750545
0.76333
0.775734
0.787748
0.799361
0.810567
0.82136
0.831733
0.841685
0.851211
0.860312
0.868987
0.877237
0.885064
0.892471
0.89946
0.906037
0.912205
0.91797
0.923337
0.928312
0.932901
0.937109
0.940943
0.944407
0.947508
0.95025
0.952638
0.954677
0.956369
0.95772
0.95873
0.959402
0.959738
0.959738
0.959402
0.95873
0.95772
0.956369
0.954677
0.952638
0.95025
0.947508
0.944407
0.940943
0.937109
0.932901
0.928312
0.923337
0.91797
0.912205
0.906037
0.89946
0.892471
0.885064
0.877237
0.868987
0.860312
0.851211
0.841685
0.831733
0.82136
0.810567
0.799361
0.787748
0.775734
0.76333
0.750545
0.737392
0.723885
0.710037
0.695865
0.681388
0.666623
0.651591
0.636314
0.620815
0.605116
0.589242
0.573219
0.557073
0.54083
0.524518
0.508164
0.491795
0.475439
0.459124
0.442878
0.426727
0.410697
0.394815
0.379106
0.363593
0.348302
0.333253
0.318468
0.303966
0.289767
0.275887
0.262341
0.249145
0.236311
0.22385
0.211771
0.200082
0.18879
0.1779
0.167414
0.157336
0.147665
0.138401
0.129541
0.121082
0.11302
0.105348
0.098061
0.0911501
0.0846073
0.0784234
0.0725886
0.0670923
0.0619237
0.0570713
0.0525235
0.0482683
0.0442936
0.0405871
0.0371366
0.0339297
0.0309542
0.0281981
0.0256495
0.0232968
0.0211284
0.0191334
0.0173009
0.0156205
0.0140822
0.0126763
0.0113936
0.0102253
0.00916289
0.00819844
0.00732437
0.00653354
0.00581922
0.0051751
0.00459524
0.00407411
0.00360654
0.00318773
0.00281322
0.00247889
0.00218093
0.00191581
0.00168033
0.0014715
0.00128664
0.00112325
0.000979085
0.000852098
0.000740426
0.000642388
0.000556461
0.000481275
0.000415597
0.000358321
0.000308455
0.000265112
0.000227503
0.000194922
0.000166745
0.000142417
0.000121448
0.000103402
8.78999e-05
7.46038e-05
6.32191e-05
5.34872e-05
4.5182e-05
3.81061e-05
3.20876e-05
2.69769e-05
2.26444e-05
1.89776e-05
1.58794e-05
1.32659e-05
1.1065e-05
9.21467e-06
7.66156e-06
6.36013e-06
5.27138e-06
4.36208e-06
3.6039e-06
2.97277e-06
2.44828e-06
2.01312e-06
1.65267e-06
1.35461e-06
1.10853e-06
9.0572e-07
7.38835e-07
6.01742e-07
4.89306e-07
3.97247e-07
3.21994e-07
2.60582e-07
2.10547e-07
1.69848e-07
1.36799e-07
1.10005e-07
8.83176e-08
7.07933e-08
5.66559e-08
4.52695e-08
3.61139e-08
2.87641e-08
2.28737e-08
1.81605e-08
1.43956e-08
1.1393e-08
9.00231e-09
7.10196e-09
5.59385e-09
4.39898e-09
3.45383e-09
2.70744e-09
2.11896e-09
1.65576e-09
1.29175e-09
1.00617e-09
7.82475e-10
6.07545e-10
4.70972e-10
3.6452e-10
2.8168e-10
2.1732e-10
1.67399e-10
1.28741e-10
9.88525e-11
7.57825e-11
5.80043e-11
4.43263e-11
3.38199e-11
2.57628e-11
1.95941e-11
1.48788e-11
1.12803e-11
8.53853e-12
6.45294e-12
4.86904e-12
3.66809e-12
2.75898e-12
2.07189e-12
1.55346e-12
1.1629e-12
8.69158e-13
6.48585e-13
4.83223e-13
3.59452e-13
2.66961e-13
1.97956e-13
1.46555e-13
1.0833e-13
7.99482e-14
5.89093e-14
4.33384e-14
3.18329e-14
2.33451e-14
1.70934e-14
1.24962e-14
9.12099e-15
6.64695e-15
4.83636e-15
3.51342e-15
2.54835e-15
1.84546e-15
1.33434e-15
9.63269e-16
6.94297e-16
4.99644e-16
3.58999e-16
2.5754e-16
1.84466e-16
1.31918e-16
9.41918e-17
6.71493e-17
4.77957e-17
3.39669e-17
2.41015e-17
1.70747e-17
1.20777e-17
8.52969e-18
6.01459e-18
4.23448e-18
2.97657e-18
2.08908e-18
1.46392e-18
1.02424e-18
7.15498e-19
4.99045e-19
3.47532e-19
2.41644e-19
1.67757e-19
1.16281e-19
8.04755e-20
5.56089e-20
3.83663e-20
2.64291e-20
1.81778e-20
1.24833e-20
8.55936e-21
5.85979e-21
4.00545e-21
2.73368e-21
1.86283e-21
1.26744e-21
8.61019e-22
5.84019e-22
3.95522e-22
2.67451e-22
1.80572e-22
1.21727e-22
8.1932e-23
5.50621e-23
3.69475e-23
2.47542e-23
1.65594e-23
1.10605e-23
7.37633e-24
4.91177e-24
3.26566e-24
2.16789e-24
1.43694e-24
9.50994e-25
6.28422e-25
4.14631e-25
2.73154e-25
1.79677e-25
1.18008e-25
7.73876e-26
5.06721e-26
3.31287e-26
2.16261e-26
1.40959e-26
9.17373e-27
5.96128e-27
3.86789e-27
2.50582e-27
1.62094e-27
1.04695e-27
6.75187e-28
4.34777e-28
2.79546e-28
1.79466e-28
1.15041e-28
7.36328e-29
4.70579e-29
3.00289e-29
1.91333e-29
1.21727e-29
7.73271e-30
4.90481e-30
3.10641e-30
1.96446e-30
1.24044e-30
7.8209e-31
4.92364e-31
3.09503e-31
1.94264e-31
1.2175e-31
7.619e-32
4.76076e-32
2.97034e-32
1.8505e-32
1.15112e-32
7.15002e-33
4.43452e-33
2.74624e-33
1.69818e-33
1.04854e-33
6.46456e-34
3.97969e-34
2.44632e-34
1.50153e-34
9.20264e-35
5.63179e-35
3.44142e-35
2.09984e-35
1.27936e-35
7.78322e-36
4.72807e-36
2.86792e-36
1.73704e-36
1.05055e-36
6.34424e-37
3.82565e-37
2.30352e-37
1.38497e-37
8.31483e-38
4.98458e-38
2.98378e-38
1.78348e-38
1.06447e-38
6.34403e-39
3.77539e-39
2.24349e-39
1.33122e-39
7.88761e-40
4.66667e-40
2.75699e-40
1.62642e-40
9.58069e-41
5.63548e-41
3.31004e-41
1.94136e-41
1.13697e-41
6.64909e-42
3.88281e-42
2.26414e-42
1.31835e-42
7.66533e-43
4.45045e-43
2.58018e-43
1.49373e-43
8.63507e-44
4.98466e-44
2.87329e-44
1.65387e-44
9.50598e-45
5.45594e-45
3.12694e-45
1.78957e-45
1.02271e-45
5.83629e-46
3.32583e-46
1.89253e-46
1.07539e-46
6.10193e-47
3.45741e-47
1.95621e-47
1.10525e-47
6.23576e-48
3.51318e-48
1.97649e-48
1.11038e-48
6.22923e-49
3.48964e-49
1.95215e-49
1.09051e-49
6.0832e-50
3.38861e-50
1.88494e-50
1.04703e-50
5.80781e-51
3.21701e-51
1.77943e-51
9.82875e-52
5.42133e-52
2.98609e-52
1.64245e-52
9.02134e-53
4.94814e-53
2.71022e-53
1.48239e-53
8.09674e-54
4.41624e-54
2.40541e-54
1.30834e-54
7.10633e-55
3.85449e-55
2.08778e-55
1.12927e-55
6.09969e-56
3.29015e-56
1.77224e-56
9.53291e-57
5.12069e-57
2.74682e-57
1.4714e-57
7.87107e-58
4.20471e-58
2.24306e-58
1.19494e-58
6.35702e-59
3.37725e-59
1.79175e-59
9.4928e-60
5.02244e-60
2.65363e-60
1.40014e-60
7.37747e-61
3.88194e-61
2.03985e-61
1.07042e-61
5.6094e-62
2.93553e-62
1.53414e-62
8.00671e-63
4.17303e-63
2.17199e-63
1.12895e-63
5.86009e-64
3.03769e-64
1.57252e-64
8.12941e-65
4.19696e-65
2.16384e-65
1.11411e-65
5.72855e-66
2.94155e-66
1.50843e-66
7.72479e-67
3.95062e-67
2.01772e-67
1.02914e-67
5.24207e-68
2.66656e-68
1.35462e-68
6.87231e-69
3.48183e-69
1.7617e-69
8.9018e-70
4.49205e-70
2.26377e-70
1.13932e-70
5.72644e-71
2.8746e-71
1.44147e-71
7.22627e-72
3.63319e-72
1.85523e-72
1.00818e-72
6.69381e-73
)
;

boundaryField
{
    sides
    {
        type            zeroGradient;
    }
    empty
    {
        type            empty;
    }
}


// ************************************************************************* //
