/*--------------------------------*- C++ -*----------------------------------*\
  =========                 |
  \\      /  F ield         | OpenFOAM: The Open Source CFD Toolbox
   \\    /   O peration     | Website:  https://openfoam.org
    \\  /    A nd           | Version:  13
     \\/     M anipulation  |
\*---------------------------------------------------------------------------*/
FoamFile
{
    format      ascii;
    class       volScalarField;
    location    "4.32";
    object      T;
}
// * * * * * * * * * * * * * * * * * * * * * * * * * * * * * * * * * * * * * //

dimensions      [0 0 0 1 0 0 0];

internalField   nonuniform List<scalar> 
1000
(
8.89335e-52
1.11605e-51
1.62631e-51
2.54772e-51
4.11007e-51
6.70165e-51
1.0964e-50
1.79479e-50
2.93681e-50
4.80163e-50
7.84322e-50
1.27988e-49
2.08644e-49
3.39783e-49
5.52782e-49
8.98385e-49
1.45857e-48
2.36564e-48
3.83287e-48
6.20377e-48
1.0031e-47
1.62026e-47
2.61445e-47
4.21435e-47
6.78635e-47
1.09168e-46
1.75432e-46
2.81628e-46
4.51644e-46
7.23552e-46
1.15797e-45
1.8513e-45
2.95671e-45
4.7173e-45
7.51849e-45
1.19707e-44
1.90397e-44
3.02519e-44
4.80173e-44
7.61365e-44
1.20598e-43
1.90826e-43
3.01637e-43
4.76303e-43
7.51331e-43
1.18394e-42
1.86371e-42
2.93074e-42
4.60389e-42
7.22473e-42
1.13258e-41
1.77363e-41
2.77463e-41
4.33608e-41
6.7692e-41
1.05566e-40
1.64461e-40
2.55944e-40
3.97902e-40
6.17952e-40
9.58695e-40
1.48577e-39
2.30023e-39
3.55744e-39
5.49603e-39
8.48218e-39
1.30771e-38
2.01401e-38
3.09853e-38
4.76208e-38
7.31109e-38
1.12128e-37
1.71786e-37
2.62911e-37
4.0195e-37
6.13876e-37
9.36555e-37
1.42735e-36
2.17305e-36
3.30486e-36
5.02087e-36
7.61989e-36
1.15521e-35
1.74951e-35
2.64676e-35
3.99994e-35
6.0386e-35
9.10668e-35
1.37191e-34
2.06459e-34
3.10372e-34
4.66092e-34
6.99202e-34
1.04779e-33
1.56851e-33
2.34552e-33
3.50375e-33
5.22837e-33
7.79363e-33
1.16052e-32
1.72626e-32
2.56506e-32
3.8074e-32
5.64545e-32
8.36196e-32
1.23724e-31
1.8287e-31
2.70002e-31
3.98226e-31
5.86719e-31
8.63512e-31
1.26954e-30
1.86448e-30
2.73533e-30
4.00864e-30
5.86843e-30
8.58191e-30
1.25367e-29
1.82944e-29
2.66679e-29
3.88325e-29
5.64857e-29
8.20762e-29
1.19133e-28
1.72735e-28
2.50188e-28
3.61982e-28
5.23168e-28
7.5532e-28
1.08932e-27
1.56933e-27
2.25843e-27
3.24664e-27
4.66225e-27
6.68791e-27
9.58339e-27
1.37177e-26
1.96145e-26
2.80159e-26
3.99729e-26
5.69719e-26
8.11124e-26
1.15358e-25
1.63885e-25
2.32575e-25
3.29699e-25
4.66881e-25
6.60428e-25
9.33204e-25
1.31722e-24
1.85726e-24
2.61588e-24
3.68039e-24
5.1725e-24
7.2617e-24
1.01837e-23
1.42661e-23
1.99633e-23
2.79056e-23
3.89655e-23
5.43499e-23
7.57263e-23
1.05396e-22
1.46532e-22
2.03502e-22
2.82314e-22
3.91226e-22
5.41565e-22
7.48862e-22
1.03438e-21
1.42722e-21
1.96711e-21
2.70827e-21
3.72465e-21
5.1169e-21
7.02191e-21
9.62568e-21
1.31806e-20
1.80288e-20
2.46334e-20
3.36209e-20
4.58375e-20
6.24252e-20
8.49231e-20
1.15403e-19
1.56652e-19
2.12413e-19
2.87708e-19
3.89269e-19
5.26106e-19
7.10267e-19
9.57848e-19
1.29032e-18
1.73629e-18
2.33385e-18
3.13364e-18
4.20292e-18
5.63089e-18
7.53579e-18
1.00741e-17
1.34526e-17
1.79445e-17
2.391e-17
3.1824e-17
4.2311e-17
5.61921e-17
7.45455e-17
9.87852e-17
1.30763e-16
1.72904e-16
2.28373e-16
3.01308e-16
3.97099e-16
5.2277e-16
6.87458e-16
9.03034e-16
1.18491e-15
1.55306e-15
2.03337e-15
2.65929e-15
3.47407e-15
4.5335e-15
5.9095e-15
7.69468e-15
1.00081e-14
1.30028e-14
1.6875e-14
2.18762e-14
2.83285e-14
3.66434e-14
4.73467e-14
6.11091e-14
7.87851e-14
1.01462e-13
1.30522e-13
1.67721e-13
2.15284e-13
2.7603e-13
3.53527e-13
4.52284e-13
5.77989e-13
7.37819e-13
9.40808e-13
1.19832e-12
1.52463e-12
1.93767e-12
2.45988e-12
3.11939e-12
3.95135e-12
4.99968e-12
6.31917e-12
7.97807e-12
1.00613e-11
1.26746e-11
1.5949e-11
2.00472e-11
2.51706e-11
3.15685e-11
3.9549e-11
4.94921e-11
6.18668e-11
7.72501e-11
9.6352e-11
1.20045e-10
1.49398e-10
1.85723e-10
2.30626e-10
2.86069e-10
3.54448e-10
4.38687e-10
5.42347e-10
6.69761e-10
8.26194e-10
1.01804e-09
1.25305e-09
1.5406e-09
1.89205e-09
2.3211e-09
2.84431e-09
3.48161e-09
4.25699e-09
5.19931e-09
6.3432e-09
7.73021e-09
9.4101e-09
1.14424e-08
1.38983e-08
1.68626e-08
2.04366e-08
2.47408e-08
2.99184e-08
3.61396e-08
4.36063e-08
5.25575e-08
6.32764e-08
7.60972e-08
9.14148e-08
1.09695e-07
1.31484e-07
1.57429e-07
1.88285e-07
2.2494e-07
2.68436e-07
3.19989e-07
3.81022e-07
4.53197e-07
5.3845e-07
6.39035e-07
7.57576e-07
8.97117e-07
1.06119e-06
1.25389e-06
1.47996e-06
1.74486e-06
2.05491e-06
2.4174e-06
2.84071e-06
3.33448e-06
3.90977e-06
4.57929e-06
5.35757e-06
6.26124e-06
7.30932e-06
8.52348e-06
9.92843e-06
1.15523e-05
1.3427e-05
1.55889e-05
1.80791e-05
2.09441e-05
2.42366e-05
2.80161e-05
3.23496e-05
3.73125e-05
4.29899e-05
4.94772e-05
5.68812e-05
6.5322e-05
7.49337e-05
8.58661e-05
9.82864e-05
0.000112381
0.000128357
0.000146445
0.000166901
0.000190008
0.000216079
0.000245462
0.000278538
0.000315729
0.0003575
0.00040436
0.000456868
0.000515638
0.000581341
0.00065471
0.000736546
0.000827721
0.000929183
0.00104196
0.00116718
0.00130605
0.00145987
0.00163007
0.00181817
0.00202581
0.00225476
0.00250692
0.00278431
0.00308912
0.00342367
0.00379042
0.00419203
0.0046313
0.0051112
0.00563489
0.00620571
0.00682717
0.007503
0.0082371
0.00903357
0.00989673
0.0108311
0.0118413
0.0129323
0.0141092
0.0153773
0.016742
0.0182091
0.0197844
0.021474
0.0232839
0.0252207
0.0272907
0.0295005
0.031857
0.0343668
0.037037
0.0398744
0.0428861
0.0460791
0.0494604
0.0530369
0.0568155
0.0608031
0.0650063
0.0694317
0.0740857
0.0789743
0.0841035
0.0894789
0.0951058
0.100989
0.107134
0.113543
0.120222
0.127172
0.134398
0.1419
0.149681
0.157742
0.166082
0.174702
0.183602
0.192778
0.202229
0.211952
0.221942
0.232197
0.242709
0.253474
0.264484
0.275732
0.28721
0.298908
0.310818
0.322928
0.335229
0.347708
0.360353
0.373151
0.386089
0.399154
0.41233
0.425604
0.43896
0.452383
0.465858
0.479368
0.492897
0.50643
0.519949
0.53344
0.546885
0.560268
0.573574
0.586787
0.59989
0.612869
0.625709
0.638394
0.650911
0.663246
0.675385
0.687315
0.699023
0.710498
0.721729
0.732704
0.743413
0.753846
0.763995
0.77385
0.783404
0.792648
0.801577
0.810184
0.818463
0.826409
0.834016
0.841281
0.848199
0.854768
0.860984
0.866844
0.872346
0.877487
0.882267
0.886684
0.890736
0.894422
0.897741
0.900693
0.903277
0.905493
0.90734
0.908817
0.909926
0.910665
0.911034
0.911034
0.910665
0.909926
0.908817
0.90734
0.905493
0.903277
0.900693
0.897741
0.894422
0.890736
0.886684
0.882267
0.877487
0.872346
0.866844
0.860984
0.854768
0.848199
0.841281
0.834016
0.826409
0.818463
0.810184
0.801577
0.792648
0.783404
0.77385
0.763995
0.753846
0.743413
0.732704
0.721729
0.710498
0.699023
0.687315
0.675385
0.663246
0.650911
0.638394
0.625709
0.612869
0.59989
0.586787
0.573574
0.560268
0.546885
0.53344
0.519949
0.50643
0.492897
0.479368
0.465858
0.452383
0.43896
0.425604
0.41233
0.399154
0.386089
0.373151
0.360353
0.347708
0.335229
0.322928
0.310818
0.298908
0.28721
0.275732
0.264484
0.253474
0.242709
0.232197
0.221942
0.211952
0.202229
0.192778
0.183602
0.174702
0.166082
0.157742
0.149681
0.1419
0.134398
0.127172
0.120222
0.113543
0.107134
0.100989
0.0951058
0.0894789
0.0841035
0.0789743
0.0740857
0.0694317
0.0650063
0.0608031
0.0568155
0.0530369
0.0494604
0.0460791
0.0428861
0.0398744
0.037037
0.0343668
0.031857
0.0295005
0.0272907
0.0252207
0.0232839
0.021474
0.0197844
0.0182091
0.016742
0.0153773
0.0141092
0.0129323
0.0118413
0.0108311
0.00989673
0.00903357
0.0082371
0.007503
0.00682717
0.00620571
0.00563489
0.0051112
0.0046313
0.00419203
0.00379042
0.00342367
0.00308912
0.00278431
0.00250692
0.00225476
0.00202581
0.00181817
0.00163007
0.00145987
0.00130605
0.00116718
0.00104196
0.000929183
0.000827721
0.000736546
0.00065471
0.000581341
0.000515638
0.000456868
0.00040436
0.0003575
0.000315729
0.000278538
0.000245462
0.000216079
0.000190008
0.000166901
0.000146445
0.000128357
0.000112381
9.82864e-05
8.58661e-05
7.49337e-05
6.5322e-05
5.68812e-05
4.94772e-05
4.29899e-05
3.73125e-05
3.23496e-05
2.80161e-05
2.42366e-05
2.09441e-05
1.80791e-05
1.55889e-05
1.3427e-05
1.15523e-05
9.92843e-06
8.52348e-06
7.30932e-06
6.26124e-06
5.35757e-06
4.57929e-06
3.90977e-06
3.33448e-06
2.84071e-06
2.4174e-06
2.05491e-06
1.74486e-06
1.47996e-06
1.25389e-06
1.06119e-06
8.97117e-07
7.57576e-07
6.39035e-07
5.3845e-07
4.53197e-07
3.81022e-07
3.19989e-07
2.68436e-07
2.2494e-07
1.88285e-07
1.57429e-07
1.31484e-07
1.09695e-07
9.14148e-08
7.60972e-08
6.32764e-08
5.25575e-08
4.36063e-08
3.61396e-08
2.99184e-08
2.47408e-08
2.04366e-08
1.68626e-08
1.38983e-08
1.14424e-08
9.4101e-09
7.73021e-09
6.3432e-09
5.19931e-09
4.25699e-09
3.48161e-09
2.84431e-09
2.3211e-09
1.89205e-09
1.5406e-09
1.25305e-09
1.01804e-09
8.26194e-10
6.69761e-10
5.42347e-10
4.38687e-10
3.54448e-10
2.86069e-10
2.30626e-10
1.85723e-10
1.49398e-10
1.20045e-10
9.6352e-11
7.72501e-11
6.18668e-11
4.94921e-11
3.9549e-11
3.15685e-11
2.51706e-11
2.00472e-11
1.5949e-11
1.26746e-11
1.00613e-11
7.97807e-12
6.31917e-12
4.99968e-12
3.95135e-12
3.11939e-12
2.45988e-12
1.93767e-12
1.52463e-12
1.19832e-12
9.40808e-13
7.37819e-13
5.77989e-13
4.52284e-13
3.53527e-13
2.7603e-13
2.15284e-13
1.67721e-13
1.30522e-13
1.01462e-13
7.87851e-14
6.11091e-14
4.73467e-14
3.66434e-14
2.83285e-14
2.18762e-14
1.6875e-14
1.30028e-14
1.00081e-14
7.69468e-15
5.9095e-15
4.5335e-15
3.47407e-15
2.65929e-15
2.03337e-15
1.55306e-15
1.18491e-15
9.03034e-16
6.87458e-16
5.2277e-16
3.97099e-16
3.01308e-16
2.28373e-16
1.72904e-16
1.30763e-16
9.87852e-17
7.45455e-17
5.61921e-17
4.2311e-17
3.1824e-17
2.391e-17
1.79445e-17
1.34526e-17
1.00741e-17
7.53579e-18
5.63089e-18
4.20292e-18
3.13364e-18
2.33385e-18
1.73629e-18
1.29032e-18
9.57848e-19
7.10267e-19
5.26106e-19
3.89269e-19
2.87708e-19
2.12413e-19
1.56652e-19
1.15403e-19
8.49231e-20
6.24252e-20
4.58375e-20
3.36209e-20
2.46334e-20
1.80288e-20
1.31806e-20
9.62568e-21
7.02191e-21
5.1169e-21
3.72465e-21
2.70827e-21
1.96711e-21
1.42722e-21
1.03438e-21
7.48862e-22
5.41565e-22
3.91226e-22
2.82314e-22
2.03502e-22
1.46532e-22
1.05396e-22
7.57263e-23
5.43499e-23
3.89655e-23
2.79056e-23
1.99633e-23
1.42661e-23
1.01837e-23
7.2617e-24
5.1725e-24
3.68039e-24
2.61588e-24
1.85726e-24
1.31722e-24
9.33204e-25
6.60428e-25
4.66881e-25
3.29699e-25
2.32575e-25
1.63885e-25
1.15358e-25
8.11124e-26
5.69719e-26
3.99729e-26
2.80159e-26
1.96145e-26
1.37177e-26
9.58339e-27
6.68791e-27
4.66225e-27
3.24664e-27
2.25843e-27
1.56933e-27
1.08932e-27
7.5532e-28
5.23168e-28
3.61982e-28
2.50188e-28
1.72735e-28
1.19133e-28
8.20762e-29
5.64857e-29
3.88325e-29
2.66679e-29
1.82944e-29
1.25367e-29
8.58191e-30
5.86843e-30
4.00864e-30
2.73533e-30
1.86448e-30
1.26954e-30
8.63512e-31
5.86719e-31
3.98226e-31
2.70002e-31
1.8287e-31
1.23724e-31
8.36196e-32
5.64545e-32
3.8074e-32
2.56506e-32
1.72626e-32
1.16052e-32
7.79363e-33
5.22837e-33
3.50375e-33
2.34552e-33
1.56851e-33
1.04779e-33
6.99202e-34
4.66092e-34
3.10372e-34
2.06459e-34
1.37191e-34
9.10668e-35
6.0386e-35
3.99994e-35
2.64676e-35
1.74951e-35
1.15521e-35
7.61989e-36
5.02087e-36
3.30486e-36
2.17305e-36
1.42735e-36
9.36555e-37
6.13876e-37
4.0195e-37
2.62911e-37
1.71786e-37
1.12128e-37
7.31109e-38
4.76208e-38
3.09853e-38
2.01401e-38
1.30771e-38
8.48218e-39
5.49603e-39
3.55744e-39
2.30023e-39
1.48577e-39
9.58695e-40
6.17952e-40
3.97902e-40
2.55944e-40
1.64461e-40
1.05566e-40
6.7692e-41
4.33608e-41
2.77463e-41
1.77363e-41
1.13258e-41
7.22473e-42
4.60389e-42
2.93074e-42
1.86371e-42
1.18394e-42
7.51331e-43
4.76303e-43
3.01637e-43
1.90826e-43
1.20598e-43
7.61365e-44
4.80173e-44
3.02519e-44
1.90397e-44
1.19707e-44
7.51849e-45
4.7173e-45
2.95671e-45
1.8513e-45
1.15797e-45
7.23552e-46
4.51644e-46
2.81628e-46
1.75432e-46
1.09168e-46
6.78635e-47
4.21435e-47
2.61445e-47
1.62026e-47
1.0031e-47
6.20377e-48
3.83287e-48
2.36564e-48
1.45857e-48
8.98385e-49
5.52782e-49
3.39783e-49
2.08644e-49
1.27988e-49
7.84322e-50
4.80163e-50
2.93681e-50
1.79479e-50
1.0964e-50
6.70165e-51
4.11007e-51
2.54772e-51
1.62631e-51
1.11605e-51
8.89335e-52
)
;

boundaryField
{
    sides
    {
        type            zeroGradient;
    }
    empty
    {
        type            empty;
    }
}


// ************************************************************************* //
