/*--------------------------------*- C++ -*----------------------------------*\
  =========                 |
  \\      /  F ield         | OpenFOAM: The Open Source CFD Toolbox
   \\    /   O peration     | Website:  https://openfoam.org
    \\  /    A nd           | Version:  13
     \\/     M anipulation  |
\*---------------------------------------------------------------------------*/
FoamFile
{
    format      ascii;
    class       volScalarField;
    location    "3";
    object      rho;
}
// * * * * * * * * * * * * * * * * * * * * * * * * * * * * * * * * * * * * * //

dimensions      [1 -3 0 0 0 0 0];

internalField   nonuniform List<scalar> 
5250
(
1.40001
1.40002
1.40006
1.40015
1.4004
1.40091
1.40238
1.40561
1.41409
1.43371
1.48079
1.58461
1.80606
2.2912
4.27058
5.90859
5.7516
5.63946
5.65694
5.73355
5.82013
5.86997
5.8994
5.93467
5.96594
1.40001
1.40002
1.40006
1.40016
1.40035
1.401
1.40213
1.40598
1.41299
1.43461
1.47766
1.58393
1.79903
2.27751
4.21737
5.91593
5.75309
5.6368
5.65476
5.73205
5.81874
5.86892
5.89912
5.93505
5.96701
1.40001
1.40002
1.40006
1.40016
1.40035
1.40093
1.40216
1.40553
1.41309
1.43261
1.47625
1.57737
1.78829
2.24724
4.09878
5.93264
5.75607
5.62833
5.64561
5.72247
5.80834
5.85803
5.88717
5.92275
5.95525
1.40001
1.40002
1.40006
1.40014
1.40034
1.40088
1.40204
1.40531
1.41223
1.43126
1.47216
1.56919
1.77073
2.20371
3.91443
5.95935
5.76272
5.61451
5.63024
5.70263
5.78685
5.83418
5.86466
5.90164
5.93514
1.40001
1.40002
1.40006
1.40012
1.40034
1.40075
1.40204
1.40461
1.41207
1.42792
1.46895
1.55665
1.7495
2.14862
3.66929
5.99145
5.77394
5.59859
5.6105
5.67863
5.76117
5.80716
5.83246
5.86616
5.90269
1.40001
1.40002
1.40005
1.40013
1.40029
1.40074
1.40176
1.4044
1.41072
1.42605
1.46245
1.54506
1.72229
2.08883
3.37441
6.01012
5.78888
5.58136
5.58571
5.64525
5.72221
5.76763
5.79088
5.82013
5.85738
1.40001
1.40002
1.40005
1.4001
1.40029
1.40061
1.40173
1.40373
1.41019
1.42278
1.45787
1.53072
1.69634
2.03066
3.07954
5.97475
5.78663
5.56018
5.55801
5.60455
5.67345
5.71111
5.72733
5.75041
5.78943
1.40001
1.40002
1.40004
1.4001
1.40026
1.40058
1.40151
1.40354
1.40892
1.42136
1.45183
1.52072
1.67157
1.98189
2.87975
5.79006
5.71667
5.52328
5.51869
5.54692
5.60984
5.63731
5.64155
5.65364
5.68741
1.40001
1.40001
1.40004
1.40008
1.40024
1.4005
1.40143
1.40303
1.40848
1.41855
1.4483
1.50865
1.65003
1.93539
2.70256
5.48074
5.5841
5.49822
5.46904
5.47853
5.52079
5.539
5.52443
5.5078
5.52065
1.40001
1.40002
1.40003
1.40009
1.40019
1.40051
1.40114
1.403
1.40697
1.41775
1.44165
1.50014
1.62479
1.89011
2.53875
5.09094
5.5135
5.46249
5.40203
5.40363
5.41746
5.41044
5.37718
5.30107
5.25189
1.40001
1.40001
1.40003
1.40007
1.40018
1.40041
1.40108
1.40247
1.40655
1.41484
1.43808
1.48706
1.60222
1.83871
2.38585
4.62542
5.47226
5.43178
5.33181
5.31474
5.30283
5.26726
5.17148
4.94397
4.29064
1.40001
1.40001
1.40003
1.40006
1.40016
1.40034
1.40096
1.40206
1.4057
1.41258
1.4331
1.47464
1.57689
1.78388
2.23949
4.0787
5.45494
5.40679
5.27813
5.22499
5.18944
5.11611
4.95867
4.63386
3.92355
1.40001
1.40001
1.40002
1.40006
1.40012
1.40033
1.40069
1.40198
1.40417
1.41165
1.42552
1.46535
1.54612
1.72909
2.09859
3.46984
5.44679
5.39399
5.24363
5.14467
5.08016
4.97075
4.76869
4.42123
3.85082
1.40001
1.40001
1.40002
1.40004
1.40011
1.40025
1.4006
1.40152
1.40354
1.40912
1.42106
1.45245
1.51993
1.67126
1.97448
2.84926
5.35875
5.34686
5.23711
5.08114
4.98139
4.84913
4.63592
4.30436
3.85149
1.40001
1.40001
1.40002
1.40004
1.40009
1.4002
1.40049
1.40124
1.40289
1.40744
1.4172
1.44314
1.4991
1.62688
1.88852
2.53712
4.96177
5.24793
5.18228
5.02348
4.89421
4.74693
4.54222
4.24068
3.86086
1.40001
1.40001
1.40002
1.40003
1.40007
1.40016
1.40041
1.40096
1.40239
1.40588
1.41411
1.43471
1.48131
1.58712
1.80821
2.29806
4.26973
5.13744
5.10292
4.98177
4.82648
4.66453
4.46926
4.20124
3.86986
1.40001
1.40001
1.40001
1.40003
1.40005
1.40014
1.4003
1.40082
1.40177
1.40483
1.4107
1.42804
1.46341
1.55135
1.72997
2.10345
3.52458
5.08778
5.0646
4.96313
4.77931
4.60312
4.41009
4.16911
3.87757
1.40001
1.40001
1.40001
1.40002
1.40005
1.4001
1.40025
1.40057
1.40144
1.40345
1.40845
1.42051
1.44892
1.51448
1.65656
1.9377
2.72012
4.94752
5.04825
4.96388
4.76958
4.56775
4.3696
4.14518
3.88397
1.40001
1.40001
1.40001
1.40002
1.40004
1.40007
1.4002
1.40042
1.40116
1.40246
1.40683
1.41483
1.43903
1.48695
1.60389
1.83538
2.37787
4.44147
4.95892
4.90785
4.75873
4.54214
4.34183
4.12783
3.88984
1.40001
1.40001
1.40001
1.40001
1.40003
1.40006
1.40015
1.40031
1.40086
1.40187
1.40505
1.41132
1.4292
1.46649
1.55716
1.74192
2.12686
3.6366
4.86737
4.84532
4.74943
4.53624
4.32596
4.11956
3.89739
1.40001
1.40001
1.40001
1.40001
1.40002
1.40004
1.40011
1.40023
1.40063
1.40133
1.40373
1.40791
1.42149
1.44723
1.51588
1.653
1.92732
2.70814
4.6979
4.82615
4.75217
4.56418
4.32925
4.12071
3.91129
1.40001
1.40001
1.40001
1.40001
1.40002
1.40004
1.40007
1.40019
1.4004
1.40111
1.40234
1.40649
1.41406
1.43688
1.48216
1.59284
1.80939
2.30441
4.16154
4.74928
4.7093
4.58266
4.34882
4.13182
3.92973
1.40001
1.40001
1.40001
1.40001
1.40001
1.40003
1.40005
1.40013
1.40029
1.40078
1.40167
1.40463
1.40995
1.42662
1.45898
1.54203
1.70758
2.04295
3.29372
4.62608
4.63481
4.56901
4.38954
4.16114
3.95387
1.40001
1.40001
1.40001
1.40001
1.40001
1.40002
1.40004
1.40009
1.40021
1.40051
1.4012
1.40307
1.40697
1.41797
1.44081
1.49847
1.61822
1.85211
2.445
4.31107
4.61451
4.56342
4.42398
4.20058
3.9852
1.40001
1.40001
1.40001
1.40001
1.40001
1.40001
1.40003
1.40006
1.40016
1.40032
1.4009
1.4019
1.40524
1.41136
1.42997
1.46644
1.55839
1.73787
2.11165
3.55078
4.53042
4.51445
4.44529
4.26279
4.02982
1.40001
1.40001
1.40001
1.40001
1.40001
1.40001
1.40002
1.40005
1.4001
1.40025
1.40053
1.40144
1.40307
1.40835
1.41817
1.44673
1.50343
1.63684
1.8712
2.54075
4.29609
4.50889
4.45707
4.3279
4.09188
1.40001
1.40001
1.40001
1.40001
1.40001
1.40001
1.40002
1.40003
1.40007
1.40015
1.4004
1.40085
1.40227
1.40507
1.41308
1.42986
1.4727
1.56295
1.75222
2.14421
3.64598
4.43292
4.42061
4.35394
4.18581
1.40001
1.40001
1.40001
1.40001
1.40001
1.40001
1.40001
1.40002
1.40004
1.40011
1.40023
1.40061
1.40137
1.40348
1.40812
1.41993
1.44682
1.50919
1.64182
1.88485
2.6324
4.19936
4.40377
4.36244
4.25113
1.40001
1.40001
1.40001
1.40001
1.40001
1.40001
1.40001
1.40002
1.40003
1.40007
1.40016
1.40038
1.40092
1.40216
1.40542
1.41246
1.43114
1.47089
1.56446
1.74514
2.13664
3.57943
4.32084
4.32358
4.27087
1.40001
1.40001
1.40001
1.40001
1.40001
1.40001
1.40001
1.40001
1.40002
1.40005
1.4001
1.40026
1.40054
1.40146
1.40313
1.40838
1.41841
1.44679
1.50336
1.63485
1.86056
2.55638
4.06511
4.30375
4.27361
1.40001
1.40001
1.40001
1.40001
1.40001
1.40001
1.40001
1.40001
1.40002
1.40003
1.40007
1.40014
1.40038
1.40081
1.40221
1.4047
1.41265
1.4276
1.46909
1.55173
1.72678
2.0816
3.40609
4.204
4.24013
1.40001
1.40001
1.40001
1.40001
1.40001
1.40001
1.40001
1.40001
1.40001
1.40002
1.40004
1.4001
1.40021
1.40055
1.40121
1.40311
1.40708
1.41763
1.44061
1.49553
1.60971
1.81249
2.35783
3.9103
4.21716
1.40001
1.40001
1.40001
1.40001
1.40001
1.40001
1.40001
1.40001
1.40001
1.40001
1.40003
1.40006
1.40013
1.40034
1.40073
1.40196
1.40418
1.41127
1.42437
1.46164
1.53473
1.69501
1.99903
3.14431
4.06838
1.40001
1.40001
1.40001
1.40001
1.40001
1.40001
1.40001
1.40001
1.40001
1.40001
1.40002
1.40004
1.40009
1.40018
1.40049
1.40105
1.40273
1.40615
1.41545
1.43529
1.48397
1.58485
1.7699
2.22974
3.67424
1.40001
1.40001
1.40001
1.40001
1.40001
1.40001
1.40001
1.40001
1.40001
1.40001
1.40001
1.40003
1.40005
1.40012
1.40028
1.40063
1.40166
1.40354
1.40951
1.42042
1.45226
1.51339
1.65278
1.89711
2.75487
1.40001
1.40001
1.40001
1.40001
1.40001
1.40001
1.40001
1.40001
1.40001
1.40001
1.40001
1.40002
1.40003
1.40007
1.40016
1.4004
1.40087
1.40231
1.40493
1.41315
1.42844
1.47073
1.55376
1.71859
2.07913
1.40001
1.40001
1.40001
1.40001
1.40001
1.40001
1.40001
1.40001
1.40001
1.40001
1.40001
1.40001
1.40002
1.40004
1.4001
1.40021
1.40054
1.40118
1.40313
1.40663
1.41759
1.43785
1.49246
1.59513
1.78274
1.40001
1.40001
1.40001
1.40001
1.40001
1.40001
1.40001
1.40001
1.40001
1.40001
1.40001
1.40001
1.40001
1.40003
1.40005
1.40014
1.40028
1.40076
1.40158
1.4043
1.40909
1.42392
1.45185
1.52414
1.65686
1.40001
1.40001
1.40001
1.40001
1.40001
1.40001
1.40001
1.40001
1.40001
1.40001
1.40001
1.40001
1.40001
1.40002
1.40003
1.40008
1.40016
1.40042
1.40089
1.4024
1.40507
1.41349
1.42897
1.47205
1.55453
1.40001
1.40001
1.40001
1.40001
1.40001
1.40001
1.40001
1.40001
1.40001
1.40001
1.40001
1.40001
1.40001
1.40001
1.40002
1.40005
1.40009
1.40024
1.40049
1.40131
1.40278
1.40733
1.41584
1.43991
1.4868
1.40001
1.40001
1.40001
1.40001
1.40001
1.40001
1.40001
1.40001
1.40001
1.40001
1.40001
1.40001
1.40001
1.40001
1.40001
1.40003
1.40005
1.40013
1.40028
1.40072
1.40153
1.40411
1.40867
1.42282
1.44893
1.40001
1.40001
1.40001
1.40001
1.40001
1.40001
1.40001
1.40001
1.40001
1.40001
1.40001
1.40001
1.40001
1.40001
1.40001
1.40002
1.40003
1.40007
1.40016
1.40038
1.40088
1.40209
1.40505
1.41165
1.42814
1.40001
1.40001
1.40001
1.40001
1.40001
1.40001
1.40001
1.40001
1.40001
1.40001
1.40001
1.40001
1.40001
1.40001
1.40001
1.40001
1.40002
1.40004
1.40009
1.4002
1.40046
1.40116
1.40253
1.40658
1.41402
1.40001
1.40001
1.40001
1.40001
1.40001
1.40001
1.40001
1.40001
1.40001
1.40001
1.40001
1.40001
1.40001
1.40001
1.40001
1.40001
1.40001
1.40002
1.40005
1.40011
1.40025
1.4006
1.40142
1.40329
1.40805
1.40001
1.40001
1.40001
1.40001
1.40001
1.40001
1.40001
1.40001
1.40001
1.40001
1.40001
1.40001
1.40001
1.40001
1.40001
1.40001
1.40001
1.40002
1.40003
1.40006
1.40013
1.40033
1.40072
1.40182
1.40412
1.40001
1.40001
1.40001
1.40001
1.40001
1.40001
1.40001
1.40001
1.40001
1.40001
1.40001
1.40001
1.40001
1.40001
1.40001
1.40001
1.40001
1.40001
1.40002
1.40003
1.40008
1.40017
1.4004
1.40097
1.40219
1.40001
1.40001
1.40001
1.40001
1.40001
1.40001
1.40001
1.40001
1.40001
1.40001
1.40001
1.40001
1.40001
1.40001
1.40001
1.40001
1.40001
1.40001
1.40001
1.40002
1.40005
1.4001
1.40024
1.40051
1.40136
1.40001
1.40001
1.40001
1.40001
1.40001
1.40001
1.40001
1.40001
1.40001
1.40001
1.40001
1.40001
1.40001
1.40001
1.40001
1.40001
1.40001
1.40001
1.40001
1.40002
1.40003
1.40007
1.40016
1.40038
1.4009
1.40001
1.40001
1.40001
1.40001
1.40001
1.40001
1.40001
1.40001
1.40001
1.40001
1.40001
1.40001
1.40001
1.40001
1.40001
1.40001
1.40001
1.40001
1.40001
1.40001
1.40003
1.40006
1.40012
1.40034
1.40071
1.40001
1.40001
1.40001
1.40001
1.40001
1.40001
1.40001
1.40001
1.40001
1.40001
1.40001
1.40001
1.40001
1.40001
1.40001
1.40001
1.40001
1.40001
1.40001
1.40001
1.40003
1.40005
1.40013
1.40028
1.40075
1.89877
1.03966
0.722963
0.645278
0.64516
0.677525
0.765768
0.839384
0.863086
0.862715
0.859551
0.857124
0.857095
0.8581
0.861559
0.865669
0.867807
0.867747
0.867272
0.866829
0.866651
0.86704
0.868899
0.873737
0.885021
0.910154
0.965073
1.08597
1.3621
1.6337
1.64643
1.63496
1.59099
1.57992
1.59143
1.60971
1.63477
1.67303
1.72272
1.78515
1.85027
1.90825
1.95766
1.99653
2.03471
2.06024
2.07811
2.08782
2.09588
2.09775
2.0997
2.09373
2.0905
2.08125
2.07578
2.06417
2.05616
2.0426
2.03267
2.0179
2.00667
1.99122
1.97916
1.96304
1.95019
1.93331
1.91962
1.9021
1.88767
1.86976
1.8548
1.83669
1.82136
1.80319
1.78763
1.76949
1.75385
1.73574
1.72018
1.70207
1.68669
1.66854
1.65336
1.63516
1.62023
1.602
1.58739
1.56917
1.55493
1.53678
1.5229
1.50497
1.49138
1.47387
1.46047
1.4439
1.43107
1.41607
1.4052
1.39684
2.34368
1.53911
1.17877
1.02767
0.964608
0.919372
0.909171
0.913275
0.92334
0.947542
0.972269
0.982573
0.982173
0.981369
0.978642
0.978611
0.978866
0.97967
0.981507
0.982709
0.982878
0.983404
0.985005
0.988971
0.998373
1.0198
1.06728
1.16228
1.41089
1.71642
1.72253
1.67759
1.6176
1.58549
1.58041
1.5922
1.61405
1.64875
1.70971
1.79461
1.88922
1.96468
2.03998
2.09587
2.15056
2.18561
2.21822
2.23477
2.25267
2.25959
2.27005
2.26937
2.26945
2.26281
2.25974
2.25039
2.24407
2.23239
2.22361
2.21045
2.1998
2.18533
2.1731
2.15748
2.14401
2.12751
2.1131
2.09594
2.08087
2.06309
2.04757
2.02917
2.01339
1.99436
1.97856
1.959
1.94333
1.92337
1.90791
1.88767
1.87244
1.85205
1.83699
1.81666
1.80162
1.78164
1.76647
1.74704
1.73177
1.7128
1.69763
1.67921
1.66423
1.64638
1.63162
1.61436
1.60022
1.58445
1.57214
1.56339
2.86259
2.13344
1.66251
1.36084
1.16576
1.04459
0.96712
0.957001
0.960675
0.971206
0.997113
1.02248
1.03954
1.04794
1.04843
1.04808
1.04707
1.047
1.04714
1.04749
1.04859
1.04928
1.05089
1.05437
1.06212
1.07928
1.11741
1.18913
1.38063
1.71996
1.83555
1.80701
1.75918
1.71538
1.68305
1.66989
1.68508
1.72601
1.79419
1.87919
1.9674
2.04793
2.1227
2.18053
2.23234
2.26905
2.3013
2.32077
2.33882
2.34729
2.35857
2.36103
2.36232
2.35665
2.35397
2.34546
2.33981
2.32885
2.32076
2.30773
2.29766
2.28277
2.27115
2.25464
2.24179
2.22389
2.21009
2.19106
2.17669
2.15691
2.14222
2.12196
2.10683
2.08623
2.07038
2.04966
2.03306
2.01251
1.99537
1.97514
1.95782
1.93787
1.92063
1.90089
1.88389
1.8642
1.84739
1.82788
1.81134
1.79205
1.77563
1.75662
1.74031
1.72191
1.70576
1.68817
1.67259
1.6566
1.64273
1.63354
3.15907
2.51832
2.02597
1.67349
1.43328
1.2687
1.16473
1.09875
1.05838
1.04702
1.04893
1.05462
1.06892
1.08658
1.09958
1.10665
1.10666
1.10612
1.10483
1.10269
1.10262
1.10278
1.10364
1.10585
1.1112
1.12327
1.15019
1.20741
1.3203
1.59069
1.93706
1.9217
1.88244
1.85991
1.83591
1.83496
1.85815
1.89202
1.94128
2.00401
2.07521
2.13815
2.20159
2.25752
2.30891
2.34575
2.37786
2.39799
2.41726
2.42592
2.43879
2.44354
2.4486
2.44206
2.4392
2.43021
2.42559
2.41473
2.4082
2.39519
2.38644
2.37117
2.36027
2.34328
2.33088
2.31307
2.2997
2.28143
2.26698
2.24805
2.23243
2.21285
2.1963
2.17624
2.15897
2.13855
2.12079
2.10018
2.08234
2.0617
2.04407
2.02335
2.00575
1.98485
1.96739
1.94649
1.92901
1.90813
1.89068
1.87017
1.85297
1.83284
1.81602
1.7962
1.77991
1.76034
1.74471
1.72604
1.71164
1.69884
3.33199
2.79072
2.32825
1.96598
1.69486
1.49384
1.34552
1.23809
1.16149
1.11251
1.08404
1.08408
1.08601
1.09149
1.10439
1.11796
1.12735
1.13379
1.13529
1.13511
1.13457
1.13451
1.13478
1.136
1.13934
1.14736
1.16547
1.20571
1.27229
1.47812
1.84507
1.98792
2.02857
2.01483
2.01045
2.03428
2.06311
2.08797
2.1192
2.1479
2.18391
2.22501
2.26661
2.31623
2.3688
2.41143
2.44648
2.46826
2.48758
2.49742
2.5104
2.51709
2.52598
2.52336
2.52079
2.51219
2.50719
2.49691
2.4897
2.47737
2.46801
2.4539
2.44288
2.42696
2.41406
2.39607
2.38139
2.3619
2.34615
2.32587
2.30949
2.28877
2.27184
2.25081
2.23323
2.21174
2.19337
2.17126
2.15232
2.12986
2.11084
2.08847
2.07001
2.04791
2.02971
2.00772
1.98978
1.96782
1.94999
1.92814
1.91036
1.88876
1.87107
1.8499
1.83246
1.81196
1.79506
1.77589
1.7602
1.74641
3.44477
2.99057
2.57358
2.22204
1.9389
1.71645
1.54317
1.41064
1.30975
1.23657
1.18312
1.14814
1.12799
1.12759
1.12901
1.1332
1.14309
1.15478
1.1638
1.17033
1.17147
1.17131
1.17061
1.17062
1.17148
1.17494
1.1844
1.20747
1.2584
1.35747
1.59641
2.01448
2.10852
2.16511
2.22998
2.27883
2.30484
2.31367
2.32354
2.31325
2.29621
2.31049
2.33038
2.35765
2.40582
2.45145
2.49194
2.52023
2.54421
2.55644
2.56783
2.57506
2.58589
2.58925
2.5882
2.5802
2.5741
2.56411
2.55654
2.54482
2.53456
2.51974
2.5067
2.48975
2.47541
2.4573
2.44197
2.42243
2.40569
2.38456
2.36667
2.34461
2.32624
2.30378
2.28515
2.26222
2.24324
2.21973
2.20059
2.177
2.15804
2.13448
2.11555
2.09211
2.07311
2.04995
2.03101
2.00834
1.98953
1.96747
1.94887
1.92735
1.90901
1.88788
1.8699
1.8491
1.83163
1.81169
1.79532
1.77969
3.52247
3.13769
2.76641
2.43577
2.15438
1.92217
1.73295
1.5809
1.45877
1.36267
1.28659
1.23102
1.18873
1.16345
1.15037
1.15058
1.15202
1.15567
1.16472
1.17329
1.17987
1.18397
1.18574
1.18628
1.18739
1.18996
1.19611
1.2104
1.24311
1.31258
1.46232
1.79426
2.15124
2.32665
2.48633
2.56739
2.56805
2.56661
2.54227
2.46565
2.40986
2.38697
2.39395
2.40467
2.43067
2.47194
2.51586
2.55296
2.58381
2.6024
2.61678
2.62382
2.63426
2.63978
2.64323
2.6367
2.63021
2.61873
2.60893
2.59519
2.58386
2.5684
2.55528
2.53739
2.522
2.50188
2.48506
2.46403
2.44687
2.42541
2.40759
2.38497
2.36578
2.34186
2.32176
2.29733
2.27735
2.2535
2.23413
2.21054
2.19138
2.16776
2.14842
2.12463
2.10502
2.08124
2.06156
2.03809
2.0185
1.99556
1.97617
1.95382
1.93473
1.91293
1.89421
1.87296
1.85475
1.83445
1.81742
1.80083
3.57965
3.24873
2.91911
2.61305
2.34153
2.10814
1.91098
1.74668
1.61049
1.49893
1.40765
1.33499
1.27749
1.23483
1.20285
1.18423
1.17418
1.17439
1.17569
1.17896
1.18703
1.19502
1.20161
1.20635
1.20742
1.20903
1.21259
1.221
1.24064
1.28498
1.37679
1.57466
2.03614
2.42797
2.79572
2.87883
2.86563
2.82488
2.72022
2.60945
2.52646
2.47537
2.45112
2.45104
2.46699
2.48856
2.51962
2.56226
2.60218
2.63063
2.65254
2.66177
2.67068
2.67472
2.67981
2.67455
2.66849
2.65729
2.64825
2.6339
2.62148
2.60386
2.58904
2.56975
2.55414
2.5342
2.518
2.49688
2.47927
2.45645
2.43731
2.41338
2.39362
2.36946
2.34973
2.32575
2.30609
2.28185
2.26193
2.23747
2.21725
2.19279
2.17238
2.14802
2.12755
2.10343
2.08306
2.05941
2.03927
2.0162
1.99634
1.97383
1.9543
1.93226
1.9131
1.89148
1.87282
1.85192
1.83451
1.81669
3.62098
3.33193
3.03867
2.75842
2.50115
2.27287
2.07374
1.90318
1.75763
1.6351
1.53167
1.44582
1.37447
1.31674
1.27081
1.23612
1.21062
1.19629
1.18935
1.18956
1.19068
1.19337
1.19994
1.20537
1.21042
1.21452
1.21796
1.22489
1.23947
1.27095
1.33817
1.47999
1.7657
2.40426
3.1108
3.164
3.12995
3.03279
2.868
2.74085
2.6442
2.57504
2.53094
2.50982
2.51229
2.52571
2.54259
2.56642
2.60307
2.63673
2.66499
2.68317
2.69564
2.69955
2.70485
2.70251
2.69658
2.68335
2.6732
2.65825
2.64701
2.63059
2.61753
2.59875
2.58324
2.56216
2.54479
2.5223
2.50391
2.4806
2.46143
2.43738
2.41743
2.39292
2.37259
2.3479
2.32729
2.30254
2.2818
2.25714
2.23637
2.21187
2.19109
2.16674
2.14593
2.1218
2.10111
2.07736
2.05695
2.03373
2.01367
1.99102
1.9713
1.94913
1.92973
1.90797
1.88903
1.86789
1.85023
1.83173
3.65533
3.39707
3.13375
2.87731
2.63646
2.41681
2.22041
2.04778
1.89719
1.76724
1.65526
1.55969
1.47818
1.40962
1.35238
1.3056
1.26887
1.24072
1.21991
1.2083
1.20273
1.20292
1.20396
1.20646
1.21269
1.21911
1.22596
1.23252
1.24565
1.27276
1.33031
1.45175
1.66954
2.29777
3.37501
3.39228
3.34178
3.20667
3.03583
2.89709
2.78597
2.69921
2.64069
2.60021
2.58017
2.57635
2.57738
2.58823
2.60267
2.62543
2.65284
2.67849
2.6972
2.70652
2.71192
2.71304
2.71378
2.70406
2.69451
2.67827
2.66505
2.64648
2.63192
2.61221
2.59659
2.57572
2.55889
2.53691
2.51882
2.49575
2.47642
2.45249
2.43249
2.40823
2.38787
2.36333
2.34267
2.31796
2.29707
2.27243
2.25146
2.22708
2.20618
2.18205
2.16131
2.13739
2.11682
2.09319
2.0728
2.04956
2.02939
2.00656
1.98667
1.96423
1.94467
1.92265
1.90357
1.88219
1.8644
1.84537
3.68729
3.45211
3.21212
2.9762
2.75092
2.54199
2.35092
2.17984
2.02732
1.89334
1.7755
1.67302
1.58366
1.5066
1.44016
1.38368
1.33622
1.29708
1.26633
1.24261
1.22559
1.21564
1.21218
1.21245
1.21377
1.2169
1.22403
1.23409
1.24882
1.27814
1.33698
1.45966
1.67947
2.24504
3.3902
3.60369
3.57967
3.47684
3.2937
3.11988
2.97588
2.85703
2.76482
2.69896
2.65188
2.6238
2.6096
2.60486
2.60782
2.61607
2.62863
2.6533
2.67444
2.6925
2.70407
2.70627
2.70891
2.70644
2.70109
2.68604
2.67319
2.65528
2.64172
2.62296
2.60798
2.58754
2.57093
2.54912
2.53112
2.50812
2.48892
2.46534
2.44539
2.42145
2.40095
2.37671
2.35589
2.3315
2.31052
2.28611
2.26503
2.24069
2.21962
2.1955
2.17452
2.15071
2.12989
2.10638
2.08583
2.06255
2.0423
2.01927
1.99933
1.97662
1.957
1.93473
1.91559
1.89395
1.87613
1.85659
3.71938
3.50151
3.27986
3.0612
2.8498
2.65114
2.46689
2.29873
2.14692
2.01064
1.88957
1.78185
1.68704
1.60317
1.52996
1.46568
1.41039
1.36258
1.32289
1.28947
1.26406
1.24378
1.23026
1.22286
1.22308
1.22469
1.22923
1.23891
1.25865
1.2962
1.37034
1.51278
1.82355
2.29279
3.05297
3.56388
3.62303
3.59603
3.48832
3.3164
3.15175
3.00962
2.89214
2.80182
2.73332
2.68266
2.6475
2.62815
2.61716
2.61218
2.61815
2.62558
2.64111
2.66176
2.67903
2.69097
2.69601
2.69726
2.69789
2.69128
2.68094
2.66412
2.6503
2.63111
2.61596
2.59599
2.57986
2.5587
2.54094
2.51849
2.49959
2.47636
2.45659
2.43271
2.41226
2.38807
2.36728
2.3431
2.32215
2.29798
2.27688
2.25262
2.23156
2.20733
2.18646
2.1624
2.14163
2.11787
2.09711
2.07375
2.05314
2.03015
2.00999
1.9873
1.96775
1.9454
1.92646
1.90465
1.88695
1.86697
3.75197
3.54855
3.34204
3.13798
2.93931
2.74975
2.57254
2.4081
2.25787
2.12116
1.99773
1.88691
1.78739
1.69888
1.61964
1.54983
1.48758
1.4335
1.38588
1.34538
1.31117
1.28255
1.26189
1.24317
1.24067
1.24157
1.24583
1.25739
1.28271
1.33481
1.43341
1.66056
2.05993
2.36992
2.68461
3.11902
3.47458
3.55956
3.54768
3.47207
3.32527
3.17896
3.03822
2.92428
2.83499
2.76241
2.707
2.66675
2.63973
2.62503
2.61494
2.61321
2.61978
2.62845
2.64575
2.66076
2.67404
2.68117
2.68399
2.68359
2.6813
2.66915
2.65708
2.63808
2.62292
2.60296
2.58693
2.56603
2.54883
2.52717
2.50888
2.48622
2.46676
2.4432
2.42296
2.39892
2.37825
2.35405
2.33316
2.30895
2.28792
2.26369
2.24261
2.2184
2.19743
2.17334
2.15253
2.1287
2.1081
2.08464
2.06436
2.04132
2.02139
1.99875
1.97916
1.95687
1.93774
1.91577
1.89796
1.87734
3.78682
3.59376
3.40079
3.20776
3.02046
2.83955
2.66828
2.50844
2.35982
2.2239
2.0991
1.98628
1.88349
1.79139
1.70756
1.6333
1.56566
1.5065
1.45283
1.40657
1.36564
1.33044
1.30298
1.27661
1.27004
1.27115
1.27695
1.29319
1.33012
1.40393
1.55977
1.92802
2.23933
2.40358
2.53741
2.73315
3.03004
3.32825
3.46608
3.46497
3.42756
3.32461
3.19936
3.07266
2.96106
2.868
2.79142
2.73012
2.68351
2.65053
2.63077
2.61511
2.6072
2.61066
2.61579
2.62467
2.6403
2.65259
2.66253
2.66469
2.66603
2.66369
2.65866
2.64243
2.62858
2.60882
2.59267
2.57202
2.55533
2.53435
2.51663
2.49449
2.47547
2.45228
2.43239
2.40851
2.38805
2.36383
2.34304
2.31875
2.29789
2.27367
2.25293
2.22882
2.20825
2.18438
2.16389
2.14029
2.11981
2.09639
2.07603
2.05277
2.03266
2.00962
1.98986
1.96718
1.94792
1.92585
1.90799
1.88742
3.83034
3.64284
3.45875
3.27662
3.09606
2.92386
2.75753
2.60165
2.45546
2.32013
2.19489
2.08084
1.97519
1.88084
1.79293
1.71546
1.64321
1.58002
1.52157
1.47041
1.42463
1.38356
1.35178
1.31834
1.31476
1.31639
1.32542
1.35136
1.40696
1.52711
1.8276
2.15833
2.34218
2.42807
2.48267
2.55967
2.67975
2.87878
3.14102
3.33839
3.38406
3.37422
3.32507
3.21912
3.11407
2.99965
2.90235
2.82136
2.75338
2.69963
2.66017
2.63264
2.61485
2.60058
2.59454
2.59967
2.60479
2.61527
2.62733
2.63809
2.64446
2.64535
2.64518
2.64014
2.63054
2.61266
2.59669
2.57582
2.55876
2.53762
2.52017
2.49865
2.48053
2.45806
2.4389
2.41546
2.39547
2.37159
2.35122
2.32728
2.30681
2.28284
2.26237
2.2384
2.21787
2.194
2.17345
2.14975
2.12925
2.10573
2.08536
2.06211
2.04206
2.01925
1.99964
1.9773
1.95816
1.93623
1.91841
1.8975
3.88572
3.69778
3.51726
3.34161
3.16968
3.00097
2.84186
2.68843
2.5448
2.41128
2.28523
2.17139
2.06362
1.96722
1.87694
1.79585
1.72118
1.65329
1.59228
1.53608
1.48694
1.44184
1.405
1.37368
1.37322
1.37778
1.39532
1.43933
1.533
1.76843
2.11682
2.32674
2.41471
2.45045
2.46817
2.4895
2.52908
2.60438
2.73131
2.94212
3.16258
3.30289
3.30781
3.29326
3.24074
3.13572
3.04051
2.93777
2.85059
2.77769
2.71643
2.66903
2.63502
2.61163
2.59284
2.58203
2.58068
2.58419
2.58976
2.60113
2.61074
2.61932
2.62102
2.6211
2.61953
2.61179
2.59811
2.57795
2.56081
2.53963
2.52224
2.50095
2.48327
2.4614
2.44292
2.4203
2.40094
2.3778
2.35783
2.33433
2.31401
2.29024
2.26974
2.24588
2.22533
2.20151
2.18097
2.15736
2.13691
2.11366
2.0934
2.07045
2.05043
2.02772
2.00809
1.98576
1.96671
1.9448
1.92717
1.90608
3.95323
3.75883
3.57873
3.40619
3.23875
3.07695
2.91859
2.77239
2.62794
2.49773
2.37155
2.25687
2.14955
2.04988
1.9596
1.87409
1.7986
1.72631
1.66327
1.60322
1.551
1.50425
1.4617
1.4457
1.44679
1.45805
1.49192
1.56751
1.74719
2.10992
2.34661
2.44195
2.46644
2.47478
2.47335
2.46124
2.4667
2.48704
2.53231
2.62001
2.76425
2.97103
3.14522
3.23707
3.23801
3.21799
3.1541
3.06007
2.97316
2.88119
2.80122
2.73486
2.68029
2.63829
2.60845
2.587
2.56881
2.55984
2.56226
2.56506
2.57115
2.58152
2.59034
2.59528
2.59577
2.59444
2.59078
2.57776
2.56326
2.54271
2.52511
2.50359
2.48579
2.46416
2.44594
2.42393
2.40493
2.38234
2.36261
2.33959
2.31954
2.29626
2.27609
2.25263
2.23238
2.20891
2.18849
2.16511
2.14452
2.12132
2.10092
2.07809
2.05815
2.03569
2.01614
1.99391
1.97484
1.95273
1.93512
1.91352
4.02605
3.81913
3.64089
3.46985
3.30622
3.149
2.99428
2.84884
2.71045
2.57751
2.45615
2.33827
2.23259
2.13085
2.03905
1.95291
1.8733
1.80108
1.7331
1.67277
1.61687
1.56911
1.53226
1.53122
1.5375
1.56385
1.62474
1.76287
2.12757
2.39247
2.50242
2.51896
2.52567
2.51926
2.48709
2.45981
2.4439
2.44478
2.45334
2.47969
2.53457
2.62532
2.76984
2.94946
3.09339
3.16076
3.16026
3.13952
3.07873
2.99123
2.91155
2.82981
2.75592
2.69485
2.64485
2.6063
2.57858
2.55817
2.54373
2.53808
2.5412
2.5447
2.55191
2.55996
2.56754
2.56857
2.56844
2.56568
2.5596
2.54184
2.52566
2.50459
2.48677
2.46524
2.44716
2.42555
2.40706
2.3851
2.36604
2.3436
2.32411
2.30128
2.28147
2.25835
2.23825
2.21513
2.19499
2.17211
2.15208
2.12922
2.10919
2.08627
2.06632
2.04356
2.02393
2.00146
1.98241
1.96025
1.94273
1.92114
4.12854
3.90079
3.70466
3.53658
3.37131
3.21852
3.06796
2.92369
2.78691
2.65728
2.53368
2.4197
2.31
2.21099
2.11529
2.02971
1.94759
1.87353
1.80445
1.74095
1.68727
1.63492
1.62803
1.63014
1.649
1.70395
1.82397
2.14992
2.45352
2.58544
2.60081
2.60714
2.59549
2.54783
2.50494
2.47329
2.45039
2.43488
2.42469
2.42849
2.43887
2.46627
2.52368
2.61334
2.74567
2.90063
3.02323
3.08023
3.07913
3.06018
3.00702
2.92599
2.8526
2.78014
2.71052
2.65402
2.60802
2.57362
2.54922
2.5299
2.51817
2.51607
2.51757
2.52115
2.52866
2.53474
2.53879
2.53877
2.53738
2.53223
2.52228
2.50397
2.48686
2.46528
2.44724
2.42584
2.40782
2.38641
2.36805
2.34618
2.32732
2.30496
2.28571
2.26307
2.24336
2.22039
2.20024
2.17712
2.15695
2.13406
2.11415
2.0916
2.07205
2.04978
2.03064
2.00857
1.98991
1.96793
1.95065
1.92889
4.18472
3.98429
3.77894
3.60266
3.44183
3.28673
3.14089
2.99853
2.86248
2.73374
2.61198
2.49629
2.38886
2.28634
2.19289
2.10275
2.02239
1.94434
1.87586
1.81207
1.75599
1.73032
1.73069
1.74556
1.79669
1.90649
2.198
2.53835
2.69383
2.70935
2.7151
2.69738
2.63628
2.57876
2.53196
2.49515
2.46649
2.44714
2.42647
2.41243
2.40181
2.40557
2.41562
2.44093
2.4932
2.57714
2.69247
2.82985
2.93797
2.99746
2.998
2.98367
2.94058
2.86809
2.799
2.73315
2.66791
2.61427
2.57154
2.53999
2.51715
2.49913
2.48931
2.49021
2.49161
2.49503
2.5015
2.50755
2.50776
2.50713
2.50489
2.49713
2.48362
2.46441
2.44733
2.42628
2.40825
2.38695
2.36872
2.34706
2.32835
2.3061
2.28686
2.26429
2.24485
2.2223
2.20279
2.18037
2.16072
2.13852
2.11889
2.09691
2.0775
2.05563
2.03656
2.01476
1.9962
1.97428
1.95719
1.93515
4.19894
4.08605
3.86717
3.67717
3.51008
3.3576
3.21033
3.07184
2.93757
2.80919
2.68768
2.5734
2.4643
2.36323
2.26694
2.17857
2.09404
2.01811
1.94736
1.88557
1.8443
1.84268
1.85333
1.89605
1.99812
2.25538
2.64034
2.82357
2.84018
2.84543
2.82186
2.74738
2.67844
2.62163
2.57461
2.53466
2.49936
2.46735
2.44219
2.42048
2.39959
2.38316
2.37056
2.3719
2.37954
2.40165
2.448
2.52658
2.62713
2.75195
2.8503
2.91617
2.91813
2.90764
2.87752
2.81422
2.7468
2.68399
2.6235
2.57308
2.53359
2.50507
2.48342
2.46849
2.4624
2.46353
2.46549
2.46985
2.47416
2.47625
2.47611
2.47439
2.46985
2.45766
2.44332
2.42336
2.40548
2.38437
2.3663
2.34541
2.32746
2.30639
2.28819
2.26655
2.24794
2.22588
2.20688
2.18474
2.16541
2.14339
2.12392
2.1021
2.08266
2.06097
2.04167
2.02001
2.00123
1.97938
1.96229
1.94023
4.19614
4.12869
3.96644
3.7627
3.58621
3.42876
3.28369
3.14334
3.01165
2.88436
2.763
2.64841
2.54025
2.4375
2.34158
2.25117
2.16817
2.08987
2.02342
1.96753
1.96387
1.97069
2.00677
2.10854
2.33855
2.76072
2.97182
2.99002
2.99374
2.9649
2.87841
2.79889
2.73233
2.67717
2.62816
2.5843
2.54268
2.50476
2.4689
2.43766
2.41199
2.38603
2.36274
2.3446
2.33058
2.32977
2.33599
2.35487
2.39433
2.46595
2.55362
2.66564
2.75815
2.8297
2.84057
2.83528
2.81293
2.76253
2.6964
2.63438
2.57844
2.53161
2.49499
2.46724
2.44747
2.43589
2.43382
2.43439
2.43627
2.44004
2.4432
2.44312
2.44214
2.43917
2.43341
2.41812
2.40331
2.38356
2.36595
2.34509
2.32709
2.30611
2.28815
2.26694
2.24868
2.22707
2.20834
2.1866
2.16763
2.14595
2.12684
2.10531
2.0862
2.06482
2.04592
2.02451
2.00614
1.98447
1.96769
1.94575
4.16968
4.13766
4.04876
3.84942
3.66504
3.50275
3.3558
3.21738
3.085
2.95957
2.83909
2.72427
2.61519
2.51363
2.41587
2.326
2.24157
2.16916
2.10004
2.09439
2.09685
2.12579
2.21757
2.41363
2.88728
3.13127
3.15263
3.15512
3.12182
3.02502
2.9352
2.86034
2.79725
2.74095
2.68944
2.64044
2.5941
2.54942
2.50751
2.46818
2.4317
2.40082
2.37258
2.34529
2.32001
2.30032
2.28531
2.28208
2.28687
2.30213
2.33396
2.39483
2.47436
2.57274
2.66438
2.7376
2.7651
2.76189
2.74609
2.70819
2.64653
2.58621
2.53117
2.48591
2.45082
2.42639
2.41016
2.40243
2.40285
2.40409
2.40581
2.41067
2.41189
2.41133
2.40928
2.40432
2.39511
2.37856
2.36264
2.34255
2.32497
2.30421
2.28655
2.26575
2.24796
2.22689
2.20863
2.18727
2.16867
2.14737
2.12853
2.10735
2.08837
2.06726
2.0485
2.02743
2.00925
1.98801
1.97142
1.94975
4.11418
4.11239
4.06974
3.95675
3.75853
3.58334
3.43021
3.28981
3.15826
3.03229
2.91318
2.79942
2.6906
2.58779
2.4919
2.40094
2.32207
2.24814
2.22957
2.23028
2.25686
2.3413
2.53338
3.02836
3.29935
3.32911
3.33002
3.2923
3.18511
3.08493
3.00161
2.93071
2.86777
2.80937
2.75375
2.69974
2.64798
2.59831
2.55155
2.50687
2.46514
2.42546
2.38932
2.35771
2.32662
2.29817
2.27268
2.25158
2.23576
2.22913
2.23247
2.24433
2.26933
2.31825
2.39208
2.47891
2.57179
2.64358
2.69128
2.6903
2.67878
2.65183
2.60371
2.54865
2.49612
2.45113
2.41587
2.39154
2.3774
2.37026
2.37054
2.37173
2.37352
2.37796
2.3776
2.37672
2.37398
2.36766
2.35581
2.33853
2.3223
2.30198
2.28443
2.26378
2.24616
2.22554
2.2077
2.18704
2.16881
2.14818
2.12968
2.10904
2.09045
2.06969
2.05122
2.03038
2.0125
1.99144
1.97521
1.95362
3.88381
4.08355
4.06705
4.00547
3.85711
3.6718
3.50971
3.36586
3.2327
3.10722
2.98721
2.87357
2.76518
2.66316
2.56683
2.4814
2.40243
2.37459
2.37353
2.39826
2.48034
2.67964
3.1874
3.48342
3.51814
3.51765
3.47492
3.35666
3.24571
3.15372
3.07601
3.00682
2.94225
2.87986
2.8194
2.76095
2.70498
2.65129
2.60013
2.55093
2.50395
2.45894
2.41646
2.37644
2.34093
2.30899
2.27706
2.24769
2.22134
2.19875
2.18191
2.17217
2.17442
2.18366
2.20294
2.24113
2.30783
2.38634
2.4758
2.54985
2.61125
2.61707
2.61163
2.59277
2.55158
2.49982
2.4516
2.41149
2.38084
2.35855
2.34524
2.33792
2.33803
2.33894
2.34068
2.3431
2.34235
2.34075
2.33679
2.32824
2.31552
2.29744
2.28105
2.26088
2.24347
2.22298
2.20537
2.18514
2.1674
2.1473
2.12936
2.10922
2.09115
2.07097
2.05291
2.03254
2.01495
1.99422
1.97828
1.95703
3.32237
3.97843
4.04489
4.01659
3.9404
3.7673
3.59516
3.44497
3.30988
3.18309
3.06373
2.94966
2.84137
2.7395
2.64795
2.56374
2.52788
2.52515
2.54868
2.63107
2.84028
3.35576
3.68191
3.7206
3.71912
3.66984
3.54003
3.41818
3.31761
3.23292
3.15737
3.08641
3.01766
2.95104
2.88623
2.82384
2.76364
2.70603
2.65043
2.59718
2.54557
2.49646
2.44932
2.40518
2.36344
2.32464
2.28971
2.25595
2.22363
2.19309
2.16637
2.14248
2.12555
2.11378
2.11524
2.12175
2.13609
2.16606
2.22415
2.2974
2.38155
2.46183
2.52689
2.55097
2.54762
2.53133
2.49643
2.45098
2.40968
2.3749
2.34634
2.32553
2.3134
2.30652
2.30639
2.30697
2.308
2.30811
2.30683
2.30445
2.2994
2.28793
2.27463
2.25615
2.23964
2.21967
2.20225
2.18233
2.16494
2.14536
2.1279
2.10842
2.09076
2.07119
2.05358
2.03371
2.01657
1.9962
1.98056
1.95962
2.27404
3.66174
4.0066
4.00359
3.96611
3.8716
3.6944
3.53236
3.39038
3.26079
3.13946
3.02575
2.91801
2.821
2.73182
2.68999
2.68563
2.70847
2.79251
3.00945
3.54725
3.89558
3.9375
3.93324
3.87762
3.73616
3.60324
3.4935
3.40098
3.31861
3.24115
3.16631
3.09343
3.02233
2.95353
2.88713
2.82324
2.76166
2.70213
2.64468
2.58935
2.53648
2.48597
2.43802
2.39227
2.34881
2.30761
2.2693
2.23447
2.19971
2.16741
2.13687
2.11034
2.08596
2.06848
2.05475
2.05459
2.05829
2.06924
2.09399
2.14291
2.21081
2.28984
2.37482
2.44435
2.48511
2.48246
2.4696
2.44194
2.40262
2.36733
2.33665
2.3104
2.292
2.28156
2.27531
2.27486
2.27389
2.27428
2.27221
2.27066
2.26733
2.26085
2.24638
2.23219
2.21387
2.19748
2.17826
2.16128
2.1422
2.12513
2.10625
2.08915
2.07015
2.05321
2.03392
2.01743
1.99763
1.98248
1.96201
1.9245
2.85364
3.80173
3.97566
3.96515
3.91802
3.80074
3.62923
3.47657
3.34133
3.21831
3.10352
3.00066
2.9061
2.86029
2.8544
2.87732
2.96565
3.19489
3.76942
4.13343
4.16771
4.15984
4.09487
3.9417
3.79829
3.67964
3.57966
3.49048
3.40672
3.3255
3.24621
3.16868
3.09347
3.02067
2.9504
2.88247
2.81677
2.75337
2.69234
2.63384
2.57779
2.52422
2.4728
2.42376
2.37669
2.33204
2.28953
2.24936
2.21232
2.17713
2.14269
2.11021
2.07961
2.05236
2.02772
2.00956
1.99514
1.99171
1.99435
2.00357
2.02411
2.06473
2.12739
2.20404
2.29266
2.36643
2.4188
2.41807
2.40896
2.39147
2.356
2.32498
2.29724
2.27521
2.25931
2.24945
2.24366
2.24124
2.24063
2.23898
2.23719
2.23479
2.22916
2.21902
2.204
2.18982
2.17226
2.15621
2.13787
2.12132
2.10296
2.08648
2.06805
2.05175
2.03308
2.01719
1.99811
1.98352
1.96388
1.71609
2.08073
3.29583
3.87329
3.95227
3.92972
3.86915
3.72798
3.56651
3.42467
3.29892
3.18884
3.08777
3.03953
3.03213
3.05608
3.15132
3.39702
4.0232
4.39887
4.4175
4.40088
4.32221
4.15593
4.00288
3.87585
3.76893
3.67323
3.58336
3.49602
3.41048
3.32642
3.24451
3.16479
3.08774
3.01307
2.94106
2.87152
2.80473
2.74053
2.67907
2.62003
2.56357
2.50932
2.45743
2.40762
2.35995
2.31426
2.27056
2.22891
2.18941
2.15282
2.11677
2.08241
2.04995
2.01991
1.9928
1.96864
1.95009
1.93532
1.92965
1.93179
1.93965
1.95708
1.99075
2.04888
2.12474
2.21315
2.2933
2.34988
2.35826
2.35351
2.33848
2.30817
2.2816
2.25852
2.23948
2.22503
2.21546
2.20997
2.20738
2.20583
2.20391
2.20169
2.19743
2.1878
2.1775
2.163
2.14905
2.13226
2.11683
2.09921
2.08355
2.06569
2.0501
2.03202
2.01687
1.99848
1.98456
1.96615
1.59376
1.76774
2.24811
3.54685
3.89555
3.91988
3.88975
3.817
3.66195
3.51411
3.38865
3.27799
3.22818
3.21983
3.24629
3.35093
3.62007
4.30871
4.68438
4.68914
4.65524
4.55292
4.38007
4.21867
4.08528
3.97106
3.86843
3.77115
3.67681
3.58416
3.49315
3.40414
3.31749
3.23352
3.15225
3.0739
2.99831
2.92574
2.85591
2.78901
2.72468
2.66304
2.60375
2.54684
2.49209
2.43946
2.38878
2.34018
2.29339
2.24867
2.20594
2.16519
2.12713
2.09074
2.05557
2.02198
1.99031
1.96102
1.93431
1.91093
1.89182
1.87705
1.86919
1.87077
1.87734
1.89205
1.92022
1.97513
2.04971
2.13462
2.22309
2.28237
2.30121
2.29799
2.28634
2.26217
2.24067
2.22098
2.20403
2.19089
2.18239
2.17727
2.17453
2.17219
2.16992
2.16532
2.15909
2.14884
2.13831
2.12393
2.11048
2.09413
2.07948
2.0625
2.04775
2.03043
2.01608
1.99877
1.98538
1.96949
1.51789
1.64089
1.89162
2.7328
3.66108
3.88193
3.87877
3.84995
3.76938
3.62305
3.48762
3.42738
3.41764
3.44799
3.56774
3.86782
4.62438
4.98077
4.98294
4.92938
4.79026
4.60815
4.44446
4.30482
4.18528
4.07513
3.97074
3.8686
3.76849
3.67012
3.57383
3.48007
3.38896
3.30085
3.21573
3.13379
3.05497
2.97926
2.90656
2.83671
2.76961
2.70506
2.64298
2.58328
2.52579
2.47059
2.41739
2.36638
2.31721
2.27013
2.22493
2.18164
2.1404
2.10116
2.06421
2.02822
1.99371
1.961
1.93028
1.90203
1.87566
1.85293
1.8332
1.81852
1.80888
1.81008
1.81587
1.82848
1.85358
1.9078
1.97989
2.06384
2.15735
2.21861
2.24472
2.24287
2.23514
2.22025
2.20211
2.18398
2.16912
2.15798
2.15038
2.14544
2.14219
2.13898
2.13532
2.12919
2.12222
2.11165
2.101
2.08693
2.07401
2.05818
2.04471
2.02846
2.01511
1.99989
1.98707
1.97701
1.46385
1.54425
1.68886
2.01529
3.09455
3.73692
3.8619
3.85208
3.82126
3.73442
3.65201
3.63851
3.67143
3.81686
4.18365
4.96804
5.29708
5.2897
5.21901
5.03676
4.84301
4.67536
4.53623
4.41165
4.29612
4.1828
4.07244
3.9634
3.85712
3.75312
3.65202
3.55374
3.45859
3.36663
3.27807
3.19283
3.11091
3.03214
2.95636
2.88345
2.81329
2.74578
2.68089
2.61847
2.55855
2.50089
2.44553
2.39226
2.34111
2.29187
2.24467
2.19925
2.15577
2.11414
2.07427
2.03676
2.00027
1.96513
1.93171
1.90001
1.87021
1.84263
1.81685
1.79469
1.7752
1.76076
1.7507
1.75182
1.75725
1.76894
1.79309
1.84428
1.91398
1.99905
2.09462
2.15839
2.18875
2.19235
2.18855
2.17882
2.16341
2.14758
2.13535
2.12547
2.11828
2.11294
2.10909
2.10486
2.10044
2.09362
2.08637
2.07577
2.06561
2.05219
2.0406
2.02677
2.0148
2.0043
1.99611
1.98989
1.43594
1.47684
1.57424
1.72984
2.14128
3.34351
3.77676
3.85891
3.85608
3.84924
3.85251
3.90851
4.11208
4.58512
5.34707
5.62309
5.60621
5.52066
5.30578
5.09075
4.91704
4.7732
4.64695
4.5249
4.40613
4.28715
4.17086
4.05578
3.94378
3.8341
3.72774
3.62462
3.52517
3.4294
3.33728
3.24868
3.1634
3.08131
3.00229
2.92621
2.85313
2.78284
2.71542
2.65065
2.58844
2.52867
2.47115
2.41589
2.36272
2.31157
2.26244
2.21515
2.16976
2.12618
2.08432
2.04425
2.00618
1.96942
1.93401
1.90025
1.86821
1.83791
1.80929
1.78304
1.7584
1.73716
1.71845
1.70454
1.69463
1.69569
1.70092
1.71234
1.73722
1.78551
1.85325
1.93924
2.03381
2.10231
2.1344
2.1452
2.14301
2.13661
2.12638
2.11315
2.10229
2.09292
2.0862
2.08052
2.07636
2.07158
2.06705
2.06031
2.05355
2.04458
2.03613
2.02664
2.0217
2.01504
2.01169
2.01176
1.41815
1.44401
1.49699
1.6096
1.80709
2.42925
3.48287
3.80963
3.90703
3.98041
4.12625
4.44053
5.10157
5.79598
5.96017
5.92935
5.82404
5.5702
5.34623
5.16602
5.0212
4.89119
4.76666
4.63979
4.51323
4.38587
4.26182
4.13971
4.0219
3.90717
3.79668
3.68981
3.58678
3.4874
3.39154
3.29911
3.2101
3.12439
3.042
2.9629
2.88703
2.81432
2.74457
2.67769
2.61346
2.55185
2.49262
2.43571
2.381
2.32833
2.27772
2.22892
2.18201
2.13682
2.09331
2.05158
2.0114
1.97322
1.93634
1.90094
1.8673
1.83515
1.80464
1.77593
1.74872
1.72376
1.70053
1.68008
1.66235
1.6492
1.63985
1.64086
1.64596
1.65806
1.68177
1.72869
1.79832
1.88419
1.97701
2.0507
2.08314
2.09914
2.09966
2.09728
2.09178
2.08054
2.07069
2.06194
2.05619
2.05077
2.04682
2.04295
2.04011
2.0359
2.03541
2.0345
2.03434
2.03492
2.04053
2.05798
1.40998
1.42321
1.45384
1.52115
1.64911
1.91074
2.76731
3.60687
3.92676
4.21881
4.70301
5.63662
6.32426
6.34619
6.29232
6.12743
5.83955
5.60551
5.42783
5.2793
5.14587
5.01268
4.87974
4.7437
4.60949
4.47535
4.34529
4.2172
4.09407
3.97404
3.85886
3.74725
3.64004
3.53654
3.43694
3.34099
3.24866
3.15994
3.07487
2.99328
2.91513
2.8402
2.76837
2.69947
2.63334
2.56987
2.50889
2.45033
2.39406
2.3399
2.28785
2.23766
2.18936
2.14282
2.09797
2.05488
2.01341
1.97359
1.93569
1.89906
1.86417
1.83078
1.79895
1.76879
1.74001
1.71303
1.68753
1.66395
1.64228
1.62289
1.60628
1.59409
1.58617
1.58727
1.59255
1.60605
1.63009
1.67734
1.74802
1.83379
1.92597
2.00151
2.03692
2.05666
2.06248
2.06115
2.05747
2.05028
2.04259
2.03638
2.03178
2.03185
2.03326
2.03597
2.04327
2.04958
2.06057
2.07693
2.09826
2.15666
1.4055
1.41203
1.43027
1.46581
1.55063
1.70224
2.03928
3.10484
3.84714
4.76006
6.11585
6.79838
6.78794
6.65815
6.3618
6.08295
5.85977
5.67782
5.53228
5.39499
5.25754
5.11541
4.97291
4.82814
4.68632
4.54546
4.40966
4.27641
4.14878
4.02454
3.90563
3.79039
3.67978
3.57283
3.46999
3.37079
3.27557
3.18403
3.09637
3.01236
2.93203
2.85513
2.78154
2.71106
2.6435
2.57871
2.51653
2.45679
2.39938
2.34408
2.29086
2.23952
2.19001
2.1423
2.09628
2.05204
2.00949
1.96865
1.92966
1.89228
1.85656
1.82255
1.78993
1.7591
1.72947
1.70152
1.6749
1.64976
1.62615
1.60419
1.58406
1.56597
1.55051
1.53933
1.53368
1.53456
1.53994
1.55418
1.58001
1.62958
1.70189
1.78794
1.88157
1.95643
1.99653
2.01892
2.02956
2.03029
2.02965
2.02837
2.02917
2.03232
2.03903
2.04839
2.06607
2.08809
2.11976
2.16757
2.21861
2.35779
1.40287
1.40763
1.41615
1.44142
1.48885
1.60215
1.81132
2.31065
3.52024
6.12373
7.17718
7.15777
6.95647
6.56218
6.27933
6.07462
5.90659
5.75986
5.61738
5.46878
5.31698
5.16123
5.00827
4.85688
4.7119
4.56937
4.43296
4.29853
4.16988
4.04363
3.92282
3.80478
3.69156
3.58137
3.47561
3.37333
3.2755
3.1816
3.09215
3.00672
2.9254
2.84784
2.77381
2.70311
2.63537
2.57046
2.50807
2.44801
2.39011
2.33417
2.28014
2.22793
2.17746
2.12889
2.08206
2.03717
1.99416
1.95299
1.91379
1.87631
1.8406
1.80656
1.77396
1.74295
1.71323
1.68485
1.65787
1.63196
1.60759
1.58437
1.56251
1.5423
1.52379
1.50714
1.4935
1.48271
1.48121
1.48238
1.48806
1.5034
1.5338
1.58716
1.66181
1.74872
1.84406
1.92109
1.96539
1.99209
2.00923
2.01886
2.03204
2.04436
2.06444
2.08925
2.12989
2.18059
2.25205
2.3604
2.45017
2.68634
1.40222
1.40509
1.41291
1.42939
1.47175
1.56147
1.76065
2.17658
3.41163
6.67588
6.75118
6.6625
6.37449
6.15826
6.01401
5.89014
5.77513
5.64753
5.51023
5.36277
5.21316
5.06328
4.92035
4.7805
4.6456
4.51075
4.3792
4.24746
4.12
3.99363
3.87249
3.75344
3.63973
3.52885
3.42329
3.32133
3.22468
3.13214
3.04461
2.96116
2.88202
2.80658
2.7346
2.66576
2.59961
2.53596
2.47446
2.41493
2.35725
2.3013
2.24717
2.19486
2.14448
2.09612
2.04981
2.00557
1.96342
1.92316
1.88482
1.84819
1.81315
1.77969
1.74749
1.71668
1.6871
1.65863
1.63153
1.60536
1.58055
1.55691
1.53428
1.51332
1.49339
1.47498
1.45873
1.44406
1.433
1.42472
1.42546
1.42927
1.43786
1.45574
1.49073
1.55079
1.63051
1.72254
1.82212
1.90603
1.96077
2.0036
2.0448
2.08212
2.13479
2.19377
2.27633
2.39247
2.51894
2.67779
2.78703
2.92587
1.40197
1.40427
1.4115
1.42585
1.46504
1.54738
1.73373
2.11632
3.35996
6.48893
6.23732
5.97674
5.8709
5.79077
5.7011
5.59797
5.48841
5.36964
5.24697
5.11805
4.98825
4.85581
4.72413
4.59123
4.46094
4.32892
4.19948
4.07012
3.94545
3.82236
3.70534
3.59089
3.48315
3.37863
3.28075
3.18628
3.09774
3.01245
2.93201
2.85459
2.78101
2.71024
2.64253
2.57738
2.51475
2.4544
2.39629
2.3402
2.28628
2.23423
2.18429
2.13616
2.08998
2.04552
2.00277
1.96154
1.92181
1.88341
1.84626
1.81042
1.77563
1.74224
1.70986
1.67887
1.64902
1.62049
1.59317
1.56718
1.54232
1.51895
1.49661
1.47573
1.45629
1.43775
1.42145
1.40607
1.39302
1.38203
1.37403
1.3728
1.37528
1.38194
1.39519
1.41837
1.46893
1.53531
1.63034
1.73586
1.86172
1.97404
2.07898
2.1773
2.28508
2.41255
2.54332
2.67398
2.77411
2.84704
2.87372
2.88655
1.40169
1.40446
1.4103
1.42632
1.46134
1.54627
1.72498
2.10155
3.37397
6.4483
6.08948
5.83622
5.72889
5.63169
5.52381
5.41335
5.30687
5.19339
5.07366
4.94409
4.81126
4.67314
4.5352
4.39523
4.25754
4.12211
3.99273
3.8666
3.74733
3.63161
3.52311
3.41823
3.32038
3.22585
3.13762
3.05216
2.97196
2.89396
2.82015
2.74819
2.67954
2.61264
2.54842
2.48601
2.42591
2.36773
2.31166
2.25755
2.20543
2.15526
2.10693
2.06054
2.01578
1.97289
1.93148
1.89176
1.85347
1.81665
1.7812
1.74708
1.71426
1.68272
1.65243
1.62334
1.59556
1.56892
1.54357
1.51941
1.49641
1.47469
1.45407
1.43461
1.41642
1.39918
1.38336
1.36847
1.3554
1.34318
1.33364
1.32544
1.32524
1.3273
1.33338
1.34545
1.3682
1.41317
1.48469
1.59193
1.73842
1.92217
2.12725
2.33995
2.52836
2.67353
2.76935
2.81125
2.80951
2.80094
2.78449
2.76819
)
;

boundaryField
{
    inlet
    {
        type            calculated;
        value           uniform 1.40001;
    }
    outlet
    {
        type            calculated;
        value           nonuniform List<scalar> 
40
(
1.39345
1.55959
1.62957
1.69473
1.74219
1.7754
1.79651
1.81234
1.82736
1.84098
1.85219
1.86256
1.87293
1.88301
1.89308
1.90167
1.90912
1.91675
1.9245
1.93078
1.93587
1.9414
1.94542
1.9493
1.95273
1.95533
1.95772
1.95957
1.9618
1.96499
1.9721
1.98464
2.00567
2.04965
2.14424
2.33779
2.66115
2.91135
2.881
2.76413
)
;
    }
    bottom
    {
        type            symmetryPlane;
    }
    top
    {
        type            symmetryPlane;
    }
    obstacle
    {
        type            calculated;
        value           nonuniform List<scalar> 
110
(
5.96594
5.96701
5.95525
5.93514
5.90269
5.85738
5.78943
5.68741
5.52065
5.25189
1.89877
1.03966
0.722963
0.645278
0.64516
0.677525
0.765768
0.839384
0.863086
0.862715
0.859551
0.857124
0.857095
0.8581
0.861559
0.865669
0.867807
0.867747
0.867272
0.866829
0.866651
0.86704
0.868899
0.873737
0.885021
0.910154
0.965073
1.08597
1.3621
1.6337
1.64643
1.63496
1.59099
1.57992
1.59143
1.60971
1.63477
1.67303
1.72272
1.78515
1.85027
1.90825
1.95766
1.99653
2.03471
2.06024
2.07811
2.08782
2.09588
2.09775
2.0997
2.09373
2.0905
2.08125
2.07578
2.06417
2.05616
2.0426
2.03267
2.0179
2.00667
1.99122
1.97916
1.96304
1.95019
1.93331
1.91962
1.9021
1.88767
1.86976
1.8548
1.83669
1.82136
1.80319
1.78763
1.76949
1.75385
1.73574
1.72018
1.70207
1.68669
1.66854
1.65336
1.63516
1.62023
1.602
1.58739
1.56917
1.55493
1.53678
1.5229
1.50497
1.49138
1.47387
1.46047
1.4439
1.43107
1.41607
1.4052
1.39684
)
;
    }
    defaultFaces
    {
        type            empty;
    }
}


// ************************************************************************* //
