/*--------------------------------*- C++ -*----------------------------------*\
  =========                 |
  \\      /  F ield         | OpenFOAM: The Open Source CFD Toolbox
   \\    /   O peration     | Website:  https://openfoam.org
    \\  /    A nd           | Version:  13
     \\/     M anipulation  |
\*---------------------------------------------------------------------------*/
FoamFile
{
    format      ascii;
    class       volScalarField;
    location    "0.175";
    object      T;
}
// * * * * * * * * * * * * * * * * * * * * * * * * * * * * * * * * * * * * * //

dimensions      [0 0 0 1 0 0 0];

internalField   nonuniform List<scalar> 
1000
(
0
0
0
0
0
0
0
0
0
0
0
0
0
0
0
0
0
0
0
0
0
0
0
0
0
0
0
0
0
0
0
0
0
0
0
0
0
0
0
0
0
0
0
0
0
0
0
0
0
0
0
0
0
0
0
0
0
0
0
0
0
0
0
0
0
0
0
0
0
0
0
0
0
0
0
0
0
0
0
0
0
0
0
0
0
0
0
0
0
1.03754e-322
2.10472e-321
3.69808e-320
6.444e-319
1.11943e-317
1.9401e-316
3.35462e-315
5.78701e-314
9.95985e-313
1.71015e-311
2.92953e-310
5.00655e-309
8.53597e-308
1.4519e-306
2.46371e-305
4.17068e-304
7.04341e-303
1.18663e-301
1.99436e-300
3.34379e-299
5.59271e-298
9.33142e-297
1.55315e-295
2.57877e-294
4.27115e-293
7.05677e-292
1.16303e-290
1.91204e-289
3.1356e-288
5.1293e-287
8.36961e-286
1.36225e-284
2.21163e-283
3.58152e-282
5.78516e-281
9.32081e-280
1.49789e-278
2.40098e-277
3.83862e-276
6.12122e-275
9.7358e-274
1.54444e-272
2.44363e-271
3.85618e-270
6.06925e-269
9.52714e-268
1.49155e-266
2.32891e-265
3.62667e-264
5.63245e-263
8.724e-262
1.3476e-260
2.07599e-259
3.18938e-258
4.88653e-257
7.46626e-256
1.13765e-254
1.72868e-253
2.61948e-252
3.95826e-251
5.96459e-250
8.96267e-249
1.34298e-247
2.00667e-246
2.98985e-245
4.44206e-244
6.58079e-243
9.72129e-242
1.43192e-240
2.10308e-239
3.07988e-238
4.49722e-237
6.54762e-236
9.50488e-235
1.37572e-233
1.98529e-232
2.85647e-231
4.09769e-230
5.86066e-229
8.35694e-228
1.18806e-226
1.68387e-225
2.37936e-224
3.35183e-223
4.7073e-222
6.59059e-221
9.19882e-220
1.27994e-218
1.7754e-217
2.45493e-216
3.38391e-215
4.64971e-214
6.36878e-213
8.69569e-212
1.18349e-210
1.60557e-209
2.17117e-208
2.92653e-207
3.93188e-206
5.26538e-205
7.02806e-204
9.34999e-203
1.2398e-201
1.63851e-200
2.15824e-199
2.83331e-198
3.70705e-197
4.83388e-196
6.28187e-195
8.13585e-194
1.0501e-192
1.35072e-191
1.73141e-190
2.21171e-189
2.81543e-188
3.57141e-187
4.5145e-186
5.68652e-185
7.13745e-184
8.92673e-183
1.11247e-181
1.38141e-180
1.70918e-179
2.10706e-178
2.58812e-177
3.16738e-176
3.86207e-175
4.69175e-174
5.67855e-173
6.8473e-172
8.22573e-171
9.8445e-170
1.17373e-168
1.39411e-167
1.64954e-166
1.9443e-165
2.28291e-164
2.67012e-163
3.11087e-162
3.61023e-161
4.1733e-160
4.80518e-159
5.51079e-158
6.29486e-157
7.16171e-156
8.11517e-155
9.15839e-154
1.02937e-152
1.15226e-151
1.28452e-150
1.42607e-149
1.57664e-148
1.73585e-147
1.90314e-146
2.07776e-145
2.25882e-144
2.4452e-143
2.63565e-142
2.82872e-141
3.02282e-140
3.21621e-139
3.40703e-138
3.59333e-137
3.77309e-136
3.94427e-135
4.10483e-134
4.25276e-133
4.38615e-132
4.50322e-131
4.60234e-130
4.68207e-129
4.74124e-128
4.77889e-127
4.7944e-126
4.78741e-125
4.7579e-124
4.70615e-123
4.63277e-122
4.53868e-121
4.42505e-120
4.29334e-119
4.14523e-118
3.98259e-117
3.80745e-116
3.62194e-115
3.42826e-114
3.22864e-113
3.02527e-112
2.8203e-111
2.61577e-110
2.4136e-109
2.21551e-108
2.0231e-107
1.83771e-106
1.66051e-105
1.49243e-104
1.3342e-103
1.18635e-102
1.04917e-101
9.22809e-101
8.07222e-100
7.02222e-99
6.07492e-98
5.22608e-97
4.47058e-96
3.80268e-95
3.21615e-94
2.7045e-93
2.26114e-92
1.87948e-91
1.5531e-90
1.27586e-89
1.04189e-88
8.45752e-88
6.82415e-87
5.47293e-86
4.36252e-85
3.45609e-84
2.72108e-83
2.12906e-82
1.65542e-81
1.27902e-80
9.81932e-80
7.49025e-79
5.67679e-78
4.27445e-77
3.19748e-76
2.3761e-75
1.754e-74
1.28611e-73
9.36684e-73
6.77561e-72
4.86768e-71
3.4729e-70
2.46056e-69
1.73111e-68
1.20932e-67
8.38801e-67
5.77633e-66
3.94908e-65
2.68019e-64
1.80566e-63
1.20748e-62
8.01437e-62
5.27935e-61
3.45132e-60
2.239e-59
1.44132e-58
9.20614e-58
5.83409e-57
3.66792e-56
2.28763e-55
1.41528e-54
8.68478e-54
5.2857e-53
3.19038e-52
1.90962e-51
1.1334e-50
6.66982e-50
3.89143e-49
2.25079e-48
1.29049e-47
7.33384e-47
4.13077e-46
2.30577e-45
1.27541e-44
6.99022e-44
3.7958e-43
2.04197e-42
1.08814e-41
5.74342e-41
3.00238e-40
1.55427e-39
7.96732e-39
4.04368e-38
2.03178e-37
1.01057e-36
4.97506e-36
2.42397e-35
1.1687e-34
5.57545e-34
2.63152e-33
1.22866e-32
5.67417e-32
2.5916e-31
1.17051e-30
5.22718e-30
2.30776e-29
1.00713e-28
4.34408e-28
1.85168e-27
7.79883e-27
3.2451e-26
1.33382e-25
5.41472e-25
2.17069e-24
8.592e-24
3.35737e-23
1.29493e-22
4.929e-22
1.85127e-21
6.85965e-21
2.50717e-20
9.03728e-20
3.21207e-19
1.1255e-18
3.88725e-18
1.32309e-17
4.4371e-17
1.46586e-16
4.76952e-16
1.52813e-15
4.82014e-15
1.4965e-14
4.57213e-14
1.37432e-13
4.06336e-13
1.18145e-12
3.3773e-12
9.48967e-12
2.62031e-11
7.10832e-11
1.89403e-10
4.95567e-10
1.27292e-09
3.20904e-09
7.9379e-09
1.92611e-08
4.58336e-08
1.0693e-07
2.44517e-07
5.47896e-07
1.20268e-06
2.58549e-06
5.44211e-06
1.12126e-05
2.2607e-05
4.45936e-05
8.60367e-05
0.00016232
0.000299391
0.000539743
0.000950887
0.00163675
0.00275216
0.00452002
0.00724986
0.0113554
0.0173672
0.0259364
0.0378225
0.0538619
0.0749136
0.101782
0.13512
0.17533
0.222462
0.276146
0.335558
0.399435
0.466153
0.533847
0.600565
0.664442
0.723854
0.777538
0.82467
0.86488
0.898218
0.925086
0.946138
0.962178
0.974064
0.982633
0.988645
0.99275
0.99548
0.997248
0.998363
0.999049
0.99946
0.999701
0.999838
0.999914
0.999955
0.999977
0.999989
0.999995
0.999997
0.999999
0.999999
1
1
1
1
1
1
1
1
1
1
1
1
1
1
1
1
1
1
1
1
1
1
1
1
1
1
1
1
1
1
1
1
1
1
1
1
1
1
1
1
0.999999
0.999999
0.999997
0.999995
0.999989
0.999977
0.999955
0.999914
0.999838
0.999701
0.99946
0.999049
0.998363
0.997248
0.99548
0.99275
0.988645
0.982633
0.974064
0.962178
0.946138
0.925086
0.898218
0.86488
0.82467
0.777538
0.723854
0.664442
0.600565
0.533847
0.466153
0.399435
0.335558
0.276146
0.222462
0.17533
0.13512
0.101782
0.0749136
0.0538619
0.0378225
0.0259364
0.0173672
0.0113554
0.00724986
0.00452002
0.00275216
0.00163675
0.000950887
0.000539743
0.000299391
0.00016232
8.60367e-05
4.45936e-05
2.2607e-05
1.12126e-05
5.44211e-06
2.58549e-06
1.20268e-06
5.47896e-07
2.44517e-07
1.0693e-07
4.58336e-08
1.92611e-08
7.9379e-09
3.20904e-09
1.27292e-09
4.95567e-10
1.89403e-10
7.10832e-11
2.62031e-11
9.48967e-12
3.3773e-12
1.18145e-12
4.06336e-13
1.37432e-13
4.57213e-14
1.4965e-14
4.82014e-15
1.52813e-15
4.76952e-16
1.46586e-16
4.4371e-17
1.32309e-17
3.88725e-18
1.1255e-18
3.21207e-19
9.03728e-20
2.50717e-20
6.85965e-21
1.85127e-21
4.929e-22
1.29493e-22
3.35737e-23
8.592e-24
2.17069e-24
5.41472e-25
1.33382e-25
3.2451e-26
7.79883e-27
1.85168e-27
4.34408e-28
1.00713e-28
2.30776e-29
5.22718e-30
1.17051e-30
2.5916e-31
5.67417e-32
1.22866e-32
2.63152e-33
5.57545e-34
1.1687e-34
2.42397e-35
4.97506e-36
1.01057e-36
2.03178e-37
4.04368e-38
7.96732e-39
1.55427e-39
3.00238e-40
5.74342e-41
1.08814e-41
2.04197e-42
3.7958e-43
6.99022e-44
1.27541e-44
2.30577e-45
4.13077e-46
7.33384e-47
1.29049e-47
2.25079e-48
3.89143e-49
6.66982e-50
1.1334e-50
1.90962e-51
3.19038e-52
5.2857e-53
8.68478e-54
1.41528e-54
2.28763e-55
3.66792e-56
5.83409e-57
9.20614e-58
1.44132e-58
2.239e-59
3.45132e-60
5.27935e-61
8.01437e-62
1.20748e-62
1.80566e-63
2.68019e-64
3.94908e-65
5.77633e-66
8.38801e-67
1.20932e-67
1.73111e-68
2.46056e-69
3.4729e-70
4.86768e-71
6.77561e-72
9.36684e-73
1.28611e-73
1.754e-74
2.3761e-75
3.19748e-76
4.27445e-77
5.67679e-78
7.49025e-79
9.81932e-80
1.27902e-80
1.65542e-81
2.12906e-82
2.72108e-83
3.45609e-84
4.36252e-85
5.47293e-86
6.82415e-87
8.45752e-88
1.04189e-88
1.27586e-89
1.5531e-90
1.87948e-91
2.26114e-92
2.7045e-93
3.21615e-94
3.80268e-95
4.47058e-96
5.22608e-97
6.07492e-98
7.02222e-99
8.07222e-100
9.22809e-101
1.04917e-101
1.18635e-102
1.3342e-103
1.49243e-104
1.66051e-105
1.83771e-106
2.0231e-107
2.21551e-108
2.4136e-109
2.61577e-110
2.8203e-111
3.02527e-112
3.22864e-113
3.42826e-114
3.62194e-115
3.80745e-116
3.98259e-117
4.14523e-118
4.29334e-119
4.42505e-120
4.53868e-121
4.63277e-122
4.70615e-123
4.7579e-124
4.78741e-125
4.7944e-126
4.77889e-127
4.74124e-128
4.68207e-129
4.60234e-130
4.50322e-131
4.38615e-132
4.25276e-133
4.10483e-134
3.94427e-135
3.77309e-136
3.59333e-137
3.40703e-138
3.21621e-139
3.02282e-140
2.82872e-141
2.63565e-142
2.4452e-143
2.25882e-144
2.07776e-145
1.90314e-146
1.73585e-147
1.57664e-148
1.42607e-149
1.28452e-150
1.15226e-151
1.02937e-152
9.15839e-154
8.11517e-155
7.16171e-156
6.29486e-157
5.51079e-158
4.80518e-159
4.1733e-160
3.61023e-161
3.11087e-162
2.67012e-163
2.28291e-164
1.9443e-165
1.64954e-166
1.39411e-167
1.17373e-168
9.8445e-170
8.22573e-171
6.8473e-172
5.67855e-173
4.69175e-174
3.86207e-175
3.16738e-176
2.58812e-177
2.10706e-178
1.70918e-179
1.38141e-180
1.11247e-181
8.92673e-183
7.13745e-184
5.68652e-185
4.5145e-186
3.57141e-187
2.81543e-188
2.21171e-189
1.73141e-190
1.35072e-191
1.0501e-192
8.13585e-194
6.28187e-195
4.83388e-196
3.70705e-197
2.83331e-198
2.15824e-199
1.63851e-200
1.2398e-201
9.34999e-203
7.02806e-204
5.26538e-205
3.93188e-206
2.92653e-207
2.17117e-208
1.60557e-209
1.18349e-210
8.69569e-212
6.36878e-213
4.64971e-214
3.38391e-215
2.45493e-216
1.7754e-217
1.27994e-218
9.19882e-220
6.59059e-221
4.7073e-222
3.35183e-223
2.37936e-224
1.68387e-225
1.18806e-226
8.35694e-228
5.86066e-229
4.09769e-230
2.85647e-231
1.98529e-232
1.37572e-233
9.50488e-235
6.54762e-236
4.49722e-237
3.07988e-238
2.10308e-239
1.43192e-240
9.72129e-242
6.58079e-243
4.44206e-244
2.98985e-245
2.00667e-246
1.34298e-247
8.96267e-249
5.96459e-250
3.95826e-251
2.61948e-252
1.72868e-253
1.13765e-254
7.46626e-256
4.88653e-257
3.18938e-258
2.07599e-259
1.3476e-260
8.724e-262
5.63245e-263
3.62667e-264
2.32891e-265
1.49155e-266
9.52714e-268
6.06925e-269
3.85618e-270
2.44363e-271
1.54444e-272
9.7358e-274
6.12122e-275
3.83862e-276
2.40098e-277
1.49789e-278
9.32081e-280
5.78516e-281
3.58152e-282
2.21163e-283
1.36225e-284
8.36961e-286
5.1293e-287
3.1356e-288
1.91204e-289
1.16303e-290
7.05677e-292
4.27115e-293
2.57877e-294
1.55315e-295
9.33142e-297
5.59271e-298
3.34379e-299
1.99436e-300
1.18663e-301
7.04341e-303
4.17068e-304
2.46371e-305
1.4519e-306
8.53597e-308
5.00655e-309
2.92953e-310
1.71015e-311
9.95985e-313
5.78701e-314
3.35462e-315
1.9401e-316
1.11943e-317
6.44405e-319
3.69759e-320
2.10472e-321
1.03754e-322
0
0
0
0
0
0
0
0
0
0
0
0
0
0
0
0
0
0
0
0
0
0
0
0
0
0
0
0
0
0
0
0
0
0
0
0
0
0
0
0
0
0
0
0
0
0
0
0
0
0
0
0
0
0
0
0
0
0
0
0
0
0
0
0
0
0
0
0
0
0
0
0
0
0
0
0
0
0
0
0
0
0
0
0
0
0
0
0
0
)
;

boundaryField
{
    sides
    {
        type            zeroGradient;
    }
    empty
    {
        type            empty;
    }
}


// ************************************************************************* //
