/*--------------------------------*- C++ -*----------------------------------*\
  =========                 |
  \\      /  F ield         | OpenFOAM: The Open Source CFD Toolbox
   \\    /   O peration     | Website:  https://openfoam.org
    \\  /    A nd           | Version:  13
     \\/     M anipulation  |
\*---------------------------------------------------------------------------*/
FoamFile
{
    format      ascii;
    class       volScalarField;
    location    "2.375";
    object      T;
}
// * * * * * * * * * * * * * * * * * * * * * * * * * * * * * * * * * * * * * //

dimensions      [0 0 0 1 0 0 0];

internalField   nonuniform List<scalar> 
1000
(
7.53454e-89
1.31649e-88
2.8593e-88
6.52083e-88
1.49948e-87
3.44925e-87
7.92503e-87
1.81824e-86
4.16532e-86
9.52778e-86
2.17609e-85
4.96256e-85
1.12999e-84
2.56912e-84
5.83222e-84
1.32197e-83
2.99192e-83
6.76107e-83
1.52552e-82
3.43681e-82
7.73089e-82
1.73635e-81
3.89387e-81
8.71881e-81
1.94924e-80
4.35118e-80
9.69792e-80
2.15815e-79
4.79527e-79
1.06384e-78
2.35648e-78
5.21172e-78
1.15087e-77
2.53744e-77
5.58587e-77
1.22775e-76
2.69436e-76
5.90367e-76
1.29155e-75
2.82113e-75
6.15256e-75
1.3397e-74
2.9126e-74
6.32225e-74
1.37019e-73
2.96488e-73
6.40546e-73
1.38169e-72
2.97566e-72
6.3984e-72
1.37364e-71
2.94435e-71
6.30109e-71
1.34634e-70
2.87213e-70
6.11734e-70
1.30086e-69
2.7619e-69
5.85454e-69
1.23904e-68
2.61808e-68
5.52314e-68
1.16331e-67
2.44628e-67
5.13596e-67
1.07656e-66
2.25299e-66
4.70739e-66
9.81977e-66
2.04514e-65
4.25247e-65
8.82794e-65
1.82968e-64
3.78605e-64
7.82156e-64
1.61323e-63
3.32195e-63
6.82941e-63
1.40174e-62
2.87238e-62
5.87636e-62
1.20023e-61
2.44745e-61
4.98253e-61
1.01268e-60
2.05488e-60
4.1628e-60
8.41921e-60
1.69997e-59
3.42687e-59
6.89663e-59
1.38567e-58
2.77948e-58
5.56609e-58
1.1128e-57
2.22108e-57
4.4258e-57
8.80435e-57
1.74856e-56
3.4669e-56
6.86243e-56
1.3561e-55
2.67533e-55
5.26914e-55
1.03604e-54
2.03368e-54
3.98531e-54
7.79673e-54
1.52277e-53
2.96909e-53
5.77941e-53
1.12308e-52
2.17874e-52
4.21957e-52
8.15822e-52
1.57467e-51
3.03421e-51
5.83668e-51
1.12086e-50
2.1488e-50
4.11247e-50
7.85725e-50
1.49864e-49
2.85355e-49
5.42414e-49
1.02928e-48
1.94982e-48
3.68731e-48
6.96116e-48
1.31192e-47
2.46824e-47
4.63576e-47
8.69175e-47
1.62684e-46
3.03972e-46
5.66985e-46
1.05575e-45
1.96244e-45
3.64151e-45
6.74549e-45
1.24736e-44
2.30259e-44
4.24312e-44
7.80547e-44
1.43336e-43
2.62758e-43
4.80837e-43
8.78377e-43
1.60179e-42
2.91587e-42
5.29872e-42
9.61196e-42
1.74057e-41
3.14634e-41
5.67751e-41
1.02269e-40
1.83894e-40
3.30083e-40
5.91441e-40
1.05787e-39
1.8888e-39
3.36644e-39
5.98942e-39
1.06372e-38
1.88583e-38
3.33736e-38
5.89565e-38
1.03965e-37
1.83007e-37
3.21569e-37
5.64033e-37
9.87551e-37
1.72598e-36
3.01118e-36
5.24395e-36
9.11593e-36
1.58184e-35
2.73997e-35
4.73747e-35
8.17645e-35
1.40864e-34
2.42244e-34
4.15836e-34
7.12535e-34
1.21872e-33
2.08074e-33
3.54603e-33
6.03225e-33
1.0243e-32
1.73616e-32
2.93737e-32
4.96066e-32
8.36234e-32
1.4071e-31
2.36336e-31
3.96224e-31
6.63068e-31
1.10759e-30
1.84675e-30
3.07354e-30
5.10592e-30
8.46664e-30
1.40136e-29
2.31521e-29
3.81797e-29
6.28454e-29
1.03256e-28
1.69337e-28
2.77198e-28
4.52922e-28
7.38676e-28
1.20249e-27
1.9539e-27
3.16897e-27
5.13013e-27
8.28956e-27
1.33699e-26
2.15236e-26
3.45855e-26
5.54707e-26
8.88021e-26
1.41897e-25
2.26313e-25
3.60276e-25
5.72463e-25
9.07919e-25
1.43725e-24
2.27093e-24
3.58146e-24
5.63767e-24
8.85775e-24
1.38909e-23
2.1743e-23
3.39695e-23
5.29713e-23
8.24466e-23
1.28081e-22
1.98598e-22
3.07358e-22
4.7478e-22
7.32011e-22
1.12647e-21
1.7302e-21
2.65247e-21
4.05863e-21
6.19844e-21
9.44842e-21
1.4375e-20
2.18289e-20
3.30846e-20
5.00487e-20
7.55665e-20
1.13877e-19
1.71283e-19
2.57135e-19
3.85279e-19
5.76181e-19
8.60022e-19
1.28123e-18
1.90507e-18
2.82723e-18
4.18771e-18
6.19095e-18
9.13485e-18
1.34527e-17
1.97734e-17
2.90079e-17
4.24729e-17
6.20684e-17
9.05294e-17
1.31786e-16
1.91474e-16
2.77658e-16
4.01854e-16
5.80478e-16
8.36878e-16
1.20419e-15
1.72936e-15
2.47876e-15
3.54599e-15
5.06288e-15
7.2146e-15
1.02608e-14
1.45649e-14
2.06341e-14
2.91754e-14
4.11721e-14
5.79883e-14
8.15137e-14
1.1436e-13
1.60128e-13
2.23775e-13
3.12109e-13
4.34462e-13
6.03597e-13
8.36935e-13
1.15821e-12
1.59966e-12
2.20505e-12
3.0336e-12
4.16528e-12
5.70792e-12
7.80654e-12
1.06558e-11
1.45164e-11
1.97369e-11
2.6782e-11
3.62705e-11
4.9024e-11
6.61316e-11
8.90335e-11
1.1963e-10
1.60426e-10
2.14709e-10
2.86793e-10
3.82324e-10
5.0867e-10
6.75435e-10
8.95103e-10
1.18387e-09
1.56271e-09
2.05871e-09
2.70677e-09
3.55181e-09
4.65146e-09
6.07953e-09
7.93032e-09
1.03241e-08
1.34139e-08
1.73939e-08
2.25103e-08
2.90739e-08
3.74772e-08
4.82137e-08
6.19033e-08
7.93225e-08
1.01442e-07
1.29474e-07
1.64924e-07
2.09665e-07
2.66015e-07
3.36843e-07
4.25686e-07
5.36895e-07
6.75818e-07
8.49005e-07
1.06446e-06
1.33196e-06
1.66338e-06
2.07315e-06
2.57877e-06
3.20135e-06
3.96639e-06
4.90454e-06
6.05261e-06
7.45467e-06
9.16337e-06
1.12415e-05
1.37637e-05
1.68185e-05
2.05108e-05
2.49645e-05
3.03252e-05
3.67646e-05
4.44836e-05
5.37173e-05
6.47402e-05
7.78716e-05
9.34824e-05
0.000112002
0.000133928
0.000159832
0.000190372
0.000226304
0.000268491
0.000317921
0.000375714
0.000443148
0.000521665
0.000612897
0.000718684
0.000841091
0.000982435
0.0011453
0.00133259
0.0015475
0.00179359
0.00207481
0.00239549
0.00276041
0.00317481
0.00364441
0.00417546
0.00477474
0.00544961
0.006208
0.00705848
0.00801023
0.00907309
0.0102575
0.0115747
0.0130365
0.0146552
0.0164441
0.0184169
0.0205878
0.0229719
0.0255846
0.0284417
0.0315595
0.0349549
0.0386446
0.0426458
0.0469758
0.0516516
0.0566902
0.0621086
0.0679229
0.0741492
0.0808025
0.0878971
0.0954466
0.103463
0.111958
0.12094
0.130418
0.140398
0.150885
0.16188
0.173385
0.185398
0.197915
0.210929
0.224432
0.238413
0.252858
0.267751
0.283074
0.298806
0.314924
0.331403
0.348215
0.36533
0.382718
0.400347
0.41818
0.436184
0.45432
0.472553
0.490843
0.509152
0.527442
0.545674
0.56381
0.581813
0.599645
0.617272
0.634658
0.651771
0.66858
0.685055
0.701169
0.716895
0.732212
0.747097
0.761533
0.775503
0.788993
0.801992
0.81449
0.826481
0.83796
0.848925
0.859376
0.869313
0.878742
0.887667
0.896094
0.904032
0.91149
0.918479
0.92501
0.931095
0.936746
0.941977
0.946801
0.951231
0.955279
0.95896
0.962285
0.965266
0.967914
0.97024
0.972253
0.973963
0.975375
0.976497
0.977335
0.97789
0.978168
0.978168
0.97789
0.977335
0.976497
0.975375
0.973963
0.972253
0.97024
0.967914
0.965266
0.962285
0.95896
0.955279
0.951231
0.946801
0.941977
0.936746
0.931095
0.92501
0.918479
0.91149
0.904032
0.896094
0.887667
0.878742
0.869313
0.859376
0.848925
0.83796
0.826481
0.81449
0.801992
0.788993
0.775503
0.761533
0.747097
0.732212
0.716895
0.701169
0.685055
0.66858
0.651771
0.634658
0.617272
0.599645
0.581813
0.56381
0.545674
0.527442
0.509152
0.490843
0.472553
0.45432
0.436184
0.41818
0.400347
0.382718
0.36533
0.348215
0.331403
0.314924
0.298806
0.283074
0.267751
0.252858
0.238413
0.224432
0.210929
0.197915
0.185398
0.173385
0.16188
0.150885
0.140398
0.130418
0.12094
0.111958
0.103463
0.0954466
0.0878971
0.0808025
0.0741492
0.0679229
0.0621086
0.0566902
0.0516516
0.0469758
0.0426458
0.0386446
0.0349549
0.0315595
0.0284417
0.0255846
0.0229719
0.0205878
0.0184169
0.0164441
0.0146552
0.0130365
0.0115747
0.0102575
0.00907309
0.00801023
0.00705848
0.006208
0.00544961
0.00477474
0.00417546
0.00364441
0.00317481
0.00276041
0.00239549
0.00207481
0.00179359
0.0015475
0.00133259
0.0011453
0.000982435
0.000841091
0.000718684
0.000612897
0.000521665
0.000443148
0.000375714
0.000317921
0.000268491
0.000226304
0.000190372
0.000159832
0.000133928
0.000112002
9.34824e-05
7.78716e-05
6.47402e-05
5.37173e-05
4.44836e-05
3.67646e-05
3.03252e-05
2.49645e-05
2.05108e-05
1.68185e-05
1.37637e-05
1.12415e-05
9.16337e-06
7.45467e-06
6.05261e-06
4.90454e-06
3.96639e-06
3.20135e-06
2.57877e-06
2.07315e-06
1.66338e-06
1.33196e-06
1.06446e-06
8.49005e-07
6.75818e-07
5.36895e-07
4.25686e-07
3.36843e-07
2.66015e-07
2.09665e-07
1.64924e-07
1.29474e-07
1.01442e-07
7.93225e-08
6.19033e-08
4.82137e-08
3.74772e-08
2.90739e-08
2.25103e-08
1.73939e-08
1.34139e-08
1.03241e-08
7.93032e-09
6.07953e-09
4.65146e-09
3.55181e-09
2.70677e-09
2.05871e-09
1.56271e-09
1.18387e-09
8.95103e-10
6.75435e-10
5.0867e-10
3.82324e-10
2.86793e-10
2.14709e-10
1.60426e-10
1.1963e-10
8.90335e-11
6.61316e-11
4.9024e-11
3.62705e-11
2.6782e-11
1.97369e-11
1.45164e-11
1.06558e-11
7.80654e-12
5.70792e-12
4.16528e-12
3.0336e-12
2.20505e-12
1.59966e-12
1.15821e-12
8.36935e-13
6.03597e-13
4.34462e-13
3.12109e-13
2.23775e-13
1.60128e-13
1.1436e-13
8.15137e-14
5.79883e-14
4.11721e-14
2.91754e-14
2.06341e-14
1.45649e-14
1.02608e-14
7.2146e-15
5.06288e-15
3.54599e-15
2.47876e-15
1.72936e-15
1.20419e-15
8.36878e-16
5.80478e-16
4.01854e-16
2.77658e-16
1.91474e-16
1.31786e-16
9.05294e-17
6.20684e-17
4.24729e-17
2.90079e-17
1.97734e-17
1.34527e-17
9.13485e-18
6.19095e-18
4.18771e-18
2.82723e-18
1.90507e-18
1.28123e-18
8.60022e-19
5.76181e-19
3.85279e-19
2.57135e-19
1.71283e-19
1.13877e-19
7.55665e-20
5.00487e-20
3.30846e-20
2.18289e-20
1.4375e-20
9.44842e-21
6.19844e-21
4.05863e-21
2.65247e-21
1.7302e-21
1.12647e-21
7.32011e-22
4.7478e-22
3.07358e-22
1.98598e-22
1.28081e-22
8.24466e-23
5.29713e-23
3.39695e-23
2.1743e-23
1.38909e-23
8.85775e-24
5.63767e-24
3.58146e-24
2.27093e-24
1.43725e-24
9.07919e-25
5.72463e-25
3.60276e-25
2.26313e-25
1.41897e-25
8.88021e-26
5.54707e-26
3.45855e-26
2.15236e-26
1.33699e-26
8.28956e-27
5.13013e-27
3.16897e-27
1.9539e-27
1.20249e-27
7.38676e-28
4.52922e-28
2.77198e-28
1.69337e-28
1.03256e-28
6.28454e-29
3.81797e-29
2.31521e-29
1.40136e-29
8.46664e-30
5.10592e-30
3.07354e-30
1.84675e-30
1.10759e-30
6.63068e-31
3.96224e-31
2.36336e-31
1.4071e-31
8.36234e-32
4.96066e-32
2.93737e-32
1.73616e-32
1.0243e-32
6.03225e-33
3.54603e-33
2.08074e-33
1.21872e-33
7.12535e-34
4.15836e-34
2.42244e-34
1.40864e-34
8.17645e-35
4.73747e-35
2.73997e-35
1.58184e-35
9.11593e-36
5.24395e-36
3.01118e-36
1.72598e-36
9.87551e-37
5.64033e-37
3.21569e-37
1.83007e-37
1.03965e-37
5.89565e-38
3.33736e-38
1.88583e-38
1.06372e-38
5.98942e-39
3.36644e-39
1.8888e-39
1.05787e-39
5.91441e-40
3.30083e-40
1.83894e-40
1.02269e-40
5.67751e-41
3.14634e-41
1.74057e-41
9.61196e-42
5.29872e-42
2.91587e-42
1.60179e-42
8.78377e-43
4.80837e-43
2.62758e-43
1.43336e-43
7.80547e-44
4.24312e-44
2.30259e-44
1.24736e-44
6.74549e-45
3.64151e-45
1.96244e-45
1.05575e-45
5.66985e-46
3.03972e-46
1.62684e-46
8.69175e-47
4.63576e-47
2.46824e-47
1.31192e-47
6.96116e-48
3.68731e-48
1.94982e-48
1.02928e-48
5.42414e-49
2.85355e-49
1.49864e-49
7.85725e-50
4.11247e-50
2.1488e-50
1.12086e-50
5.83668e-51
3.03421e-51
1.57467e-51
8.15822e-52
4.21957e-52
2.17874e-52
1.12308e-52
5.77941e-53
2.96909e-53
1.52277e-53
7.79673e-54
3.98531e-54
2.03368e-54
1.03604e-54
5.26914e-55
2.67533e-55
1.3561e-55
6.86243e-56
3.4669e-56
1.74856e-56
8.80435e-57
4.4258e-57
2.22108e-57
1.1128e-57
5.56609e-58
2.77948e-58
1.38567e-58
6.89663e-59
3.42687e-59
1.69997e-59
8.41921e-60
4.1628e-60
2.05488e-60
1.01268e-60
4.98253e-61
2.44745e-61
1.20023e-61
5.87636e-62
2.87238e-62
1.40174e-62
6.82941e-63
3.32195e-63
1.61323e-63
7.82156e-64
3.78605e-64
1.82968e-64
8.82794e-65
4.25247e-65
2.04514e-65
9.81977e-66
4.70739e-66
2.25299e-66
1.07656e-66
5.13596e-67
2.44628e-67
1.16331e-67
5.52314e-68
2.61808e-68
1.23904e-68
5.85454e-69
2.7619e-69
1.30086e-69
6.11734e-70
2.87213e-70
1.34634e-70
6.30109e-71
2.94435e-71
1.37364e-71
6.3984e-72
2.97566e-72
1.38169e-72
6.40546e-73
2.96488e-73
1.37019e-73
6.32225e-74
2.9126e-74
1.3397e-74
6.15256e-75
2.82113e-75
1.29155e-75
5.90367e-76
2.69436e-76
1.22775e-76
5.58587e-77
2.53744e-77
1.15087e-77
5.21172e-78
2.35648e-78
1.06384e-78
4.79527e-79
2.15815e-79
9.69792e-80
4.35118e-80
1.94924e-80
8.71881e-81
3.89387e-81
1.73635e-81
7.73089e-82
3.43681e-82
1.52552e-82
6.76107e-83
2.99192e-83
1.32197e-83
5.83222e-84
2.56912e-84
1.12999e-84
4.96256e-85
2.17609e-85
9.52778e-86
4.16532e-86
1.81824e-86
7.92503e-87
3.44925e-87
1.49948e-87
6.52083e-88
2.8593e-88
1.31649e-88
7.53454e-89
)
;

boundaryField
{
    sides
    {
        type            zeroGradient;
    }
    empty
    {
        type            empty;
    }
}


// ************************************************************************* //
