/*--------------------------------*- C++ -*----------------------------------*\
  =========                 |
  \\      /  F ield         | OpenFOAM: The Open Source CFD Toolbox
   \\    /   O peration     | Website:  https://openfoam.org
    \\  /    A nd           | Version:  13
     \\/     M anipulation  |
\*---------------------------------------------------------------------------*/
FoamFile
{
    format      ascii;
    class       volScalarField;
    location    "3.27";
    object      T;
}
// * * * * * * * * * * * * * * * * * * * * * * * * * * * * * * * * * * * * * //

dimensions      [0 0 0 1 0 0 0];

internalField   nonuniform List<scalar> 
1000
(
7.7481e-67
1.1048e-66
1.90349e-66
3.50587e-66
6.58187e-66
1.24126e-65
2.34172e-65
4.41424e-65
8.31167e-65
1.56312e-64
2.93602e-64
5.50786e-64
1.03196e-63
1.93108e-63
3.60903e-63
6.73655e-63
1.25585e-62
2.33827e-62
4.34814e-62
8.07545e-62
1.4979e-61
2.77493e-61
5.1342e-61
9.48736e-61
1.75093e-60
3.22734e-60
5.94116e-60
1.09231e-59
2.00574e-59
3.67832e-59
6.73713e-59
1.23239e-58
2.25149e-58
4.10809e-58
7.48614e-58
1.36246e-57
2.47648e-57
4.49564e-57
8.15071e-57
1.47586e-56
2.66895e-56
4.82035e-56
8.69486e-56
1.56636e-55
2.81814e-55
5.0638e-55
9.08728e-55
1.62867e-54
2.91525e-54
5.21146e-54
9.30432e-54
1.65902e-53
2.95431e-53
5.25416e-53
9.33232e-53
1.65545e-52
2.93278e-52
5.18899e-52
9.16904e-52
1.61809e-51
2.8518e-51
5.01964e-51
8.82394e-51
1.54913e-50
2.71613e-50
4.75607e-50
8.31727e-50
1.45261e-49
2.53367e-49
4.41352e-49
7.67812e-49
1.334e-48
2.31469e-48
4.01106e-48
6.94159e-48
1.19975e-47
2.07087e-47
3.56981e-47
6.14567e-47
1.05663e-46
1.81429e-46
3.11114e-46
5.32796e-46
9.11237e-46
1.55643e-45
2.65495e-45
4.52283e-45
7.69469e-45
1.30737e-44
2.21836e-44
3.75918e-44
6.36177e-44
1.0752e-43
1.81478e-43
3.05903e-43
5.14954e-43
8.65716e-43
1.45347e-42
2.43703e-42
4.08072e-42
6.82395e-42
1.13961e-41
1.90063e-41
3.16564e-41
5.26556e-41
8.7468e-41
1.45102e-40
2.4039e-40
3.97722e-40
6.57146e-40
1.08433e-39
1.78682e-39
2.94047e-39
4.83249e-39
7.93124e-39
1.29996e-38
2.12781e-38
3.47818e-38
5.6779e-38
9.25632e-38
1.50697e-37
2.4501e-37
3.97812e-37
6.45039e-37
1.0445e-36
1.68905e-36
2.72765e-36
4.39895e-36
7.08468e-36
1.13947e-35
1.8302e-35
2.93565e-35
4.7024e-35
7.52223e-35
1.20166e-34
1.91703e-34
3.0541e-34
4.85901e-34
7.72005e-34
1.2249e-33
1.94084e-33
3.07104e-33
4.85275e-33
7.65769e-33
1.20674e-32
1.89905e-32
2.98445e-32
4.68379e-32
7.34068e-32
1.14889e-31
1.79567e-31
2.80271e-31
4.36852e-31
6.79975e-31
1.05695e-30
1.64066e-30
2.54323e-30
3.93691e-30
6.08592e-30
9.39502e-30
1.44834e-29
2.22969e-29
3.42783e-29
5.26251e-29
8.06802e-29
1.23521e-28
1.88848e-28
2.88326e-28
4.39596e-28
6.69301e-28
1.01762e-27
1.54508e-27
2.34267e-27
3.54705e-27
5.36317e-27
8.09787e-27
1.221e-26
1.83848e-26
2.76436e-26
4.15075e-26
6.22375e-26
9.31908e-26
1.39344e-25
2.08063e-25
3.1024e-25
4.61947e-25
6.86878e-25
1.01991e-24
1.51228e-24
2.23922e-24
3.31095e-24
4.88877e-24
7.20839e-24
1.06137e-23
1.56058e-23
2.29137e-23
3.35966e-23
4.91909e-23
7.19222e-23
1.0501e-22
1.53104e-22
2.2291e-22
3.24088e-22
4.70526e-22
6.82168e-22
9.87612e-22
1.4278e-21
2.06128e-21
2.97162e-21
4.27794e-21
6.14982e-21
8.82827e-21
1.26554e-20
1.81158e-20
2.58956e-20
3.69641e-20
5.26887e-20
7.49962e-20
1.06597e-19
1.51298e-19
2.1444e-19
3.03502e-19
4.28943e-19
6.05369e-19
8.53145e-19
1.20063e-18
1.68723e-18
2.36768e-18
3.31782e-18
4.64262e-18
6.48717e-18
9.05164e-18
1.26119e-17
1.75474e-17
2.43795e-17
3.38234e-17
4.68585e-17
6.48246e-17
8.95508e-17
1.23532e-16
1.70163e-16
2.34062e-16
3.21495e-16
4.40957e-16
6.03942e-16
8.25985e-16
1.12804e-15
1.53836e-15
2.09491e-15
2.84872e-15
3.86821e-15
5.24503e-15
7.10168e-15
9.60175e-15
1.29633e-14
1.74766e-14
2.35273e-14
3.16273e-14
4.2455e-14
5.69075e-14
7.61701e-14
1.01806e-13
1.35875e-13
1.81082e-13
2.40984e-13
3.20239e-13
4.24946e-13
5.63076e-13
7.45029e-13
9.84356e-13
1.29869e-12
1.71092e-12
2.25075e-12
2.95664e-12
3.8783e-12
5.07992e-12
6.64422e-12
8.67768e-12
1.13171e-11
1.4738e-11
1.91652e-11
2.48863e-11
3.22685e-11
4.17799e-11
5.40167e-11
6.97365e-11
8.99007e-11
1.15728e-10
1.48758e-10
1.9094e-10
2.44728e-10
3.13213e-10
4.00284e-10
5.10817e-10
6.5093e-10
8.28271e-10
1.0524e-09
1.33524e-09
1.69165e-09
2.14008e-09
2.70346e-09
3.4102e-09
4.29545e-09
5.40267e-09
6.78545e-09
8.50978e-09
1.06568e-08
1.33262e-08
1.66401e-08
2.0748e-08
2.58325e-08
3.21163e-08
3.98708e-08
4.94258e-08
6.1182e-08
7.56246e-08
9.3341e-08
1.15041e-07
1.4158e-07
1.73989e-07
2.13507e-07
2.61621e-07
3.20114e-07
3.91116e-07
4.77175e-07
5.81328e-07
7.07188e-07
8.59052e-07
1.04202e-06
1.26213e-06
1.52651e-06
1.84362e-06
2.22337e-06
2.67747e-06
3.21965e-06
3.86604e-06
4.63549e-06
5.55005e-06
6.63546e-06
7.92169e-06
9.44361e-06
1.12417e-05
1.33628e-05
1.58613e-05
1.87998e-05
2.22506e-05
2.62969e-05
3.10344e-05
3.65726e-05
4.30373e-05
5.05718e-05
5.93402e-05
6.95289e-05
8.13503e-05
9.5045e-05
0.000110886
0.000129182
0.000150282
0.000174578
0.000202512
0.000234581
0.00027134
0.000313413
0.000361493
0.000416355
0.000478862
0.00054997
0.000630741
0.000722348
0.000826089
0.000943391
0.00107583
0.00122512
0.00139316
0.00158202
0.00179395
0.00203142
0.00229709
0.00259385
0.00292486
0.00329349
0.0037034
0.00415852
0.00466307
0.00522156
0.00583883
0.00652002
0.0072706
0.00809638
0.00900352
0.00999853
0.0110882
0.0122798
0.0135809
0.0149993
0.0165432
0.0182213
0.0200424
0.0220156
0.0241504
0.0264566
0.0289441
0.031623
0.0345036
0.0375966
0.0409124
0.0444616
0.048255
0.052303
0.0566163
0.0612052
0.0660798
0.0712501
0.0767256
0.0825154
0.0886282
0.0950723
0.101855
0.108984
0.116464
0.124302
0.132502
0.141067
0.15
0.159302
0.168975
0.179017
0.189427
0.200201
0.211335
0.222825
0.234662
0.246839
0.259346
0.272173
0.285308
0.298737
0.312447
0.326421
0.340643
0.355095
0.369759
0.384614
0.39964
0.414817
0.430121
0.44553
0.461021
0.476571
0.492155
0.507751
0.523333
0.538878
0.554363
0.569762
0.585054
0.600214
0.615222
0.630055
0.644693
0.659114
0.673301
0.687234
0.700897
0.714272
0.727345
0.740101
0.752528
0.764614
0.776348
0.78772
0.798722
0.809347
0.819589
0.829442
0.838903
0.847968
0.856636
0.864904
0.872773
0.880242
0.887313
0.893986
0.900264
0.90615
0.911646
0.916754
0.921479
0.925824
0.929791
0.933385
0.936609
0.939465
0.941957
0.944088
0.94586
0.947275
0.948335
0.94904
0.949393
0.949393
0.94904
0.948335
0.947275
0.94586
0.944088
0.941957
0.939465
0.936609
0.933385
0.929791
0.925824
0.921479
0.916754
0.911646
0.90615
0.900264
0.893986
0.887313
0.880242
0.872773
0.864904
0.856636
0.847968
0.838903
0.829442
0.819589
0.809347
0.798722
0.78772
0.776348
0.764614
0.752528
0.740101
0.727345
0.714272
0.700897
0.687234
0.673301
0.659114
0.644693
0.630055
0.615222
0.600214
0.585054
0.569762
0.554363
0.538878
0.523333
0.507751
0.492155
0.476571
0.461021
0.44553
0.430121
0.414817
0.39964
0.384614
0.369759
0.355095
0.340643
0.326421
0.312447
0.298737
0.285308
0.272173
0.259346
0.246839
0.234662
0.222825
0.211335
0.200201
0.189427
0.179017
0.168975
0.159302
0.15
0.141067
0.132502
0.124302
0.116464
0.108984
0.101855
0.0950723
0.0886282
0.0825154
0.0767256
0.0712501
0.0660798
0.0612052
0.0566163
0.052303
0.048255
0.0444616
0.0409124
0.0375966
0.0345036
0.031623
0.0289441
0.0264566
0.0241504
0.0220156
0.0200424
0.0182213
0.0165432
0.0149993
0.0135809
0.0122798
0.0110882
0.00999853
0.00900352
0.00809638
0.0072706
0.00652002
0.00583883
0.00522156
0.00466307
0.00415852
0.0037034
0.00329349
0.00292486
0.00259385
0.00229709
0.00203142
0.00179395
0.00158202
0.00139316
0.00122512
0.00107583
0.000943391
0.000826089
0.000722348
0.000630741
0.00054997
0.000478862
0.000416355
0.000361493
0.000313413
0.00027134
0.000234581
0.000202512
0.000174578
0.000150282
0.000129182
0.000110886
9.5045e-05
8.13503e-05
6.95289e-05
5.93402e-05
5.05718e-05
4.30373e-05
3.65726e-05
3.10344e-05
2.62969e-05
2.22506e-05
1.87998e-05
1.58613e-05
1.33628e-05
1.12417e-05
9.44361e-06
7.92169e-06
6.63546e-06
5.55005e-06
4.63549e-06
3.86604e-06
3.21965e-06
2.67747e-06
2.22337e-06
1.84362e-06
1.52651e-06
1.26213e-06
1.04202e-06
8.59052e-07
7.07188e-07
5.81328e-07
4.77175e-07
3.91116e-07
3.20114e-07
2.61621e-07
2.13507e-07
1.73989e-07
1.4158e-07
1.15041e-07
9.3341e-08
7.56246e-08
6.1182e-08
4.94258e-08
3.98708e-08
3.21163e-08
2.58325e-08
2.0748e-08
1.66401e-08
1.33262e-08
1.06568e-08
8.50978e-09
6.78545e-09
5.40267e-09
4.29545e-09
3.4102e-09
2.70346e-09
2.14008e-09
1.69165e-09
1.33524e-09
1.0524e-09
8.28271e-10
6.5093e-10
5.10817e-10
4.00284e-10
3.13213e-10
2.44728e-10
1.9094e-10
1.48758e-10
1.15728e-10
8.99007e-11
6.97365e-11
5.40167e-11
4.17799e-11
3.22685e-11
2.48863e-11
1.91652e-11
1.4738e-11
1.13171e-11
8.67768e-12
6.64422e-12
5.07992e-12
3.8783e-12
2.95664e-12
2.25075e-12
1.71092e-12
1.29869e-12
9.84356e-13
7.45029e-13
5.63076e-13
4.24946e-13
3.20239e-13
2.40984e-13
1.81082e-13
1.35875e-13
1.01806e-13
7.61701e-14
5.69075e-14
4.2455e-14
3.16273e-14
2.35273e-14
1.74766e-14
1.29633e-14
9.60175e-15
7.10168e-15
5.24503e-15
3.86821e-15
2.84872e-15
2.09491e-15
1.53836e-15
1.12804e-15
8.25985e-16
6.03942e-16
4.40957e-16
3.21495e-16
2.34062e-16
1.70163e-16
1.23532e-16
8.95508e-17
6.48246e-17
4.68585e-17
3.38234e-17
2.43795e-17
1.75474e-17
1.26119e-17
9.05164e-18
6.48717e-18
4.64262e-18
3.31782e-18
2.36768e-18
1.68723e-18
1.20063e-18
8.53145e-19
6.05369e-19
4.28943e-19
3.03502e-19
2.1444e-19
1.51298e-19
1.06597e-19
7.49962e-20
5.26887e-20
3.69641e-20
2.58956e-20
1.81158e-20
1.26554e-20
8.82827e-21
6.14982e-21
4.27794e-21
2.97162e-21
2.06128e-21
1.4278e-21
9.87612e-22
6.82168e-22
4.70526e-22
3.24088e-22
2.2291e-22
1.53104e-22
1.0501e-22
7.19222e-23
4.91909e-23
3.35966e-23
2.29137e-23
1.56058e-23
1.06137e-23
7.20839e-24
4.88877e-24
3.31095e-24
2.23922e-24
1.51228e-24
1.01991e-24
6.86878e-25
4.61947e-25
3.1024e-25
2.08063e-25
1.39344e-25
9.31908e-26
6.22375e-26
4.15075e-26
2.76436e-26
1.83848e-26
1.221e-26
8.09787e-27
5.36317e-27
3.54705e-27
2.34267e-27
1.54508e-27
1.01762e-27
6.69301e-28
4.39596e-28
2.88326e-28
1.88848e-28
1.23521e-28
8.06802e-29
5.26251e-29
3.42783e-29
2.22969e-29
1.44834e-29
9.39502e-30
6.08592e-30
3.93691e-30
2.54323e-30
1.64066e-30
1.05695e-30
6.79975e-31
4.36852e-31
2.80271e-31
1.79567e-31
1.14889e-31
7.34068e-32
4.68379e-32
2.98445e-32
1.89905e-32
1.20674e-32
7.65769e-33
4.85275e-33
3.07104e-33
1.94084e-33
1.2249e-33
7.72005e-34
4.85901e-34
3.0541e-34
1.91703e-34
1.20166e-34
7.52223e-35
4.7024e-35
2.93565e-35
1.8302e-35
1.13947e-35
7.08468e-36
4.39895e-36
2.72765e-36
1.68905e-36
1.0445e-36
6.45039e-37
3.97812e-37
2.4501e-37
1.50697e-37
9.25632e-38
5.6779e-38
3.47818e-38
2.12781e-38
1.29996e-38
7.93124e-39
4.83249e-39
2.94047e-39
1.78682e-39
1.08433e-39
6.57146e-40
3.97722e-40
2.4039e-40
1.45102e-40
8.7468e-41
5.26556e-41
3.16564e-41
1.90063e-41
1.13961e-41
6.82395e-42
4.08072e-42
2.43703e-42
1.45347e-42
8.65716e-43
5.14954e-43
3.05903e-43
1.81478e-43
1.0752e-43
6.36177e-44
3.75918e-44
2.21836e-44
1.30737e-44
7.69469e-45
4.52283e-45
2.65495e-45
1.55643e-45
9.11237e-46
5.32796e-46
3.11114e-46
1.81429e-46
1.05663e-46
6.14567e-47
3.56981e-47
2.07087e-47
1.19975e-47
6.94159e-48
4.01106e-48
2.31469e-48
1.334e-48
7.67812e-49
4.41352e-49
2.53367e-49
1.45261e-49
8.31727e-50
4.75607e-50
2.71613e-50
1.54913e-50
8.82394e-51
5.01964e-51
2.8518e-51
1.61809e-51
9.16904e-52
5.18899e-52
2.93278e-52
1.65545e-52
9.33232e-53
5.25416e-53
2.95431e-53
1.65902e-53
9.30432e-54
5.21146e-54
2.91525e-54
1.62867e-54
9.08728e-55
5.0638e-55
2.81814e-55
1.56636e-55
8.69486e-56
4.82035e-56
2.66895e-56
1.47586e-56
8.15071e-57
4.49564e-57
2.47648e-57
1.36246e-57
7.48614e-58
4.10809e-58
2.25149e-58
1.23239e-58
6.73713e-59
3.67832e-59
2.00574e-59
1.09231e-59
5.94116e-60
3.22734e-60
1.75093e-60
9.48736e-61
5.1342e-61
2.77493e-61
1.4979e-61
8.07545e-62
4.34814e-62
2.33827e-62
1.25585e-62
6.73655e-63
3.60903e-63
1.93108e-63
1.03196e-63
5.50786e-64
2.93602e-64
1.56312e-64
8.31167e-65
4.41424e-65
2.34172e-65
1.24126e-65
6.58187e-66
3.50587e-66
1.90349e-66
1.1048e-66
7.7481e-67
)
;

boundaryField
{
    sides
    {
        type            zeroGradient;
    }
    empty
    {
        type            empty;
    }
}


// ************************************************************************* //
