/*--------------------------------*- C++ -*----------------------------------*\
  =========                 |
  \\      /  F ield         | OpenFOAM: The Open Source CFD Toolbox
   \\    /   O peration     | Website:  https://openfoam.org
    \\  /    A nd           | Version:  13
     \\/     M anipulation  |
\*---------------------------------------------------------------------------*/
FoamFile
{
    format      ascii;
    class       volScalarField;
    location    "1.805";
    object      T;
}
// * * * * * * * * * * * * * * * * * * * * * * * * * * * * * * * * * * * * * //

dimensions      [0 0 0 1 0 0 0];

internalField   nonuniform List<scalar> 
1000
(
3.52575e-112
7.6714e-112
2.0801e-111
5.81954e-111
1.63228e-110
4.57293e-110
1.27904e-109
3.57141e-109
9.95528e-109
2.7703e-108
7.69584e-108
2.13424e-107
5.90859e-107
1.63297e-106
4.50534e-106
1.24088e-105
3.41178e-105
9.36445e-105
2.56586e-104
7.01829e-104
1.91636e-103
5.22356e-103
1.42135e-102
3.86083e-102
1.04689e-101
2.83377e-101
7.65717e-101
2.06543e-100
5.56148e-100
1.49489e-99
4.01108e-99
1.07436e-98
2.87258e-98
7.66701e-98
2.04274e-97
5.43287e-97
1.44236e-96
3.82252e-96
1.01123e-95
2.67042e-95
7.03933e-95
1.85229e-94
4.86528e-94
1.27564e-93
3.33864e-93
8.7223e-93
2.27463e-92
5.92116e-92
1.53858e-91
3.99068e-91
1.03321e-90
2.67019e-90
6.88824e-90
1.77372e-89
4.559e-89
1.16967e-88
2.99546e-88
7.6572e-88
1.95381e-87
4.97618e-87
1.26507e-86
3.2102e-86
8.13114e-86
2.05575e-85
5.18783e-85
1.30677e-84
3.28554e-84
8.24535e-84
2.0654e-83
5.16408e-83
1.28876e-82
3.21026e-82
7.98175e-82
1.98081e-81
4.90653e-81
1.21308e-80
2.99358e-80
7.37351e-80
1.81275e-79
4.4482e-79
1.08945e-78
2.66324e-78
6.49816e-78
1.58251e-77
3.84658e-77
9.33206e-77
2.25971e-76
5.46134e-76
1.31739e-75
3.17175e-75
7.62168e-75
1.82797e-74
4.37574e-74
1.04544e-73
2.49292e-73
5.93306e-73
1.40932e-72
3.34118e-72
7.90582e-72
1.86703e-71
4.40059e-71
1.0352e-70
2.43047e-70
5.69521e-70
1.33192e-69
3.10882e-69
7.24206e-69
1.68374e-68
3.90691e-68
9.04767e-68
2.09114e-67
4.82359e-67
1.11045e-66
2.55133e-66
5.85024e-66
1.3388e-65
3.05771e-65
6.96963e-65
1.58547e-64
3.59945e-64
8.15541e-64
1.8441e-63
4.16153e-63
9.37233e-63
2.10653e-62
4.72513e-62
1.05775e-61
2.36305e-61
5.26847e-61
1.17224e-60
2.60294e-60
5.76808e-60
1.2756e-59
2.81521e-59
6.20042e-59
1.36283e-58
2.98935e-58
6.54363e-58
1.42945e-57
3.11622e-57
6.7794e-57
1.47184e-56
3.18883e-56
6.89453e-56
1.48757e-55
3.20296e-55
6.88214e-55
1.47568e-54
3.15759e-54
6.7424e-54
1.4367e-53
3.05499e-53
6.48251e-53
1.37267e-52
2.90053e-52
6.1161e-52
1.28694e-51
2.70225e-51
5.66207e-51
1.18388e-50
2.47012e-50
5.14291e-50
1.06851e-49
2.21525e-49
4.58293e-49
9.461e-49
1.94896e-48
4.00629e-48
8.21769e-48
1.682e-47
3.43535e-47
7.00134e-47
1.42382e-46
2.88932e-46
5.85054e-46
1.18211e-45
2.38331e-45
4.79469e-45
9.62493e-45
1.92793e-44
3.85335e-44
7.68493e-44
1.5293e-43
3.03667e-43
6.01659e-43
1.18946e-42
2.34639e-42
4.61842e-42
9.07051e-42
1.77751e-41
3.47565e-41
6.78108e-41
1.32008e-40
2.56413e-40
4.96955e-40
9.61013e-40
1.85428e-39
3.56988e-39
6.85746e-39
1.31433e-38
2.51346e-38
4.79589e-38
9.13044e-38
1.73436e-37
3.28708e-37
6.2159e-37
1.17279e-36
2.20777e-36
4.14674e-36
7.77102e-36
1.453e-35
2.7106e-35
5.04523e-35
9.36931e-35
1.73598e-34
3.20917e-34
5.91901e-34
1.08921e-33
1.99978e-33
3.66315e-33
6.69471e-33
1.22071e-32
2.2207e-32
4.0306e-32
7.29873e-32
1.31863e-31
2.3768e-31
4.27422e-31
7.66858e-31
1.37267e-30
2.45135e-30
4.36753e-30
7.76345e-30
1.37677e-29
2.43586e-29
4.29959e-29
7.57158e-29
1.33023e-28
2.33158e-28
4.0771e-28
7.11265e-28
1.23791e-27
2.14942e-27
3.72331e-27
6.43444e-27
1.10934e-26
1.90805e-26
3.27403e-26
5.60462e-26
9.57143e-26
1.6307e-25
2.77163e-25
4.6996e-25
7.94968e-25
1.34153e-24
2.25844e-24
3.79296e-24
6.35486e-24
1.06216e-23
1.77104e-23
2.94593e-23
4.88844e-23
8.09225e-23
1.33635e-22
2.2015e-22
3.618e-22
5.9315e-22
9.70079e-22
1.58269e-21
2.57589e-21
4.18217e-21
6.77358e-21
1.0944e-20
1.76389e-20
2.83601e-20
4.54864e-20
7.27764e-20
1.16154e-19
1.84933e-19
2.93715e-19
4.6534e-19
7.35436e-19
1.15944e-18
1.82341e-18
2.86052e-18
4.47644e-18
6.98789e-18
1.08814e-17
1.69023e-17
2.61897e-17
4.04797e-17
6.24114e-17
9.59866e-17
1.47257e-16
2.2535e-16
3.43999e-16
5.23808e-16
7.95612e-16
1.20544e-15
1.8218e-15
2.74643e-15
4.12997e-15
6.19493e-15
9.26902e-15
1.38337e-14
2.05946e-14
3.05825e-14
4.52999e-14
6.6931e-14
9.86417e-14
1.4501e-13
2.12635e-13
3.1101e-13
4.53748e-13
6.60319e-13
9.585e-13
1.3878e-12
2.00429e-12
2.8873e-12
4.14874e-12
5.94616e-12
8.50063e-12
1.21216e-11
1.72409e-11
2.44597e-11
3.46127e-11
4.88551e-11
6.87818e-11
9.65889e-11
1.35291e-10
1.89016e-10
2.63401e-10
3.66118e-10
5.07589e-10
7.01921e-10
9.68166e-10
1.33197e-09
1.82779e-09
2.50172e-09
3.41535e-09
4.65066e-09
6.31648e-09
8.55693e-09
1.15622e-08
1.55828e-08
2.09475e-08
2.80864e-08
3.75614e-08
5.01032e-08
6.66605e-08
8.84608e-08
1.17088e-07
1.54579e-07
2.03548e-07
2.67339e-07
3.50214e-07
4.57597e-07
5.96363e-07
7.75202e-07
1.00507e-06
1.29974e-06
1.67645e-06
2.15677e-06
2.76754e-06
3.5421e-06
4.52173e-06
5.75741e-06
7.31183e-06
9.26196e-06
1.17019e-05
1.47466e-05
1.85354e-05
2.32377e-05
2.90578e-05
3.62419e-05
4.50858e-05
5.59435e-05
6.92372e-05
8.54696e-05
0.000105236
0.000129242
0.000158315
0.000193431
0.00023573
0.000286544
0.000347418
0.000420148
0.000506804
0.000609773
0.00073179
0.000875986
0.00104593
0.00124566
0.00147977
0.00175342
0.00207242
0.00244326
0.00287318
0.00337024
0.00394335
0.00460232
0.00535795
0.00622202
0.00720741
0.00832805
0.00959901
0.0110365
0.0126578
0.0144815
0.0165272
0.0188155
0.0213683
0.0242082
0.0273588
0.0308445
0.0346904
0.0389218
0.0435647
0.048645
0.0541885
0.0602208
0.066767
0.0738511
0.0814962
0.089724
0.0985542
0.108005
0.118092
0.128828
0.140224
0.152286
0.165018
0.17842
0.192489
0.207217
0.222591
0.238596
0.255212
0.272414
0.290174
0.308458
0.32723
0.346451
0.366075
0.386057
0.406346
0.42689
0.447634
0.468522
0.489498
0.510502
0.531478
0.552366
0.57311
0.593654
0.613943
0.633924
0.653548
0.672769
0.691541
0.709825
0.727584
0.744786
0.761401
0.777405
0.792779
0.807505
0.821572
0.834973
0.847702
0.859761
0.871153
0.881885
0.891966
0.90141
0.910231
0.918448
0.92608
0.933148
0.939674
0.945682
0.951197
0.956242
0.960842
0.965023
0.968808
0.972221
0.975285
0.978022
0.980453
0.982597
0.984473
0.986097
0.987484
0.988648
0.9896
0.990349
0.990905
0.991272
0.991454
0.991454
0.991272
0.990905
0.990349
0.9896
0.988648
0.987484
0.986097
0.984473
0.982597
0.980453
0.978022
0.975285
0.972221
0.968808
0.965023
0.960842
0.956242
0.951197
0.945682
0.939674
0.933148
0.92608
0.918448
0.910231
0.90141
0.891966
0.881885
0.871153
0.859761
0.847702
0.834973
0.821572
0.807505
0.792779
0.777405
0.761401
0.744786
0.727584
0.709825
0.691541
0.672769
0.653548
0.633924
0.613943
0.593654
0.57311
0.552366
0.531478
0.510502
0.489498
0.468522
0.447634
0.42689
0.406346
0.386057
0.366075
0.346451
0.32723
0.308458
0.290174
0.272414
0.255212
0.238596
0.222591
0.207217
0.192489
0.17842
0.165018
0.152286
0.140224
0.128828
0.118092
0.108005
0.0985542
0.089724
0.0814962
0.0738511
0.066767
0.0602208
0.0541885
0.048645
0.0435647
0.0389218
0.0346904
0.0308445
0.0273588
0.0242082
0.0213683
0.0188155
0.0165272
0.0144815
0.0126578
0.0110365
0.00959901
0.00832805
0.00720741
0.00622202
0.00535795
0.00460232
0.00394335
0.00337024
0.00287318
0.00244326
0.00207242
0.00175342
0.00147977
0.00124566
0.00104593
0.000875986
0.00073179
0.000609773
0.000506804
0.000420148
0.000347418
0.000286544
0.00023573
0.000193431
0.000158315
0.000129242
0.000105236
8.54696e-05
6.92372e-05
5.59435e-05
4.50858e-05
3.62419e-05
2.90578e-05
2.32377e-05
1.85354e-05
1.47466e-05
1.17019e-05
9.26196e-06
7.31183e-06
5.75741e-06
4.52173e-06
3.5421e-06
2.76754e-06
2.15677e-06
1.67645e-06
1.29974e-06
1.00507e-06
7.75202e-07
5.96363e-07
4.57597e-07
3.50214e-07
2.67339e-07
2.03548e-07
1.54579e-07
1.17088e-07
8.84608e-08
6.66605e-08
5.01032e-08
3.75614e-08
2.80864e-08
2.09475e-08
1.55828e-08
1.15622e-08
8.55693e-09
6.31648e-09
4.65066e-09
3.41535e-09
2.50172e-09
1.82779e-09
1.33197e-09
9.68166e-10
7.01921e-10
5.07589e-10
3.66118e-10
2.63401e-10
1.89016e-10
1.35291e-10
9.65889e-11
6.87818e-11
4.88551e-11
3.46127e-11
2.44597e-11
1.72409e-11
1.21216e-11
8.50063e-12
5.94616e-12
4.14874e-12
2.8873e-12
2.00429e-12
1.3878e-12
9.585e-13
6.60319e-13
4.53748e-13
3.1101e-13
2.12635e-13
1.4501e-13
9.86417e-14
6.6931e-14
4.52999e-14
3.05825e-14
2.05946e-14
1.38337e-14
9.26902e-15
6.19493e-15
4.12997e-15
2.74643e-15
1.8218e-15
1.20544e-15
7.95612e-16
5.23808e-16
3.43999e-16
2.2535e-16
1.47257e-16
9.59866e-17
6.24114e-17
4.04797e-17
2.61897e-17
1.69023e-17
1.08814e-17
6.98789e-18
4.47644e-18
2.86052e-18
1.82341e-18
1.15944e-18
7.35436e-19
4.6534e-19
2.93715e-19
1.84933e-19
1.16154e-19
7.27764e-20
4.54864e-20
2.83601e-20
1.76389e-20
1.0944e-20
6.77358e-21
4.18217e-21
2.57589e-21
1.58269e-21
9.70079e-22
5.9315e-22
3.618e-22
2.2015e-22
1.33635e-22
8.09225e-23
4.88844e-23
2.94593e-23
1.77104e-23
1.06216e-23
6.35486e-24
3.79296e-24
2.25844e-24
1.34153e-24
7.94968e-25
4.6996e-25
2.77163e-25
1.6307e-25
9.57143e-26
5.60462e-26
3.27403e-26
1.90805e-26
1.10934e-26
6.43444e-27
3.72331e-27
2.14942e-27
1.23791e-27
7.11265e-28
4.0771e-28
2.33158e-28
1.33023e-28
7.57158e-29
4.29959e-29
2.43586e-29
1.37677e-29
7.76345e-30
4.36753e-30
2.45135e-30
1.37267e-30
7.66858e-31
4.27422e-31
2.3768e-31
1.31863e-31
7.29873e-32
4.0306e-32
2.2207e-32
1.22071e-32
6.69471e-33
3.66315e-33
1.99978e-33
1.08921e-33
5.91901e-34
3.20917e-34
1.73598e-34
9.36931e-35
5.04523e-35
2.7106e-35
1.453e-35
7.77102e-36
4.14674e-36
2.20777e-36
1.17279e-36
6.2159e-37
3.28708e-37
1.73436e-37
9.13044e-38
4.79589e-38
2.51346e-38
1.31433e-38
6.85746e-39
3.56988e-39
1.85428e-39
9.61013e-40
4.96955e-40
2.56413e-40
1.32008e-40
6.78108e-41
3.47565e-41
1.77751e-41
9.07051e-42
4.61842e-42
2.34639e-42
1.18946e-42
6.01659e-43
3.03667e-43
1.5293e-43
7.68493e-44
3.85335e-44
1.92793e-44
9.62493e-45
4.79469e-45
2.38331e-45
1.18211e-45
5.85054e-46
2.88932e-46
1.42382e-46
7.00134e-47
3.43535e-47
1.682e-47
8.21769e-48
4.00629e-48
1.94896e-48
9.461e-49
4.58293e-49
2.21525e-49
1.06851e-49
5.14291e-50
2.47012e-50
1.18388e-50
5.66207e-51
2.70225e-51
1.28694e-51
6.1161e-52
2.90053e-52
1.37267e-52
6.48251e-53
3.05499e-53
1.4367e-53
6.7424e-54
3.15759e-54
1.47568e-54
6.88214e-55
3.20296e-55
1.48757e-55
6.89453e-56
3.18883e-56
1.47184e-56
6.7794e-57
3.11622e-57
1.42945e-57
6.54363e-58
2.98935e-58
1.36283e-58
6.20042e-59
2.81521e-59
1.2756e-59
5.76808e-60
2.60294e-60
1.17224e-60
5.26847e-61
2.36305e-61
1.05775e-61
4.72513e-62
2.10653e-62
9.37233e-63
4.16153e-63
1.8441e-63
8.15541e-64
3.59945e-64
1.58547e-64
6.96963e-65
3.05771e-65
1.3388e-65
5.85024e-66
2.55133e-66
1.11045e-66
4.82359e-67
2.09114e-67
9.04767e-68
3.90691e-68
1.68374e-68
7.24206e-69
3.10882e-69
1.33192e-69
5.69521e-70
2.43047e-70
1.0352e-70
4.40059e-71
1.86703e-71
7.90582e-72
3.34118e-72
1.40932e-72
5.93306e-73
2.49292e-73
1.04544e-73
4.37574e-74
1.82797e-74
7.62168e-75
3.17175e-75
1.31739e-75
5.46134e-76
2.25971e-76
9.33206e-77
3.84658e-77
1.58251e-77
6.49816e-78
2.66324e-78
1.08945e-78
4.4482e-79
1.81275e-79
7.37351e-80
2.99358e-80
1.21308e-80
4.90653e-81
1.98081e-81
7.98175e-82
3.21026e-82
1.28876e-82
5.16408e-83
2.0654e-83
8.24535e-84
3.28554e-84
1.30677e-84
5.18783e-85
2.05575e-85
8.13114e-86
3.2102e-86
1.26507e-86
4.97618e-87
1.95381e-87
7.6572e-88
2.99546e-88
1.16967e-88
4.559e-89
1.77372e-89
6.88824e-90
2.67019e-90
1.03321e-90
3.99068e-91
1.53858e-91
5.92116e-92
2.27463e-92
8.7223e-93
3.33864e-93
1.27564e-93
4.86528e-94
1.85229e-94
7.03933e-95
2.67042e-95
1.01123e-95
3.82252e-96
1.44236e-96
5.43287e-97
2.04274e-97
7.66701e-98
2.87258e-98
1.07436e-98
4.01108e-99
1.49489e-99
5.56148e-100
2.06543e-100
7.65717e-101
2.83377e-101
1.04689e-101
3.86083e-102
1.42135e-102
5.22356e-103
1.91636e-103
7.01829e-104
2.56586e-104
9.36445e-105
3.41178e-105
1.24088e-105
4.50534e-106
1.63297e-106
5.90859e-107
2.13424e-107
7.69584e-108
2.7703e-108
9.95528e-109
3.57141e-109
1.27904e-109
4.57293e-110
1.63228e-110
5.81954e-111
2.0801e-111
7.6714e-112
3.52575e-112
)
;

boundaryField
{
    sides
    {
        type            zeroGradient;
    }
    empty
    {
        type            empty;
    }
}


// ************************************************************************* //
