/*--------------------------------*- C++ -*----------------------------------*\
  =========                 |
  \\      /  F ield         | OpenFOAM: The Open Source CFD Toolbox
   \\    /   O peration     | Website:  https://openfoam.org
    \\  /    A nd           | Version:  13
     \\/     M anipulation  |
\*---------------------------------------------------------------------------*/
FoamFile
{
    format      ascii;
    class       volScalarField;
    location    "3.145";
    object      T;
}
// * * * * * * * * * * * * * * * * * * * * * * * * * * * * * * * * * * * * * //

dimensions      [0 0 0 1 0 0 0];

internalField   nonuniform List<scalar> 
1000
(
3.085e-69
4.49448e-69
7.94941e-69
1.5005e-68
2.88269e-68
5.55933e-68
1.07222e-67
2.06606e-67
3.97637e-67
7.64339e-67
1.46734e-66
2.81332e-66
5.38702e-66
1.0302e-65
1.96758e-65
3.75307e-65
7.14957e-65
1.36023e-64
2.58455e-64
4.90452e-64
9.29494e-64
1.75928e-63
3.32552e-63
6.27802e-63
1.18365e-62
2.22873e-62
4.19111e-62
7.87112e-62
1.47631e-61
2.76539e-61
5.17329e-61
9.66521e-61
1.80339e-60
3.36047e-60
6.2538e-60
1.1623e-59
2.15738e-59
3.99912e-59
7.40344e-59
1.36878e-58
2.52733e-58
4.66038e-58
8.5824e-58
1.57843e-57
2.89915e-57
5.31793e-57
9.74187e-57
1.78225e-56
3.25628e-56
5.94158e-56
1.0827e-55
1.97032e-55
3.5809e-55
6.49937e-55
1.17808e-54
2.13256e-54
3.85524e-54
6.96024e-54
1.25493e-53
2.25962e-53
4.06325e-53
7.29681e-53
1.30862e-52
2.34376e-52
4.19211e-52
7.4881e-52
1.33576e-51
2.37961e-51
4.2335e-51
7.52163e-51
1.33457e-50
2.36476e-50
4.18456e-50
7.39482e-50
1.30503e-49
2.30001e-49
4.04813e-49
7.11528e-49
1.24895e-48
2.18932e-48
3.83255e-48
6.70006e-48
1.16972e-47
2.03937e-47
3.55077e-47
6.1739e-47
1.07203e-46
1.85894e-46
3.21909e-46
5.56686e-46
9.61381e-46
1.65802e-45
2.85557e-45
4.91137e-45
8.43567e-45
1.44692e-44
2.47841e-44
4.23946e-44
7.2419e-44
1.23538e-43
2.10451e-43
3.58021e-43
6.08231e-43
1.03189e-42
1.74824e-42
2.95781e-42
4.99738e-42
8.43172e-42
1.42067e-41
2.39039e-41
4.01649e-41
6.73945e-41
1.12928e-40
1.88964e-40
3.15759e-40
5.26904e-40
8.78021e-40
1.46109e-39
2.42798e-39
4.02913e-39
6.6769e-39
1.10493e-38
1.82595e-38
3.01328e-38
4.96576e-38
8.17197e-38
1.34296e-37
2.20389e-37
3.61171e-37
5.91057e-37
9.65912e-37
1.5763e-36
2.56881e-36
4.18039e-36
6.79348e-36
1.10245e-35
1.78655e-35
2.8911e-35
4.67198e-35
7.53923e-35
1.21491e-34
1.955e-34
3.14151e-34
5.04101e-34
8.07765e-34
1.29253e-33
2.06529e-33
3.29539e-33
5.25074e-33
8.35447e-33
1.3274e-32
2.10606e-32
3.33675e-32
5.27911e-32
8.3403e-32
1.31579e-31
2.07287e-31
3.26093e-31
5.12263e-31
8.03574e-31
1.25875e-30
1.96896e-30
3.07548e-30
4.797e-30
7.47147e-30
1.16204e-29
1.80476e-29
2.79893e-29
4.33457e-29
6.70312e-29
1.03511e-28
1.59615e-28
2.45774e-28
3.779e-28
5.80221e-28
8.89583e-28
1.36193e-27
2.08209e-27
3.17847e-27
4.8452e-27
7.37529e-27
1.12104e-26
1.70152e-26
2.57885e-26
3.9029e-26
5.89823e-26
8.90078e-26
1.34124e-25
2.01817e-25
3.03234e-25
4.54957e-25
6.81606e-25
1.01969e-24
1.52324e-24
2.27218e-24
3.38442e-24
5.03379e-24
7.47609e-24
1.10872e-23
1.64187e-23
2.42785e-23
3.58486e-23
5.28555e-23
7.7817e-23
1.144e-22
1.67935e-22
2.46164e-22
3.60308e-22
5.26607e-22
7.68537e-22
1.11997e-21
1.62972e-21
2.36802e-21
3.43573e-21
4.97757e-21
7.20075e-21
1.04016e-20
1.50033e-20
2.1609e-20
3.10774e-20
4.46289e-20
6.39955e-20
9.16311e-20
1.31008e-19
1.8703e-19
2.66616e-19
3.79509e-19
5.39406e-19
7.65543e-19
1.08488e-18
1.53516e-18
2.16912e-18
3.06035e-18
4.31139e-18
6.06487e-18
8.51888e-18
1.19482e-17
1.67331e-17
2.33996e-17
3.26735e-17
4.55554e-17
6.34221e-17
8.8165e-17
1.22379e-16
1.69619e-16
2.34744e-16
3.24393e-16
4.47612e-16
6.16718e-16
8.48448e-16
1.16551e-15
1.59869e-15
2.18959e-15
2.99443e-15
4.08902e-15
5.57541e-15
7.59079e-15
1.03193e-14
1.40076e-14
1.89858e-14
2.56949e-14
3.47229e-14
4.68528e-14
6.31258e-14
8.49236e-14
1.14078e-13
1.53011e-13
2.04926e-13
2.74044e-13
3.65925e-13
4.87882e-13
6.49512e-13
8.63392e-13
1.14598e-12
1.51879e-12
2.00986e-12
2.65573e-12
3.50388e-12
4.61596e-12
6.0719e-12
7.97507e-12
1.04591e-11
1.36961e-11
1.79082e-11
2.33804e-11
3.0479e-11
3.96731e-11
5.15631e-11
6.69158e-11
8.67093e-11
1.12189e-10
1.44937e-10
1.86963e-10
2.40812e-10
3.09705e-10
3.97708e-10
5.09949e-10
6.52883e-10
8.34622e-10
1.06534e-09
1.3578e-09
1.72794e-09
2.19567e-09
2.7858e-09
3.52923e-09
4.46432e-09
5.63866e-09
7.1112e-09
8.95477e-09
1.12593e-08
1.41356e-08
1.772e-08
2.21798e-08
2.77203e-08
3.45926e-08
4.31036e-08
5.36278e-08
6.66211e-08
8.26379e-08
1.02351e-07
1.26576e-07
1.56299e-07
1.92711e-07
2.37248e-07
2.91638e-07
3.57958e-07
4.38699e-07
5.36842e-07
6.55954e-07
8.00288e-07
9.74912e-07
1.18585e-06
1.44027e-06
1.74664e-06
2.115e-06
2.55719e-06
3.0872e-06
3.72146e-06
4.47929e-06
5.38335e-06
6.46018e-06
7.74079e-06
9.26134e-06
1.1064e-05
1.31977e-05
1.57193e-05
1.86947e-05
2.22e-05
2.63231e-05
3.11654e-05
3.68433e-05
4.34905e-05
5.12604e-05
6.03284e-05
7.08945e-05
8.31872e-05
9.74659e-05
0.000114025
0.0001332
0.000155368
0.000180956
0.000210445
0.000244377
0.000283359
0.000328072
0.00037928
0.000437831
0.000504675
0.000580866
0.000667572
0.000766092
0.000877856
0.00100445
0.0011476
0.00130924
0.00149145
0.00169654
0.001927
0.00218558
0.00247523
0.0027992
0.00316095
0.00356428
0.00401323
0.00451219
0.00506585
0.00567923
0.00635771
0.007107
0.00793318
0.0088427
0.00984239
0.0109394
0.0121415
0.0134564
0.0148925
0.0164585
0.0181635
0.0200169
0.0220283
0.0242079
0.0265658
0.0291128
0.0318594
0.0348168
0.037996
0.0414083
0.0450649
0.0489771
0.0531562
0.0576132
0.0623592
0.0674047
0.0727603
0.078436
0.0844413
0.0907852
0.0974763
0.104522
0.11193
0.119707
0.127857
0.136384
0.145293
0.154586
0.164263
0.174325
0.18477
0.195596
0.206799
0.218372
0.230311
0.242606
0.255248
0.268226
0.281528
0.295141
0.309049
0.323236
0.337686
0.352378
0.367294
0.382413
0.397713
0.413172
0.428766
0.444472
0.460265
0.476121
0.492014
0.507918
0.523809
0.539661
0.555449
0.571147
0.586732
0.602178
0.617464
0.632565
0.64746
0.662128
0.676549
0.690703
0.704573
0.718141
0.731392
0.744313
0.756888
0.769107
0.780959
0.792434
0.803525
0.814225
0.824527
0.834427
0.843922
0.85301
0.861688
0.869958
0.877818
0.88527
0.892317
0.898959
0.905202
0.911047
0.916498
0.92156
0.926238
0.930534
0.934454
0.938001
0.94118
0.943996
0.94645
0.948548
0.950291
0.951682
0.952724
0.953417
0.953764
0.953764
0.953417
0.952724
0.951682
0.950291
0.948548
0.94645
0.943996
0.94118
0.938001
0.934454
0.930534
0.926238
0.92156
0.916498
0.911047
0.905202
0.898959
0.892317
0.88527
0.877818
0.869958
0.861688
0.85301
0.843922
0.834427
0.824527
0.814225
0.803525
0.792434
0.780959
0.769107
0.756888
0.744313
0.731392
0.718141
0.704573
0.690703
0.676549
0.662128
0.64746
0.632565
0.617464
0.602178
0.586732
0.571147
0.555449
0.539661
0.523809
0.507918
0.492014
0.476121
0.460265
0.444472
0.428766
0.413172
0.397713
0.382413
0.367294
0.352378
0.337686
0.323236
0.309049
0.295141
0.281528
0.268226
0.255248
0.242606
0.230311
0.218372
0.206799
0.195596
0.18477
0.174325
0.164263
0.154586
0.145293
0.136384
0.127857
0.119707
0.11193
0.104522
0.0974763
0.0907852
0.0844413
0.078436
0.0727603
0.0674047
0.0623592
0.0576132
0.0531562
0.0489771
0.0450649
0.0414083
0.037996
0.0348168
0.0318594
0.0291128
0.0265658
0.0242079
0.0220283
0.0200169
0.0181635
0.0164585
0.0148925
0.0134564
0.0121415
0.0109394
0.00984239
0.0088427
0.00793318
0.007107
0.00635771
0.00567923
0.00506585
0.00451219
0.00401323
0.00356428
0.00316095
0.0027992
0.00247523
0.00218558
0.001927
0.00169654
0.00149145
0.00130924
0.0011476
0.00100445
0.000877856
0.000766092
0.000667572
0.000580866
0.000504675
0.000437831
0.00037928
0.000328072
0.000283359
0.000244377
0.000210445
0.000180956
0.000155368
0.0001332
0.000114025
9.74659e-05
8.31872e-05
7.08945e-05
6.03284e-05
5.12604e-05
4.34905e-05
3.68433e-05
3.11654e-05
2.63231e-05
2.22e-05
1.86947e-05
1.57193e-05
1.31977e-05
1.1064e-05
9.26134e-06
7.74079e-06
6.46018e-06
5.38335e-06
4.47929e-06
3.72146e-06
3.0872e-06
2.55719e-06
2.115e-06
1.74664e-06
1.44027e-06
1.18585e-06
9.74912e-07
8.00288e-07
6.55954e-07
5.36842e-07
4.38699e-07
3.57958e-07
2.91638e-07
2.37248e-07
1.92711e-07
1.56299e-07
1.26576e-07
1.02351e-07
8.26379e-08
6.66211e-08
5.36278e-08
4.31036e-08
3.45926e-08
2.77203e-08
2.21798e-08
1.772e-08
1.41356e-08
1.12593e-08
8.95477e-09
7.1112e-09
5.63866e-09
4.46432e-09
3.52923e-09
2.7858e-09
2.19567e-09
1.72794e-09
1.3578e-09
1.06534e-09
8.34622e-10
6.52883e-10
5.09949e-10
3.97708e-10
3.09705e-10
2.40812e-10
1.86963e-10
1.44937e-10
1.12189e-10
8.67093e-11
6.69158e-11
5.15631e-11
3.96731e-11
3.0479e-11
2.33804e-11
1.79082e-11
1.36961e-11
1.04591e-11
7.97507e-12
6.0719e-12
4.61596e-12
3.50388e-12
2.65573e-12
2.00986e-12
1.51879e-12
1.14598e-12
8.63392e-13
6.49512e-13
4.87882e-13
3.65925e-13
2.74044e-13
2.04926e-13
1.53011e-13
1.14078e-13
8.49236e-14
6.31258e-14
4.68528e-14
3.47229e-14
2.56949e-14
1.89858e-14
1.40076e-14
1.03193e-14
7.59079e-15
5.57541e-15
4.08902e-15
2.99443e-15
2.18959e-15
1.59869e-15
1.16551e-15
8.48448e-16
6.16718e-16
4.47612e-16
3.24393e-16
2.34744e-16
1.69619e-16
1.22379e-16
8.8165e-17
6.34221e-17
4.55554e-17
3.26735e-17
2.33996e-17
1.67331e-17
1.19482e-17
8.51888e-18
6.06487e-18
4.31139e-18
3.06035e-18
2.16912e-18
1.53516e-18
1.08488e-18
7.65543e-19
5.39406e-19
3.79509e-19
2.66616e-19
1.8703e-19
1.31008e-19
9.16311e-20
6.39955e-20
4.46289e-20
3.10774e-20
2.1609e-20
1.50033e-20
1.04016e-20
7.20075e-21
4.97757e-21
3.43573e-21
2.36802e-21
1.62972e-21
1.11997e-21
7.68537e-22
5.26607e-22
3.60308e-22
2.46164e-22
1.67935e-22
1.144e-22
7.7817e-23
5.28555e-23
3.58486e-23
2.42785e-23
1.64187e-23
1.10872e-23
7.47609e-24
5.03379e-24
3.38442e-24
2.27218e-24
1.52324e-24
1.01969e-24
6.81606e-25
4.54957e-25
3.03234e-25
2.01817e-25
1.34124e-25
8.90078e-26
5.89823e-26
3.9029e-26
2.57885e-26
1.70152e-26
1.12104e-26
7.37529e-27
4.8452e-27
3.17847e-27
2.08209e-27
1.36193e-27
8.89583e-28
5.80221e-28
3.779e-28
2.45774e-28
1.59615e-28
1.03511e-28
6.70312e-29
4.33457e-29
2.79893e-29
1.80476e-29
1.16204e-29
7.47147e-30
4.797e-30
3.07548e-30
1.96896e-30
1.25875e-30
8.03574e-31
5.12263e-31
3.26093e-31
2.07287e-31
1.31579e-31
8.3403e-32
5.27911e-32
3.33675e-32
2.10606e-32
1.3274e-32
8.35447e-33
5.25074e-33
3.29539e-33
2.06529e-33
1.29253e-33
8.07765e-34
5.04101e-34
3.14151e-34
1.955e-34
1.21491e-34
7.53923e-35
4.67198e-35
2.8911e-35
1.78655e-35
1.10245e-35
6.79348e-36
4.18039e-36
2.56881e-36
1.5763e-36
9.65912e-37
5.91057e-37
3.61171e-37
2.20389e-37
1.34296e-37
8.17197e-38
4.96576e-38
3.01328e-38
1.82595e-38
1.10493e-38
6.6769e-39
4.02913e-39
2.42798e-39
1.46109e-39
8.78021e-40
5.26904e-40
3.15759e-40
1.88964e-40
1.12928e-40
6.73945e-41
4.01649e-41
2.39039e-41
1.42067e-41
8.43172e-42
4.99738e-42
2.95781e-42
1.74824e-42
1.03189e-42
6.08231e-43
3.58021e-43
2.10451e-43
1.23538e-43
7.2419e-44
4.23946e-44
2.47841e-44
1.44692e-44
8.43567e-45
4.91137e-45
2.85557e-45
1.65802e-45
9.61381e-46
5.56686e-46
3.21909e-46
1.85894e-46
1.07203e-46
6.1739e-47
3.55077e-47
2.03937e-47
1.16972e-47
6.70006e-48
3.83255e-48
2.18932e-48
1.24895e-48
7.11528e-49
4.04813e-49
2.30001e-49
1.30503e-49
7.39482e-50
4.18456e-50
2.36476e-50
1.33457e-50
7.52163e-51
4.2335e-51
2.37961e-51
1.33576e-51
7.4881e-52
4.19211e-52
2.34376e-52
1.30862e-52
7.29681e-53
4.06325e-53
2.25962e-53
1.25493e-53
6.96024e-54
3.85524e-54
2.13256e-54
1.17808e-54
6.49937e-55
3.5809e-55
1.97032e-55
1.0827e-55
5.94158e-56
3.25628e-56
1.78225e-56
9.74187e-57
5.31793e-57
2.89915e-57
1.57843e-57
8.5824e-58
4.66038e-58
2.52733e-58
1.36878e-58
7.40344e-59
3.99912e-59
2.15738e-59
1.1623e-59
6.2538e-60
3.36047e-60
1.80339e-60
9.66521e-61
5.17329e-61
2.76539e-61
1.47631e-61
7.87112e-62
4.19111e-62
2.22873e-62
1.18365e-62
6.27802e-63
3.32552e-63
1.75928e-63
9.29494e-64
4.90452e-64
2.58455e-64
1.36023e-64
7.14957e-65
3.75307e-65
1.96758e-65
1.0302e-65
5.38702e-66
2.81332e-66
1.46734e-66
7.64339e-67
3.97637e-67
2.06606e-67
1.07222e-67
5.55933e-68
2.88269e-68
1.5005e-68
7.94941e-69
4.49448e-69
3.085e-69
)
;

boundaryField
{
    sides
    {
        type            zeroGradient;
    }
    empty
    {
        type            empty;
    }
}


// ************************************************************************* //
