/*--------------------------------*- C++ -*----------------------------------*\
  =========                 |
  \\      /  F ield         | OpenFOAM: The Open Source CFD Toolbox
   \\    /   O peration     | Website:  https://openfoam.org
    \\  /    A nd           | Version:  13
     \\/     M anipulation  |
\*---------------------------------------------------------------------------*/
FoamFile
{
    format      ascii;
    class       volScalarField;
    location    "4.68";
    object      T;
}
// * * * * * * * * * * * * * * * * * * * * * * * * * * * * * * * * * * * * * //

dimensions      [0 0 0 1 0 0 0];

internalField   nonuniform List<scalar> 
1000
(
4.46765e-48
5.44732e-48
7.61753e-48
1.14446e-47
1.77484e-47
2.78751e-47
4.39787e-47
6.94706e-47
1.09729e-46
1.7321e-46
2.73192e-46
4.30498e-46
6.77747e-46
1.06599e-45
1.67503e-45
2.62951e-45
4.12395e-45
6.46153e-45
1.01144e-44
1.58171e-44
2.47115e-44
3.85703e-44
6.01436e-44
9.36933e-44
1.45818e-43
2.26722e-43
3.52175e-43
5.4652e-43
8.47296e-43
1.31234e-42
2.03066e-42
3.13913e-42
4.84801e-42
7.47994e-42
1.15296e-41
1.77545e-41
2.7314e-41
4.19799e-41
6.44581e-41
9.88766e-41
1.51527e-40
2.31987e-40
3.54829e-40
5.42191e-40
8.27685e-40
1.26228e-39
1.92321e-39
2.92736e-39
4.45146e-39
6.76251e-39
1.02634e-38
1.55615e-38
2.35717e-38
3.56703e-38
5.39264e-38
8.14464e-38
1.22891e-37
1.85244e-37
2.78963e-37
4.19687e-37
6.30783e-37
9.47133e-37
1.42075e-36
2.12913e-36
3.18758e-36
4.76755e-36
7.1237e-36
1.06339e-35
1.58581e-35
2.36258e-35
3.5164e-35
5.22858e-35
7.76682e-35
1.1526e-34
1.70878e-34
2.53087e-34
3.74478e-34
5.53549e-34
8.17449e-34
1.20597e-33
1.77742e-33
2.61706e-33
3.84956e-33
5.65694e-33
8.30471e-33
1.21798e-32
1.78455e-32
2.61209e-32
3.81963e-32
5.57989e-32
8.14334e-32
1.18727e-31
1.7293e-31
2.5163e-31
3.65784e-31
5.312e-31
7.7066e-31
1.11696e-30
1.61728e-30
2.33939e-30
3.38056e-30
4.8803e-30
7.03841e-30
1.01408e-29
1.45962e-29
2.09883e-29
3.01498e-29
4.32674e-29
6.20307e-29
8.88427e-29
1.27118e-28
1.81702e-28
2.59466e-28
3.70144e-28
5.27508e-28
7.51028e-28
1.0682e-27
1.5178e-27
2.1545e-27
3.05524e-27
4.32825e-27
6.12558e-27
8.66062e-27
1.22326e-26
1.72605e-26
2.43309e-26
3.42632e-26
4.8202e-26
6.77436e-26
9.51127e-26
1.33406e-25
1.8693e-25
2.61666e-25
3.65916e-25
5.1119e-25
7.13426e-25
9.94675e-25
1.38541e-24
1.92771e-24
2.6796e-24
3.72103e-24
5.16204e-24
7.15394e-24
9.90451e-24
1.36989e-23
1.89279e-23
2.61267e-23
3.60272e-23
4.96296e-23
6.8299e-23
9.38972e-23
1.2896e-22
1.76938e-22
2.42521e-22
3.32079e-22
4.54253e-22
6.2075e-22
8.47421e-22
1.1557e-21
1.57454e-21
2.14301e-21
2.91379e-21
3.9578e-21
5.37048e-21
7.28005e-21
9.85866e-21
1.33372e-20
1.80248e-20
2.43355e-20
3.28225e-20
4.42247e-20
5.95278e-20
8.00453e-20
1.07526e-19
1.44296e-19
1.93443e-19
2.59068e-19
3.46607e-19
4.63255e-19
6.18535e-19
8.25029e-19
1.09935e-18
1.46339e-18
1.94602e-18
2.5852e-18
3.43085e-18
4.5485e-18
6.02415e-18
7.97046e-18
1.05349e-17
1.39103e-17
1.83487e-17
2.41786e-17
3.18285e-17
4.18564e-17
5.49878e-17
7.21657e-17
9.46137e-17
1.23919e-16
1.62135e-16
2.11923e-16
2.76718e-16
3.60957e-16
4.70363e-16
6.12306e-16
7.96274e-16
1.03446e-15
1.34254e-15
1.74059e-15
2.25436e-15
2.91682e-15
3.7701e-15
4.86805e-15
6.27936e-15
8.09159e-15
1.04162e-14
1.3395e-14
1.72082e-14
2.20843e-14
2.83133e-14
3.62623e-14
4.63957e-14
5.93003e-14
7.57171e-14
9.65802e-14
1.23066e-13
1.56656e-13
1.99211e-13
2.53068e-13
3.21157e-13
4.0715e-13
5.15642e-13
6.52378e-13
8.24531e-13
1.04105e-12
1.31309e-12
1.65452e-12
2.0826e-12
2.61878e-12
3.28963e-12
4.12812e-12
5.17504e-12
6.48084e-12
8.10786e-12
1.0133e-11
1.2651e-11
1.57786e-11
1.96594e-11
2.44696e-11
3.04256e-11
3.77928e-11
4.68958e-11
5.81322e-11
7.19871e-11
8.90532e-11
1.10053e-10
1.35865e-10
1.6756e-10
2.06438e-10
2.54077e-10
3.1239e-10
3.83695e-10
4.70793e-10
5.77073e-10
7.06622e-10
8.64371e-10
1.05626e-09
1.28942e-09
1.57245e-09
1.91564e-09
2.33135e-09
2.83438e-09
3.44243e-09
4.17665e-09
5.06229e-09
6.12946e-09
7.41403e-09
8.95865e-09
1.0814e-08
1.30403e-08
1.57089e-08
1.89043e-08
2.27264e-08
2.72935e-08
3.27448e-08
3.92449e-08
4.69873e-08
5.61998e-08
6.715e-08
8.0152e-08
9.55739e-08
1.13847e-07
1.35475e-07
1.61049e-07
1.91254e-07
2.26893e-07
2.68899e-07
3.18358e-07
3.76529e-07
4.44876e-07
5.25095e-07
6.19148e-07
7.29304e-07
8.58185e-07
1.00881e-06
1.18468e-06
1.38978e-06
1.62874e-06
1.90685e-06
2.23017e-06
2.60567e-06
3.0413e-06
3.54616e-06
4.13064e-06
4.80656e-06
5.58742e-06
6.48856e-06
7.52739e-06
8.7237e-06
1.00999e-05
1.16814e-05
1.34968e-05
1.55786e-05
1.79633e-05
2.06921e-05
2.38114e-05
2.73733e-05
3.14362e-05
3.60657e-05
4.13353e-05
4.7327e-05
5.41327e-05
6.18548e-05
7.06073e-05
8.05172e-05
9.17257e-05
0.000104389
0.000118682
0.000134797
0.000152946
0.000173364
0.000196312
0.000222075
0.000250967
0.000283335
0.000319557
0.000360051
0.000405272
0.000455717
0.000511931
0.000574507
0.000644091
0.000721386
0.000807154
0.000902224
0.00100749
0.00112393
0.00125258
0.00139458
0.00155115
0.00172359
0.00191332
0.00212184
0.00235077
0.00260185
0.00287692
0.00317795
0.00350705
0.00386645
0.00425851
0.00468577
0.00515086
0.00565662
0.00620601
0.00680215
0.00744835
0.00814805
0.00890487
0.00972262
0.0106052
0.0115569
0.0125819
0.0136846
0.0148698
0.0161422
0.0175069
0.0189688
0.0205334
0.0222059
0.0239921
0.0258974
0.0279278
0.0300892
0.0323874
0.0348287
0.037419
0.0401647
0.0430718
0.0461467
0.0493955
0.0528244
0.0564395
0.0602469
0.0642525
0.0684621
0.0728814
0.077516
0.082371
0.0874515
0.0927625
0.0983082
0.104093
0.110121
0.116395
0.122919
0.129695
0.136725
0.144011
0.151555
0.159357
0.167417
0.175736
0.184311
0.193142
0.202226
0.211562
0.221144
0.23097
0.241034
0.251332
0.261858
0.272604
0.283564
0.294731
0.306095
0.317647
0.329379
0.34128
0.35334
0.365547
0.377889
0.390355
0.402933
0.415608
0.428369
0.441201
0.454091
0.467025
0.479989
0.492967
0.505946
0.518911
0.531848
0.544741
0.557577
0.57034
0.583017
0.595593
0.608054
0.620386
0.632577
0.644612
0.656479
0.668166
0.679659
0.690948
0.702021
0.712867
0.723475
0.733837
0.743941
0.753779
0.763342
0.772623
0.781612
0.790304
0.798692
0.806768
0.814528
0.821966
0.829076
0.835854
0.842297
0.848399
0.854158
0.85957
0.864632
0.869342
0.873698
0.877697
0.881338
0.884619
0.887538
0.890095
0.892289
0.894118
0.895582
0.89668
0.897413
0.897779
0.897779
0.897413
0.89668
0.895582
0.894118
0.892289
0.890095
0.887538
0.884619
0.881338
0.877697
0.873698
0.869342
0.864632
0.85957
0.854158
0.848399
0.842297
0.835854
0.829076
0.821966
0.814528
0.806768
0.798692
0.790304
0.781612
0.772623
0.763342
0.753779
0.743941
0.733837
0.723475
0.712867
0.702021
0.690948
0.679659
0.668166
0.656479
0.644612
0.632577
0.620386
0.608054
0.595593
0.583017
0.57034
0.557577
0.544741
0.531848
0.518911
0.505946
0.492967
0.479989
0.467025
0.454091
0.441201
0.428369
0.415608
0.402933
0.390355
0.377889
0.365547
0.35334
0.34128
0.329379
0.317647
0.306095
0.294731
0.283564
0.272604
0.261858
0.251332
0.241034
0.23097
0.221144
0.211562
0.202226
0.193142
0.184311
0.175736
0.167417
0.159357
0.151555
0.144011
0.136725
0.129695
0.122919
0.116395
0.110121
0.104093
0.0983082
0.0927625
0.0874515
0.082371
0.077516
0.0728814
0.0684621
0.0642525
0.0602469
0.0564395
0.0528244
0.0493955
0.0461467
0.0430718
0.0401647
0.037419
0.0348287
0.0323874
0.0300892
0.0279278
0.0258974
0.0239921
0.0222059
0.0205334
0.0189688
0.0175069
0.0161422
0.0148698
0.0136846
0.0125819
0.0115569
0.0106052
0.00972262
0.00890487
0.00814805
0.00744835
0.00680215
0.00620601
0.00565662
0.00515086
0.00468577
0.00425851
0.00386645
0.00350705
0.00317795
0.00287692
0.00260185
0.00235077
0.00212184
0.00191332
0.00172359
0.00155115
0.00139458
0.00125258
0.00112393
0.00100749
0.000902224
0.000807154
0.000721386
0.000644091
0.000574507
0.000511931
0.000455717
0.000405272
0.000360051
0.000319557
0.000283335
0.000250967
0.000222075
0.000196312
0.000173364
0.000152946
0.000134797
0.000118682
0.000104389
9.17257e-05
8.05172e-05
7.06073e-05
6.18548e-05
5.41327e-05
4.7327e-05
4.13353e-05
3.60657e-05
3.14362e-05
2.73733e-05
2.38114e-05
2.06921e-05
1.79633e-05
1.55786e-05
1.34968e-05
1.16814e-05
1.00999e-05
8.7237e-06
7.52739e-06
6.48856e-06
5.58742e-06
4.80656e-06
4.13064e-06
3.54616e-06
3.0413e-06
2.60567e-06
2.23017e-06
1.90685e-06
1.62874e-06
1.38978e-06
1.18468e-06
1.00881e-06
8.58185e-07
7.29304e-07
6.19148e-07
5.25095e-07
4.44876e-07
3.76529e-07
3.18358e-07
2.68899e-07
2.26893e-07
1.91254e-07
1.61049e-07
1.35475e-07
1.13847e-07
9.55739e-08
8.0152e-08
6.715e-08
5.61998e-08
4.69873e-08
3.92449e-08
3.27448e-08
2.72935e-08
2.27264e-08
1.89043e-08
1.57089e-08
1.30403e-08
1.0814e-08
8.95865e-09
7.41403e-09
6.12946e-09
5.06229e-09
4.17665e-09
3.44243e-09
2.83438e-09
2.33135e-09
1.91564e-09
1.57245e-09
1.28942e-09
1.05626e-09
8.64371e-10
7.06622e-10
5.77073e-10
4.70793e-10
3.83695e-10
3.1239e-10
2.54077e-10
2.06438e-10
1.6756e-10
1.35865e-10
1.10053e-10
8.90532e-11
7.19871e-11
5.81322e-11
4.68958e-11
3.77928e-11
3.04256e-11
2.44696e-11
1.96594e-11
1.57786e-11
1.2651e-11
1.0133e-11
8.10786e-12
6.48084e-12
5.17504e-12
4.12812e-12
3.28963e-12
2.61878e-12
2.0826e-12
1.65452e-12
1.31309e-12
1.04105e-12
8.24531e-13
6.52378e-13
5.15642e-13
4.0715e-13
3.21157e-13
2.53068e-13
1.99211e-13
1.56656e-13
1.23066e-13
9.65802e-14
7.57171e-14
5.93003e-14
4.63957e-14
3.62623e-14
2.83133e-14
2.20843e-14
1.72082e-14
1.3395e-14
1.04162e-14
8.09159e-15
6.27936e-15
4.86805e-15
3.7701e-15
2.91682e-15
2.25436e-15
1.74059e-15
1.34254e-15
1.03446e-15
7.96274e-16
6.12306e-16
4.70363e-16
3.60957e-16
2.76718e-16
2.11923e-16
1.62135e-16
1.23919e-16
9.46137e-17
7.21657e-17
5.49878e-17
4.18564e-17
3.18285e-17
2.41786e-17
1.83487e-17
1.39103e-17
1.05349e-17
7.97046e-18
6.02415e-18
4.5485e-18
3.43085e-18
2.5852e-18
1.94602e-18
1.46339e-18
1.09935e-18
8.25029e-19
6.18535e-19
4.63255e-19
3.46607e-19
2.59068e-19
1.93443e-19
1.44296e-19
1.07526e-19
8.00453e-20
5.95278e-20
4.42247e-20
3.28225e-20
2.43355e-20
1.80248e-20
1.33372e-20
9.85866e-21
7.28005e-21
5.37048e-21
3.9578e-21
2.91379e-21
2.14301e-21
1.57454e-21
1.1557e-21
8.47421e-22
6.2075e-22
4.54253e-22
3.32079e-22
2.42521e-22
1.76938e-22
1.2896e-22
9.38972e-23
6.8299e-23
4.96296e-23
3.60272e-23
2.61267e-23
1.89279e-23
1.36989e-23
9.90451e-24
7.15394e-24
5.16204e-24
3.72103e-24
2.6796e-24
1.92771e-24
1.38541e-24
9.94675e-25
7.13426e-25
5.1119e-25
3.65916e-25
2.61666e-25
1.8693e-25
1.33406e-25
9.51127e-26
6.77436e-26
4.8202e-26
3.42632e-26
2.43309e-26
1.72605e-26
1.22326e-26
8.66062e-27
6.12558e-27
4.32825e-27
3.05524e-27
2.1545e-27
1.5178e-27
1.0682e-27
7.51028e-28
5.27508e-28
3.70144e-28
2.59466e-28
1.81702e-28
1.27118e-28
8.88427e-29
6.20307e-29
4.32674e-29
3.01498e-29
2.09883e-29
1.45962e-29
1.01408e-29
7.03841e-30
4.8803e-30
3.38056e-30
2.33939e-30
1.61728e-30
1.11696e-30
7.7066e-31
5.312e-31
3.65784e-31
2.5163e-31
1.7293e-31
1.18727e-31
8.14334e-32
5.57989e-32
3.81963e-32
2.61209e-32
1.78455e-32
1.21798e-32
8.30471e-33
5.65694e-33
3.84956e-33
2.61706e-33
1.77742e-33
1.20597e-33
8.17449e-34
5.53549e-34
3.74478e-34
2.53087e-34
1.70878e-34
1.1526e-34
7.76682e-35
5.22858e-35
3.5164e-35
2.36258e-35
1.58581e-35
1.06339e-35
7.1237e-36
4.76755e-36
3.18758e-36
2.12913e-36
1.42075e-36
9.47133e-37
6.30783e-37
4.19687e-37
2.78963e-37
1.85244e-37
1.22891e-37
8.14464e-38
5.39264e-38
3.56703e-38
2.35717e-38
1.55615e-38
1.02634e-38
6.76251e-39
4.45146e-39
2.92736e-39
1.92321e-39
1.26228e-39
8.27685e-40
5.42191e-40
3.54829e-40
2.31987e-40
1.51527e-40
9.88766e-41
6.44581e-41
4.19799e-41
2.7314e-41
1.77545e-41
1.15296e-41
7.47994e-42
4.84801e-42
3.13913e-42
2.03066e-42
1.31234e-42
8.47296e-43
5.4652e-43
3.52175e-43
2.26722e-43
1.45818e-43
9.36933e-44
6.01436e-44
3.85703e-44
2.47115e-44
1.58171e-44
1.01144e-44
6.46153e-45
4.12395e-45
2.62951e-45
1.67503e-45
1.06599e-45
6.77747e-46
4.30498e-46
2.73192e-46
1.7321e-46
1.09729e-46
6.94706e-47
4.39787e-47
2.78751e-47
1.77484e-47
1.14446e-47
7.61753e-48
5.44732e-48
4.46765e-48
)
;

boundaryField
{
    sides
    {
        type            zeroGradient;
    }
    empty
    {
        type            empty;
    }
}


// ************************************************************************* //
