/*--------------------------------*- C++ -*----------------------------------*\
  =========                 |
  \\      /  F ield         | OpenFOAM: The Open Source CFD Toolbox
   \\    /   O peration     | Website:  https://openfoam.org
    \\  /    A nd           | Version:  13
     \\/     M anipulation  |
\*---------------------------------------------------------------------------*/
FoamFile
{
    format      ascii;
    class       volScalarField;
    location    "2.52";
    object      T;
}
// * * * * * * * * * * * * * * * * * * * * * * * * * * * * * * * * * * * * * //

dimensions      [0 0 0 1 0 0 0];

internalField   nonuniform List<scalar> 
1000
(
2.32115e-84
3.88809e-84
8.06911e-84
1.76511e-83
3.89993e-83
8.62421e-83
1.90525e-82
4.2033e-82
9.2598e-82
2.03694e-81
4.47423e-81
9.81344e-81
2.14925e-80
4.70015e-80
1.02636e-79
2.23792e-79
4.87248e-79
1.05929e-78
2.29951e-78
4.98443e-78
1.07883e-77
2.33154e-77
5.03142e-77
1.08416e-76
2.33264e-76
5.01138e-76
1.07503e-75
2.30268e-75
4.92491e-75
1.05176e-74
2.24275e-74
4.77525e-74
1.01522e-73
2.15513e-73
4.56807e-73
9.66807e-73
2.04311e-72
4.31113e-72
9.0831e-72
1.91083e-71
4.01376e-71
8.41832e-71
1.76295e-70
3.68637e-70
7.69656e-70
1.60448e-69
3.33974e-69
6.94111e-69
1.4404e-68
2.98453e-68
6.17455e-68
1.27547e-67
2.6307e-67
5.41761e-67
1.11398e-66
2.28708e-66
4.68833e-66
9.59592e-66
1.96104e-65
4.00146e-65
8.15229e-65
1.65833e-64
3.36814e-64
6.83028e-64
1.38297e-63
2.79587e-63
5.64346e-63
1.13737e-62
2.28865e-62
4.59815e-62
9.22381e-62
1.8474e-61
3.6943e-61
7.37609e-61
1.47042e-60
2.92669e-60
5.81608e-60
1.154e-59
2.2861e-59
4.52174e-59
8.92959e-59
1.76065e-58
3.46603e-58
6.81248e-58
1.33688e-57
2.61935e-57
5.12397e-57
1.00077e-56
1.95151e-56
3.79943e-56
7.38545e-56
1.43333e-55
2.7773e-55
5.37289e-55
1.03777e-54
2.00125e-54
3.85307e-54
7.40659e-54
1.42146e-53
2.72368e-53
5.21051e-53
9.95194e-53
1.89774e-52
3.613e-52
6.86753e-52
1.30327e-51
2.46925e-51
4.67085e-51
8.82114e-51
1.66323e-50
3.13094e-50
5.8843e-50
1.1041e-49
2.06833e-49
3.86835e-49
7.2231e-49
1.34653e-48
2.5061e-48
4.65665e-48
8.63854e-48
1.59991e-47
2.9583e-47
5.46107e-47
1.00647e-46
1.85188e-46
3.40182e-46
6.23872e-46
1.14226e-45
2.08795e-45
3.81031e-45
6.94198e-45
1.26267e-44
2.29287e-44
4.15671e-44
7.52317e-44
1.35936e-43
2.45214e-43
4.41607e-43
7.93972e-43
1.42512e-42
2.55374e-42
4.56855e-42
8.15934e-42
1.45481e-41
2.58961e-41
4.60187e-41
8.1641e-41
1.44596e-40
2.55666e-40
4.51298e-40
7.95287e-40
1.39912e-39
2.45728e-39
4.30847e-39
7.54154e-39
1.31785e-38
2.29898e-38
4.00381e-38
6.96107e-38
1.20821e-37
2.09351e-37
3.62136e-37
6.25361e-37
1.07808e-36
1.85539e-36
3.18771e-36
5.46743e-36
9.36154e-36
1.60019e-35
2.73057e-35
4.6515e-35
7.91025e-35
1.3429e-34
2.27591e-34
3.85052e-34
6.5034e-34
1.09652e-33
1.84562e-33
3.10116e-33
5.20185e-33
8.71049e-33
1.45606e-32
2.42977e-32
4.04764e-32
6.73113e-32
1.11744e-31
1.85185e-31
3.06362e-31
5.05955e-31
8.34133e-31
1.37279e-30
2.25537e-30
3.69892e-30
6.05588e-30
9.89743e-30
1.61477e-29
2.6299e-29
4.27573e-29
6.93941e-29
1.12428e-28
1.8183e-28
2.9356e-28
4.73115e-28
7.61156e-28
1.22241e-27
1.95974e-27
3.13629e-27
5.01036e-27
7.99019e-27
1.27198e-26
2.02132e-26
3.20645e-26
5.07745e-26
8.02601e-26
1.26644e-25
1.99481e-25
3.13652e-25
4.92295e-25
7.71314e-25
1.20633e-24
1.88334e-24
2.93508e-24
4.56601e-24
7.09057e-24
1.09913e-23
1.70077e-23
2.62704e-23
4.05053e-23
6.23419e-23
9.57793e-23
1.46888e-22
2.24865e-22
3.43622e-22
5.24156e-22
7.98106e-22
1.21305e-21
1.84043e-21
2.78727e-21
4.21363e-21
6.35845e-21
9.57777e-21
1.44011e-20
2.16143e-20
3.23819e-20
4.84262e-20
7.22892e-20
1.07716e-19
1.60215e-19
2.37869e-19
3.52521e-19
5.2149e-19
7.70049e-19
1.13502e-18
1.66993e-18
2.45247e-18
3.59517e-18
5.26073e-18
7.68388e-18
1.12028e-17
1.63034e-17
2.3683e-17
3.43404e-17
4.97026e-17
7.1806e-17
1.03549e-16
1.49053e-16
2.1416e-16
3.07144e-16
4.39693e-16
6.28292e-16
8.96141e-16
1.27584e-15
1.81307e-15
2.57181e-15
3.64136e-15
5.14625e-15
7.2597e-15
1.02223e-14
1.43673e-14
2.01561e-14
2.8225e-14
3.94514e-14
5.50413e-14
7.66504e-14
1.06546e-13
1.47829e-13
2.04728e-13
2.83005e-13
3.90487e-13
5.37793e-13
7.39299e-13
1.01443e-12
1.38937e-12
1.89937e-12
2.59177e-12
3.53001e-12
4.79901e-12
6.5121e-12
8.8203e-12
1.19245e-11
1.60912e-11
2.16736e-11
2.91384e-11
3.91014e-11
5.23734e-11
7.00199e-11
9.34381e-11
1.24456e-10
1.65463e-10
2.19572e-10
2.90833e-10
3.84504e-10
5.07396e-10
6.6832e-10
8.7864e-10
1.153e-09
1.5102e-09
1.97437e-09
2.5764e-09
3.35573e-09
4.36264e-09
5.6611e-09
7.33231e-09
9.47915e-09
1.22317e-08
1.5754e-08
2.02528e-08
2.59876e-08
3.32841e-08
4.25495e-08
5.42925e-08
6.9147e-08
8.79013e-08
1.11533e-07
1.41254e-07
1.78561e-07
2.25299e-07
2.8374e-07
3.56673e-07
4.47514e-07
5.60443e-07
7.00559e-07
8.74069e-07
1.08852e-06
1.35305e-06
1.67872e-06
2.0789e-06
2.56967e-06
3.17037e-06
3.90419e-06
4.79891e-06
5.88766e-06
7.20995e-06
8.81277e-06
1.07518e-05
1.30931e-05
1.59146e-05
1.9308e-05
2.33814e-05
2.82615e-05
3.40968e-05
4.10604e-05
4.93544e-05
5.92136e-05
7.09105e-05
8.47607e-05
0.000101128
0.000120433
0.000143158
0.000169855
0.00020116
0.000237793
0.00028058
0.000330455
0.000388478
0.00045585
0.000533921
0.000624214
0.000728438
0.000848505
0.000986552
0.00114496
0.00132638
0.00153373
0.00177027
0.00203957
0.00234557
0.00269257
0.00308531
0.00352893
0.00402904
0.00459173
0.00522357
0.00593167
0.00672367
0.00760776
0.0085927
0.00968783
0.0109031
0.012249
0.0137366
0.0153776
0.0171844
0.0191695
0.0213465
0.023729
0.0263314
0.0291683
0.0322548
0.0356061
0.0392378
0.0431656
0.0474052
0.0519723
0.0568824
0.0621509
0.0677928
0.0738226
0.0802541
0.0871006
0.0943744
0.102087
0.110248
0.118867
0.127952
0.137509
0.147542
0.158054
0.169046
0.180518
0.192467
0.204887
0.217772
0.231112
0.244897
0.259113
0.273744
0.288773
0.30418
0.319942
0.336036
0.352437
0.369118
0.386048
0.403199
0.420537
0.438032
0.455648
0.473352
0.491109
0.508883
0.526639
0.544342
0.561957
0.57945
0.596787
0.613935
0.630862
0.647538
0.663935
0.680024
0.695779
0.711177
0.726196
0.740816
0.755018
0.768786
0.782108
0.79497
0.807363
0.819281
0.830716
0.841665
0.852128
0.862103
0.871592
0.880599
0.889128
0.897185
0.904777
0.911913
0.918601
0.924851
0.930673
0.936079
0.941078
0.945682
0.949902
0.953749
0.957233
0.960365
0.963153
0.965608
0.967737
0.969547
0.971046
0.972238
0.973128
0.973719
0.974014
0.974014
0.973719
0.973128
0.972238
0.971046
0.969547
0.967737
0.965608
0.963153
0.960365
0.957233
0.953749
0.949902
0.945682
0.941078
0.936079
0.930673
0.924851
0.918601
0.911913
0.904777
0.897185
0.889128
0.880599
0.871592
0.862103
0.852128
0.841665
0.830716
0.819281
0.807363
0.79497
0.782108
0.768786
0.755018
0.740816
0.726196
0.711177
0.695779
0.680024
0.663935
0.647538
0.630862
0.613935
0.596787
0.57945
0.561957
0.544342
0.526639
0.508883
0.491109
0.473352
0.455648
0.438032
0.420537
0.403199
0.386048
0.369118
0.352437
0.336036
0.319942
0.30418
0.288773
0.273744
0.259113
0.244897
0.231112
0.217772
0.204887
0.192467
0.180518
0.169046
0.158054
0.147542
0.137509
0.127952
0.118867
0.110248
0.102087
0.0943744
0.0871006
0.0802541
0.0738226
0.0677928
0.0621509
0.0568824
0.0519723
0.0474052
0.0431656
0.0392378
0.0356061
0.0322548
0.0291683
0.0263314
0.023729
0.0213465
0.0191695
0.0171844
0.0153776
0.0137366
0.012249
0.0109031
0.00968783
0.0085927
0.00760776
0.00672367
0.00593167
0.00522357
0.00459173
0.00402904
0.00352893
0.00308531
0.00269257
0.00234557
0.00203957
0.00177027
0.00153373
0.00132638
0.00114496
0.000986552
0.000848505
0.000728438
0.000624214
0.000533921
0.00045585
0.000388478
0.000330455
0.00028058
0.000237793
0.00020116
0.000169855
0.000143158
0.000120433
0.000101128
8.47607e-05
7.09105e-05
5.92136e-05
4.93544e-05
4.10604e-05
3.40968e-05
2.82615e-05
2.33814e-05
1.9308e-05
1.59146e-05
1.30931e-05
1.07518e-05
8.81277e-06
7.20995e-06
5.88766e-06
4.79891e-06
3.90419e-06
3.17037e-06
2.56967e-06
2.0789e-06
1.67872e-06
1.35305e-06
1.08852e-06
8.74069e-07
7.00559e-07
5.60443e-07
4.47514e-07
3.56673e-07
2.8374e-07
2.25299e-07
1.78561e-07
1.41254e-07
1.11533e-07
8.79013e-08
6.9147e-08
5.42925e-08
4.25495e-08
3.32841e-08
2.59876e-08
2.02528e-08
1.5754e-08
1.22317e-08
9.47915e-09
7.33231e-09
5.6611e-09
4.36264e-09
3.35573e-09
2.5764e-09
1.97437e-09
1.5102e-09
1.153e-09
8.7864e-10
6.6832e-10
5.07396e-10
3.84504e-10
2.90833e-10
2.19572e-10
1.65463e-10
1.24456e-10
9.34381e-11
7.00199e-11
5.23734e-11
3.91014e-11
2.91384e-11
2.16736e-11
1.60912e-11
1.19245e-11
8.8203e-12
6.5121e-12
4.79901e-12
3.53001e-12
2.59177e-12
1.89937e-12
1.38937e-12
1.01443e-12
7.39299e-13
5.37793e-13
3.90487e-13
2.83005e-13
2.04728e-13
1.47829e-13
1.06546e-13
7.66504e-14
5.50413e-14
3.94514e-14
2.8225e-14
2.01561e-14
1.43673e-14
1.02223e-14
7.2597e-15
5.14625e-15
3.64136e-15
2.57181e-15
1.81307e-15
1.27584e-15
8.96141e-16
6.28292e-16
4.39693e-16
3.07144e-16
2.1416e-16
1.49053e-16
1.03549e-16
7.1806e-17
4.97026e-17
3.43404e-17
2.3683e-17
1.63034e-17
1.12028e-17
7.68388e-18
5.26073e-18
3.59517e-18
2.45247e-18
1.66993e-18
1.13502e-18
7.70049e-19
5.2149e-19
3.52521e-19
2.37869e-19
1.60215e-19
1.07716e-19
7.22892e-20
4.84262e-20
3.23819e-20
2.16143e-20
1.44011e-20
9.57777e-21
6.35845e-21
4.21363e-21
2.78727e-21
1.84043e-21
1.21305e-21
7.98106e-22
5.24156e-22
3.43622e-22
2.24865e-22
1.46888e-22
9.57793e-23
6.23419e-23
4.05053e-23
2.62704e-23
1.70077e-23
1.09913e-23
7.09057e-24
4.56601e-24
2.93508e-24
1.88334e-24
1.20633e-24
7.71314e-25
4.92295e-25
3.13652e-25
1.99481e-25
1.26644e-25
8.02601e-26
5.07745e-26
3.20645e-26
2.02132e-26
1.27198e-26
7.99019e-27
5.01036e-27
3.13629e-27
1.95974e-27
1.22241e-27
7.61156e-28
4.73115e-28
2.9356e-28
1.8183e-28
1.12428e-28
6.93941e-29
4.27573e-29
2.6299e-29
1.61477e-29
9.89743e-30
6.05588e-30
3.69892e-30
2.25537e-30
1.37279e-30
8.34133e-31
5.05955e-31
3.06362e-31
1.85185e-31
1.11744e-31
6.73113e-32
4.04764e-32
2.42977e-32
1.45606e-32
8.71049e-33
5.20185e-33
3.10116e-33
1.84562e-33
1.09652e-33
6.5034e-34
3.85052e-34
2.27591e-34
1.3429e-34
7.91025e-35
4.6515e-35
2.73057e-35
1.60019e-35
9.36154e-36
5.46743e-36
3.18771e-36
1.85539e-36
1.07808e-36
6.25361e-37
3.62136e-37
2.09351e-37
1.20821e-37
6.96107e-38
4.00381e-38
2.29898e-38
1.31785e-38
7.54154e-39
4.30847e-39
2.45728e-39
1.39912e-39
7.95287e-40
4.51298e-40
2.55666e-40
1.44596e-40
8.1641e-41
4.60187e-41
2.58961e-41
1.45481e-41
8.15934e-42
4.56855e-42
2.55374e-42
1.42512e-42
7.93972e-43
4.41607e-43
2.45214e-43
1.35936e-43
7.52317e-44
4.15671e-44
2.29287e-44
1.26267e-44
6.94198e-45
3.81031e-45
2.08795e-45
1.14226e-45
6.23872e-46
3.40182e-46
1.85188e-46
1.00647e-46
5.46107e-47
2.9583e-47
1.59991e-47
8.63854e-48
4.65665e-48
2.5061e-48
1.34653e-48
7.2231e-49
3.86835e-49
2.06833e-49
1.1041e-49
5.8843e-50
3.13094e-50
1.66323e-50
8.82114e-51
4.67085e-51
2.46925e-51
1.30327e-51
6.86753e-52
3.613e-52
1.89774e-52
9.95194e-53
5.21051e-53
2.72368e-53
1.42146e-53
7.40659e-54
3.85307e-54
2.00125e-54
1.03777e-54
5.37289e-55
2.7773e-55
1.43333e-55
7.38545e-56
3.79943e-56
1.95151e-56
1.00077e-56
5.12397e-57
2.61935e-57
1.33688e-57
6.81248e-58
3.46603e-58
1.76065e-58
8.92959e-59
4.52174e-59
2.2861e-59
1.154e-59
5.81608e-60
2.92669e-60
1.47042e-60
7.37609e-61
3.6943e-61
1.8474e-61
9.22381e-62
4.59815e-62
2.28865e-62
1.13737e-62
5.64346e-63
2.79587e-63
1.38297e-63
6.83028e-64
3.36814e-64
1.65833e-64
8.15229e-65
4.00146e-65
1.96104e-65
9.59592e-66
4.68833e-66
2.28708e-66
1.11398e-66
5.41761e-67
2.6307e-67
1.27547e-67
6.17455e-68
2.98453e-68
1.4404e-68
6.94111e-69
3.33974e-69
1.60448e-69
7.69656e-70
3.68637e-70
1.76295e-70
8.41832e-71
4.01376e-71
1.91083e-71
9.0831e-72
4.31113e-72
2.04311e-72
9.66807e-73
4.56807e-73
2.15513e-73
1.01522e-73
4.77525e-74
2.24275e-74
1.05176e-74
4.92491e-75
2.30268e-75
1.07503e-75
5.01138e-76
2.33264e-76
1.08416e-76
5.03142e-77
2.33154e-77
1.07883e-77
4.98443e-78
2.29951e-78
1.05929e-78
4.87248e-79
2.23792e-79
1.02636e-79
4.70015e-80
2.14925e-80
9.81344e-81
4.47423e-81
2.03694e-81
9.2598e-82
4.2033e-82
1.90525e-82
8.62421e-83
3.89993e-83
1.76511e-83
8.06911e-84
3.88809e-84
2.32115e-84
)
;

boundaryField
{
    sides
    {
        type            zeroGradient;
    }
    empty
    {
        type            empty;
    }
}


// ************************************************************************* //
