/*--------------------------------*- C++ -*----------------------------------*\
  =========                 |
  \\      /  F ield         | OpenFOAM: The Open Source CFD Toolbox
   \\    /   O peration     | Website:  https://openfoam.org
    \\  /    A nd           | Version:  13
     \\/     M anipulation  |
\*---------------------------------------------------------------------------*/
FoamFile
{
    format      ascii;
    class       volScalarField;
    location    "1.01";
    object      T;
}
// * * * * * * * * * * * * * * * * * * * * * * * * * * * * * * * * * * * * * //

dimensions      [0 0 0 1 0 0 0];

internalField   nonuniform List<scalar> 
1000
(
3.46913e-175
1.30954e-174
5.89328e-174
2.67221e-173
1.20987e-172
5.46724e-172
2.46575e-171
1.10989e-170
4.98609e-170
2.23556e-169
1.00036e-168
4.46754e-168
1.99123e-167
8.85759e-167
3.9323e-166
1.74227e-165
7.70399e-165
3.39978e-164
1.49732e-163
6.58128e-163
2.8869e-162
1.2638e-161
5.52143e-161
2.40738e-160
1.04751e-159
4.54875e-159
1.97125e-158
8.52525e-158
3.67947e-157
1.5848e-156
6.812e-156
2.92201e-155
1.25082e-154
5.34335e-154
2.2779e-153
9.69069e-153
4.1141e-152
1.74298e-151
7.36891e-151
3.10891e-150
1.3089e-149
5.4991e-149
2.3055e-148
9.6455e-148
4.02688e-147
1.67762e-146
6.97428e-146
2.89323e-145
1.19769e-144
4.9474e-144
2.03931e-143
8.38806e-143
3.44277e-142
1.41e-141
5.76231e-141
2.34983e-140
9.56175e-140
3.88237e-139
1.57294e-138
6.35892e-138
2.56511e-137
1.03248e-136
4.14671e-136
1.66178e-135
6.64489e-135
2.65122e-134
1.05546e-133
4.19256e-133
1.6617e-132
6.57142e-132
2.59298e-131
1.02087e-130
4.01021e-130
1.57178e-129
6.14668e-129
2.39834e-128
9.33687e-128
3.62668e-127
1.40551e-126
5.43463e-126
2.09661e-125
8.07004e-125
3.09913e-124
1.18743e-123
4.53922e-123
1.73122e-122
6.58755e-122
2.50087e-121
9.47221e-121
3.57935e-120
1.34941e-119
5.07545e-119
1.90453e-118
7.12992e-118
2.66294e-117
9.9224e-117
3.68848e-116
1.3679e-115
5.06091e-115
1.86799e-114
6.87838e-114
2.52675e-113
9.25979e-113
3.38532e-112
1.23468e-111
4.49227e-111
1.63053e-110
5.90397e-110
2.13258e-109
7.68447e-109
2.76226e-108
9.90506e-108
3.54313e-107
1.26431e-106
4.50043e-106
1.59803e-105
5.66038e-105
2.00001e-104
7.04923e-104
2.47841e-103
8.69208e-103
3.04082e-102
1.06114e-101
3.69372e-101
1.28252e-100
4.44193e-100
1.53456e-99
5.28806e-99
1.81764e-98
6.23182e-98
2.13116e-97
7.26957e-97
2.47337e-96
8.39375e-96
2.84123e-95
9.59261e-95
3.23032e-94
1.085e-93
3.63485e-93
1.21454e-92
4.0477e-92
1.34545e-91
4.46055e-91
1.47492e-90
4.86414e-90
1.59992e-89
5.24857e-89
1.71724e-88
5.60362e-88
1.82368e-87
5.91929e-87
1.91614e-86
6.18615e-86
1.9918e-85
6.39586e-85
2.04823e-84
6.54158e-84
2.08357e-83
6.61835e-83
2.09656e-82
6.62334e-82
2.08668e-81
6.55603e-81
2.05414e-80
6.41829e-80
1.99989e-79
6.21425e-79
1.92558e-78
5.95011e-78
1.83347e-77
5.63386e-77
1.72631e-76
5.27481e-76
1.6072e-75
4.88319e-75
1.47947e-74
4.46965e-74
1.34649e-73
4.04474e-73
1.21153e-72
3.61852e-72
1.07765e-71
3.20016e-71
9.47564e-71
2.7976e-70
8.2357e-70
2.4174e-69
7.07505e-69
2.06461e-68
6.00717e-68
1.74271e-67
5.04077e-67
1.45373e-66
4.18008e-66
1.19838e-65
3.42537e-65
9.76168e-65
2.77358e-64
7.85691e-64
2.21899e-63
6.24812e-63
1.754e-62
4.90898e-62
1.36972e-61
3.81022e-61
1.05667e-60
2.92146e-60
8.05241e-60
2.21266e-59
6.06124e-59
1.65526e-58
4.50631e-58
1.223e-57
3.30885e-57
8.92423e-57
2.3994e-56
6.43087e-56
1.71818e-55
4.57611e-55
1.21492e-54
3.21531e-54
8.48234e-54
2.2306e-53
5.84708e-53
1.52779e-52
3.97917e-52
1.03305e-51
2.6733e-51
6.89551e-51
1.77286e-50
4.54328e-50
1.1605e-49
2.95462e-49
7.49777e-49
1.89642e-48
4.78084e-48
1.20126e-47
3.00838e-47
7.50904e-47
1.86805e-46
4.63173e-46
1.14457e-45
2.81894e-45
6.91936e-45
1.6927e-44
4.12693e-44
1.00277e-43
2.42827e-43
5.8602e-43
1.40943e-42
3.37822e-42
8.06939e-42
1.92087e-41
4.55674e-41
1.07723e-40
2.53779e-40
5.95788e-40
1.39384e-39
3.24949e-39
7.54912e-39
1.74763e-38
4.03157e-38
9.26755e-38
2.12284e-37
4.84537e-37
1.10203e-36
2.49751e-36
5.63986e-36
1.26903e-35
2.84521e-35
6.35612e-35
1.41482e-34
3.13787e-34
6.93413e-34
1.52675e-33
3.34934e-33
7.32085e-33
1.5943e-32
3.45926e-32
7.47814e-32
1.61064e-31
3.45618e-31
7.38892e-31
1.57379e-30
3.33959e-30
7.06016e-30
1.48698e-29
3.12008e-29
6.52209e-29
1.35821e-28
2.81775e-28
5.82357e-28
1.19901e-27
2.45923e-27
5.02474e-27
1.02273e-26
2.07369e-26
4.18842e-26
8.42713e-26
1.68899e-25
3.37203e-25
6.70602e-25
1.32845e-24
2.62137e-24
5.15239e-24
1.00875e-23
1.96721e-23
3.82123e-23
7.39331e-23
1.42479e-22
2.73489e-22
5.22877e-22
9.95691e-22
1.88848e-21
3.56746e-21
6.71212e-21
1.2578e-20
2.34752e-20
4.36366e-20
8.0785e-20
1.48952e-19
2.73521e-19
5.00223e-19
9.11087e-19
1.65263e-18
2.98542e-18
5.37092e-18
9.62274e-18
1.71693e-17
3.05075e-17
5.39831e-17
9.51263e-17
1.66929e-16
2.91709e-16
5.0763e-16
8.79676e-16
1.518e-15
2.60851e-15
4.46353e-15
7.6055e-15
1.29044e-14
2.18022e-14
3.6679e-14
6.14445e-14
1.02493e-13
1.70234e-13
2.81537e-13
4.63619e-13
7.60183e-13
1.24109e-12
2.01749e-12
3.26545e-12
5.2625e-12
8.44415e-12
1.34906e-11
2.14593e-11
3.39865e-11
5.35918e-11
8.41376e-11
1.31516e-10
2.04673e-10
3.17126e-10
4.89207e-10
7.51341e-10
1.14885e-09
1.74892e-09
2.65066e-09
3.99956e-09
6.00815e-09
8.98544e-09
1.33784e-08
1.98305e-08
2.92635e-08
4.29911e-08
6.28765e-08
9.1549e-08
1.32701e-07
1.91489e-07
2.75083e-07
3.93399e-07
5.60078e-07
7.93796e-07
1.11999e-06
1.57311e-06
2.1996e-06
3.06175e-06
4.24262e-06
5.85241e-06
8.0366e-06
1.09861e-05
1.49504e-05
2.02533e-05
2.73131e-05
3.66674e-05
4.90031e-05
6.51929e-05
8.63396e-05
0.000113829
0.000149394
0.000195184
0.00025386
0.000328684
0.000423645
0.00054358
0.000694331
0.0008829
0.00111764
0.00140844
0.00176694
0.00220678
0.00274379
0.00339625
0.00418514
0.00513436
0.00627091
0.00762517
0.00923096
0.0111257
0.0133505
0.01595
0.0189726
0.0224699
0.0264967
0.0311102
0.0363702
0.0423378
0.0490749
0.0566435
0.0651041
0.0745156
0.0849332
0.0964077
0.108984
0.1227
0.137585
0.153659
0.170932
0.189401
0.209051
0.229854
0.25177
0.274744
0.298707
0.323579
0.349267
0.375665
0.40266
0.430127
0.457938
0.485956
0.514044
0.542062
0.569873
0.59734
0.624335
0.650733
0.676421
0.701293
0.725256
0.74823
0.770146
0.790949
0.810599
0.829068
0.846341
0.862415
0.8773
0.891016
0.903592
0.915067
0.925484
0.934896
0.943357
0.950925
0.957662
0.96363
0.96889
0.973503
0.97753
0.981027
0.984049
0.986649
0.988873
0.990767
0.992373
0.993726
0.994861
0.995809
0.996596
0.997245
0.997778
0.998213
0.998564
0.998846
0.999068
0.99924
0.99937
0.999463
0.999522
0.999551
0.999551
0.999522
0.999463
0.99937
0.99924
0.999068
0.998846
0.998564
0.998213
0.997778
0.997245
0.996596
0.995809
0.994861
0.993726
0.992373
0.990767
0.988873
0.986649
0.984049
0.981027
0.97753
0.973503
0.96889
0.96363
0.957662
0.950925
0.943357
0.934896
0.925484
0.915067
0.903592
0.891016
0.8773
0.862415
0.846341
0.829068
0.810599
0.790949
0.770146
0.74823
0.725256
0.701293
0.676421
0.650733
0.624335
0.59734
0.569873
0.542062
0.514044
0.485956
0.457938
0.430127
0.40266
0.375665
0.349267
0.323579
0.298707
0.274744
0.25177
0.229854
0.209051
0.189401
0.170932
0.153659
0.137585
0.1227
0.108984
0.0964077
0.0849332
0.0745156
0.0651041
0.0566435
0.0490749
0.0423378
0.0363702
0.0311102
0.0264967
0.0224699
0.0189726
0.01595
0.0133505
0.0111257
0.00923096
0.00762517
0.00627091
0.00513436
0.00418514
0.00339625
0.00274379
0.00220678
0.00176694
0.00140844
0.00111764
0.0008829
0.000694331
0.00054358
0.000423645
0.000328684
0.00025386
0.000195184
0.000149394
0.000113829
8.63396e-05
6.51929e-05
4.90031e-05
3.66674e-05
2.73131e-05
2.02533e-05
1.49504e-05
1.09861e-05
8.0366e-06
5.85241e-06
4.24262e-06
3.06175e-06
2.1996e-06
1.57311e-06
1.11999e-06
7.93796e-07
5.60078e-07
3.93399e-07
2.75083e-07
1.91489e-07
1.32701e-07
9.1549e-08
6.28765e-08
4.29911e-08
2.92635e-08
1.98305e-08
1.33784e-08
8.98544e-09
6.00815e-09
3.99956e-09
2.65066e-09
1.74892e-09
1.14885e-09
7.51341e-10
4.89207e-10
3.17126e-10
2.04673e-10
1.31516e-10
8.41376e-11
5.35918e-11
3.39865e-11
2.14593e-11
1.34906e-11
8.44415e-12
5.2625e-12
3.26545e-12
2.01749e-12
1.24109e-12
7.60183e-13
4.63619e-13
2.81537e-13
1.70234e-13
1.02493e-13
6.14445e-14
3.6679e-14
2.18022e-14
1.29044e-14
7.6055e-15
4.46353e-15
2.60851e-15
1.518e-15
8.79676e-16
5.0763e-16
2.91709e-16
1.66929e-16
9.51263e-17
5.39831e-17
3.05075e-17
1.71693e-17
9.62274e-18
5.37092e-18
2.98542e-18
1.65263e-18
9.11087e-19
5.00223e-19
2.73521e-19
1.48952e-19
8.0785e-20
4.36366e-20
2.34752e-20
1.2578e-20
6.71212e-21
3.56746e-21
1.88848e-21
9.95691e-22
5.22877e-22
2.73489e-22
1.42479e-22
7.39331e-23
3.82123e-23
1.96721e-23
1.00875e-23
5.15239e-24
2.62137e-24
1.32845e-24
6.70602e-25
3.37203e-25
1.68899e-25
8.42713e-26
4.18842e-26
2.07369e-26
1.02273e-26
5.02474e-27
2.45923e-27
1.19901e-27
5.82357e-28
2.81775e-28
1.35821e-28
6.52209e-29
3.12008e-29
1.48698e-29
7.06016e-30
3.33959e-30
1.57379e-30
7.38892e-31
3.45618e-31
1.61064e-31
7.47814e-32
3.45926e-32
1.5943e-32
7.32085e-33
3.34934e-33
1.52675e-33
6.93413e-34
3.13787e-34
1.41482e-34
6.35612e-35
2.84521e-35
1.26903e-35
5.63986e-36
2.49751e-36
1.10203e-36
4.84537e-37
2.12284e-37
9.26755e-38
4.03157e-38
1.74763e-38
7.54912e-39
3.24949e-39
1.39384e-39
5.95788e-40
2.53779e-40
1.07723e-40
4.55674e-41
1.92087e-41
8.06939e-42
3.37822e-42
1.40943e-42
5.8602e-43
2.42827e-43
1.00277e-43
4.12693e-44
1.6927e-44
6.91936e-45
2.81894e-45
1.14457e-45
4.63173e-46
1.86805e-46
7.50904e-47
3.00838e-47
1.20126e-47
4.78084e-48
1.89642e-48
7.49777e-49
2.95462e-49
1.1605e-49
4.54328e-50
1.77286e-50
6.89551e-51
2.6733e-51
1.03305e-51
3.97917e-52
1.52779e-52
5.84708e-53
2.2306e-53
8.48234e-54
3.21531e-54
1.21492e-54
4.57611e-55
1.71818e-55
6.43087e-56
2.3994e-56
8.92423e-57
3.30885e-57
1.223e-57
4.50631e-58
1.65526e-58
6.06124e-59
2.21266e-59
8.05241e-60
2.92146e-60
1.05667e-60
3.81022e-61
1.36972e-61
4.90898e-62
1.754e-62
6.24812e-63
2.21899e-63
7.85691e-64
2.77358e-64
9.76168e-65
3.42537e-65
1.19838e-65
4.18008e-66
1.45373e-66
5.04077e-67
1.74271e-67
6.00717e-68
2.06461e-68
7.07505e-69
2.4174e-69
8.2357e-70
2.7976e-70
9.47564e-71
3.20016e-71
1.07765e-71
3.61852e-72
1.21153e-72
4.04474e-73
1.34649e-73
4.46965e-74
1.47947e-74
4.88319e-75
1.6072e-75
5.27481e-76
1.72631e-76
5.63386e-77
1.83347e-77
5.95011e-78
1.92558e-78
6.21425e-79
1.99989e-79
6.41829e-80
2.05414e-80
6.55603e-81
2.08668e-81
6.62334e-82
2.09656e-82
6.61835e-83
2.08357e-83
6.54158e-84
2.04823e-84
6.39586e-85
1.9918e-85
6.18615e-86
1.91614e-86
5.91929e-87
1.82368e-87
5.60362e-88
1.71724e-88
5.24857e-89
1.59992e-89
4.86414e-90
1.47492e-90
4.46055e-91
1.34545e-91
4.0477e-92
1.21454e-92
3.63485e-93
1.085e-93
3.23032e-94
9.59261e-95
2.84123e-95
8.39375e-96
2.47337e-96
7.26957e-97
2.13116e-97
6.23182e-98
1.81764e-98
5.28806e-99
1.53456e-99
4.44193e-100
1.28252e-100
3.69372e-101
1.06114e-101
3.04082e-102
8.69208e-103
2.47841e-103
7.04923e-104
2.00001e-104
5.66038e-105
1.59803e-105
4.50043e-106
1.26431e-106
3.54313e-107
9.90506e-108
2.76226e-108
7.68447e-109
2.13258e-109
5.90397e-110
1.63053e-110
4.49227e-111
1.23468e-111
3.38532e-112
9.25979e-113
2.52675e-113
6.87838e-114
1.86799e-114
5.06091e-115
1.3679e-115
3.68848e-116
9.9224e-117
2.66294e-117
7.12992e-118
1.90453e-118
5.07545e-119
1.34941e-119
3.57935e-120
9.47221e-121
2.50087e-121
6.58755e-122
1.73122e-122
4.53922e-123
1.18743e-123
3.09913e-124
8.07004e-125
2.09661e-125
5.43463e-126
1.40551e-126
3.62668e-127
9.33687e-128
2.39834e-128
6.14668e-129
1.57178e-129
4.01021e-130
1.02087e-130
2.59298e-131
6.57142e-132
1.6617e-132
4.19256e-133
1.05546e-133
2.65122e-134
6.64489e-135
1.66178e-135
4.14671e-136
1.03248e-136
2.56511e-137
6.35892e-138
1.57294e-138
3.88237e-139
9.56175e-140
2.34983e-140
5.76231e-141
1.41e-141
3.44277e-142
8.38806e-143
2.03931e-143
4.9474e-144
1.19769e-144
2.89323e-145
6.97428e-146
1.67762e-146
4.02688e-147
9.6455e-148
2.3055e-148
5.4991e-149
1.3089e-149
3.10891e-150
7.36891e-151
1.74298e-151
4.1141e-152
9.69069e-153
2.2779e-153
5.34335e-154
1.25082e-154
2.92201e-155
6.812e-156
1.5848e-156
3.67947e-157
8.52525e-158
1.97125e-158
4.54875e-159
1.04751e-159
2.40738e-160
5.52143e-161
1.2638e-161
2.8869e-162
6.58128e-163
1.49732e-163
3.39978e-164
7.70399e-165
1.74227e-165
3.9323e-166
8.85759e-167
1.99123e-167
4.46754e-168
1.00036e-168
2.23556e-169
4.98609e-170
1.10989e-170
2.46575e-171
5.46724e-172
1.20987e-172
2.67221e-173
5.89328e-174
1.30954e-174
3.46913e-175
)
;

boundaryField
{
    sides
    {
        type            zeroGradient;
    }
    empty
    {
        type            empty;
    }
}


// ************************************************************************* //
