/*--------------------------------*- C++ -*----------------------------------*\
  =========                 |
  \\      /  F ield         | OpenFOAM: The Open Source CFD Toolbox
   \\    /   O peration     | Website:  https://openfoam.org
    \\  /    A nd           | Version:  13
     \\/     M anipulation  |
\*---------------------------------------------------------------------------*/
FoamFile
{
    format      ascii;
    class       volScalarField;
    location    "3.42";
    object      T;
}
// * * * * * * * * * * * * * * * * * * * * * * * * * * * * * * * * * * * * * //

dimensions      [0 0 0 1 0 0 0];

internalField   nonuniform List<scalar> 
1000
(
3.61805e-64
5.03856e-64
8.42974e-64
1.51021e-63
2.7626e-63
5.08078e-63
9.35093e-63
1.71988e-62
3.15999e-62
5.79919e-62
1.06299e-61
1.9461e-61
3.55856e-61
6.49914e-61
1.18552e-60
2.15991e-60
3.93036e-60
7.14333e-60
1.2967e-59
2.35097e-59
4.25722e-59
7.69971e-59
1.39088e-58
2.50944e-58
4.52201e-58
8.13867e-58
1.463e-57
2.62664e-57
4.71005e-57
8.4356e-57
1.50894e-56
2.69585e-56
4.81044e-56
8.57312e-56
1.52601e-55
2.71294e-55
4.81713e-55
8.54278e-55
1.51312e-54
2.67677e-54
4.72946e-54
8.34591e-54
1.47095e-53
2.58931e-53
4.55231e-53
7.99356e-53
1.40188e-52
2.45549e-52
4.29564e-52
7.50544e-52
1.30974e-51
2.28271e-51
3.97352e-51
6.9081e-51
1.1995e-50
2.08017e-50
3.60291e-50
6.23255e-50
1.0768e-49
1.85805e-49
3.20213e-49
5.51155e-49
9.47467e-49
1.62671e-48
2.78939e-48
4.77707e-48
8.17087e-48
1.39582e-47
2.38145e-47
4.05795e-47
6.90596e-47
1.1738e-46
1.99257e-46
3.37821e-46
5.72017e-46
9.67347e-46
1.63383e-45
2.756e-45
4.64303e-45
7.8122e-45
1.31279e-44
2.20324e-44
3.693e-44
6.18221e-44
1.03361e-43
1.7259e-43
2.8782e-43
4.79372e-43
7.9739e-43
1.32469e-42
2.19788e-42
3.64199e-42
6.02722e-42
9.96185e-42
1.6444e-41
2.71093e-41
4.46347e-41
7.33955e-41
1.20534e-40
1.97693e-40
3.23829e-40
5.29763e-40
8.65543e-40
1.41233e-39
2.30158e-39
3.74589e-39
6.08869e-39
9.88401e-39
1.60244e-38
2.59459e-38
4.1956e-38
6.77577e-38
1.09285e-37
1.76036e-37
2.8319e-37
4.54981e-37
7.30036e-37
1.16986e-36
1.87222e-36
2.99237e-36
4.77651e-36
7.61449e-36
1.21229e-35
1.92755e-35
3.06083e-35
4.85407e-35
7.68789e-35
1.21602e-34
1.92092e-34
3.03046e-34
4.77464e-34
7.51284e-34
1.18059e-33
1.85279e-33
2.90392e-33
4.54541e-33
7.10547e-33
1.10928e-32
1.7295e-32
2.69295e-32
4.18761e-32
6.50329e-32
1.00862e-31
1.56225e-31
2.41659e-31
3.7332e-31
5.75953e-31
8.87402e-31
1.36546e-30
2.09829e-30
3.22017e-30
4.93534e-30
7.55406e-30
1.1547e-29
1.76272e-29
2.68734e-29
4.09152e-29
6.22117e-29
9.44675e-29
1.43257e-28
2.16957e-28
3.28136e-28
4.95629e-28
7.47621e-28
1.12623e-27
1.69433e-27
2.54559e-27
3.81944e-27
5.7231e-27
8.56415e-27
1.27984e-26
1.91007e-26
2.84684e-26
4.23736e-26
6.29864e-26
9.35013e-26
1.38614e-25
2.05217e-25
3.03417e-25
4.48005e-25
6.60607e-25
9.72796e-25
1.43059e-24
2.10101e-24
3.08146e-24
4.51337e-24
6.60179e-24
9.64356e-24
1.40679e-23
2.04944e-23
2.98165e-23
4.33204e-23
6.28555e-23
9.10768e-23
1.31791e-22
1.90449e-22
2.74842e-22
3.96097e-22
5.70076e-22
8.19363e-22
1.17607e-21
1.68578e-21
2.41313e-21
3.44963e-21
4.92465e-21
7.02085e-21
9.99573e-21
1.42118e-20
2.01788e-20
2.86122e-20
4.05152e-20
5.7292e-20
8.09056e-20
1.14097e-19
1.60685e-19
2.2599e-19
3.17402e-19
4.45183e-19
6.23556e-19
8.72209e-19
1.21835e-18
1.69955e-18
2.36756e-18
3.29363e-18
4.57568e-18
6.34809e-18
8.79502e-18
1.21685e-17
1.68129e-17
2.31982e-17
3.19648e-17
4.3984e-17
6.04397e-17
8.29383e-17
1.13656e-16
1.55537e-16
2.1256e-16
2.90089e-16
3.95354e-16
5.38076e-16
7.31317e-16
9.92592e-16
1.34536e-15
1.821e-15
2.46142e-15
3.32248e-15
4.47859e-15
6.02869e-15
8.10415e-15
1.08791e-14
1.45842e-14
1.95241e-14
2.61013e-14
3.48461e-14
4.64567e-14
6.18504e-14
8.22315e-14
1.09178e-13
1.44754e-13
1.91659e-13
2.53412e-13
3.34599e-13
4.41186e-13
5.80925e-13
7.63866e-13
1.00303e-12
1.31526e-12
1.72229e-12
2.25218e-12
2.94101e-12
3.83522e-12
4.99439e-12
6.49491e-12
8.43457e-12
1.09383e-11
1.41657e-11
1.83199e-11
2.36596e-11
3.05132e-11
3.92978e-11
5.05412e-11
6.49114e-11
8.32519e-11
1.06627e-10
1.36375e-10
1.74181e-10
2.22159e-10
2.8296e-10
3.59902e-10
4.57131e-10
5.79821e-10
7.3442e-10
9.2895e-10
1.17338e-09
1.48006e-09
1.86431e-09
2.34506e-09
2.9457e-09
3.69503e-09
4.62855e-09
5.78988e-09
7.23253e-09
9.02211e-09
1.12389e-08
1.39809e-08
1.73677e-08
2.15451e-08
2.66902e-08
3.3018e-08
4.07894e-08
5.03201e-08
6.19914e-08
7.6264e-08
9.36924e-08
1.14944e-07
1.4082e-07
1.72283e-07
2.10483e-07
2.56795e-07
3.12865e-07
3.80647e-07
4.62474e-07
5.61111e-07
6.79843e-07
8.22558e-07
9.93854e-07
1.19916e-06
1.44487e-06
1.73852e-06
2.08896e-06
2.50656e-06
3.00349e-06
3.59396e-06
4.29456e-06
5.12465e-06
6.10673e-06
7.26697e-06
8.63572e-06
1.02481e-05
1.21448e-05
1.43726e-05
1.69856e-05
2.00461e-05
2.36254e-05
2.78055e-05
3.26802e-05
3.83566e-05
4.49571e-05
5.26211e-05
6.15069e-05
7.17945e-05
8.36879e-05
9.74178e-05
0.000113245
0.000131463
0.000152403
0.000176437
0.000203982
0.000235506
0.000271529
0.000312637
0.000359477
0.000412772
0.000473324
0.000542021
0.000619846
0.000707883
0.000807328
0.000919497
0.00104583
0.00118792
0.00134749
0.00152644
0.00172682
0.00195087
0.00220104
0.00247995
0.00279046
0.00313565
0.00351883
0.00394356
0.00441366
0.00493323
0.00550664
0.00613853
0.00683388
0.00759793
0.00843625
0.00935471
0.0103595
0.0114572
0.0126546
0.0139588
0.0153774
0.0169181
0.0185889
0.0203983
0.0223548
0.0244674
0.0267451
0.0291973
0.0318335
0.0346635
0.0376969
0.0409437
0.0444138
0.0481171
0.0520637
0.0562633
0.0607256
0.0654602
0.0704762
0.0757828
0.0813885
0.0873015
0.0935296
0.10008
0.106959
0.114174
0.121728
0.129627
0.137874
0.146472
0.155423
0.164728
0.174387
0.184398
0.194759
0.205467
0.216516
0.227902
0.239618
0.251655
0.264004
0.276654
0.289595
0.302812
0.316294
0.330023
0.343986
0.358164
0.372541
0.387097
0.401813
0.416669
0.431645
0.446718
0.461869
0.477073
0.49231
0.507557
0.52279
0.537989
0.55313
0.568191
0.583151
0.597987
0.612679
0.627207
0.64155
0.655689
0.669607
0.683285
0.696707
0.709857
0.722721
0.735284
0.747534
0.75946
0.771049
0.782294
0.793184
0.803713
0.813874
0.823661
0.83307
0.842096
0.850737
0.85899
0.866854
0.874328
0.881413
0.888107
0.894413
0.900332
0.905865
0.911014
0.915781
0.920169
0.92418
0.927817
0.931082
0.933977
0.936505
0.938668
0.940467
0.941905
0.942982
0.943699
0.944058
0.944058
0.943699
0.942982
0.941905
0.940467
0.938668
0.936505
0.933977
0.931082
0.927817
0.92418
0.920169
0.915781
0.911014
0.905865
0.900332
0.894413
0.888107
0.881413
0.874328
0.866854
0.85899
0.850737
0.842096
0.83307
0.823661
0.813874
0.803713
0.793184
0.782294
0.771049
0.75946
0.747534
0.735284
0.722721
0.709857
0.696707
0.683285
0.669607
0.655689
0.64155
0.627207
0.612679
0.597987
0.583151
0.568191
0.55313
0.537989
0.52279
0.507557
0.49231
0.477073
0.461869
0.446718
0.431645
0.416669
0.401813
0.387097
0.372541
0.358164
0.343986
0.330023
0.316294
0.302812
0.289595
0.276654
0.264004
0.251655
0.239618
0.227902
0.216516
0.205467
0.194759
0.184398
0.174387
0.164728
0.155423
0.146472
0.137874
0.129627
0.121728
0.114174
0.106959
0.10008
0.0935296
0.0873015
0.0813885
0.0757828
0.0704762
0.0654602
0.0607256
0.0562633
0.0520637
0.0481171
0.0444138
0.0409437
0.0376969
0.0346635
0.0318335
0.0291973
0.0267451
0.0244674
0.0223548
0.0203983
0.0185889
0.0169181
0.0153774
0.0139588
0.0126546
0.0114572
0.0103595
0.00935471
0.00843625
0.00759793
0.00683388
0.00613853
0.00550664
0.00493323
0.00441366
0.00394356
0.00351883
0.00313565
0.00279046
0.00247995
0.00220104
0.00195087
0.00172682
0.00152644
0.00134749
0.00118792
0.00104583
0.000919497
0.000807328
0.000707883
0.000619846
0.000542021
0.000473324
0.000412772
0.000359477
0.000312637
0.000271529
0.000235506
0.000203982
0.000176437
0.000152403
0.000131463
0.000113245
9.74178e-05
8.36879e-05
7.17945e-05
6.15069e-05
5.26211e-05
4.49571e-05
3.83566e-05
3.26802e-05
2.78055e-05
2.36254e-05
2.00461e-05
1.69856e-05
1.43726e-05
1.21448e-05
1.02481e-05
8.63572e-06
7.26697e-06
6.10673e-06
5.12465e-06
4.29456e-06
3.59396e-06
3.00349e-06
2.50656e-06
2.08896e-06
1.73852e-06
1.44487e-06
1.19916e-06
9.93854e-07
8.22558e-07
6.79843e-07
5.61111e-07
4.62474e-07
3.80647e-07
3.12865e-07
2.56795e-07
2.10483e-07
1.72283e-07
1.4082e-07
1.14944e-07
9.36924e-08
7.6264e-08
6.19914e-08
5.03201e-08
4.07894e-08
3.3018e-08
2.66902e-08
2.15451e-08
1.73677e-08
1.39809e-08
1.12389e-08
9.02211e-09
7.23253e-09
5.78988e-09
4.62855e-09
3.69503e-09
2.9457e-09
2.34506e-09
1.86431e-09
1.48006e-09
1.17338e-09
9.2895e-10
7.3442e-10
5.79821e-10
4.57131e-10
3.59902e-10
2.8296e-10
2.22159e-10
1.74181e-10
1.36375e-10
1.06627e-10
8.32519e-11
6.49114e-11
5.05412e-11
3.92978e-11
3.05132e-11
2.36596e-11
1.83199e-11
1.41657e-11
1.09383e-11
8.43457e-12
6.49491e-12
4.99439e-12
3.83522e-12
2.94101e-12
2.25218e-12
1.72229e-12
1.31526e-12
1.00303e-12
7.63866e-13
5.80925e-13
4.41186e-13
3.34599e-13
2.53412e-13
1.91659e-13
1.44754e-13
1.09178e-13
8.22315e-14
6.18504e-14
4.64567e-14
3.48461e-14
2.61013e-14
1.95241e-14
1.45842e-14
1.08791e-14
8.10415e-15
6.02869e-15
4.47859e-15
3.32248e-15
2.46142e-15
1.821e-15
1.34536e-15
9.92592e-16
7.31317e-16
5.38076e-16
3.95354e-16
2.90089e-16
2.1256e-16
1.55537e-16
1.13656e-16
8.29383e-17
6.04397e-17
4.3984e-17
3.19648e-17
2.31982e-17
1.68129e-17
1.21685e-17
8.79502e-18
6.34809e-18
4.57568e-18
3.29363e-18
2.36756e-18
1.69955e-18
1.21835e-18
8.72209e-19
6.23556e-19
4.45183e-19
3.17402e-19
2.2599e-19
1.60685e-19
1.14097e-19
8.09056e-20
5.7292e-20
4.05152e-20
2.86122e-20
2.01788e-20
1.42118e-20
9.99573e-21
7.02085e-21
4.92465e-21
3.44963e-21
2.41313e-21
1.68578e-21
1.17607e-21
8.19363e-22
5.70076e-22
3.96097e-22
2.74842e-22
1.90449e-22
1.31791e-22
9.10768e-23
6.28555e-23
4.33204e-23
2.98165e-23
2.04944e-23
1.40679e-23
9.64356e-24
6.60179e-24
4.51337e-24
3.08146e-24
2.10101e-24
1.43059e-24
9.72796e-25
6.60607e-25
4.48005e-25
3.03417e-25
2.05217e-25
1.38614e-25
9.35013e-26
6.29864e-26
4.23736e-26
2.84684e-26
1.91007e-26
1.27984e-26
8.56415e-27
5.7231e-27
3.81944e-27
2.54559e-27
1.69433e-27
1.12623e-27
7.47621e-28
4.95629e-28
3.28136e-28
2.16957e-28
1.43257e-28
9.44675e-29
6.22117e-29
4.09152e-29
2.68734e-29
1.76272e-29
1.1547e-29
7.55406e-30
4.93534e-30
3.22017e-30
2.09829e-30
1.36546e-30
8.87402e-31
5.75953e-31
3.7332e-31
2.41659e-31
1.56225e-31
1.00862e-31
6.50329e-32
4.18761e-32
2.69295e-32
1.7295e-32
1.10928e-32
7.10547e-33
4.54541e-33
2.90392e-33
1.85279e-33
1.18059e-33
7.51284e-34
4.77464e-34
3.03046e-34
1.92092e-34
1.21602e-34
7.68789e-35
4.85407e-35
3.06083e-35
1.92755e-35
1.21229e-35
7.61449e-36
4.77651e-36
2.99237e-36
1.87222e-36
1.16986e-36
7.30036e-37
4.54981e-37
2.8319e-37
1.76036e-37
1.09285e-37
6.77577e-38
4.1956e-38
2.59459e-38
1.60244e-38
9.88401e-39
6.08869e-39
3.74589e-39
2.30158e-39
1.41233e-39
8.65543e-40
5.29763e-40
3.23829e-40
1.97693e-40
1.20534e-40
7.33955e-41
4.46347e-41
2.71093e-41
1.6444e-41
9.96185e-42
6.02722e-42
3.64199e-42
2.19788e-42
1.32469e-42
7.9739e-43
4.79372e-43
2.8782e-43
1.7259e-43
1.03361e-43
6.18221e-44
3.693e-44
2.20324e-44
1.31279e-44
7.8122e-45
4.64303e-45
2.756e-45
1.63383e-45
9.67347e-46
5.72017e-46
3.37821e-46
1.99257e-46
1.1738e-46
6.90596e-47
4.05795e-47
2.38145e-47
1.39582e-47
8.17087e-48
4.77707e-48
2.78939e-48
1.62671e-48
9.47467e-49
5.51155e-49
3.20213e-49
1.85805e-49
1.0768e-49
6.23255e-50
3.60291e-50
2.08017e-50
1.1995e-50
6.9081e-51
3.97352e-51
2.28271e-51
1.30974e-51
7.50544e-52
4.29564e-52
2.45549e-52
1.40188e-52
7.99356e-53
4.55231e-53
2.58931e-53
1.47095e-53
8.34591e-54
4.72946e-54
2.67677e-54
1.51312e-54
8.54278e-55
4.81713e-55
2.71294e-55
1.52601e-55
8.57312e-56
4.81044e-56
2.69585e-56
1.50894e-56
8.4356e-57
4.71005e-57
2.62664e-57
1.463e-57
8.13867e-58
4.52201e-58
2.50944e-58
1.39088e-58
7.69971e-59
4.25722e-59
2.35097e-59
1.2967e-59
7.14333e-60
3.93036e-60
2.15991e-60
1.18552e-60
6.49914e-61
3.55856e-61
1.9461e-61
1.06299e-61
5.79919e-62
3.15999e-62
1.71988e-62
9.35093e-63
5.08078e-63
2.7626e-63
1.51021e-63
8.42974e-64
5.03856e-64
3.61805e-64
)
;

boundaryField
{
    sides
    {
        type            zeroGradient;
    }
    empty
    {
        type            empty;
    }
}


// ************************************************************************* //
