/*--------------------------------*- C++ -*----------------------------------*\
  =========                 |
  \\      /  F ield         | OpenFOAM: The Open Source CFD Toolbox
   \\    /   O peration     | Website:  https://openfoam.org
    \\  /    A nd           | Version:  13
     \\/     M anipulation  |
\*---------------------------------------------------------------------------*/
FoamFile
{
    format      ascii;
    class       volScalarField;
    location    "3.99";
    object      T;
}
// * * * * * * * * * * * * * * * * * * * * * * * * * * * * * * * * * * * * * //

dimensions      [0 0 0 1 0 0 0];

internalField   nonuniform List<scalar> 
1000
(
1.02041e-55
1.32213e-55
2.01337e-55
3.2949e-55
5.53783e-55
9.38929e-55
1.59562e-54
2.71181e-54
4.60566e-54
7.81469e-54
1.32459e-53
2.24278e-53
3.79334e-53
6.40896e-53
1.08164e-52
1.82349e-52
3.07081e-52
5.16571e-52
8.68029e-52
1.45702e-51
2.443e-51
4.09174e-51
6.84571e-51
1.14408e-50
1.90993e-50
3.18496e-50
5.30539e-50
8.82785e-50
1.4673e-49
2.43615e-49
4.04032e-49
6.69346e-49
1.10767e-48
1.83101e-48
3.02341e-48
4.98683e-48
8.21629e-48
1.35223e-47
2.22303e-47
3.65058e-47
5.98827e-47
9.81211e-47
1.60599e-46
2.62571e-46
4.28816e-46
6.99543e-46
1.13993e-45
1.85551e-45
3.01694e-45
4.89994e-45
7.94939e-45
1.28824e-44
2.08534e-44
3.3719e-44
5.44618e-44
8.78674e-44
1.41606e-43
2.27956e-43
3.66556e-43
5.88769e-43
9.44641e-43
1.51393e-42
2.4236e-42
3.87553e-42
6.19039e-42
9.87691e-42
1.57412e-41
2.50595e-41
3.98492e-41
6.32969e-41
1.00429e-40
1.59166e-40
2.51975e-40
3.98452e-40
6.29374e-40
9.93012e-40
1.565e-39
2.46369e-39
3.87409e-39
6.08508e-39
9.54718e-39
1.49622e-38
2.34222e-38
3.66245e-38
5.7204e-38
8.92468e-38
1.39081e-37
2.16499e-37
3.36631e-37
5.22831e-37
8.11107e-37
1.25691e-36
1.94555e-36
3.00806e-36
4.64559e-36
7.16644e-36
1.10427e-35
1.69963e-35
2.61302e-35
4.01271e-35
6.15517e-35
9.43085e-35
1.44334e-34
2.20644e-34
3.36917e-34
5.13878e-34
7.82896e-34
1.19139e-33
1.81096e-33
2.7496e-33
4.17e-33
6.31695e-33
9.55837e-33
1.44466e-32
2.18097e-32
3.28882e-32
4.95375e-32
7.45301e-32
1.12004e-31
1.68127e-31
2.52084e-31
3.77535e-31
5.64768e-31
8.43892e-31
1.25952e-30
1.8777e-30
2.79607e-30
4.15885e-30
6.17873e-30
9.16909e-30
1.35911e-29
2.01226e-29
2.97587e-29
4.39587e-29
6.48598e-29
9.55886e-29
1.40714e-28
2.06903e-28
3.03876e-28
4.45786e-28
6.53212e-28
9.56052e-28
1.39768e-27
2.04095e-27
2.97683e-27
4.33685e-27
6.31093e-27
9.17296e-27
1.33175e-26
1.93123e-26
2.79732e-26
4.04713e-26
5.84856e-26
8.44204e-26
1.21714e-25
1.7528e-25
2.52127e-25
3.62245e-25
5.19853e-25
7.45167e-25
1.0669e-24
1.52576e-24
2.17944e-24
3.10956e-24
4.43145e-24
6.30795e-24
8.9686e-24
1.27366e-23
1.80667e-23
2.55974e-23
3.62249e-23
5.12049e-23
7.2295e-23
1.01953e-22
1.43609e-22
2.02049e-22
2.83939e-22
3.98551e-22
5.58774e-22
7.82492e-22
1.0945e-21
1.52912e-21
2.13383e-21
2.9742e-21
4.14067e-21
5.75787e-21
7.99731e-21
1.10947e-20
1.53737e-20
2.12781e-20
2.94154e-20
4.0617e-20
5.60184e-20
7.7169e-20
1.06181e-19
1.45927e-19
2.00316e-19
2.74653e-19
3.76134e-19
5.14504e-19
7.02949e-19
9.59284e-19
1.30755e-18
1.78016e-18
2.42073e-18
3.28792e-18
4.46051e-18
6.04414e-18
8.18036e-18
1.10585e-17
1.49317e-17
2.01376e-17
2.71265e-17
3.64978e-17
4.90485e-17
6.58371e-17
8.82679e-17
1.18201e-16
1.58097e-16
2.1121e-16
2.81831e-16
3.75622e-16
5.00031e-16
6.64859e-16
8.82971e-16
1.17125e-15
1.5518e-15
2.05357e-15
2.71435e-15
3.58351e-15
4.72536e-15
6.22366e-15
8.18731e-15
1.07577e-14
1.41184e-14
1.85069e-14
2.42306e-14
3.16869e-14
4.13885e-14
5.39962e-14
7.03606e-14
9.15756e-14
1.19046e-13
1.54572e-13
2.00461e-13
2.59665e-13
3.35953e-13
4.34138e-13
5.6035e-13
7.22394e-13
9.3019e-13
1.19633e-12
1.53679e-12
1.97178e-12
2.52689e-12
3.23441e-12
4.13511e-12
5.28034e-12
6.73469e-12
8.57938e-12
1.09163e-11
1.38732e-11
1.76101e-11
2.23269e-11
2.82732e-11
3.57606e-11
4.51769e-11
5.70044e-11
7.18428e-11
9.04355e-11
1.13704e-10
1.42789e-10
1.791e-10
2.24376e-10
2.80763e-10
3.50901e-10
4.38036e-10
5.46156e-10
6.80151e-10
8.46009e-10
1.05106e-09
1.30424e-09
1.61648e-09
2.00109e-09
2.47424e-09
3.05562e-09
3.7691e-09
4.64362e-09
5.71423e-09
7.02327e-09
8.6219e-09
1.05718e-08
1.29471e-08
1.58373e-08
1.93495e-08
2.36124e-08
2.878e-08
3.50368e-08
4.26028e-08
5.1741e-08
6.27642e-08
7.60452e-08
9.20265e-08
1.11233e-07
1.34289e-07
1.6193e-07
1.95027e-07
2.3461e-07
2.81889e-07
3.38293e-07
4.055e-07
4.85479e-07
5.8054e-07
6.93389e-07
8.27188e-07
9.85631e-07
1.17303e-06
1.39439e-06
1.65555e-06
1.96329e-06
2.32547e-06
2.75119e-06
3.25098e-06
3.837e-06
4.52327e-06
5.32596e-06
6.26365e-06
7.35769e-06
8.63258e-06
1.01164e-05
1.18411e-05
1.38435e-05
1.61654e-05
1.88544e-05
2.19646e-05
2.55576e-05
2.97032e-05
3.44805e-05
3.99789e-05
4.62993e-05
5.35558e-05
6.18764e-05
7.14056e-05
8.23052e-05
9.47569e-05
0.000108964
0.000125154
0.00014358
0.000164526
0.000188307
0.000215272
0.000245809
0.00028035
0.000319371
0.000363397
0.000413009
0.000468847
0.000531612
0.000602078
0.000681089
0.000769573
0.000868542
0.0009791
0.00110245
0.0012399
0.00139288
0.00156291
0.00175168
0.00196099
0.00219277
0.00244912
0.0027323
0.00304471
0.00338896
0.00376781
0.00418421
0.00464132
0.0051425
0.00569131
0.00629151
0.00694712
0.00766234
0.00844162
0.00928964
0.0102113
0.0112118
0.0122965
0.0134709
0.014741
0.0161128
0.0175926
0.019187
0.0209025
0.0227462
0.0247252
0.0268466
0.029118
0.0315469
0.0341409
0.0369078
0.0398554
0.0429917
0.0463245
0.0498618
0.0536112
0.0575807
0.0617779
0.0662102
0.070885
0.0758095
0.0809903
0.0864341
0.092147
0.0981348
0.104403
0.110956
0.117799
0.124936
0.132369
0.140102
0.148135
0.156472
0.165112
0.174054
0.183299
0.192844
0.202687
0.212823
0.22325
0.233962
0.244952
0.256213
0.267739
0.279521
0.291548
0.303811
0.316298
0.328998
0.341898
0.354984
0.368243
0.38166
0.39522
0.408906
0.422703
0.436594
0.450562
0.464589
0.478657
0.492749
0.506847
0.520932
0.534987
0.548994
0.562933
0.576789
0.590542
0.604177
0.617676
0.631022
0.6442
0.657194
0.669989
0.68257
0.694924
0.707037
0.718898
0.730493
0.741812
0.752844
0.763579
0.774009
0.784124
0.793918
0.803383
0.812512
0.8213
0.829743
0.837834
0.845571
0.852949
0.859967
0.866621
0.87291
0.878831
0.884384
0.889568
0.894382
0.898824
0.902896
0.906598
0.909928
0.912887
0.915476
0.917694
0.919542
0.92102
0.922128
0.922867
0.923237
0.923237
0.922867
0.922128
0.92102
0.919542
0.917694
0.915476
0.912887
0.909928
0.906598
0.902896
0.898824
0.894382
0.889568
0.884384
0.878831
0.87291
0.866621
0.859967
0.852949
0.845571
0.837834
0.829743
0.8213
0.812512
0.803383
0.793918
0.784124
0.774009
0.763579
0.752844
0.741812
0.730493
0.718898
0.707037
0.694924
0.68257
0.669989
0.657194
0.6442
0.631022
0.617676
0.604177
0.590542
0.576789
0.562933
0.548994
0.534987
0.520932
0.506847
0.492749
0.478657
0.464589
0.450562
0.436594
0.422703
0.408906
0.39522
0.38166
0.368243
0.354984
0.341898
0.328998
0.316298
0.303811
0.291548
0.279521
0.267739
0.256213
0.244952
0.233962
0.22325
0.212823
0.202687
0.192844
0.183299
0.174054
0.165112
0.156472
0.148135
0.140102
0.132369
0.124936
0.117799
0.110956
0.104403
0.0981348
0.092147
0.0864341
0.0809903
0.0758095
0.070885
0.0662102
0.0617779
0.0575807
0.0536112
0.0498618
0.0463245
0.0429917
0.0398554
0.0369078
0.0341409
0.0315469
0.029118
0.0268466
0.0247252
0.0227462
0.0209025
0.019187
0.0175926
0.0161128
0.014741
0.0134709
0.0122965
0.0112118
0.0102113
0.00928964
0.00844162
0.00766234
0.00694712
0.00629151
0.00569131
0.0051425
0.00464132
0.00418421
0.00376781
0.00338896
0.00304471
0.0027323
0.00244912
0.00219277
0.00196099
0.00175168
0.00156291
0.00139288
0.0012399
0.00110245
0.0009791
0.000868542
0.000769573
0.000681089
0.000602078
0.000531612
0.000468847
0.000413009
0.000363397
0.000319371
0.00028035
0.000245809
0.000215272
0.000188307
0.000164526
0.00014358
0.000125154
0.000108964
9.47569e-05
8.23052e-05
7.14056e-05
6.18764e-05
5.35558e-05
4.62993e-05
3.99789e-05
3.44805e-05
2.97032e-05
2.55576e-05
2.19646e-05
1.88544e-05
1.61654e-05
1.38435e-05
1.18411e-05
1.01164e-05
8.63258e-06
7.35769e-06
6.26365e-06
5.32596e-06
4.52327e-06
3.837e-06
3.25098e-06
2.75119e-06
2.32547e-06
1.96329e-06
1.65555e-06
1.39439e-06
1.17303e-06
9.85631e-07
8.27188e-07
6.93389e-07
5.8054e-07
4.85479e-07
4.055e-07
3.38293e-07
2.81889e-07
2.3461e-07
1.95027e-07
1.6193e-07
1.34289e-07
1.11233e-07
9.20265e-08
7.60452e-08
6.27642e-08
5.1741e-08
4.26028e-08
3.50368e-08
2.878e-08
2.36124e-08
1.93495e-08
1.58373e-08
1.29471e-08
1.05718e-08
8.6219e-09
7.02327e-09
5.71423e-09
4.64362e-09
3.7691e-09
3.05562e-09
2.47424e-09
2.00109e-09
1.61648e-09
1.30424e-09
1.05106e-09
8.46009e-10
6.80151e-10
5.46156e-10
4.38036e-10
3.50901e-10
2.80763e-10
2.24376e-10
1.791e-10
1.42789e-10
1.13704e-10
9.04355e-11
7.18428e-11
5.70044e-11
4.51769e-11
3.57606e-11
2.82732e-11
2.23269e-11
1.76101e-11
1.38732e-11
1.09163e-11
8.57938e-12
6.73469e-12
5.28034e-12
4.13511e-12
3.23441e-12
2.52689e-12
1.97178e-12
1.53679e-12
1.19633e-12
9.3019e-13
7.22394e-13
5.6035e-13
4.34138e-13
3.35953e-13
2.59665e-13
2.00461e-13
1.54572e-13
1.19046e-13
9.15756e-14
7.03606e-14
5.39962e-14
4.13885e-14
3.16869e-14
2.42306e-14
1.85069e-14
1.41184e-14
1.07577e-14
8.18731e-15
6.22366e-15
4.72536e-15
3.58351e-15
2.71435e-15
2.05357e-15
1.5518e-15
1.17125e-15
8.82971e-16
6.64859e-16
5.00031e-16
3.75622e-16
2.81831e-16
2.1121e-16
1.58097e-16
1.18201e-16
8.82679e-17
6.58371e-17
4.90485e-17
3.64978e-17
2.71265e-17
2.01376e-17
1.49317e-17
1.10585e-17
8.18036e-18
6.04414e-18
4.46051e-18
3.28792e-18
2.42073e-18
1.78016e-18
1.30755e-18
9.59284e-19
7.02949e-19
5.14504e-19
3.76134e-19
2.74653e-19
2.00316e-19
1.45927e-19
1.06181e-19
7.7169e-20
5.60184e-20
4.0617e-20
2.94154e-20
2.12781e-20
1.53737e-20
1.10947e-20
7.99731e-21
5.75787e-21
4.14067e-21
2.9742e-21
2.13383e-21
1.52912e-21
1.0945e-21
7.82492e-22
5.58774e-22
3.98551e-22
2.83939e-22
2.02049e-22
1.43609e-22
1.01953e-22
7.2295e-23
5.12049e-23
3.62249e-23
2.55974e-23
1.80667e-23
1.27366e-23
8.9686e-24
6.30795e-24
4.43145e-24
3.10956e-24
2.17944e-24
1.52576e-24
1.0669e-24
7.45167e-25
5.19853e-25
3.62245e-25
2.52127e-25
1.7528e-25
1.21714e-25
8.44204e-26
5.84856e-26
4.04713e-26
2.79732e-26
1.93123e-26
1.33175e-26
9.17296e-27
6.31093e-27
4.33685e-27
2.97683e-27
2.04095e-27
1.39768e-27
9.56052e-28
6.53212e-28
4.45786e-28
3.03876e-28
2.06903e-28
1.40714e-28
9.55886e-29
6.48598e-29
4.39587e-29
2.97587e-29
2.01226e-29
1.35911e-29
9.16909e-30
6.17873e-30
4.15885e-30
2.79607e-30
1.8777e-30
1.25952e-30
8.43892e-31
5.64768e-31
3.77535e-31
2.52084e-31
1.68127e-31
1.12004e-31
7.45301e-32
4.95375e-32
3.28882e-32
2.18097e-32
1.44466e-32
9.55837e-33
6.31695e-33
4.17e-33
2.7496e-33
1.81096e-33
1.19139e-33
7.82896e-34
5.13878e-34
3.36917e-34
2.20644e-34
1.44334e-34
9.43085e-35
6.15517e-35
4.01271e-35
2.61302e-35
1.69963e-35
1.10427e-35
7.16644e-36
4.64559e-36
3.00806e-36
1.94555e-36
1.25691e-36
8.11107e-37
5.22831e-37
3.36631e-37
2.16499e-37
1.39081e-37
8.92468e-38
5.7204e-38
3.66245e-38
2.34222e-38
1.49622e-38
9.54718e-39
6.08508e-39
3.87409e-39
2.46369e-39
1.565e-39
9.93012e-40
6.29374e-40
3.98452e-40
2.51975e-40
1.59166e-40
1.00429e-40
6.32969e-41
3.98492e-41
2.50595e-41
1.57412e-41
9.87691e-42
6.19039e-42
3.87553e-42
2.4236e-42
1.51393e-42
9.44641e-43
5.88769e-43
3.66556e-43
2.27956e-43
1.41606e-43
8.78674e-44
5.44618e-44
3.3719e-44
2.08534e-44
1.28824e-44
7.94939e-45
4.89994e-45
3.01694e-45
1.85551e-45
1.13993e-45
6.99543e-46
4.28816e-46
2.62571e-46
1.60599e-46
9.81211e-47
5.98827e-47
3.65058e-47
2.22303e-47
1.35223e-47
8.21629e-48
4.98683e-48
3.02341e-48
1.83101e-48
1.10767e-48
6.69346e-49
4.04032e-49
2.43615e-49
1.4673e-49
8.82785e-50
5.30539e-50
3.18496e-50
1.90993e-50
1.14408e-50
6.84571e-51
4.09174e-51
2.443e-51
1.45702e-51
8.68029e-52
5.16571e-52
3.07081e-52
1.82349e-52
1.08164e-52
6.40896e-53
3.79334e-53
2.24278e-53
1.32459e-53
7.81469e-54
4.60566e-54
2.71181e-54
1.59562e-54
9.38929e-55
5.53783e-55
3.2949e-55
2.01337e-55
1.32213e-55
1.02041e-55
)
;

boundaryField
{
    sides
    {
        type            zeroGradient;
    }
    empty
    {
        type            empty;
    }
}


// ************************************************************************* //
