/*--------------------------------*- C++ -*----------------------------------*\
  =========                 |
  \\      /  F ield         | OpenFOAM: The Open Source CFD Toolbox
   \\    /   O peration     | Website:  https://openfoam.org
    \\  /    A nd           | Version:  13
     \\/     M anipulation  |
\*---------------------------------------------------------------------------*/
FoamFile
{
    format      ascii;
    class       volScalarField;
    location    "3.8";
    object      T;
}
// * * * * * * * * * * * * * * * * * * * * * * * * * * * * * * * * * * * * * //

dimensions      [0 0 0 1 0 0 0];

internalField   nonuniform List<scalar> 
1000
(
2.83285e-58
3.74969e-58
5.87565e-58
9.88707e-58
1.70562e-57
2.96484e-57
5.16273e-57
8.98823e-57
1.56356e-56
2.71711e-56
4.71659e-56
8.17831e-56
1.41648e-55
2.45059e-55
4.23489e-55
7.31009e-55
1.26042e-54
2.17077e-54
3.73443e-54
6.41717e-54
1.10147e-53
1.88846e-53
3.2341e-53
5.53231e-53
9.45296e-53
1.61338e-52
2.7505e-52
4.68375e-52
7.96679e-52
1.35356e-51
2.2971e-51
3.89392e-51
6.59326e-51
1.11511e-50
1.88383e-50
3.17884e-50
5.35798e-50
9.02065e-50
1.51697e-49
2.54813e-49
4.27532e-49
7.16503e-49
1.19942e-48
2.00552e-48
3.34953e-48
5.58782e-48
9.31115e-48
1.54976e-47
2.57649e-47
4.27851e-47
7.09671e-47
1.17577e-46
1.94575e-46
3.21626e-46
5.31025e-46
8.75746e-46
1.44258e-45
2.37356e-45
3.90085e-45
6.40348e-45
1.04996e-44
1.71958e-44
2.81302e-44
4.59641e-44
7.50175e-44
1.22293e-43
1.9913e-43
3.23869e-43
5.26134e-43
8.53728e-43
1.38368e-42
2.24001e-42
3.62207e-42
5.85003e-42
9.43743e-42
1.5207e-41
2.44752e-41
3.93461e-41
6.31787e-41
1.01329e-40
1.62325e-40
2.59736e-40
4.15118e-40
6.62676e-40
1.05663e-39
1.68281e-39
2.67694e-39
4.25336e-39
6.75019e-39
1.07002e-38
1.69416e-38
2.67922e-38
4.23205e-38
6.67703e-38
1.05221e-37
1.6562e-37
2.60382e-37
4.08881e-37
6.41314e-37
1.00469e-36
1.5721e-36
2.45706e-36
3.83564e-36
5.98062e-36
9.3141e-36
1.44884e-35
2.25107e-35
3.49334e-35
5.41474e-35
8.38302e-35
1.29631e-34
2.00216e-34
3.08869e-34
4.75921e-34
7.32451e-34
1.12592e-33
1.72869e-33
2.651e-33
4.06056e-33
6.21219e-33
9.49261e-33
1.4488e-32
2.20858e-32
3.36279e-32
5.11409e-32
7.76814e-32
1.17855e-31
1.7859e-31
2.70301e-31
4.08619e-31
6.16978e-31
9.30465e-31
1.40155e-30
2.10862e-30
3.1686e-30
4.75569e-30
7.12917e-30
1.06744e-29
1.59634e-29
2.38442e-29
3.5573e-29
5.30071e-29
7.88907e-29
1.17272e-28
1.74116e-28
2.58202e-28
3.82435e-28
5.65758e-28
8.35949e-28
1.23369e-27
1.81846e-27
2.67719e-27
3.93667e-27
5.78168e-27
8.48111e-27
1.24258e-26
1.81833e-26
2.65762e-26
3.87961e-26
5.6566e-26
8.23752e-26
1.19815e-25
1.74059e-25
2.52555e-25
3.66005e-25
5.29773e-25
7.65887e-25
1.10589e-24
1.59488e-24
2.2973e-24
3.30506e-24
4.74908e-24
6.81571e-24
9.76975e-24
1.3987e-23
2.00004e-23
2.8564e-23
4.07447e-23
5.80487e-23
8.26004e-23
1.17393e-22
1.66636e-22
2.36247e-22
3.34526e-22
4.73112e-22
6.68289e-22
9.4283e-22
1.32853e-21
1.86971e-21
2.62812e-21
3.68964e-21
5.17355e-21
7.24537e-21
1.01344e-20
1.41581e-20
1.97549e-20
2.75303e-20
3.8319e-20
5.32699e-20
7.39632e-20
1.02569e-19
1.42062e-19
1.9652e-19
2.71519e-19
3.74678e-19
5.16394e-19
7.10834e-19
9.77279e-19
1.34194e-18
1.8404e-18
2.52089e-18
3.44873e-18
4.71224e-18
6.43071e-18
8.76503e-18
1.19319e-17
1.6223e-17
2.20299e-17
2.98784e-17
4.04729e-17
5.47561e-17
7.39883e-17
9.98516e-17
1.34589e-16
1.81186e-16
2.43613e-16
3.27143e-16
4.38769e-16
5.87753e-16
7.86348e-16
1.05074e-15
1.40228e-15
1.86912e-15
2.48828e-15
3.30841e-15
4.3934e-15
5.82695e-15
7.71866e-15
1.02118e-14
1.34934e-14
1.78074e-14
2.34713e-14
3.08983e-14
4.06247e-14
5.33464e-14
6.99646e-14
9.16452e-14
1.19895e-13
1.56657e-13
2.04435e-13
2.66453e-13
3.46852e-13
4.50946e-13
5.85549e-13
7.59382e-13
9.83591e-13
1.27241e-12
1.64398e-12
2.1214e-12
2.73405e-12
3.51923e-12
4.52424e-12
5.809e-12
7.44928e-12
9.54077e-12
1.22042e-11
1.55917e-11
1.98945e-11
2.5353e-11
3.22688e-11
4.10196e-11
5.20784e-11
6.60359e-11
8.36294e-11
1.05778e-10
1.33624e-10
1.68591e-10
2.1244e-10
2.6736e-10
3.36057e-10
4.21876e-10
5.28948e-10
6.62365e-10
8.28395e-10
1.03475e-09
1.29088e-09
1.6084e-09
2.00151e-09
2.48758e-09
3.08783e-09
3.82812e-09
4.73994e-09
5.8616e-09
7.23961e-09
8.93039e-09
1.10023e-08
1.35378e-08
1.66369e-08
2.04198e-08
2.50314e-08
3.06462e-08
3.74735e-08
4.57644e-08
5.58196e-08
6.7999e-08
8.27322e-08
1.00532e-07
1.22008e-07
1.47886e-07
1.7903e-07
2.16461e-07
2.61391e-07
3.15252e-07
3.79737e-07
4.5684e-07
5.48911e-07
6.58715e-07
7.89496e-07
9.45061e-07
1.12987e-06
1.34912e-06
1.60892e-06
1.91635e-06
2.27968e-06
2.70851e-06
3.21399e-06
3.80906e-06
4.50868e-06
5.33015e-06
6.29345e-06
7.42159e-06
8.74107e-06
1.02823e-05
1.20803e-05
1.41751e-05
1.66124e-05
1.94446e-05
2.27314e-05
2.65409e-05
3.09503e-05
3.60475e-05
4.19322e-05
4.87171e-05
5.65298e-05
6.55142e-05
7.58327e-05
8.76679e-05
0.000101225
0.000116734
0.000134454
0.000154672
0.000177712
0.000203932
0.000233733
0.000267559
0.000305904
0.000349315
0.000398398
0.00045382
0.000516319
0.000586707
0.000665875
0.000754803
0.000854563
0.000966329
0.00109138
0.00123112
0.00138705
0.00156085
0.00175429
0.00196931
0.00220801
0.00247266
0.00276568
0.00308969
0.00344751
0.00384215
0.00427681
0.00475495
0.0052802
0.00585647
0.00648787
0.00717878
0.00793382
0.00875785
0.009656
0.0106337
0.0116965
0.0128503
0.0141014
0.0154561
0.016921
0.0185031
0.0202096
0.0220476
0.0240249
0.0261492
0.0284284
0.0308705
0.0334839
0.0362768
0.0392576
0.0424349
0.045817
0.0494126
0.05323
0.0572776
0.0615637
0.0660964
0.0708834
0.0759326
0.0812511
0.0868461
0.0927241
0.0988914
0.105354
0.112116
0.119184
0.12656
0.134248
0.142252
0.150572
0.15921
0.168167
0.177442
0.187033
0.196938
0.207155
0.217679
0.228505
0.239626
0.251037
0.262729
0.274694
0.28692
0.299399
0.312118
0.325064
0.338225
0.351586
0.365132
0.378848
0.392718
0.406725
0.42085
0.435077
0.449388
0.463762
0.478182
0.492629
0.507082
0.521523
0.535933
0.550291
0.564579
0.578778
0.59287
0.606835
0.620656
0.634315
0.647797
0.661083
0.674158
0.687008
0.699618
0.711974
0.724063
0.735873
0.747393
0.758612
0.76952
0.780108
0.790368
0.800292
0.809874
0.819108
0.827989
0.836511
0.844671
0.852467
0.859894
0.866951
0.873637
0.879949
0.885888
0.891452
0.896642
0.901457
0.905898
0.909966
0.91366
0.916982
0.919933
0.922513
0.924722
0.926562
0.928034
0.929137
0.929872
0.930239
0.930239
0.929872
0.929137
0.928034
0.926562
0.924722
0.922513
0.919933
0.916982
0.91366
0.909966
0.905898
0.901457
0.896642
0.891452
0.885888
0.879949
0.873637
0.866951
0.859894
0.852467
0.844671
0.836511
0.827989
0.819108
0.809874
0.800292
0.790368
0.780108
0.76952
0.758612
0.747393
0.735873
0.724063
0.711974
0.699618
0.687008
0.674158
0.661083
0.647797
0.634315
0.620656
0.606835
0.59287
0.578778
0.564579
0.550291
0.535933
0.521523
0.507082
0.492629
0.478182
0.463762
0.449388
0.435077
0.42085
0.406725
0.392718
0.378848
0.365132
0.351586
0.338225
0.325064
0.312118
0.299399
0.28692
0.274694
0.262729
0.251037
0.239626
0.228505
0.217679
0.207155
0.196938
0.187033
0.177442
0.168167
0.15921
0.150572
0.142252
0.134248
0.12656
0.119184
0.112116
0.105354
0.0988914
0.0927241
0.0868461
0.0812511
0.0759326
0.0708834
0.0660964
0.0615637
0.0572776
0.05323
0.0494126
0.045817
0.0424349
0.0392576
0.0362768
0.0334839
0.0308705
0.0284284
0.0261492
0.0240249
0.0220476
0.0202096
0.0185031
0.016921
0.0154561
0.0141014
0.0128503
0.0116965
0.0106337
0.009656
0.00875785
0.00793382
0.00717878
0.00648787
0.00585647
0.0052802
0.00475495
0.00427681
0.00384215
0.00344751
0.00308969
0.00276568
0.00247266
0.00220801
0.00196931
0.00175429
0.00156085
0.00138705
0.00123112
0.00109138
0.000966329
0.000854563
0.000754803
0.000665875
0.000586707
0.000516319
0.00045382
0.000398398
0.000349315
0.000305904
0.000267559
0.000233733
0.000203932
0.000177712
0.000154672
0.000134454
0.000116734
0.000101225
8.76679e-05
7.58327e-05
6.55142e-05
5.65298e-05
4.87171e-05
4.19322e-05
3.60475e-05
3.09503e-05
2.65409e-05
2.27314e-05
1.94446e-05
1.66124e-05
1.41751e-05
1.20803e-05
1.02823e-05
8.74107e-06
7.42159e-06
6.29345e-06
5.33015e-06
4.50868e-06
3.80906e-06
3.21399e-06
2.70851e-06
2.27968e-06
1.91635e-06
1.60892e-06
1.34912e-06
1.12987e-06
9.45061e-07
7.89496e-07
6.58715e-07
5.48911e-07
4.5684e-07
3.79737e-07
3.15252e-07
2.61391e-07
2.16461e-07
1.7903e-07
1.47886e-07
1.22008e-07
1.00532e-07
8.27322e-08
6.7999e-08
5.58196e-08
4.57644e-08
3.74735e-08
3.06462e-08
2.50314e-08
2.04198e-08
1.66369e-08
1.35378e-08
1.10023e-08
8.93039e-09
7.23961e-09
5.8616e-09
4.73994e-09
3.82812e-09
3.08783e-09
2.48758e-09
2.00151e-09
1.6084e-09
1.29088e-09
1.03475e-09
8.28395e-10
6.62365e-10
5.28948e-10
4.21876e-10
3.36057e-10
2.6736e-10
2.1244e-10
1.68591e-10
1.33624e-10
1.05778e-10
8.36294e-11
6.60359e-11
5.20784e-11
4.10196e-11
3.22688e-11
2.5353e-11
1.98945e-11
1.55917e-11
1.22042e-11
9.54077e-12
7.44928e-12
5.809e-12
4.52424e-12
3.51923e-12
2.73405e-12
2.1214e-12
1.64398e-12
1.27241e-12
9.83591e-13
7.59382e-13
5.85549e-13
4.50946e-13
3.46852e-13
2.66453e-13
2.04435e-13
1.56657e-13
1.19895e-13
9.16452e-14
6.99646e-14
5.33464e-14
4.06247e-14
3.08983e-14
2.34713e-14
1.78074e-14
1.34934e-14
1.02118e-14
7.71866e-15
5.82695e-15
4.3934e-15
3.30841e-15
2.48828e-15
1.86912e-15
1.40228e-15
1.05074e-15
7.86348e-16
5.87753e-16
4.38769e-16
3.27143e-16
2.43613e-16
1.81186e-16
1.34589e-16
9.98516e-17
7.39883e-17
5.47561e-17
4.04729e-17
2.98784e-17
2.20299e-17
1.6223e-17
1.19319e-17
8.76503e-18
6.43071e-18
4.71224e-18
3.44873e-18
2.52089e-18
1.8404e-18
1.34194e-18
9.77279e-19
7.10834e-19
5.16394e-19
3.74678e-19
2.71519e-19
1.9652e-19
1.42062e-19
1.02569e-19
7.39632e-20
5.32699e-20
3.8319e-20
2.75303e-20
1.97549e-20
1.41581e-20
1.01344e-20
7.24537e-21
5.17355e-21
3.68964e-21
2.62812e-21
1.86971e-21
1.32853e-21
9.4283e-22
6.68289e-22
4.73112e-22
3.34526e-22
2.36247e-22
1.66636e-22
1.17393e-22
8.26004e-23
5.80487e-23
4.07447e-23
2.8564e-23
2.00004e-23
1.3987e-23
9.76975e-24
6.81571e-24
4.74908e-24
3.30506e-24
2.2973e-24
1.59488e-24
1.10589e-24
7.65887e-25
5.29773e-25
3.66005e-25
2.52555e-25
1.74059e-25
1.19815e-25
8.23752e-26
5.6566e-26
3.87961e-26
2.65762e-26
1.81833e-26
1.24258e-26
8.48111e-27
5.78168e-27
3.93667e-27
2.67719e-27
1.81846e-27
1.23369e-27
8.35949e-28
5.65758e-28
3.82435e-28
2.58202e-28
1.74116e-28
1.17272e-28
7.88907e-29
5.30071e-29
3.5573e-29
2.38442e-29
1.59634e-29
1.06744e-29
7.12917e-30
4.75569e-30
3.1686e-30
2.10862e-30
1.40155e-30
9.30465e-31
6.16978e-31
4.08619e-31
2.70301e-31
1.7859e-31
1.17855e-31
7.76814e-32
5.11409e-32
3.36279e-32
2.20858e-32
1.4488e-32
9.49261e-33
6.21219e-33
4.06056e-33
2.651e-33
1.72869e-33
1.12592e-33
7.32451e-34
4.75921e-34
3.08869e-34
2.00216e-34
1.29631e-34
8.38302e-35
5.41474e-35
3.49334e-35
2.25107e-35
1.44884e-35
9.3141e-36
5.98062e-36
3.83564e-36
2.45706e-36
1.5721e-36
1.00469e-36
6.41314e-37
4.08881e-37
2.60382e-37
1.6562e-37
1.05221e-37
6.67703e-38
4.23205e-38
2.67922e-38
1.69416e-38
1.07002e-38
6.75019e-39
4.25336e-39
2.67694e-39
1.68281e-39
1.05663e-39
6.62676e-40
4.15118e-40
2.59736e-40
1.62325e-40
1.01329e-40
6.31787e-41
3.93461e-41
2.44752e-41
1.5207e-41
9.43743e-42
5.85003e-42
3.62207e-42
2.24001e-42
1.38368e-42
8.53728e-43
5.26134e-43
3.23869e-43
1.9913e-43
1.22293e-43
7.50175e-44
4.59641e-44
2.81302e-44
1.71958e-44
1.04996e-44
6.40348e-45
3.90085e-45
2.37356e-45
1.44258e-45
8.75746e-46
5.31025e-46
3.21626e-46
1.94575e-46
1.17577e-46
7.09671e-47
4.27851e-47
2.57649e-47
1.54976e-47
9.31115e-48
5.58782e-48
3.34953e-48
2.00552e-48
1.19942e-48
7.16503e-49
4.27532e-49
2.54813e-49
1.51697e-49
9.02065e-50
5.35798e-50
3.17884e-50
1.88383e-50
1.11511e-50
6.59326e-51
3.89392e-51
2.2971e-51
1.35356e-51
7.96679e-52
4.68375e-52
2.7505e-52
1.61338e-52
9.45296e-53
5.53231e-53
3.2341e-53
1.88846e-53
1.10147e-53
6.41717e-54
3.73443e-54
2.17077e-54
1.26042e-54
7.31009e-55
4.23489e-55
2.45059e-55
1.41648e-55
8.17831e-56
4.71659e-56
2.71711e-56
1.56356e-56
8.98823e-57
5.16273e-57
2.96484e-57
1.70562e-57
9.88707e-58
5.87565e-58
3.74969e-58
2.83285e-58
)
;

boundaryField
{
    sides
    {
        type            zeroGradient;
    }
    empty
    {
        type            empty;
    }
}


// ************************************************************************* //
