/*--------------------------------*- C++ -*----------------------------------*\
  =========                 |
  \\      /  F ield         | OpenFOAM: The Open Source CFD Toolbox
   \\    /   O peration     | Website:  https://openfoam.org
    \\  /    A nd           | Version:  13
     \\/     M anipulation  |
\*---------------------------------------------------------------------------*/
FoamFile
{
    format      ascii;
    class       volScalarField;
    location    "0.115";
    object      T;
}
// * * * * * * * * * * * * * * * * * * * * * * * * * * * * * * * * * * * * * //

dimensions      [0 0 0 1 0 0 0];

internalField   nonuniform List<scalar> 
1000
(
0
0
0
0
0
0
0
0
0
0
0
0
0
0
0
0
0
0
0
0
0
0
0
0
0
0
0
0
0
0
0
0
0
0
0
0
0
0
0
0
0
0
0
0
0
0
0
0
0
0
0
0
0
0
0
0
0
0
0
0
0
0
0
0
0
0
0
0
0
0
0
0
0
0
0
0
0
0
0
0
0
0
0
0
0
0
0
0
0
0
0
0
0
0
0
0
0
0
0
0
0
0
0
0
0
0
0
0
0
0
0
0
0
0
0
0
0
0
0
0
0
0
0
0
0
0
0
0
4.44659e-323
1.27469e-321
2.87991e-320
6.41169e-319
1.42296e-317
3.15024e-316
6.95703e-315
1.53261e-313
3.36794e-312
7.38273e-311
1.6143e-309
3.52098e-308
7.66037e-307
1.66241e-305
3.59854e-304
7.76976e-303
1.67332e-301
3.59449e-300
7.7015e-299
1.64585e-297
3.50815e-296
7.45819e-295
1.58144e-293
3.34449e-292
7.05443e-291
1.48403e-289
3.11365e-288
6.51533e-287
1.35969e-285
2.8299e-284
5.87396e-283
1.21594e-281
2.5102e-280
5.16793e-279
1.06104e-277
2.17245e-276
4.4357e-275
9.03167e-274
1.83384e-272
3.71308e-271
7.49695e-270
1.50941e-268
3.03036e-267
6.06657e-266
1.21101e-264
2.41047e-263
4.78412e-262
9.46764e-261
1.86817e-259
3.67551e-258
7.21014e-257
1.41022e-255
2.75006e-254
5.34693e-253
1.03649e-251
2.0032e-250
3.85986e-249
7.41485e-248
1.42007e-246
2.71138e-245
5.16103e-244
9.79359e-243
1.85268e-241
3.49388e-240
6.56836e-239
1.23095e-237
2.29961e-236
4.28244e-235
7.94957e-234
1.47098e-232
2.71315e-231
4.98813e-230
9.14099e-229
1.66968e-227
3.03983e-226
5.51616e-225
9.97673e-224
1.79845e-222
3.23115e-221
5.78576e-220
1.03252e-218
1.83641e-217
3.25508e-216
5.75e-215
1.01224e-213
1.77582e-212
3.10463e-211
5.40885e-210
9.3903e-209
1.62452e-207
2.80049e-206
4.8106e-205
8.23403e-204
1.40432e-202
2.38645e-201
4.04076e-200
6.81696e-199
1.14585e-197
1.91895e-196
3.20179e-195
5.32237e-194
8.81442e-193
1.45428e-191
2.39036e-190
3.91406e-189
6.38459e-188
1.03746e-186
1.67932e-185
2.70776e-184
4.34904e-183
6.95781e-182
1.10877e-180
1.75989e-179
2.78228e-178
4.38102e-177
6.87068e-176
1.07316e-174
1.6694e-173
2.58629e-172
3.99029e-171
6.13104e-170
9.3811e-169
1.4294e-167
2.16883e-166
3.27686e-165
4.9299e-164
7.38514e-163
1.10156e-161
1.63596e-160
2.41905e-159
3.56134e-158
5.21993e-157
7.61711e-156
1.10657e-154
1.60035e-153
2.30404e-152
3.30211e-151
4.71095e-150
6.69004e-149
9.4567e-148
1.33054e-146
1.8633e-145
2.59712e-144
3.60281e-143
4.97414e-142
6.83456e-141
9.34554e-140
1.27171e-138
1.72205e-137
2.32041e-136
3.11123e-135
4.15082e-134
5.51005e-133
7.27751e-132
9.56317e-131
1.25025e-129
1.62613e-128
2.10408e-127
2.70832e-126
3.46781e-125
4.41684e-124
5.59571e-123
7.05129e-122
8.83764e-121
1.10165e-119
1.36575e-118
1.68385e-117
2.06455e-116
2.5172e-115
3.05186e-114
3.67916e-113
4.41014e-112
5.25601e-111
6.22794e-110
7.33663e-109
8.59202e-108
1.00028e-106
1.15759e-105
1.33161e-104
1.52255e-103
1.73027e-102
1.95427e-101
2.19363e-100
2.44699e-99
2.71249e-98
2.98779e-97
3.27006e-96
3.55601e-95
3.84195e-94
4.1238e-93
4.39723e-92
4.6577e-91
4.90063e-90
5.1215e-89
5.31597e-88
5.48004e-87
5.61015e-86
5.70337e-85
5.75741e-84
5.77081e-83
5.74292e-82
5.674e-81
5.56517e-80
5.41841e-79
5.23651e-78
5.02297e-77
4.78186e-76
4.51776e-75
4.23553e-74
3.94023e-73
3.63691e-72
3.3305e-71
3.02565e-70
2.72665e-69
2.43729e-68
2.16082e-67
1.8999e-66
1.65655e-65
1.43222e-64
1.22773e-63
1.04341e-62
8.7907e-62
7.34126e-61
6.07656e-60
4.98478e-59
4.05222e-58
3.26407e-57
2.60496e-56
2.05957e-55
1.61303e-54
1.25128e-53
9.61313e-53
7.31356e-52
5.50934e-51
4.10892e-50
3.03364e-49
2.21697e-48
1.60347e-47
1.14767e-46
8.12786e-46
5.69483e-45
3.94708e-44
2.70585e-43
1.83446e-42
1.22978e-41
8.15083e-41
5.34033e-40
3.45831e-39
2.21321e-38
1.39952e-37
8.74303e-37
5.39516e-36
3.28802e-35
1.97869e-34
1.1756e-33
6.89447e-33
3.99049e-32
2.27905e-31
1.2841e-30
7.13639e-30
3.91115e-29
2.11343e-28
1.12573e-27
5.90955e-27
3.05666e-26
1.55745e-25
7.81542e-25
3.86152e-24
1.87812e-23
8.98952e-23
4.23335e-22
1.96087e-21
8.93116e-21
3.99889e-20
1.75961e-19
7.60682e-19
3.22974e-18
1.34639e-17
5.50891e-17
2.2116e-16
8.70845e-16
3.3621e-15
1.2722e-14
4.71638e-14
1.71237e-13
6.08619e-13
2.11675e-12
7.20087e-12
2.39495e-11
7.78404e-11
2.4712e-10
7.65938e-10
2.31658e-09
6.83356e-09
1.96502e-08
5.50518e-08
1.50185e-07
3.98737e-07
1.02969e-06
2.58484e-06
6.30398e-06
1.49277e-05
3.43014e-05
7.64388e-05
0.000165099
0.000345421
0.00069966
0.00137127
0.00259916
0.00476228
0.00843111
0.0144174
0.0238069
0.0379533
0.0584113
0.0867905
0.124529
0.17261
0.231271
0.299775
0.376327
0.458162
0.541838
0.623673
0.700225
0.768729
0.82739
0.875471
0.91321
0.941589
0.962047
0.976193
0.985583
0.991569
0.995238
0.997401
0.998629
0.9993
0.999655
0.999835
0.999924
0.999966
0.999985
0.999994
0.999997
0.999999
1
1
1
1
1
1
1
1
1
1
1
1
1
1
1
1
1
1
1
1
1
1
1
1
1
1
1
1
1
1
1
1
1
1
1
1
1
1
1
1
1
1
1
1
1
1
1
1
1
1
1
1
0.999999
0.999997
0.999994
0.999985
0.999966
0.999924
0.999835
0.999655
0.9993
0.998629
0.997401
0.995238
0.991569
0.985583
0.976193
0.962047
0.941589
0.91321
0.875471
0.82739
0.768729
0.700225
0.623673
0.541838
0.458162
0.376327
0.299775
0.231271
0.17261
0.124529
0.0867905
0.0584113
0.0379533
0.0238069
0.0144174
0.00843111
0.00476228
0.00259916
0.00137127
0.00069966
0.000345421
0.000165099
7.64388e-05
3.43014e-05
1.49277e-05
6.30398e-06
2.58484e-06
1.02969e-06
3.98737e-07
1.50185e-07
5.50518e-08
1.96502e-08
6.83356e-09
2.31658e-09
7.65938e-10
2.4712e-10
7.78404e-11
2.39495e-11
7.20087e-12
2.11675e-12
6.08619e-13
1.71237e-13
4.71638e-14
1.2722e-14
3.3621e-15
8.70845e-16
2.2116e-16
5.50891e-17
1.34639e-17
3.22974e-18
7.60682e-19
1.75961e-19
3.99889e-20
8.93116e-21
1.96087e-21
4.23335e-22
8.98952e-23
1.87812e-23
3.86152e-24
7.81542e-25
1.55745e-25
3.05666e-26
5.90955e-27
1.12573e-27
2.11343e-28
3.91115e-29
7.13639e-30
1.2841e-30
2.27905e-31
3.99049e-32
6.89447e-33
1.1756e-33
1.97869e-34
3.28802e-35
5.39516e-36
8.74303e-37
1.39952e-37
2.21321e-38
3.45831e-39
5.34033e-40
8.15083e-41
1.22978e-41
1.83446e-42
2.70585e-43
3.94708e-44
5.69483e-45
8.12786e-46
1.14767e-46
1.60347e-47
2.21697e-48
3.03364e-49
4.10892e-50
5.50934e-51
7.31356e-52
9.61313e-53
1.25128e-53
1.61303e-54
2.05957e-55
2.60496e-56
3.26407e-57
4.05222e-58
4.98478e-59
6.07656e-60
7.34126e-61
8.7907e-62
1.04341e-62
1.22773e-63
1.43222e-64
1.65655e-65
1.8999e-66
2.16082e-67
2.43729e-68
2.72665e-69
3.02565e-70
3.3305e-71
3.63691e-72
3.94023e-73
4.23553e-74
4.51776e-75
4.78186e-76
5.02297e-77
5.23651e-78
5.41841e-79
5.56517e-80
5.674e-81
5.74292e-82
5.77081e-83
5.75741e-84
5.70337e-85
5.61015e-86
5.48004e-87
5.31597e-88
5.1215e-89
4.90063e-90
4.6577e-91
4.39723e-92
4.1238e-93
3.84195e-94
3.55601e-95
3.27006e-96
2.98779e-97
2.71249e-98
2.44699e-99
2.19363e-100
1.95427e-101
1.73027e-102
1.52255e-103
1.33161e-104
1.15759e-105
1.00028e-106
8.59202e-108
7.33663e-109
6.22794e-110
5.25601e-111
4.41014e-112
3.67916e-113
3.05186e-114
2.5172e-115
2.06455e-116
1.68385e-117
1.36575e-118
1.10165e-119
8.83764e-121
7.05129e-122
5.59571e-123
4.41684e-124
3.46781e-125
2.70832e-126
2.10408e-127
1.62613e-128
1.25025e-129
9.56317e-131
7.27751e-132
5.51005e-133
4.15082e-134
3.11123e-135
2.32041e-136
1.72205e-137
1.27171e-138
9.34554e-140
6.83456e-141
4.97414e-142
3.60281e-143
2.59712e-144
1.8633e-145
1.33054e-146
9.4567e-148
6.69004e-149
4.71095e-150
3.30211e-151
2.30404e-152
1.60035e-153
1.10657e-154
7.61711e-156
5.21993e-157
3.56134e-158
2.41905e-159
1.63596e-160
1.10156e-161
7.38514e-163
4.9299e-164
3.27686e-165
2.16883e-166
1.4294e-167
9.3811e-169
6.13104e-170
3.99029e-171
2.58629e-172
1.6694e-173
1.07316e-174
6.87068e-176
4.38102e-177
2.78228e-178
1.75989e-179
1.10877e-180
6.95781e-182
4.34904e-183
2.70776e-184
1.67932e-185
1.03746e-186
6.38459e-188
3.91406e-189
2.39036e-190
1.45428e-191
8.81442e-193
5.32237e-194
3.20179e-195
1.91895e-196
1.14585e-197
6.81696e-199
4.04076e-200
2.38645e-201
1.40432e-202
8.23403e-204
4.8106e-205
2.80049e-206
1.62452e-207
9.3903e-209
5.40885e-210
3.10463e-211
1.77582e-212
1.01224e-213
5.75e-215
3.25508e-216
1.83641e-217
1.03252e-218
5.78576e-220
3.23115e-221
1.79845e-222
9.97673e-224
5.51616e-225
3.03983e-226
1.66968e-227
9.14099e-229
4.98813e-230
2.71315e-231
1.47098e-232
7.94957e-234
4.28244e-235
2.29961e-236
1.23095e-237
6.56836e-239
3.49388e-240
1.85268e-241
9.79359e-243
5.16103e-244
2.71138e-245
1.42007e-246
7.41485e-248
3.85986e-249
2.0032e-250
1.03649e-251
5.34693e-253
2.75006e-254
1.41022e-255
7.21014e-257
3.67551e-258
1.86817e-259
9.46764e-261
4.78412e-262
2.41047e-263
1.21101e-264
6.06657e-266
3.03036e-267
1.50941e-268
7.49695e-270
3.71308e-271
1.83384e-272
9.03167e-274
4.4357e-275
2.17245e-276
1.06104e-277
5.16793e-279
2.5102e-280
1.21594e-281
5.87396e-283
2.8299e-284
1.35969e-285
6.51533e-287
3.11365e-288
1.48403e-289
7.05443e-291
3.34449e-292
1.58144e-293
7.45819e-295
3.50815e-296
1.64585e-297
7.7015e-299
3.59449e-300
1.67332e-301
7.76976e-303
3.59854e-304
1.66241e-305
7.66037e-307
3.52098e-308
1.6143e-309
7.38273e-311
3.36794e-312
1.53261e-313
6.95703e-315
3.15024e-316
1.42297e-317
6.41164e-319
2.87941e-320
1.27469e-321
4.44659e-323
0
0
0
0
0
0
0
0
0
0
0
0
0
0
0
0
0
0
0
0
0
0
0
0
0
0
0
0
0
0
0
0
0
0
0
0
0
0
0
0
0
0
0
0
0
0
0
0
0
0
0
0
0
0
0
0
0
0
0
0
0
0
0
0
0
0
0
0
0
0
0
0
0
0
0
0
0
0
0
0
0
0
0
0
0
0
0
0
0
0
0
0
0
0
0
0
0
0
0
0
0
0
0
0
0
0
0
0
0
0
0
0
0
0
0
0
0
0
0
0
0
0
0
0
0
0
0
0
)
;

boundaryField
{
    sides
    {
        type            zeroGradient;
    }
    empty
    {
        type            empty;
    }
}


// ************************************************************************* //
