/*--------------------------------*- C++ -*----------------------------------*\
  =========                 |
  \\      /  F ield         | OpenFOAM: The Open Source CFD Toolbox
   \\    /   O peration     | Website:  https://openfoam.org
    \\  /    A nd           | Version:  13
     \\/     M anipulation  |
\*---------------------------------------------------------------------------*/
FoamFile
{
    format      ascii;
    class       volScalarField;
    location    "3.12";
    object      T;
}
// * * * * * * * * * * * * * * * * * * * * * * * * * * * * * * * * * * * * * //

dimensions      [0 0 0 1 0 0 0];

internalField   nonuniform List<scalar> 
1000
(
9.73854e-70
1.42521e-69
2.53454e-69
4.80845e-69
9.28199e-69
1.79838e-68
3.48445e-68
6.74492e-68
1.30407e-67
2.5181e-67
4.85612e-67
9.35287e-67
1.79904e-66
3.456e-66
6.63049e-66
1.27044e-65
2.4311e-65
4.64607e-65
8.86759e-65
1.69029e-64
3.21776e-64
6.11758e-64
1.16156e-63
2.2026e-63
4.17123e-63
7.88908e-63
1.49012e-62
2.81092e-62
5.29552e-62
9.96322e-62
1.87207e-61
3.51297e-61
6.58351e-61
1.23217e-60
2.3031e-60
4.29917e-60
8.01464e-60
1.49215e-59
2.77439e-59
5.15169e-59
9.55343e-59
1.76927e-58
3.27233e-58
6.04427e-58
1.11495e-57
2.05397e-57
3.7788e-57
6.94287e-57
1.27393e-56
2.33442e-56
4.272e-56
7.80741e-56
1.42496e-55
2.5973e-55
4.72782e-55
8.59449e-55
1.56027e-54
2.82877e-54
5.12171e-54
9.26086e-54
1.67227e-53
3.01562e-53
5.43083e-53
9.76725e-53
1.75426e-52
3.14654e-52
5.63621e-52
1.00822e-51
1.80111e-51
3.2132e-51
5.72466e-51
1.01853e-50
1.80973e-50
3.21118e-50
5.6902e-50
1.00694e-49
1.77946e-49
3.1404e-49
5.53468e-49
9.74115e-49
1.71213e-48
3.0052e-48
5.26767e-48
9.22087e-48
1.61188e-47
2.81385e-47
4.90543e-47
8.54004e-47
1.48473e-46
2.57776e-46
4.46933e-46
7.73833e-46
1.338e-45
2.31031e-45
3.9837e-45
6.85973e-45
1.17959e-44
2.02561e-44
3.47363e-44
5.94858e-44
1.01729e-43
1.7373e-43
2.96283e-43
5.0459e-43
8.58163e-43
1.45747e-42
2.47189e-42
4.18655e-42
7.08079e-42
1.19593e-41
2.01708e-41
3.39735e-41
5.71417e-41
9.59758e-41
1.60978e-40
2.69628e-40
4.50981e-40
7.53262e-40
1.2564e-39
2.09268e-39
3.48073e-39
5.78138e-39
9.58924e-39
1.58829e-38
2.62703e-38
4.33902e-38
7.15664e-38
1.17874e-37
1.93872e-37
3.1842e-37
5.22248e-37
8.55345e-37
1.39892e-36
2.28473e-36
3.72616e-36
6.06844e-36
9.86911e-36
1.60275e-35
2.5992e-35
4.20918e-35
6.80678e-35
1.09918e-34
1.77249e-34
2.85417e-34
4.58944e-34
7.36924e-34
1.1816e-33
1.89189e-33
3.02487e-33
4.82946e-33
7.69966e-33
1.22582e-32
1.94876e-32
3.09366e-32
4.90418e-32
7.76318e-32
1.22713e-31
1.93696e-31
3.05302e-31
4.80525e-31
7.55231e-31
1.18528e-30
1.85754e-30
2.90691e-30
4.54256e-30
7.08835e-30
1.1045e-29
1.71854e-29
2.67011e-29
4.1426e-29
6.41785e-29
9.92841e-29
1.53371e-28
2.3658e-28
3.64407e-28
5.60489e-28
8.60832e-28
1.3202e-27
2.02178e-27
3.09171e-27
4.72098e-27
7.1984e-27
1.096e-26
1.66629e-26
2.52966e-26
3.83479e-26
5.80482e-26
8.77412e-26
1.3243e-25
1.99588e-25
3.00366e-25
4.5137e-25
6.773e-25
1.01483e-24
1.51836e-24
2.26839e-24
3.38397e-24
5.04079e-24
7.49783e-24
1.11362e-23
1.65158e-23
2.44583e-23
3.61672e-23
5.34031e-23
7.87372e-23
1.15919e-22
1.70409e-22
2.50143e-22
3.66646e-22
5.36619e-22
7.84232e-22
1.14441e-21
1.66756e-21
2.42627e-21
3.52496e-21
5.11362e-21
7.40732e-21
1.0714e-20
1.54739e-20
2.23155e-20
3.21343e-20
4.62049e-20
6.63382e-20
9.51033e-20
1.36139e-19
1.94593e-19
2.77732e-19
3.95803e-19
5.63232e-19
8.00296e-19
1.13545e-18
1.60856e-18
2.27543e-18
3.21396e-18
4.53285e-18
6.38345e-18
8.97618e-18
1.26032e-17
1.76693e-17
2.4735e-17
3.45745e-17
4.8256e-17
6.72507e-17
9.35822e-17
1.30029e-16
1.804e-16
2.49911e-16
3.45686e-16
4.7745e-16
6.58451e-16
9.06709e-16
1.2467e-15
1.7116e-15
2.34635e-15
3.21168e-15
4.38953e-15
5.99034e-15
8.16268e-15
1.11061e-14
1.50882e-14
2.04672e-14
2.77222e-14
3.74923e-14
5.06295e-14
6.8267e-14
9.19101e-14
1.23555e-13
1.65846e-13
2.22277e-13
2.9746e-13
3.97472e-13
5.3031e-13
7.06477e-13
9.39745e-13
1.24815e-12
1.65526e-12
2.19184e-12
2.89799e-12
3.82585e-12
5.04315e-12
6.63773e-12
8.72327e-12
1.14468e-11
1.49978e-11
1.96208e-11
2.56299e-11
3.34288e-11
4.35347e-11
5.661e-11
7.35008e-11
9.52869e-11
1.23343e-10
1.59419e-10
2.05734e-10
2.65102e-10
3.41084e-10
4.38178e-10
5.62059e-10
7.19869e-10
9.20591e-10
1.17549e-09
1.4987e-09
1.90788e-09
2.42508e-09
3.07782e-09
3.90032e-09
4.93512e-09
6.23499e-09
7.86529e-09
9.90682e-09
1.24593e-08
1.56457e-08
1.96171e-08
2.45593e-08
3.06999e-08
3.83176e-08
4.7753e-08
5.94215e-08
7.38289e-08
9.15904e-08
1.13453e-07
1.4032e-07
1.73286e-07
2.13673e-07
2.63073e-07
3.23403e-07
3.96966e-07
4.86522e-07
5.95378e-07
7.27486e-07
8.87559e-07
1.08121e-06
1.31513e-06
1.59722e-06
1.93689e-06
2.34523e-06
2.83537e-06
3.42275e-06
4.12556e-06
4.96516e-06
5.9666e-06
7.15918e-06
8.57715e-06
1.02604e-05
1.22556e-05
1.46165e-05
1.7406e-05
2.06966e-05
2.45721e-05
2.91294e-05
3.448e-05
4.07518e-05
4.8092e-05
5.6669e-05
6.66753e-05
7.83306e-05
9.18851e-05
0.000107623
0.000125868
0.000146986
0.000171389
0.000199544
0.000231978
0.00026928
0.000312113
0.00036122
0.00041743
0.000481669
0.000554966
0.000638466
0.000733438
0.000841287
0.000963564
0.00110198
0.00125841
0.00143493
0.00163379
0.00185747
0.00210866
0.0023903
0.00270558
0.00305795
0.00345115
0.00388922
0.00437648
0.00491761
0.00551761
0.00618181
0.00691591
0.00772598
0.00861846
0.00960016
0.0106783
0.0118604
0.0131544
0.0145688
0.0161122
0.0177937
0.0196227
0.021609
0.0237627
0.0260941
0.028614
0.0313331
0.0342625
0.0374136
0.0407975
0.0444257
0.0483097
0.0524608
0.0568902
0.0616092
0.0666285
0.0719588
0.0776103
0.0835927
0.0899152
0.0965866
0.103615
0.111007
0.11877
0.126909
0.135428
0.144331
0.153621
0.163298
0.173363
0.183815
0.19465
0.205866
0.217457
0.229415
0.241734
0.254403
0.267412
0.280748
0.294398
0.308347
0.322578
0.337074
0.351816
0.366784
0.381957
0.397314
0.412831
0.428485
0.444253
0.460109
0.476027
0.491984
0.507952
0.523907
0.539823
0.555673
0.571433
0.587078
0.602584
0.617927
0.633083
0.648031
0.66275
0.677218
0.691418
0.70533
0.718937
0.732225
0.745178
0.757783
0.770029
0.781904
0.7934
0.804508
0.815221
0.825534
0.835443
0.844944
0.854035
0.862715
0.870983
0.87884
0.886287
0.893327
0.899962
0.906195
0.912031
0.917472
0.922524
0.92719
0.931475
0.935384
0.938921
0.94209
0.944896
0.947342
0.949432
0.951169
0.952555
0.953592
0.954283
0.954628
0.954628
0.954283
0.953592
0.952555
0.951169
0.949432
0.947342
0.944896
0.94209
0.938921
0.935384
0.931475
0.92719
0.922524
0.917472
0.912031
0.906195
0.899962
0.893327
0.886287
0.87884
0.870983
0.862715
0.854035
0.844944
0.835443
0.825534
0.815221
0.804508
0.7934
0.781904
0.770029
0.757783
0.745178
0.732225
0.718937
0.70533
0.691418
0.677218
0.66275
0.648031
0.633083
0.617927
0.602584
0.587078
0.571433
0.555673
0.539823
0.523907
0.507952
0.491984
0.476027
0.460109
0.444253
0.428485
0.412831
0.397314
0.381957
0.366784
0.351816
0.337074
0.322578
0.308347
0.294398
0.280748
0.267412
0.254403
0.241734
0.229415
0.217457
0.205866
0.19465
0.183815
0.173363
0.163298
0.153621
0.144331
0.135428
0.126909
0.11877
0.111007
0.103615
0.0965866
0.0899152
0.0835927
0.0776103
0.0719588
0.0666285
0.0616092
0.0568902
0.0524608
0.0483097
0.0444257
0.0407975
0.0374136
0.0342625
0.0313331
0.028614
0.0260941
0.0237627
0.021609
0.0196227
0.0177937
0.0161122
0.0145688
0.0131544
0.0118604
0.0106783
0.00960016
0.00861846
0.00772598
0.00691591
0.00618181
0.00551761
0.00491761
0.00437648
0.00388922
0.00345115
0.00305795
0.00270558
0.0023903
0.00210866
0.00185747
0.00163379
0.00143493
0.00125841
0.00110198
0.000963564
0.000841287
0.000733438
0.000638466
0.000554966
0.000481669
0.00041743
0.00036122
0.000312113
0.00026928
0.000231978
0.000199544
0.000171389
0.000146986
0.000125868
0.000107623
9.18851e-05
7.83306e-05
6.66753e-05
5.6669e-05
4.8092e-05
4.07518e-05
3.448e-05
2.91294e-05
2.45721e-05
2.06966e-05
1.7406e-05
1.46165e-05
1.22556e-05
1.02604e-05
8.57715e-06
7.15918e-06
5.9666e-06
4.96516e-06
4.12556e-06
3.42275e-06
2.83537e-06
2.34523e-06
1.93689e-06
1.59722e-06
1.31513e-06
1.08121e-06
8.87559e-07
7.27486e-07
5.95378e-07
4.86522e-07
3.96966e-07
3.23403e-07
2.63073e-07
2.13673e-07
1.73286e-07
1.4032e-07
1.13453e-07
9.15904e-08
7.38289e-08
5.94215e-08
4.7753e-08
3.83176e-08
3.06999e-08
2.45593e-08
1.96171e-08
1.56457e-08
1.24593e-08
9.90682e-09
7.86529e-09
6.23499e-09
4.93512e-09
3.90032e-09
3.07782e-09
2.42508e-09
1.90788e-09
1.4987e-09
1.17549e-09
9.20591e-10
7.19869e-10
5.62059e-10
4.38178e-10
3.41084e-10
2.65102e-10
2.05734e-10
1.59419e-10
1.23343e-10
9.52869e-11
7.35008e-11
5.661e-11
4.35347e-11
3.34288e-11
2.56299e-11
1.96208e-11
1.49978e-11
1.14468e-11
8.72327e-12
6.63773e-12
5.04315e-12
3.82585e-12
2.89799e-12
2.19184e-12
1.65526e-12
1.24815e-12
9.39745e-13
7.06477e-13
5.3031e-13
3.97472e-13
2.9746e-13
2.22277e-13
1.65846e-13
1.23555e-13
9.19101e-14
6.8267e-14
5.06295e-14
3.74923e-14
2.77222e-14
2.04672e-14
1.50882e-14
1.11061e-14
8.16268e-15
5.99034e-15
4.38953e-15
3.21168e-15
2.34635e-15
1.7116e-15
1.2467e-15
9.06709e-16
6.58451e-16
4.7745e-16
3.45686e-16
2.49911e-16
1.804e-16
1.30029e-16
9.35822e-17
6.72507e-17
4.8256e-17
3.45745e-17
2.4735e-17
1.76693e-17
1.26032e-17
8.97618e-18
6.38345e-18
4.53285e-18
3.21396e-18
2.27543e-18
1.60856e-18
1.13545e-18
8.00296e-19
5.63232e-19
3.95803e-19
2.77732e-19
1.94593e-19
1.36139e-19
9.51033e-20
6.63382e-20
4.62049e-20
3.21343e-20
2.23155e-20
1.54739e-20
1.0714e-20
7.40732e-21
5.11362e-21
3.52496e-21
2.42627e-21
1.66756e-21
1.14441e-21
7.84232e-22
5.36619e-22
3.66646e-22
2.50143e-22
1.70409e-22
1.15919e-22
7.87372e-23
5.34031e-23
3.61672e-23
2.44583e-23
1.65158e-23
1.11362e-23
7.49783e-24
5.04079e-24
3.38397e-24
2.26839e-24
1.51836e-24
1.01483e-24
6.773e-25
4.5137e-25
3.00366e-25
1.99588e-25
1.3243e-25
8.77412e-26
5.80482e-26
3.83479e-26
2.52966e-26
1.66629e-26
1.096e-26
7.1984e-27
4.72098e-27
3.09171e-27
2.02178e-27
1.3202e-27
8.60832e-28
5.60489e-28
3.64407e-28
2.3658e-28
1.53371e-28
9.92841e-29
6.41785e-29
4.1426e-29
2.67011e-29
1.71854e-29
1.1045e-29
7.08835e-30
4.54256e-30
2.90691e-30
1.85754e-30
1.18528e-30
7.55231e-31
4.80525e-31
3.05302e-31
1.93696e-31
1.22713e-31
7.76318e-32
4.90418e-32
3.09366e-32
1.94876e-32
1.22582e-32
7.69966e-33
4.82946e-33
3.02487e-33
1.89189e-33
1.1816e-33
7.36924e-34
4.58944e-34
2.85417e-34
1.77249e-34
1.09918e-34
6.80678e-35
4.20918e-35
2.5992e-35
1.60275e-35
9.86911e-36
6.06844e-36
3.72616e-36
2.28473e-36
1.39892e-36
8.55345e-37
5.22248e-37
3.1842e-37
1.93872e-37
1.17874e-37
7.15664e-38
4.33902e-38
2.62703e-38
1.58829e-38
9.58924e-39
5.78138e-39
3.48073e-39
2.09268e-39
1.2564e-39
7.53262e-40
4.50981e-40
2.69628e-40
1.60978e-40
9.59758e-41
5.71417e-41
3.39735e-41
2.01708e-41
1.19593e-41
7.08079e-42
4.18655e-42
2.47189e-42
1.45747e-42
8.58163e-43
5.0459e-43
2.96283e-43
1.7373e-43
1.01729e-43
5.94858e-44
3.47363e-44
2.02561e-44
1.17959e-44
6.85973e-45
3.9837e-45
2.31031e-45
1.338e-45
7.73833e-46
4.46933e-46
2.57776e-46
1.48473e-46
8.54004e-47
4.90543e-47
2.81385e-47
1.61188e-47
9.22087e-48
5.26767e-48
3.0052e-48
1.71213e-48
9.74115e-49
5.53468e-49
3.1404e-49
1.77946e-49
1.00694e-49
5.6902e-50
3.21118e-50
1.80973e-50
1.01853e-50
5.72466e-51
3.2132e-51
1.80111e-51
1.00822e-51
5.63621e-52
3.14654e-52
1.75426e-52
9.76725e-53
5.43083e-53
3.01562e-53
1.67227e-53
9.26086e-54
5.12171e-54
2.82877e-54
1.56027e-54
8.59449e-55
4.72782e-55
2.5973e-55
1.42496e-55
7.80741e-56
4.272e-56
2.33442e-56
1.27393e-56
6.94287e-57
3.7788e-57
2.05397e-57
1.11495e-57
6.04427e-58
3.27233e-58
1.76927e-58
9.55343e-59
5.15169e-59
2.77439e-59
1.49215e-59
8.01464e-60
4.29917e-60
2.3031e-60
1.23217e-60
6.58351e-61
3.51297e-61
1.87207e-61
9.96322e-62
5.29552e-62
2.81092e-62
1.49012e-62
7.88908e-63
4.17123e-63
2.2026e-63
1.16156e-63
6.11758e-64
3.21776e-64
1.69029e-64
8.86759e-65
4.64607e-65
2.4311e-65
1.27044e-65
6.63049e-66
3.456e-66
1.79904e-66
9.35287e-67
4.85612e-67
2.5181e-67
1.30407e-67
6.74492e-68
3.48445e-68
1.79838e-68
9.28199e-69
4.80845e-69
2.53454e-69
1.42521e-69
9.73854e-70
)
;

boundaryField
{
    sides
    {
        type            zeroGradient;
    }
    empty
    {
        type            empty;
    }
}


// ************************************************************************* //
