/*--------------------------------*- C++ -*----------------------------------*\
  =========                 |
  \\      /  F ield         | OpenFOAM: The Open Source CFD Toolbox
   \\    /   O peration     | Website:  https://openfoam.org
    \\  /    A nd           | Version:  13
     \\/     M anipulation  |
\*---------------------------------------------------------------------------*/
FoamFile
{
    format      ascii;
    class       volScalarField;
    location    "2.57";
    object      T;
}
// * * * * * * * * * * * * * * * * * * * * * * * * * * * * * * * * * * * * * //

dimensions      [0 0 0 1 0 0 0];

internalField   nonuniform List<scalar> 
1000
(
6.48155e-83
1.0711e-82
2.19012e-82
4.72611e-82
1.03071e-81
2.25029e-81
4.90836e-81
1.06919e-80
2.32568e-80
5.05151e-80
1.09562e-79
2.37286e-79
5.13157e-79
1.10815e-78
2.38953e-78
5.1451e-78
1.10622e-77
2.37495e-77
5.09135e-77
1.08987e-76
2.3296e-76
4.97223e-76
1.0597e-75
2.25516e-75
4.79216e-75
1.01683e-74
2.15438e-74
4.55782e-74
9.62832e-74
2.03096e-73
4.2777e-73
8.99655e-73
1.88929e-72
3.96164e-72
8.29482e-72
1.73417e-71
3.6202e-71
7.54615e-71
1.57062e-70
3.26413e-70
6.77352e-70
1.4035e-69
2.90376e-69
5.99871e-69
1.23738e-68
2.54857e-68
5.24127e-68
1.07628e-67
2.20677e-67
4.51788e-67
9.23545e-67
1.88506e-66
3.8418e-66
7.81786e-66
1.58849e-65
3.2227e-65
6.52826e-65
1.32043e-64
2.66669e-64
5.37734e-64
1.08268e-63
2.17658e-63
4.36901e-63
8.75644e-63
1.7523e-62
3.50126e-62
6.98513e-62
1.39142e-61
2.76743e-61
5.49573e-61
1.0897e-60
2.15735e-60
4.26445e-60
8.41659e-60
1.65859e-59
3.26339e-59
6.41104e-59
1.25752e-58
2.46279e-58
4.81579e-58
9.40225e-58
1.83283e-57
3.56726e-57
6.93221e-57
1.34503e-56
2.60564e-56
5.03985e-56
9.7329e-56
1.87667e-55
3.61286e-55
6.94441e-55
1.33271e-54
2.55362e-54
4.88533e-54
9.3314e-54
1.77957e-53
3.38844e-53
6.44168e-53
1.22268e-52
2.31706e-52
4.38406e-52
8.28184e-52
1.56203e-51
2.94145e-51
5.53024e-51
1.03809e-50
1.94552e-50
3.64037e-50
6.80083e-50
1.26849e-49
2.36219e-49
4.39188e-49
8.15249e-49
1.5109e-48
2.79565e-48
5.16457e-48
9.5255e-48
1.75406e-47
3.22478e-47
5.91912e-47
1.08471e-46
1.98459e-46
3.62514e-46
6.61117e-46
1.20373e-45
2.18814e-45
3.97117e-45
7.19543e-45
1.30164e-44
2.35081e-44
4.23876e-44
7.63049e-44
1.37138e-43
2.46069e-43
4.40804e-43
7.88362e-43
1.40765e-42
2.5093e-42
4.46581e-42
7.93479e-42
1.40753e-41
2.49268e-41
4.40719e-41
7.77933e-41
1.37091e-40
2.41189e-40
4.23633e-40
7.42858e-40
1.30048e-39
2.27292e-39
3.96594e-39
6.90856e-39
1.20146e-38
2.08598e-38
3.61568e-38
6.25672e-38
1.08089e-37
1.8642e-37
3.20983e-37
5.51754e-37
9.46855e-37
1.62217e-36
2.77449e-36
4.73743e-36
8.07561e-36
1.37429e-35
2.33483e-35
3.96006e-35
6.7053e-35
1.13346e-34
1.91276e-34
3.22243e-34
5.41968e-34
9.09981e-34
1.52531e-33
2.55239e-33
4.26387e-33
7.11091e-33
1.18389e-32
1.9677e-32
3.2649e-32
5.4081e-32
8.94294e-32
1.47631e-31
2.43296e-31
4.0027e-31
6.57402e-31
1.07787e-30
1.76426e-30
2.8828e-30
4.70245e-30
7.65755e-30
1.24484e-29
2.02018e-29
3.27282e-29
5.29309e-29
8.54575e-29
1.37735e-28
2.21611e-28
3.5595e-28
5.70742e-28
9.13567e-28
1.4598e-27
2.32859e-27
3.70803e-27
5.89445e-27
9.35385e-27
1.48179e-26
2.3433e-26
3.69927e-26
5.82976e-26
9.1713e-26
1.44031e-25
2.258e-25
3.53377e-25
5.5207e-25
8.60981e-25
1.3404e-24
2.08314e-24
3.23178e-24
5.00503e-24
7.73769e-24
1.19414e-23
1.83967e-23
2.82918e-23
4.34332e-23
6.65609e-23
1.01825e-22
1.55498e-22
2.37045e-22
3.60723e-22
5.47963e-22
8.30928e-22
1.25779e-21
1.90059e-21
2.86682e-21
4.31664e-21
6.48818e-21
9.73489e-21
1.45804e-20
2.17992e-20
3.25342e-20
4.84697e-20
7.20823e-20
1.07008e-19
1.58574e-19
2.34571e-19
3.46374e-19
5.10555e-19
7.51219e-19
1.10336e-18
1.61767e-18
2.3675e-18
3.45872e-18
5.04387e-18
7.34237e-18
1.06692e-17
1.54757e-17
2.24073e-17
3.23857e-17
4.67236e-17
6.72886e-17
9.67314e-17
1.38808e-16
1.98829e-16
2.84292e-16
4.05759e-16
5.78084e-16
8.22114e-16
1.16705e-15
1.65374e-15
2.33916e-15
3.30271e-15
4.65476e-15
6.54846e-15
9.19596e-15
1.28905e-14
1.80367e-14
2.51919e-14
3.51218e-14
4.88773e-14
6.7897e-14
9.41471e-14
1.3031e-13
1.80036e-13
2.48286e-13
3.41789e-13
4.6965e-13
6.44173e-13
8.81946e-13
1.20529e-12
1.64419e-12
2.23883e-12
3.04298e-12
4.12846e-12
5.59095e-12
7.55774e-12
1.01978e-11
1.3735e-11
1.84655e-11
2.47799e-11
3.3193e-11
4.43813e-11
5.92325e-11
7.89092e-11
1.0493e-10
1.39278e-10
1.8453e-10
2.4404e-10
3.2215e-10
4.24484e-10
5.58304e-10
7.32967e-10
9.60514e-10
1.2564e-09
1.64042e-09
2.13791e-09
2.78117e-09
3.61134e-09
4.68074e-09
6.0557e-09
7.82021e-09
1.00804e-08
1.29699e-08
1.66572e-08
2.13536e-08
2.73239e-08
3.48994e-08
4.44935e-08
5.66212e-08
7.19224e-08
9.11911e-08
1.1541e-07
1.45794e-07
1.83839e-07
2.31387e-07
2.90699e-07
3.64546e-07
4.56314e-07
5.70137e-07
7.11045e-07
8.85155e-07
1.09988e-06
1.36419e-06
1.68892e-06
2.08711e-06
2.57447e-06
3.16982e-06
3.89569e-06
4.77903e-06
5.85195e-06
7.15263e-06
8.72643e-06
1.06271e-05
1.2918e-05
1.56742e-05
1.89836e-05
2.29499e-05
2.76943e-05
3.33585e-05
4.01079e-05
4.81352e-05
5.76638e-05
6.89531e-05
8.23025e-05
9.80579e-05
0.000116617
0.000138437
0.000164042
0.00019403
0.000229085
0.000269983
0.000317607
0.000372957
0.000437162
0.000511495
0.000597389
0.000696451
0.000810479
0.000941482
0.0010917
0.00126361
0.00145997
0.00168384
0.00193856
0.00222783
0.0025557
0.00292661
0.0033454
0.00381733
0.00434813
0.00494398
0.00561155
0.00635804
0.00719117
0.00811919
0.00915092
0.0102957
0.0115635
0.0129648
0.0145107
0.0162127
0.0180831
0.0201344
0.0223799
0.0248332
0.0275083
0.0304195
0.0335817
0.0370097
0.0407187
0.044724
0.0490409
0.0536844
0.0586698
0.0640118
0.0697246
0.0758224
0.0823182
0.0892248
0.0965538
0.104316
0.112521
0.121177
0.130291
0.139869
0.149915
0.160432
0.171419
0.182876
0.194799
0.207184
0.220023
0.233307
0.247025
0.261163
0.275706
0.290637
0.305935
0.32158
0.337548
0.353814
0.370351
0.387132
0.404127
0.421304
0.438633
0.45608
0.473612
0.491195
0.508795
0.526377
0.543909
0.561354
0.578681
0.595856
0.612847
0.629625
0.646158
0.662418
0.678379
0.694016
0.709305
0.724224
0.738754
0.752876
0.766576
0.779838
0.792652
0.805007
0.816895
0.828311
0.839251
0.849712
0.859693
0.869197
0.878226
0.886783
0.894874
0.902505
0.909683
0.916418
0.922718
0.928592
0.93405
0.939102
0.94376
0.948033
0.951931
0.955464
0.958642
0.961474
0.963969
0.966134
0.967976
0.969501
0.970715
0.971621
0.972224
0.972525
0.972525
0.972224
0.971621
0.970715
0.969501
0.967976
0.966134
0.963969
0.961474
0.958642
0.955464
0.951931
0.948033
0.94376
0.939102
0.93405
0.928592
0.922718
0.916418
0.909683
0.902505
0.894874
0.886783
0.878226
0.869197
0.859693
0.849712
0.839251
0.828311
0.816895
0.805007
0.792652
0.779838
0.766576
0.752876
0.738754
0.724224
0.709305
0.694016
0.678379
0.662418
0.646158
0.629625
0.612847
0.595856
0.578681
0.561354
0.543909
0.526377
0.508795
0.491195
0.473612
0.45608
0.438633
0.421304
0.404127
0.387132
0.370351
0.353814
0.337548
0.32158
0.305935
0.290637
0.275706
0.261163
0.247025
0.233307
0.220023
0.207184
0.194799
0.182876
0.171419
0.160432
0.149915
0.139869
0.130291
0.121177
0.112521
0.104316
0.0965538
0.0892248
0.0823182
0.0758224
0.0697246
0.0640118
0.0586698
0.0536844
0.0490409
0.044724
0.0407187
0.0370097
0.0335817
0.0304195
0.0275083
0.0248332
0.0223799
0.0201344
0.0180831
0.0162127
0.0145107
0.0129648
0.0115635
0.0102957
0.00915092
0.00811919
0.00719117
0.00635804
0.00561155
0.00494398
0.00434813
0.00381733
0.0033454
0.00292661
0.0025557
0.00222783
0.00193856
0.00168384
0.00145997
0.00126361
0.0010917
0.000941482
0.000810479
0.000696451
0.000597389
0.000511495
0.000437162
0.000372957
0.000317607
0.000269983
0.000229085
0.00019403
0.000164042
0.000138437
0.000116617
9.80579e-05
8.23025e-05
6.89531e-05
5.76638e-05
4.81352e-05
4.01079e-05
3.33585e-05
2.76943e-05
2.29499e-05
1.89836e-05
1.56742e-05
1.2918e-05
1.06271e-05
8.72643e-06
7.15263e-06
5.85195e-06
4.77903e-06
3.89569e-06
3.16982e-06
2.57447e-06
2.08711e-06
1.68892e-06
1.36419e-06
1.09988e-06
8.85155e-07
7.11045e-07
5.70137e-07
4.56314e-07
3.64546e-07
2.90699e-07
2.31387e-07
1.83839e-07
1.45794e-07
1.1541e-07
9.11911e-08
7.19224e-08
5.66212e-08
4.44935e-08
3.48994e-08
2.73239e-08
2.13536e-08
1.66572e-08
1.29699e-08
1.00804e-08
7.82021e-09
6.0557e-09
4.68074e-09
3.61134e-09
2.78117e-09
2.13791e-09
1.64042e-09
1.2564e-09
9.60514e-10
7.32967e-10
5.58304e-10
4.24484e-10
3.2215e-10
2.4404e-10
1.8453e-10
1.39278e-10
1.0493e-10
7.89092e-11
5.92325e-11
4.43813e-11
3.3193e-11
2.47799e-11
1.84655e-11
1.3735e-11
1.01978e-11
7.55774e-12
5.59095e-12
4.12846e-12
3.04298e-12
2.23883e-12
1.64419e-12
1.20529e-12
8.81946e-13
6.44173e-13
4.6965e-13
3.41789e-13
2.48286e-13
1.80036e-13
1.3031e-13
9.41471e-14
6.7897e-14
4.88773e-14
3.51218e-14
2.51919e-14
1.80367e-14
1.28905e-14
9.19596e-15
6.54846e-15
4.65476e-15
3.30271e-15
2.33916e-15
1.65374e-15
1.16705e-15
8.22114e-16
5.78084e-16
4.05759e-16
2.84292e-16
1.98829e-16
1.38808e-16
9.67314e-17
6.72886e-17
4.67236e-17
3.23857e-17
2.24073e-17
1.54757e-17
1.06692e-17
7.34237e-18
5.04387e-18
3.45872e-18
2.3675e-18
1.61767e-18
1.10336e-18
7.51219e-19
5.10555e-19
3.46374e-19
2.34571e-19
1.58574e-19
1.07008e-19
7.20823e-20
4.84697e-20
3.25342e-20
2.17992e-20
1.45804e-20
9.73489e-21
6.48818e-21
4.31664e-21
2.86682e-21
1.90059e-21
1.25779e-21
8.30928e-22
5.47963e-22
3.60723e-22
2.37045e-22
1.55498e-22
1.01825e-22
6.65609e-23
4.34332e-23
2.82918e-23
1.83967e-23
1.19414e-23
7.73769e-24
5.00503e-24
3.23178e-24
2.08314e-24
1.3404e-24
8.60981e-25
5.5207e-25
3.53377e-25
2.258e-25
1.44031e-25
9.1713e-26
5.82976e-26
3.69927e-26
2.3433e-26
1.48179e-26
9.35385e-27
5.89445e-27
3.70803e-27
2.32859e-27
1.4598e-27
9.13567e-28
5.70742e-28
3.5595e-28
2.21611e-28
1.37735e-28
8.54575e-29
5.29309e-29
3.27282e-29
2.02018e-29
1.24484e-29
7.65755e-30
4.70245e-30
2.8828e-30
1.76426e-30
1.07787e-30
6.57402e-31
4.0027e-31
2.43296e-31
1.47631e-31
8.94294e-32
5.4081e-32
3.2649e-32
1.9677e-32
1.18389e-32
7.11091e-33
4.26387e-33
2.55239e-33
1.52531e-33
9.09981e-34
5.41968e-34
3.22243e-34
1.91276e-34
1.13346e-34
6.7053e-35
3.96006e-35
2.33483e-35
1.37429e-35
8.07561e-36
4.73743e-36
2.77449e-36
1.62217e-36
9.46855e-37
5.51754e-37
3.20983e-37
1.8642e-37
1.08089e-37
6.25672e-38
3.61568e-38
2.08598e-38
1.20146e-38
6.90856e-39
3.96594e-39
2.27292e-39
1.30048e-39
7.42858e-40
4.23633e-40
2.41189e-40
1.37091e-40
7.77933e-41
4.40719e-41
2.49268e-41
1.40753e-41
7.93479e-42
4.46581e-42
2.5093e-42
1.40765e-42
7.88362e-43
4.40804e-43
2.46069e-43
1.37138e-43
7.63049e-44
4.23876e-44
2.35081e-44
1.30164e-44
7.19543e-45
3.97117e-45
2.18814e-45
1.20373e-45
6.61117e-46
3.62514e-46
1.98459e-46
1.08471e-46
5.91912e-47
3.22478e-47
1.75406e-47
9.5255e-48
5.16457e-48
2.79565e-48
1.5109e-48
8.15249e-49
4.39188e-49
2.36219e-49
1.26849e-49
6.80083e-50
3.64037e-50
1.94552e-50
1.03809e-50
5.53024e-51
2.94145e-51
1.56203e-51
8.28184e-52
4.38406e-52
2.31706e-52
1.22268e-52
6.44168e-53
3.38844e-53
1.77957e-53
9.3314e-54
4.88533e-54
2.55362e-54
1.33271e-54
6.94441e-55
3.61286e-55
1.87667e-55
9.7329e-56
5.03985e-56
2.60564e-56
1.34503e-56
6.93221e-57
3.56726e-57
1.83283e-57
9.40225e-58
4.81579e-58
2.46279e-58
1.25752e-58
6.41104e-59
3.26339e-59
1.65859e-59
8.41659e-60
4.26445e-60
2.15735e-60
1.0897e-60
5.49573e-61
2.76743e-61
1.39142e-61
6.98513e-62
3.50126e-62
1.7523e-62
8.75644e-63
4.36901e-63
2.17658e-63
1.08268e-63
5.37734e-64
2.66669e-64
1.32043e-64
6.52826e-65
3.2227e-65
1.58849e-65
7.81786e-66
3.8418e-66
1.88506e-66
9.23545e-67
4.51788e-67
2.20677e-67
1.07628e-67
5.24127e-68
2.54857e-68
1.23738e-68
5.99871e-69
2.90376e-69
1.4035e-69
6.77352e-70
3.26413e-70
1.57062e-70
7.54615e-71
3.6202e-71
1.73417e-71
8.29482e-72
3.96164e-72
1.88929e-72
8.99655e-73
4.2777e-73
2.03096e-73
9.62832e-74
4.55782e-74
2.15438e-74
1.01683e-74
4.79216e-75
2.25516e-75
1.0597e-75
4.97223e-76
2.3296e-76
1.08987e-76
5.09135e-77
2.37495e-77
1.10622e-77
5.1451e-78
2.38953e-78
1.10815e-78
5.13157e-79
2.37286e-79
1.09562e-79
5.05151e-80
2.32568e-80
1.06919e-80
4.90836e-81
2.25029e-81
1.03071e-81
4.72611e-82
2.19012e-82
1.0711e-82
6.48155e-83
)
;

boundaryField
{
    sides
    {
        type            zeroGradient;
    }
    empty
    {
        type            empty;
    }
}


// ************************************************************************* //
