/*--------------------------------*- C++ -*----------------------------------*\
  =========                 |
  \\      /  F ield         | OpenFOAM: The Open Source CFD Toolbox
   \\    /   O peration     | Website:  https://openfoam.org
    \\  /    A nd           | Version:  13
     \\/     M anipulation  |
\*---------------------------------------------------------------------------*/
FoamFile
{
    format      ascii;
    class       volScalarField;
    location    "4.17";
    object      T;
}
// * * * * * * * * * * * * * * * * * * * * * * * * * * * * * * * * * * * * * //

dimensions      [0 0 0 1 0 0 0];

internalField   nonuniform List<scalar> 
1000
(
1.69936e-53
2.16219e-53
3.21183e-53
5.12892e-53
8.42448e-53
1.39739e-52
2.32454e-52
3.86821e-52
6.43347e-52
1.06906e-51
1.77473e-51
2.94317e-51
4.8758e-51
8.06906e-51
1.33396e-50
2.20297e-50
3.63427e-50
5.98921e-50
9.85971e-50
1.62144e-49
2.66368e-49
4.37124e-49
7.16588e-49
1.17348e-48
1.91966e-48
3.137e-48
5.12089e-48
8.3506e-48
1.36029e-47
2.21352e-47
3.59814e-47
5.84267e-47
9.47731e-47
1.53567e-46
2.48572e-46
4.01924e-46
6.49194e-46
1.04748e-45
1.68831e-45
2.71831e-45
4.37204e-45
7.02437e-45
1.12737e-44
1.80745e-44
2.89468e-44
4.63097e-44
7.40084e-44
1.18148e-43
1.88412e-43
3.00142e-43
4.77617e-43
7.59224e-43
1.20558e-42
1.9123e-42
3.03005e-42
4.79601e-42
7.58307e-42
1.19769e-41
1.88963e-41
2.97814e-41
4.68863e-41
7.37361e-41
1.15837e-40
1.81781e-40
2.8496e-40
4.46221e-40
6.9799e-40
1.09064e-39
1.70233e-39
2.65423e-39
4.13396e-39
6.43168e-39
9.99571e-39
1.55179e-38
2.4065e-38
3.72793e-38
5.76872e-38
8.91706e-38
1.37687e-37
2.12372e-37
3.27211e-37
5.03604e-37
7.74246e-37
1.18904e-36
1.82409e-36
2.79526e-36
4.27885e-36
6.54273e-36
9.99355e-36
1.52478e-35
2.32393e-35
3.53807e-35
5.38068e-35
8.17399e-35
1.24039e-34
1.88022e-34
2.84698e-34
4.30613e-34
6.50603e-34
9.81907e-34
1.4803e-33
2.22923e-33
3.3534e-33
5.03895e-33
7.56345e-33
1.13403e-32
1.69845e-32
2.541e-32
3.79736e-32
5.66868e-32
8.45291e-32
1.25908e-31
1.87337e-31
2.78431e-31
4.13365e-31
6.13017e-31
9.08099e-31
1.34374e-30
1.9862e-30
2.93258e-30
4.32512e-30
6.3719e-30
9.37692e-30
1.37839e-29
2.02398e-29
2.96866e-29
4.34946e-29
6.36548e-29
9.30564e-29
1.35888e-28
1.98215e-28
2.88809e-28
4.20345e-28
6.1111e-28
8.87466e-28
1.28737e-27
1.86541e-27
2.69999e-27
3.90363e-27
5.6376e-27
8.13275e-27
1.17192e-26
1.68685e-26
2.42535e-26
3.48327e-26
4.9971e-26
7.16087e-26
1.02501e-25
1.46559e-25
2.09319e-25
2.98623e-25
4.25552e-25
6.05758e-25
8.61312e-25
1.22331e-24
1.73553e-24
2.45946e-24
3.48147e-24
4.92267e-24
6.9527e-24
9.80892e-24
1.3823e-23
1.94581e-23
2.73597e-23
3.84269e-23
5.39106e-23
7.55486e-23
1.05753e-22
1.47867e-22
2.06521e-22
2.88117e-22
4.01501e-22
5.58879e-22
7.77073e-22
1.07924e-21
1.49722e-21
2.07476e-21
2.87184e-21
3.97067e-21
5.48378e-21
7.56498e-21
1.04243e-20
1.43482e-20
1.97269e-20
2.70914e-20
3.71634e-20
5.09225e-20
6.9697e-20
9.52861e-20
1.30123e-19
1.77497e-19
2.41844e-19
3.29148e-19
4.47463e-19
6.0762e-19
8.24169e-19
1.11663e-18
1.51117e-18
2.0428e-18
2.75833e-18
3.72028e-18
5.01204e-18
6.74469e-18
9.06604e-18
1.21726e-17
1.6325e-17
2.18693e-17
2.92633e-17
3.91128e-17
5.22183e-17
6.96361e-17
9.27585e-17
1.23419e-16
1.64027e-16
2.17748e-16
2.88738e-16
3.82436e-16
5.05965e-16
6.68635e-16
8.82601e-16
1.16371e-15
1.53262e-15
2.01618e-15
2.64929e-15
3.47726e-15
4.55879e-15
5.96992e-15
7.80897e-15
1.02029e-14
1.33156e-14
1.73581e-14
2.26021e-14
2.93969e-14
3.81909e-14
4.9559e-14
6.42379e-14
8.31696e-14
1.07558e-13
1.3894e-13
1.79273e-13
2.3105e-13
2.97443e-13
3.82478e-13
4.91261e-13
6.30265e-13
8.07679e-13
1.03385e-12
1.32185e-12
1.68815e-12
2.15349e-12
2.74396e-12
3.49236e-12
4.43979e-12
5.63781e-12
7.15093e-12
9.05978e-12
1.14651e-11
1.44924e-11
1.82981e-11
2.30769e-11
2.90704e-11
3.65787e-11
4.59736e-11
5.77155e-11
7.23736e-11
9.06507e-11
1.13414e-10
1.4173e-10
1.76915e-10
2.20581e-10
2.7471e-10
3.41732e-10
4.24619e-10
5.27007e-10
6.53336e-10
8.0902e-10
1.00066e-09
1.23628e-09
1.52563e-09
1.88055e-09
2.31538e-09
2.84751e-09
3.49792e-09
4.29199e-09
5.2603e-09
6.43969e-09
7.8745e-09
9.61799e-09
1.17341e-08
1.42994e-08
1.74055e-08
2.11623e-08
2.57004e-08
3.11761e-08
3.77751e-08
4.57187e-08
5.52695e-08
6.67392e-08
8.04971e-08
9.69802e-08
1.16705e-07
1.40281e-07
1.68428e-07
2.01991e-07
2.41966e-07
2.89522e-07
3.46029e-07
4.13092e-07
4.92591e-07
5.86719e-07
6.98038e-07
8.2953e-07
9.84668e-07
1.16749e-06
1.38268e-06
1.63566e-06
1.93274e-06
2.28116e-06
2.68934e-06
3.16695e-06
3.72513e-06
4.37672e-06
5.13643e-06
6.02116e-06
7.05028e-06
8.24591e-06
9.63336e-06
1.12415e-05
1.31032e-05
1.52559e-05
1.77421e-05
2.06102e-05
2.39148e-05
2.77178e-05
3.20892e-05
3.7108e-05
4.28633e-05
4.94553e-05
5.69967e-05
6.56139e-05
7.54487e-05
8.66599e-05
9.94248e-05
0.000113942
0.000130431
0.000149139
0.000170338
0.000194332
0.000221458
0.000252086
0.000286629
0.00032554
0.00036932
0.000418519
0.000473743
0.000535654
0.00060498
0.000682517
0.000769134
0.00086578
0.000973486
0.00109337
0.00122667
0.00137468
0.00153885
0.00172072
0.00192196
0.00214437
0.00238988
0.00266056
0.00295864
0.0032865
0.00364669
0.00404192
0.00447509
0.00494927
0.00546771
0.00603389
0.00665144
0.00732424
0.00805635
0.00885204
0.0097158
0.0106523
0.0116666
0.0127636
0.0139489
0.0152278
0.0166063
0.0180902
0.0196857
0.0213992
0.0232371
0.0252062
0.0273133
0.0295654
0.0319695
0.0345329
0.0372629
0.0401667
0.0432518
0.0465255
0.0499952
0.0536683
0.0575521
0.0616536
0.0659799
0.070538
0.0753343
0.0803754
0.0856674
0.091216
0.0970269
0.103105
0.109455
0.116082
0.122988
0.130177
0.137652
0.145415
0.153468
0.16181
0.170442
0.179363
0.188573
0.198069
0.207847
0.217905
0.228238
0.238841
0.249708
0.260831
0.272203
0.283817
0.295662
0.307729
0.320007
0.332485
0.34515
0.357991
0.370993
0.384143
0.397426
0.410828
0.424333
0.437925
0.451588
0.465306
0.479062
0.49284
0.506622
0.520391
0.53413
0.547823
0.561452
0.575001
0.588453
0.601792
0.615001
0.628066
0.64097
0.653699
0.666239
0.678575
0.690695
0.702585
0.714233
0.725628
0.736759
0.747614
0.758185
0.768462
0.778437
0.788101
0.797448
0.806471
0.815163
0.823519
0.831534
0.839204
0.846525
0.853493
0.860105
0.866358
0.87225
0.87778
0.882945
0.887744
0.892177
0.896242
0.899938
0.903266
0.906224
0.908813
0.911033
0.912882
0.914362
0.915472
0.916211
0.916581
0.916581
0.916211
0.915472
0.914362
0.912882
0.911033
0.908813
0.906224
0.903266
0.899938
0.896242
0.892177
0.887744
0.882945
0.87778
0.87225
0.866358
0.860105
0.853493
0.846525
0.839204
0.831534
0.823519
0.815163
0.806471
0.797448
0.788101
0.778437
0.768462
0.758185
0.747614
0.736759
0.725628
0.714233
0.702585
0.690695
0.678575
0.666239
0.653699
0.64097
0.628066
0.615001
0.601792
0.588453
0.575001
0.561452
0.547823
0.53413
0.520391
0.506622
0.49284
0.479062
0.465306
0.451588
0.437925
0.424333
0.410828
0.397426
0.384143
0.370993
0.357991
0.34515
0.332485
0.320007
0.307729
0.295662
0.283817
0.272203
0.260831
0.249708
0.238841
0.228238
0.217905
0.207847
0.198069
0.188573
0.179363
0.170442
0.16181
0.153468
0.145415
0.137652
0.130177
0.122988
0.116082
0.109455
0.103105
0.0970269
0.091216
0.0856674
0.0803754
0.0753343
0.070538
0.0659799
0.0616536
0.0575521
0.0536683
0.0499952
0.0465255
0.0432518
0.0401667
0.0372629
0.0345329
0.0319695
0.0295654
0.0273133
0.0252062
0.0232371
0.0213992
0.0196857
0.0180902
0.0166063
0.0152278
0.0139489
0.0127636
0.0116666
0.0106523
0.0097158
0.00885204
0.00805635
0.00732424
0.00665144
0.00603389
0.00546771
0.00494927
0.00447509
0.00404192
0.00364669
0.0032865
0.00295864
0.00266056
0.00238988
0.00214437
0.00192196
0.00172072
0.00153885
0.00137468
0.00122667
0.00109337
0.000973486
0.00086578
0.000769134
0.000682517
0.00060498
0.000535654
0.000473743
0.000418519
0.00036932
0.00032554
0.000286629
0.000252086
0.000221458
0.000194332
0.000170338
0.000149139
0.000130431
0.000113942
9.94248e-05
8.66599e-05
7.54487e-05
6.56139e-05
5.69967e-05
4.94553e-05
4.28633e-05
3.7108e-05
3.20892e-05
2.77178e-05
2.39148e-05
2.06102e-05
1.77421e-05
1.52559e-05
1.31032e-05
1.12415e-05
9.63336e-06
8.24591e-06
7.05028e-06
6.02116e-06
5.13643e-06
4.37672e-06
3.72513e-06
3.16695e-06
2.68934e-06
2.28116e-06
1.93274e-06
1.63566e-06
1.38268e-06
1.16749e-06
9.84668e-07
8.2953e-07
6.98038e-07
5.86719e-07
4.92591e-07
4.13092e-07
3.46029e-07
2.89522e-07
2.41966e-07
2.01991e-07
1.68428e-07
1.40281e-07
1.16705e-07
9.69802e-08
8.04971e-08
6.67392e-08
5.52695e-08
4.57187e-08
3.77751e-08
3.11761e-08
2.57004e-08
2.11623e-08
1.74055e-08
1.42994e-08
1.17341e-08
9.61799e-09
7.8745e-09
6.43969e-09
5.2603e-09
4.29199e-09
3.49792e-09
2.84751e-09
2.31538e-09
1.88055e-09
1.52563e-09
1.23628e-09
1.00066e-09
8.0902e-10
6.53336e-10
5.27007e-10
4.24619e-10
3.41732e-10
2.7471e-10
2.20581e-10
1.76915e-10
1.4173e-10
1.13414e-10
9.06507e-11
7.23736e-11
5.77155e-11
4.59736e-11
3.65787e-11
2.90704e-11
2.30769e-11
1.82981e-11
1.44924e-11
1.14651e-11
9.05978e-12
7.15093e-12
5.63781e-12
4.43979e-12
3.49236e-12
2.74396e-12
2.15349e-12
1.68815e-12
1.32185e-12
1.03385e-12
8.07679e-13
6.30265e-13
4.91261e-13
3.82478e-13
2.97443e-13
2.3105e-13
1.79273e-13
1.3894e-13
1.07558e-13
8.31696e-14
6.42379e-14
4.9559e-14
3.81909e-14
2.93969e-14
2.26021e-14
1.73581e-14
1.33156e-14
1.02029e-14
7.80897e-15
5.96992e-15
4.55879e-15
3.47726e-15
2.64929e-15
2.01618e-15
1.53262e-15
1.16371e-15
8.82601e-16
6.68635e-16
5.05965e-16
3.82436e-16
2.88738e-16
2.17748e-16
1.64027e-16
1.23419e-16
9.27585e-17
6.96361e-17
5.22183e-17
3.91128e-17
2.92633e-17
2.18693e-17
1.6325e-17
1.21726e-17
9.06604e-18
6.74469e-18
5.01204e-18
3.72028e-18
2.75833e-18
2.0428e-18
1.51117e-18
1.11663e-18
8.24169e-19
6.0762e-19
4.47463e-19
3.29148e-19
2.41844e-19
1.77497e-19
1.30123e-19
9.52861e-20
6.9697e-20
5.09225e-20
3.71634e-20
2.70914e-20
1.97269e-20
1.43482e-20
1.04243e-20
7.56498e-21
5.48378e-21
3.97067e-21
2.87184e-21
2.07476e-21
1.49722e-21
1.07924e-21
7.77073e-22
5.58879e-22
4.01501e-22
2.88117e-22
2.06521e-22
1.47867e-22
1.05753e-22
7.55486e-23
5.39106e-23
3.84269e-23
2.73597e-23
1.94581e-23
1.3823e-23
9.80892e-24
6.9527e-24
4.92267e-24
3.48147e-24
2.45946e-24
1.73553e-24
1.22331e-24
8.61312e-25
6.05758e-25
4.25552e-25
2.98623e-25
2.09319e-25
1.46559e-25
1.02501e-25
7.16087e-26
4.9971e-26
3.48327e-26
2.42535e-26
1.68685e-26
1.17192e-26
8.13275e-27
5.6376e-27
3.90363e-27
2.69999e-27
1.86541e-27
1.28737e-27
8.87466e-28
6.1111e-28
4.20345e-28
2.88809e-28
1.98215e-28
1.35888e-28
9.30564e-29
6.36548e-29
4.34946e-29
2.96866e-29
2.02398e-29
1.37839e-29
9.37692e-30
6.3719e-30
4.32512e-30
2.93258e-30
1.9862e-30
1.34374e-30
9.08099e-31
6.13017e-31
4.13365e-31
2.78431e-31
1.87337e-31
1.25908e-31
8.45291e-32
5.66868e-32
3.79736e-32
2.541e-32
1.69845e-32
1.13403e-32
7.56345e-33
5.03895e-33
3.3534e-33
2.22923e-33
1.4803e-33
9.81907e-34
6.50603e-34
4.30613e-34
2.84698e-34
1.88022e-34
1.24039e-34
8.17399e-35
5.38068e-35
3.53807e-35
2.32393e-35
1.52478e-35
9.99355e-36
6.54273e-36
4.27885e-36
2.79526e-36
1.82409e-36
1.18904e-36
7.74246e-37
5.03604e-37
3.27211e-37
2.12372e-37
1.37687e-37
8.91706e-38
5.76872e-38
3.72793e-38
2.4065e-38
1.55179e-38
9.99571e-39
6.43168e-39
4.13396e-39
2.65423e-39
1.70233e-39
1.09064e-39
6.9799e-40
4.46221e-40
2.8496e-40
1.81781e-40
1.15837e-40
7.37361e-41
4.68863e-41
2.97814e-41
1.88963e-41
1.19769e-41
7.58307e-42
4.79601e-42
3.03005e-42
1.9123e-42
1.20558e-42
7.59224e-43
4.77617e-43
3.00142e-43
1.88412e-43
1.18148e-43
7.40084e-44
4.63097e-44
2.89468e-44
1.80745e-44
1.12737e-44
7.02437e-45
4.37204e-45
2.71831e-45
1.68831e-45
1.04748e-45
6.49194e-46
4.01924e-46
2.48572e-46
1.53567e-46
9.47731e-47
5.84267e-47
3.59814e-47
2.21352e-47
1.36029e-47
8.3506e-48
5.12089e-48
3.137e-48
1.91966e-48
1.17348e-48
7.16588e-49
4.37124e-49
2.66368e-49
1.62144e-49
9.85971e-50
5.98921e-50
3.63427e-50
2.20297e-50
1.33396e-50
8.06906e-51
4.8758e-51
2.94317e-51
1.77473e-51
1.06906e-51
6.43347e-52
3.86821e-52
2.32454e-52
1.39739e-52
8.42448e-53
5.12892e-53
3.21183e-53
2.16219e-53
1.69936e-53
)
;

boundaryField
{
    sides
    {
        type            zeroGradient;
    }
    empty
    {
        type            empty;
    }
}


// ************************************************************************* //
