/*--------------------------------*- C++ -*----------------------------------*\
  =========                 |
  \\      /  F ield         | OpenFOAM: The Open Source CFD Toolbox
   \\    /   O peration     | Website:  https://openfoam.org
    \\  /    A nd           | Version:  13
     \\/     M anipulation  |
\*---------------------------------------------------------------------------*/
FoamFile
{
    format      ascii;
    class       volScalarField;
    location    "0.555";
    object      T;
}
// * * * * * * * * * * * * * * * * * * * * * * * * * * * * * * * * * * * * * //

dimensions      [0 0 0 1 0 0 0];

internalField   nonuniform List<scalar> 
1000
(
1.65027e-256
1.13756e-255
8.79472e-255
6.79978e-254
5.24701e-253
4.04071e-252
3.10548e-251
2.38191e-250
1.82323e-249
1.39277e-248
1.06178e-247
8.07804e-247
6.13326e-246
4.64716e-245
3.51394e-244
2.65161e-243
1.99677e-242
1.50056e-241
1.12532e-240
8.42174e-240
6.28961e-239
4.68749e-238
3.48618e-237
2.58733e-236
1.9162e-235
1.41617e-234
1.04442e-233
7.68635e-233
5.64472e-232
4.1366e-231
3.02496e-230
2.20734e-229
1.60728e-228
1.16784e-227
8.46718e-227
6.12576e-226
4.42226e-225
3.18558e-224
2.28976e-223
1.64228e-222
1.17532e-221
8.39304e-221
5.98039e-220
4.25192e-219
3.01638e-218
2.13514e-217
1.50802e-216
1.06274e-215
7.4727e-215
5.24278e-214
3.67008e-213
2.5634e-212
1.78642e-211
1.24214e-210
8.61747e-210
5.96493e-209
4.11952e-208
2.83857e-207
1.95148e-206
1.33855e-205
9.16032e-205
6.25445e-204
4.26057e-203
2.89564e-202
1.96343e-201
1.32825e-200
8.96462e-200
6.03632e-199
4.05506e-198
2.71772e-197
1.81715e-196
1.21214e-195
8.06659e-195
5.35548e-194
3.54711e-193
2.34379e-192
1.54498e-191
1.01599e-190
6.66523e-190
4.36209e-189
2.84791e-188
1.85485e-187
1.20514e-186
7.81104e-186
5.05036e-185
3.25742e-184
2.09586e-183
1.34518e-182
8.61255e-182
5.50058e-181
3.50436e-180
2.22706e-179
1.41179e-178
8.92744e-178
5.63112e-177
3.54301e-176
2.22359e-175
1.39201e-174
8.6922e-174
5.41396e-173
3.36352e-172
2.08432e-171
1.28832e-170
7.94267e-170
4.88419e-169
2.99569e-168
1.83264e-167
1.11823e-166
6.8054e-166
4.13088e-165
2.50089e-164
1.51011e-163
9.09445e-163
5.46259e-162
3.27244e-161
1.9552e-160
1.16507e-159
6.924e-159
4.10391e-158
2.42589e-157
1.43013e-156
8.40829e-156
4.93018e-155
2.88296e-154
1.68124e-153
9.77766e-153
5.67087e-152
3.27998e-151
1.89189e-150
1.08822e-149
6.2422e-149
3.57066e-148
2.0368e-147
1.1586e-146
6.57205e-146
3.71745e-145
2.09683e-144
1.17938e-143
6.61466e-143
3.69936e-142
2.06302e-141
1.1472e-140
6.36097e-140
3.51688e-139
1.93881e-138
1.06574e-137
5.84127e-137
3.19224e-136
1.73945e-135
9.45044e-135
5.11934e-134
2.76498e-133
1.48896e-132
7.99439e-132
4.27948e-131
2.28401e-130
1.21535e-129
6.44758e-129
3.41021e-128
1.79825e-127
9.45367e-127
4.9548e-126
2.58895e-125
1.34862e-124
7.00355e-124
3.62582e-123
1.87132e-122
9.62813e-122
4.93835e-121
2.52501e-120
1.28701e-119
6.53933e-119
3.31218e-118
1.67231e-117
8.41669e-117
4.2226e-116
2.11169e-115
1.05265e-114
5.23047e-114
2.59056e-113
1.2789e-112
6.29318e-112
3.08663e-111
1.50896e-110
7.35263e-110
3.57089e-109
1.72852e-108
8.33929e-108
4.00994e-107
1.92175e-106
9.17905e-106
4.36957e-105
2.07306e-104
9.80202e-104
4.61894e-103
2.16914e-102
1.01519e-101
4.73493e-101
2.20082e-100
1.01942e-99
4.70558e-99
2.16452e-98
9.92184e-98
4.5321e-97
2.0629e-96
9.35669e-96
4.2289e-95
1.90453e-94
8.54666e-94
3.82164e-93
1.70271e-92
7.55903e-92
3.34362e-91
1.47364e-90
6.47112e-90
2.83125e-89
1.23419e-88
5.36021e-88
2.3194e-87
9.99899e-87
4.29454e-86
1.83761e-85
7.83352e-85
3.32678e-84
1.4075e-83
5.93227e-83
2.4908e-82
1.04183e-81
4.34093e-81
1.80176e-80
7.44953e-80
3.06813e-79
1.25871e-78
5.14373e-78
2.09374e-77
8.48899e-77
3.42822e-76
1.37897e-75
5.5247e-75
2.20457e-74
8.76175e-74
3.46821e-73
1.36729e-72
5.36845e-72
2.09925e-71
8.17518e-71
3.17062e-70
1.2246e-69
4.71026e-69
1.80421e-68
6.88194e-68
2.61404e-67
9.88743e-67
3.72406e-66
1.3967e-65
5.21602e-65
1.93961e-64
7.1816e-64
2.6476e-63
9.71856e-63
3.5519e-62
1.29247e-61
4.68247e-61
1.68894e-60
6.06503e-60
2.16831e-59
7.71744e-59
2.73451e-58
9.64563e-58
3.38704e-57
1.18397e-56
4.11986e-56
1.42704e-55
4.92036e-55
1.68871e-54
5.76898e-54
1.96166e-53
6.63926e-53
2.23655e-52
7.49878e-52
2.50235e-51
8.31078e-51
2.74703e-50
9.03656e-50
2.95837e-49
9.63835e-49
3.12496e-48
1.00825e-47
3.23717e-47
1.03425e-46
3.28808e-46
1.04017e-45
3.27417e-45
1.02547e-44
3.19569e-44
9.90858e-44
3.05673e-43
9.38186e-43
2.86483e-42
8.70318e-42
2.63036e-41
7.90861e-41
2.3655e-40
7.03841e-40
2.08326e-39
6.13368e-39
1.79637e-38
5.23307e-38
1.51633e-37
4.37018e-37
1.25273e-36
3.57161e-36
1.01275e-35
2.85605e-35
8.01017e-35
2.23419e-34
6.1971e-34
1.70937e-33
4.68873e-33
1.27889e-32
3.4686e-32
9.35434e-32
2.5084e-31
6.68794e-31
1.77292e-30
4.67281e-30
1.22446e-29
3.18991e-29
8.26165e-29
2.12716e-28
5.44458e-28
1.38532e-27
3.50383e-27
8.80913e-27
2.20144e-26
5.46832e-26
1.35008e-25
3.31296e-25
8.07994e-25
1.9585e-24
4.71791e-24
1.12947e-23
2.68713e-23
6.35297e-23
1.49254e-22
3.48438e-22
8.08278e-22
1.86304e-21
4.26671e-21
9.70877e-21
2.19494e-20
4.93007e-20
1.10013e-19
2.43886e-19
5.37109e-19
1.17506e-18
2.55369e-18
5.51282e-18
1.18212e-17
2.51781e-17
5.3265e-17
1.1192e-16
2.33562e-16
4.84081e-16
9.96415e-16
2.03684e-15
4.13479e-15
8.33524e-15
1.66855e-14
3.31666e-14
6.54625e-14
1.28292e-13
2.4964e-13
4.823e-13
9.25124e-13
1.76177e-12
3.33082e-12
6.25165e-12
1.16484e-11
2.15455e-11
3.95593e-11
7.20998e-11
1.30436e-10
2.34225e-10
4.17467e-10
7.3851e-10
1.29665e-09
2.25951e-09
3.90763e-09
6.70675e-09
1.14235e-08
1.93092e-08
3.2389e-08
5.39121e-08
8.90476e-08
1.45947e-07
2.37353e-07
3.83012e-07
6.13251e-07
9.74235e-07
1.53561e-06
2.40149e-06
3.72611e-06
5.73586e-06
8.75994e-06
1.32727e-05
1.99509e-05
2.97514e-05
4.40138e-05
6.45954e-05
9.40461e-05
0.000135832
0.000194619
0.00027662
0.000390029
0.000545536
0.000756944
0.00104188
0.0014226
0.00192693
0.00258922
0.00345138
0.00456397
0.00598724
0.00779202
0.0100605
0.0128869
0.0163774
0.0206501
0.0258341
0.0320681
0.0394984
0.0482761
0.0585532
0.070479
0.0841944
0.0998273
0.117487
0.137256
0.159191
0.183309
0.20959
0.237971
0.268343
0.300556
0.334412
0.369675
0.406073
0.443304
0.481044
0.518956
0.556696
0.593927
0.630325
0.665588
0.699444
0.731657
0.762029
0.79041
0.816691
0.840809
0.862744
0.882513
0.900173
0.915806
0.929521
0.941447
0.951724
0.960502
0.967932
0.974166
0.97935
0.983623
0.987113
0.989939
0.992208
0.994013
0.995436
0.996549
0.997411
0.998073
0.998577
0.998958
0.999243
0.999454
0.99961
0.999723
0.999805
0.999864
0.999906
0.999935
0.999956
0.99997
0.99998
0.999987
0.999991
0.999994
0.999996
0.999997
0.999997
0.999997
0.999997
0.999996
0.999994
0.999991
0.999987
0.99998
0.99997
0.999956
0.999935
0.999906
0.999864
0.999805
0.999723
0.99961
0.999454
0.999243
0.998958
0.998577
0.998073
0.997411
0.996549
0.995436
0.994013
0.992208
0.989939
0.987113
0.983623
0.97935
0.974166
0.967932
0.960502
0.951724
0.941447
0.929521
0.915806
0.900173
0.882513
0.862744
0.840809
0.816691
0.79041
0.762029
0.731657
0.699444
0.665588
0.630325
0.593927
0.556696
0.518956
0.481044
0.443304
0.406073
0.369675
0.334412
0.300556
0.268343
0.237971
0.20959
0.183309
0.159191
0.137256
0.117487
0.0998273
0.0841944
0.070479
0.0585532
0.0482761
0.0394984
0.0320681
0.0258341
0.0206501
0.0163774
0.0128869
0.0100605
0.00779202
0.00598724
0.00456397
0.00345138
0.00258922
0.00192693
0.0014226
0.00104188
0.000756944
0.000545536
0.000390029
0.00027662
0.000194619
0.000135832
9.40461e-05
6.45954e-05
4.40138e-05
2.97514e-05
1.99509e-05
1.32727e-05
8.75994e-06
5.73586e-06
3.72611e-06
2.40149e-06
1.53561e-06
9.74235e-07
6.13251e-07
3.83012e-07
2.37353e-07
1.45947e-07
8.90476e-08
5.39121e-08
3.2389e-08
1.93092e-08
1.14235e-08
6.70675e-09
3.90763e-09
2.25951e-09
1.29665e-09
7.3851e-10
4.17467e-10
2.34225e-10
1.30436e-10
7.20998e-11
3.95593e-11
2.15455e-11
1.16484e-11
6.25165e-12
3.33082e-12
1.76177e-12
9.25124e-13
4.823e-13
2.4964e-13
1.28292e-13
6.54625e-14
3.31666e-14
1.66855e-14
8.33524e-15
4.13479e-15
2.03684e-15
9.96415e-16
4.84081e-16
2.33562e-16
1.1192e-16
5.3265e-17
2.51781e-17
1.18212e-17
5.51282e-18
2.55369e-18
1.17506e-18
5.37109e-19
2.43886e-19
1.10013e-19
4.93007e-20
2.19494e-20
9.70877e-21
4.26671e-21
1.86304e-21
8.08278e-22
3.48438e-22
1.49254e-22
6.35297e-23
2.68713e-23
1.12947e-23
4.71791e-24
1.9585e-24
8.07994e-25
3.31296e-25
1.35008e-25
5.46832e-26
2.20144e-26
8.80913e-27
3.50383e-27
1.38532e-27
5.44458e-28
2.12716e-28
8.26165e-29
3.18991e-29
1.22446e-29
4.67281e-30
1.77292e-30
6.68794e-31
2.5084e-31
9.35434e-32
3.4686e-32
1.27889e-32
4.68873e-33
1.70937e-33
6.1971e-34
2.23419e-34
8.01017e-35
2.85605e-35
1.01275e-35
3.57161e-36
1.25273e-36
4.37018e-37
1.51633e-37
5.23307e-38
1.79637e-38
6.13368e-39
2.08326e-39
7.03841e-40
2.3655e-40
7.90861e-41
2.63036e-41
8.70318e-42
2.86483e-42
9.38186e-43
3.05673e-43
9.90858e-44
3.19569e-44
1.02547e-44
3.27417e-45
1.04017e-45
3.28808e-46
1.03425e-46
3.23717e-47
1.00825e-47
3.12496e-48
9.63835e-49
2.95837e-49
9.03656e-50
2.74703e-50
8.31078e-51
2.50235e-51
7.49878e-52
2.23655e-52
6.63926e-53
1.96166e-53
5.76898e-54
1.68871e-54
4.92036e-55
1.42704e-55
4.11986e-56
1.18397e-56
3.38704e-57
9.64563e-58
2.73451e-58
7.71744e-59
2.16831e-59
6.06503e-60
1.68894e-60
4.68247e-61
1.29247e-61
3.5519e-62
9.71856e-63
2.6476e-63
7.1816e-64
1.93961e-64
5.21602e-65
1.3967e-65
3.72406e-66
9.88743e-67
2.61404e-67
6.88194e-68
1.80421e-68
4.71026e-69
1.2246e-69
3.17062e-70
8.17518e-71
2.09925e-71
5.36845e-72
1.36729e-72
3.46821e-73
8.76175e-74
2.20457e-74
5.5247e-75
1.37897e-75
3.42822e-76
8.48899e-77
2.09374e-77
5.14373e-78
1.25871e-78
3.06813e-79
7.44953e-80
1.80176e-80
4.34093e-81
1.04183e-81
2.4908e-82
5.93227e-83
1.4075e-83
3.32678e-84
7.83352e-85
1.83761e-85
4.29454e-86
9.99899e-87
2.3194e-87
5.36021e-88
1.23419e-88
2.83125e-89
6.47112e-90
1.47364e-90
3.34362e-91
7.55903e-92
1.70271e-92
3.82164e-93
8.54666e-94
1.90453e-94
4.2289e-95
9.35669e-96
2.0629e-96
4.5321e-97
9.92184e-98
2.16452e-98
4.70558e-99
1.01942e-99
2.20082e-100
4.73493e-101
1.01519e-101
2.16914e-102
4.61894e-103
9.80202e-104
2.07306e-104
4.36957e-105
9.17905e-106
1.92175e-106
4.00994e-107
8.33929e-108
1.72852e-108
3.57089e-109
7.35263e-110
1.50896e-110
3.08663e-111
6.29318e-112
1.2789e-112
2.59056e-113
5.23047e-114
1.05265e-114
2.11169e-115
4.2226e-116
8.41669e-117
1.67231e-117
3.31218e-118
6.53933e-119
1.28701e-119
2.52501e-120
4.93835e-121
9.62813e-122
1.87132e-122
3.62582e-123
7.00355e-124
1.34862e-124
2.58895e-125
4.9548e-126
9.45367e-127
1.79825e-127
3.41021e-128
6.44758e-129
1.21535e-129
2.28401e-130
4.27948e-131
7.99439e-132
1.48896e-132
2.76498e-133
5.11934e-134
9.45044e-135
1.73945e-135
3.19224e-136
5.84127e-137
1.06574e-137
1.93881e-138
3.51688e-139
6.36097e-140
1.1472e-140
2.06302e-141
3.69936e-142
6.61466e-143
1.17938e-143
2.09683e-144
3.71745e-145
6.57205e-146
1.1586e-146
2.0368e-147
3.57066e-148
6.2422e-149
1.08822e-149
1.89189e-150
3.27998e-151
5.67087e-152
9.77766e-153
1.68124e-153
2.88296e-154
4.93018e-155
8.40829e-156
1.43013e-156
2.42589e-157
4.10391e-158
6.924e-159
1.16507e-159
1.9552e-160
3.27244e-161
5.46259e-162
9.09445e-163
1.51011e-163
2.50089e-164
4.13088e-165
6.8054e-166
1.11823e-166
1.83264e-167
2.99569e-168
4.88419e-169
7.94267e-170
1.28832e-170
2.08432e-171
3.36352e-172
5.41396e-173
8.6922e-174
1.39201e-174
2.22359e-175
3.54301e-176
5.63112e-177
8.92744e-178
1.41179e-178
2.22706e-179
3.50436e-180
5.50058e-181
8.61255e-182
1.34518e-182
2.09586e-183
3.25742e-184
5.05036e-185
7.81104e-186
1.20514e-186
1.85485e-187
2.84791e-188
4.36209e-189
6.66523e-190
1.01599e-190
1.54498e-191
2.34379e-192
3.54711e-193
5.35548e-194
8.06659e-195
1.21214e-195
1.81715e-196
2.71772e-197
4.05506e-198
6.03632e-199
8.96462e-200
1.32825e-200
1.96343e-201
2.89564e-202
4.26057e-203
6.25445e-204
9.16032e-205
1.33855e-205
1.95148e-206
2.83857e-207
4.11952e-208
5.96493e-209
8.61747e-210
1.24214e-210
1.78642e-211
2.5634e-212
3.67008e-213
5.24278e-214
7.4727e-215
1.06274e-215
1.50802e-216
2.13514e-217
3.01638e-218
4.25192e-219
5.98039e-220
8.39304e-221
1.17532e-221
1.64228e-222
2.28976e-223
3.18558e-224
4.42226e-225
6.12576e-226
8.46718e-227
1.16784e-227
1.60728e-228
2.20734e-229
3.02496e-230
4.1366e-231
5.64472e-232
7.68635e-233
1.04442e-233
1.41617e-234
1.9162e-235
2.58733e-236
3.48618e-237
4.68749e-238
6.28961e-239
8.42174e-240
1.12532e-240
1.50056e-241
1.99677e-242
2.65161e-243
3.51394e-244
4.64716e-245
6.13326e-246
8.07804e-247
1.06178e-247
1.39277e-248
1.82323e-249
2.38191e-250
3.10548e-251
4.04071e-252
5.24701e-253
6.79978e-254
8.79472e-255
1.13756e-255
1.65027e-256
)
;

boundaryField
{
    sides
    {
        type            zeroGradient;
    }
    empty
    {
        type            empty;
    }
}


// ************************************************************************* //
