/*--------------------------------*- C++ -*----------------------------------*\
  =========                 |
  \\      /  F ield         | OpenFOAM: The Open Source CFD Toolbox
   \\    /   O peration     | Website:  https://openfoam.org
    \\  /    A nd           | Version:  13
     \\/     M anipulation  |
\*---------------------------------------------------------------------------*/
FoamFile
{
    format      ascii;
    class       volScalarField;
    location    "4.27";
    object      T;
}
// * * * * * * * * * * * * * * * * * * * * * * * * * * * * * * * * * * * * * //

dimensions      [0 0 0 1 0 0 0];

internalField   nonuniform List<scalar> 
1000
(
2.44744e-52
3.08512e-52
4.52384e-52
7.13145e-52
1.15727e-51
1.89759e-51
3.12142e-51
5.13719e-51
8.45077e-51
1.38902e-50
2.2809e-50
3.74171e-50
6.13182e-50
1.00384e-49
1.64169e-49
2.68207e-49
4.37724e-49
7.13647e-49
1.1623e-48
1.89105e-48
3.07354e-48
4.9903e-48
8.09402e-48
1.31145e-47
2.12271e-47
3.43226e-47
5.54393e-47
8.94552e-47
1.44192e-46
2.32182e-46
3.73477e-46
6.00133e-46
9.6334e-46
1.54476e-45
2.47451e-45
3.95973e-45
6.32979e-45
1.01079e-44
1.61242e-44
2.56948e-44
4.09032e-44
6.50454e-44
1.03329e-43
1.63974e-43
2.59939e-43
4.11638e-43
6.51185e-43
1.02906e-42
1.62449e-42
2.56179e-42
4.03564e-42
6.35076e-42
9.98353e-42
1.56778e-41
2.45942e-41
3.85409e-41
6.03331e-41
9.43479e-41
1.47385e-40
2.29993e-40
3.58526e-40
5.58301e-40
8.68478e-40
1.34956e-39
2.09491e-39
3.24849e-39
5.03198e-39
7.78642e-39
1.20359e-38
1.85848e-38
2.86669e-38
4.41715e-38
6.79899e-38
1.04541e-37
1.60572e-37
2.46372e-37
3.77619e-37
5.78169e-37
8.8429e-37
1.35106e-36
2.06202e-36
3.14375e-36
4.78788e-36
7.2841e-36
1.107e-35
1.68057e-35
2.5486e-35
3.86088e-35
5.84261e-35
8.83213e-35
1.33371e-34
2.01183e-34
3.03151e-34
4.56314e-34
6.86127e-34
1.03058e-33
1.5463e-33
2.31761e-33
3.46995e-33
5.18968e-33
7.75343e-33
1.15713e-32
1.72506e-32
2.56898e-32
3.82165e-32
5.67906e-32
8.43015e-32
1.25005e-31
1.85163e-31
2.73976e-31
4.04954e-31
5.97904e-31
8.81839e-31
1.29921e-30
1.91207e-30
2.81099e-30
4.12807e-30
6.05572e-30
8.87396e-30
1.29897e-29
1.89939e-29
2.77434e-29
4.04795e-29
5.89987e-29
8.58975e-29
1.24925e-28
1.81488e-28
2.63376e-28
3.81799e-28
5.52871e-28
7.99727e-28
1.15555e-27
1.66789e-27
2.40476e-27
3.46344e-27
4.98278e-27
7.16084e-27
1.02798e-26
1.47413e-26
2.1116e-26
3.02146e-26
4.31868e-26
6.16611e-26
8.79427e-26
1.2529e-25
1.78303e-25
2.53471e-25
3.59936e-25
5.10562e-25
7.23433e-25
1.02394e-24
1.4477e-24
2.04459e-24
2.88444e-24
4.06482e-24
5.72199e-24
8.04597e-24
1.13015e-23
1.58569e-23
2.22241e-23
3.1114e-23
4.35123e-23
6.07845e-23
8.482e-23
1.1823e-22
1.6462e-22
2.2896e-22
3.18098e-22
4.41454e-22
6.11976e-22
8.47435e-22
1.1722e-21
1.61965e-21
2.23543e-21
3.08195e-21
4.24436e-21
5.83877e-21
8.02331e-21
1.1013e-20
1.51002e-20
2.06815e-20
2.82945e-20
3.86673e-20
5.27846e-20
7.19767e-20
9.80389e-20
1.33391e-19
1.8129e-19
2.46118e-19
3.3376e-19
4.52111e-19
6.11754e-19
8.26855e-19
1.11635e-18
1.50555e-18
2.02818e-18
2.72923e-18
3.66853e-18
4.92566e-18
6.60627e-18
8.8505e-18
1.1844e-17
1.58325e-17
2.11406e-17
2.81972e-17
3.75676e-17
4.99965e-17
6.64636e-17
8.82567e-17
1.17066e-16
1.55106e-16
2.05281e-16
2.71384e-16
3.58377e-16
4.72729e-16
6.22879e-16
8.19807e-16
1.0778e-15
1.41541e-15
1.85671e-15
2.43289e-15
3.18433e-15
4.16324e-15
5.43703e-15
7.09265e-15
9.24215e-15
1.20297e-14
1.56406e-14
2.03127e-14
2.63511e-14
3.41465e-14
4.41988e-14
5.71467e-14
7.38054e-14
9.52141e-14
1.22696e-13
1.57934e-13
2.03066e-13
2.60804e-13
3.34586e-13
4.28763e-13
5.48835e-13
7.01749e-13
8.96268e-13
1.14343e-12
1.45712e-12
1.85481e-12
2.3584e-12
2.99537e-12
3.80013e-12
4.81573e-12
6.09594e-12
7.70787e-12
9.73517e-12
1.22819e-11
1.54777e-11
1.94832e-11
2.44979e-11
3.07689e-11
3.86021e-11
4.83753e-11
6.05553e-11
7.57172e-11
9.45697e-11
1.17984e-10
1.47032e-10
1.83026e-10
2.27577e-10
2.82656e-10
3.50674e-10
4.34574e-10
5.37945e-10
6.65161e-10
8.21543e-10
1.01356e-09
1.24905e-09
1.53754e-09
1.89055e-09
2.32201e-09
2.84876e-09
3.49108e-09
4.27346e-09
5.22534e-09
6.38209e-09
7.78622e-09
9.48865e-09
1.15504e-08
1.40445e-08
1.7058e-08
2.06949e-08
2.50793e-08
3.03586e-08
3.67082e-08
4.43364e-08
5.34898e-08
6.44611e-08
7.7596e-08
9.3303e-08
1.12064e-07
1.34448e-07
1.61123e-07
1.92874e-07
2.30626e-07
2.75459e-07
3.2864e-07
3.91653e-07
4.66226e-07
5.54381e-07
6.58471e-07
7.81233e-07
9.2585e-07
1.09602e-06
1.29601e-06
1.5308e-06
1.80611e-06
2.12857e-06
2.50581e-06
2.94662e-06
3.46114e-06
4.06097e-06
4.75947e-06
5.57192e-06
6.51582e-06
7.61117e-06
8.8808e-06
1.03507e-05
1.20506e-05
1.4014e-05
1.62794e-05
1.889e-05
2.1895e-05
2.535e-05
2.93177e-05
3.38689e-05
3.90835e-05
4.50511e-05
5.18727e-05
5.96613e-05
6.85437e-05
7.86618e-05
9.01741e-05
0.000103258
0.000118109
0.000134949
0.000154019
0.000175592
0.000199967
0.000227477
0.000258487
0.000293403
0.00033267
0.000376782
0.000426276
0.000481745
0.000543839
0.000613267
0.000690806
0.000777303
0.000873679
0.000980938
0.00110017
0.00123256
0.00137938
0.00154203
0.00172199
0.00192088
0.00214043
0.0023825
0.00264911
0.00294238
0.00326461
0.00361825
0.0040059
0.00443035
0.00489454
0.0054016
0.00595485
0.00655779
0.00721411
0.00792772
0.00870269
0.00954333
0.0104541
0.0114398
0.0125053
0.0136557
0.0148963
0.0162326
0.0176703
0.0192154
0.0208738
0.0226519
0.024556
0.0265928
0.0287688
0.0310909
0.033566
0.0362011
0.0390033
0.0419796
0.0451373
0.0484834
0.052025
0.0557693
0.059723
0.0638932
0.0682864
0.0729092
0.0777679
0.0828686
0.0882171
0.0938188
0.0996789
0.105802
0.112193
0.118855
0.125791
0.133005
0.140499
0.148275
0.156333
0.164675
0.1733
0.182207
0.191395
0.200861
0.210603
0.220616
0.230896
0.241439
0.252237
0.263285
0.274574
0.286097
0.297844
0.309805
0.321971
0.33433
0.34687
0.359579
0.372444
0.385452
0.398589
0.411839
0.425189
0.438622
0.452124
0.465678
0.479269
0.49288
0.506494
0.520096
0.533668
0.547194
0.560658
0.574044
0.587335
0.600516
0.613571
0.626484
0.639242
0.651829
0.664231
0.676435
0.688428
0.700196
0.711729
0.723014
0.734041
0.744798
0.755278
0.765469
0.775364
0.784955
0.794234
0.803195
0.811831
0.820136
0.828105
0.835734
0.843018
0.849954
0.856538
0.862766
0.868638
0.87415
0.8793
0.884087
0.88851
0.892567
0.896257
0.899579
0.902534
0.90512
0.907338
0.909186
0.910664
0.911774
0.912513
0.912883
0.912883
0.912513
0.911774
0.910664
0.909186
0.907338
0.90512
0.902534
0.899579
0.896257
0.892567
0.88851
0.884087
0.8793
0.87415
0.868638
0.862766
0.856538
0.849954
0.843018
0.835734
0.828105
0.820136
0.811831
0.803195
0.794234
0.784955
0.775364
0.765469
0.755278
0.744798
0.734041
0.723014
0.711729
0.700196
0.688428
0.676435
0.664231
0.651829
0.639242
0.626484
0.613571
0.600516
0.587335
0.574044
0.560658
0.547194
0.533668
0.520096
0.506494
0.49288
0.479269
0.465678
0.452124
0.438622
0.425189
0.411839
0.398589
0.385452
0.372444
0.359579
0.34687
0.33433
0.321971
0.309805
0.297844
0.286097
0.274574
0.263285
0.252237
0.241439
0.230896
0.220616
0.210603
0.200861
0.191395
0.182207
0.1733
0.164675
0.156333
0.148275
0.140499
0.133005
0.125791
0.118855
0.112193
0.105802
0.0996789
0.0938188
0.0882171
0.0828686
0.0777679
0.0729092
0.0682864
0.0638932
0.059723
0.0557693
0.052025
0.0484834
0.0451373
0.0419796
0.0390033
0.0362011
0.033566
0.0310909
0.0287688
0.0265928
0.024556
0.0226519
0.0208738
0.0192154
0.0176703
0.0162326
0.0148963
0.0136557
0.0125053
0.0114398
0.0104541
0.00954333
0.00870269
0.00792772
0.00721411
0.00655779
0.00595485
0.0054016
0.00489454
0.00443035
0.0040059
0.00361825
0.00326461
0.00294238
0.00264911
0.0023825
0.00214043
0.00192088
0.00172199
0.00154203
0.00137938
0.00123256
0.00110017
0.000980938
0.000873679
0.000777303
0.000690806
0.000613267
0.000543839
0.000481745
0.000426276
0.000376782
0.00033267
0.000293403
0.000258487
0.000227477
0.000199967
0.000175592
0.000154019
0.000134949
0.000118109
0.000103258
9.01741e-05
7.86618e-05
6.85437e-05
5.96613e-05
5.18727e-05
4.50511e-05
3.90835e-05
3.38689e-05
2.93177e-05
2.535e-05
2.1895e-05
1.889e-05
1.62794e-05
1.4014e-05
1.20506e-05
1.03507e-05
8.8808e-06
7.61117e-06
6.51582e-06
5.57192e-06
4.75947e-06
4.06097e-06
3.46114e-06
2.94662e-06
2.50581e-06
2.12857e-06
1.80611e-06
1.5308e-06
1.29601e-06
1.09602e-06
9.2585e-07
7.81233e-07
6.58471e-07
5.54381e-07
4.66226e-07
3.91653e-07
3.2864e-07
2.75459e-07
2.30626e-07
1.92874e-07
1.61123e-07
1.34448e-07
1.12064e-07
9.3303e-08
7.7596e-08
6.44611e-08
5.34898e-08
4.43364e-08
3.67082e-08
3.03586e-08
2.50793e-08
2.06949e-08
1.7058e-08
1.40445e-08
1.15504e-08
9.48865e-09
7.78622e-09
6.38209e-09
5.22534e-09
4.27346e-09
3.49108e-09
2.84876e-09
2.32201e-09
1.89055e-09
1.53754e-09
1.24905e-09
1.01356e-09
8.21543e-10
6.65161e-10
5.37945e-10
4.34574e-10
3.50674e-10
2.82656e-10
2.27577e-10
1.83026e-10
1.47032e-10
1.17984e-10
9.45697e-11
7.57172e-11
6.05553e-11
4.83753e-11
3.86021e-11
3.07689e-11
2.44979e-11
1.94832e-11
1.54777e-11
1.22819e-11
9.73517e-12
7.70787e-12
6.09594e-12
4.81573e-12
3.80013e-12
2.99537e-12
2.3584e-12
1.85481e-12
1.45712e-12
1.14343e-12
8.96268e-13
7.01749e-13
5.48835e-13
4.28763e-13
3.34586e-13
2.60804e-13
2.03066e-13
1.57934e-13
1.22696e-13
9.52141e-14
7.38054e-14
5.71467e-14
4.41988e-14
3.41465e-14
2.63511e-14
2.03127e-14
1.56406e-14
1.20297e-14
9.24215e-15
7.09265e-15
5.43703e-15
4.16324e-15
3.18433e-15
2.43289e-15
1.85671e-15
1.41541e-15
1.0778e-15
8.19807e-16
6.22879e-16
4.72729e-16
3.58377e-16
2.71384e-16
2.05281e-16
1.55106e-16
1.17066e-16
8.82567e-17
6.64636e-17
4.99965e-17
3.75676e-17
2.81972e-17
2.11406e-17
1.58325e-17
1.1844e-17
8.8505e-18
6.60627e-18
4.92566e-18
3.66853e-18
2.72923e-18
2.02818e-18
1.50555e-18
1.11635e-18
8.26855e-19
6.11754e-19
4.52111e-19
3.3376e-19
2.46118e-19
1.8129e-19
1.33391e-19
9.80389e-20
7.19767e-20
5.27846e-20
3.86673e-20
2.82945e-20
2.06815e-20
1.51002e-20
1.1013e-20
8.02331e-21
5.83877e-21
4.24436e-21
3.08195e-21
2.23543e-21
1.61965e-21
1.1722e-21
8.47435e-22
6.11976e-22
4.41454e-22
3.18098e-22
2.2896e-22
1.6462e-22
1.1823e-22
8.482e-23
6.07845e-23
4.35123e-23
3.1114e-23
2.22241e-23
1.58569e-23
1.13015e-23
8.04597e-24
5.72199e-24
4.06482e-24
2.88444e-24
2.04459e-24
1.4477e-24
1.02394e-24
7.23433e-25
5.10562e-25
3.59936e-25
2.53471e-25
1.78303e-25
1.2529e-25
8.79427e-26
6.16611e-26
4.31868e-26
3.02146e-26
2.1116e-26
1.47413e-26
1.02798e-26
7.16084e-27
4.98278e-27
3.46344e-27
2.40476e-27
1.66789e-27
1.15555e-27
7.99727e-28
5.52871e-28
3.81799e-28
2.63376e-28
1.81488e-28
1.24925e-28
8.58975e-29
5.89987e-29
4.04795e-29
2.77434e-29
1.89939e-29
1.29897e-29
8.87396e-30
6.05572e-30
4.12807e-30
2.81099e-30
1.91207e-30
1.29921e-30
8.81839e-31
5.97904e-31
4.04954e-31
2.73976e-31
1.85163e-31
1.25005e-31
8.43015e-32
5.67906e-32
3.82165e-32
2.56898e-32
1.72506e-32
1.15713e-32
7.75343e-33
5.18968e-33
3.46995e-33
2.31761e-33
1.5463e-33
1.03058e-33
6.86127e-34
4.56314e-34
3.03151e-34
2.01183e-34
1.33371e-34
8.83213e-35
5.84261e-35
3.86088e-35
2.5486e-35
1.68057e-35
1.107e-35
7.2841e-36
4.78788e-36
3.14375e-36
2.06202e-36
1.35106e-36
8.8429e-37
5.78169e-37
3.77619e-37
2.46372e-37
1.60572e-37
1.04541e-37
6.79899e-38
4.41715e-38
2.86669e-38
1.85848e-38
1.20359e-38
7.78642e-39
5.03198e-39
3.24849e-39
2.09491e-39
1.34956e-39
8.68478e-40
5.58301e-40
3.58526e-40
2.29993e-40
1.47385e-40
9.43479e-41
6.03331e-41
3.85409e-41
2.45942e-41
1.56778e-41
9.98353e-42
6.35076e-42
4.03564e-42
2.56179e-42
1.62449e-42
1.02906e-42
6.51185e-43
4.11638e-43
2.59939e-43
1.63974e-43
1.03329e-43
6.50454e-44
4.09032e-44
2.56948e-44
1.61242e-44
1.01079e-44
6.32979e-45
3.95973e-45
2.47451e-45
1.54476e-45
9.6334e-46
6.00133e-46
3.73477e-46
2.32182e-46
1.44192e-46
8.94552e-47
5.54393e-47
3.43226e-47
2.12271e-47
1.31145e-47
8.09402e-48
4.9903e-48
3.07354e-48
1.89105e-48
1.1623e-48
7.13647e-49
4.37724e-49
2.68207e-49
1.64169e-49
1.00384e-49
6.13182e-50
3.74171e-50
2.2809e-50
1.38902e-50
8.45077e-51
5.13719e-51
3.12142e-51
1.89759e-51
1.15727e-51
7.13145e-52
4.52384e-52
3.08512e-52
2.44744e-52
)
;

boundaryField
{
    sides
    {
        type            zeroGradient;
    }
    empty
    {
        type            empty;
    }
}


// ************************************************************************* //
