/*--------------------------------*- C++ -*----------------------------------*\
  =========                 |
  \\      /  F ield         | OpenFOAM: The Open Source CFD Toolbox
   \\    /   O peration     | Website:  https://openfoam.org
    \\  /    A nd           | Version:  13
     \\/     M anipulation  |
\*---------------------------------------------------------------------------*/
FoamFile
{
    format      ascii;
    class       volScalarField;
    location    "4.33";
    object      T;
}
// * * * * * * * * * * * * * * * * * * * * * * * * * * * * * * * * * * * * * //

dimensions      [0 0 0 1 0 0 0];

internalField   nonuniform List<scalar> 
1000
(
1.1473e-51
1.43852e-51
2.09362e-51
3.27573e-51
5.27838e-51
8.59709e-51
1.40498e-50
2.2975e-50
3.75544e-50
6.13367e-50
1.00086e-49
1.63154e-49
2.65695e-49
4.32243e-49
7.02475e-49
1.14049e-48
1.84973e-48
2.99697e-48
4.85078e-48
7.84329e-48
1.26689e-47
2.04427e-47
3.29528e-47
5.30641e-47
8.53621e-47
1.37178e-46
2.20221e-46
3.53172e-46
5.65808e-46
9.05536e-46
1.44776e-45
2.31228e-45
3.68925e-45
5.88017e-45
9.36254e-45
1.48919e-44
2.36625e-44
3.75598e-44
5.95577e-44
9.43419e-44
1.49287e-43
2.3599e-43
3.72662e-43
5.8788e-43
9.2643e-43
1.45844e-42
2.29358e-42
3.60321e-42
5.65479e-42
8.86529e-42
1.38842e-41
2.17218e-41
3.39486e-41
5.30026e-41
8.26649e-41
1.28794e-40
2.00455e-40
3.11664e-40
4.84067e-40
7.51055e-40
1.16409e-39
1.80239e-39
2.78779e-39
4.30742e-39
6.64847e-39
1.02512e-38
1.57896e-38
2.4295e-38
3.73429e-38
5.73384e-38
8.79486e-38
1.34759e-37
2.06269e-37
3.15394e-37
4.81748e-37
7.35073e-37
1.12043e-36
1.70603e-36
2.59496e-36
3.94294e-36
5.98486e-36
9.07468e-36
1.37452e-35
2.07978e-35
3.14358e-35
4.74653e-35
7.1593e-35
1.07872e-34
1.62363e-34
2.44123e-34
3.66669e-34
5.50149e-34
8.24573e-34
1.23458e-33
1.84651e-33
2.75882e-33
4.11755e-33
6.13895e-33
9.14303e-33
1.36028e-32
2.02164e-32
3.00139e-32
4.45123e-32
6.59444e-32
9.75922e-32
1.44275e-31
2.13063e-31
3.14315e-31
4.63191e-31
6.81857e-31
1.00269e-30
1.47291e-30
2.16136e-30
3.16821e-30
4.63917e-30
6.78584e-30
9.91528e-30
1.44725e-29
2.11018e-29
3.0735e-29
4.47181e-29
6.49936e-29
9.43615e-29
1.36853e-28
1.98268e-28
2.86936e-28
4.14815e-28
5.99044e-28
8.64171e-28
1.2453e-27
1.79262e-27
2.57771e-27
3.70268e-27
5.31291e-27
7.61524e-27
1.09036e-26
1.55952e-26
2.22815e-26
3.18004e-26
4.53373e-26
6.45672e-26
9.18549e-26
1.30535e-25
1.85303e-25
2.62768e-25
3.72216e-25
5.26685e-25
7.44457e-25
1.05114e-24
1.48257e-24
2.08881e-24
2.9398e-24
4.13302e-24
5.80429e-24
8.14258e-24
1.14106e-23
1.59729e-23
2.23352e-23
3.11981e-23
4.35309e-23
6.06733e-23
8.4475e-23
1.17487e-22
1.63223e-22
2.26518e-22
3.14018e-22
4.34847e-22
6.01517e-22
8.31168e-22
1.14725e-21
1.58183e-21
2.17866e-21
2.99742e-21
4.11941e-21
5.65524e-21
7.75525e-21
1.06235e-20
1.45369e-20
1.98702e-20
2.71307e-20
3.70038e-20
5.04152e-20
6.86126e-20
9.32768e-20
1.26669e-19
1.71829e-19
2.32835e-19
3.15158e-19
4.26123e-19
5.7553e-19
7.76477e-19
1.04644e-18
1.40874e-18
1.89439e-18
2.5447e-18
3.41451e-18
4.57665e-18
6.12763e-18
8.19528e-18
1.09486e-17
1.46111e-17
1.94774e-17
2.59361e-17
3.44987e-17
4.58381e-17
6.08381e-17
8.06585e-17
1.06819e-16
1.4131e-16
1.86733e-16
2.46488e-16
3.25007e-16
4.28071e-16
5.632e-16
7.40173e-16
9.71692e-16
1.27423e-15
1.66913e-15
2.18403e-15
2.85462e-15
3.72704e-15
4.86073e-15
6.33233e-15
8.24041e-15
1.07117e-14
1.39088e-14
1.80403e-14
2.33734e-14
3.02499e-14
3.91064e-14
5.05004e-14
6.51426e-14
8.39378e-14
1.08037e-13
1.38903e-13
1.7839e-13
2.28852e-13
2.93264e-13
3.75394e-13
4.79995e-13
6.13069e-13
7.82174e-13
9.96827e-13
1.26899e-12
1.61369e-12
2.04975e-12
2.60079e-12
3.29633e-12
4.1733e-12
5.27775e-12
6.66714e-12
8.41303e-12
1.06044e-11
1.33519e-11
1.67927e-11
2.10969e-11
2.64752e-11
3.3188e-11
4.1557e-11
5.19791e-11
6.49434e-11
8.10517e-11
1.01044e-10
1.25829e-10
1.5652e-10
1.94483e-10
2.41388e-10
2.99275e-10
3.70634e-10
4.58502e-10
5.66578e-10
6.99356e-10
8.62299e-10
1.06204e-09
1.3066e-09
1.6057e-09
1.9711e-09
2.41699e-09
2.96047e-09
3.62217e-09
4.42688e-09
5.4044e-09
6.59051e-09
8.02808e-09
9.76844e-09
1.1873e-08
1.44151e-08
1.74821e-08
2.11784e-08
2.56279e-08
3.09781e-08
3.74041e-08
4.51132e-08
5.43513e-08
6.54091e-08
7.86299e-08
9.4419e-08
1.13254e-07
1.35696e-07
1.62407e-07
1.94162e-07
2.3187e-07
2.76598e-07
3.2959e-07
3.92304e-07
4.66437e-07
5.53969e-07
6.57205e-07
7.78824e-07
9.21935e-07
1.09014e-06
1.28763e-06
1.51922e-06
1.7905e-06
2.10791e-06
2.47886e-06
2.91189e-06
3.41683e-06
4.00493e-06
4.68911e-06
5.48416e-06
6.407e-06
7.47694e-06
8.716e-06
1.01493e-05
1.18054e-05
1.37166e-05
1.592e-05
1.8457e-05
2.13751e-05
2.47274e-05
2.85744e-05
3.29838e-05
3.80323e-05
4.38056e-05
5.04005e-05
5.79252e-05
6.65009e-05
7.62632e-05
8.73637e-05
9.99713e-05
0.000114274
0.000130482
0.000148827
0.000169567
0.000192989
0.000219409
0.000249175
0.000282675
0.000320332
0.000362614
0.000410035
0.000463159
0.000522602
0.000589041
0.000663213
0.000745924
0.00083805
0.000940546
0.00105445
0.00118088
0.00132106
0.0014763
0.00164803
0.00183777
0.00204719
0.00227804
0.00253223
0.0028118
0.00311894
0.00345596
0.00382536
0.00422978
0.00467202
0.00515508
0.00568211
0.00625645
0.00688163
0.00756137
0.00829957
0.00910035
0.00996801
0.010907
0.0119222
0.0130183
0.0142005
0.015474
0.0168445
0.0183174
0.0198988
0.0215945
0.0234108
0.025354
0.0274306
0.0296472
0.0320104
0.0345272
0.0372043
0.0400487
0.0430674
0.0462674
0.0496556
0.053239
0.0570244
0.0610187
0.0652284
0.0696602
0.0743202
0.0792148
0.0843496
0.0897303
0.0953621
0.10125
0.107399
0.113812
0.120493
0.127447
0.134674
0.142178
0.14996
0.158021
0.166362
0.174981
0.183878
0.193052
0.2025
0.212219
0.222206
0.232455
0.242961
0.253719
0.264721
0.275961
0.28743
0.299119
0.311018
0.323118
0.335407
0.347874
0.360506
0.373291
0.386215
0.399266
0.412427
0.425686
0.439027
0.452435
0.465893
0.479387
0.4929
0.506417
0.51992
0.533394
0.546823
0.560191
0.573481
0.586678
0.599766
0.61273
0.625555
0.638226
0.650729
0.66305
0.675176
0.687093
0.69879
0.710254
0.721474
0.732438
0.743137
0.753562
0.763702
0.773549
0.783095
0.792333
0.801255
0.809856
0.81813
0.826071
0.833674
0.840935
0.84785
0.854415
0.860628
0.866486
0.871986
0.877126
0.881904
0.886319
0.89037
0.894055
0.897374
0.900325
0.902909
0.905124
0.90697
0.908448
0.909556
0.910295
0.910665
0.910665
0.910295
0.909556
0.908448
0.90697
0.905124
0.902909
0.900325
0.897374
0.894055
0.89037
0.886319
0.881904
0.877126
0.871986
0.866486
0.860628
0.854415
0.84785
0.840935
0.833674
0.826071
0.81813
0.809856
0.801255
0.792333
0.783095
0.773549
0.763702
0.753562
0.743137
0.732438
0.721474
0.710254
0.69879
0.687093
0.675176
0.66305
0.650729
0.638226
0.625555
0.61273
0.599766
0.586678
0.573481
0.560191
0.546823
0.533394
0.51992
0.506417
0.4929
0.479387
0.465893
0.452435
0.439027
0.425686
0.412427
0.399266
0.386215
0.373291
0.360506
0.347874
0.335407
0.323118
0.311018
0.299119
0.28743
0.275961
0.264721
0.253719
0.242961
0.232455
0.222206
0.212219
0.2025
0.193052
0.183878
0.174981
0.166362
0.158021
0.14996
0.142178
0.134674
0.127447
0.120493
0.113812
0.107399
0.10125
0.0953621
0.0897303
0.0843496
0.0792148
0.0743202
0.0696602
0.0652284
0.0610187
0.0570244
0.053239
0.0496556
0.0462674
0.0430674
0.0400487
0.0372043
0.0345272
0.0320104
0.0296472
0.0274306
0.025354
0.0234108
0.0215945
0.0198988
0.0183174
0.0168445
0.015474
0.0142005
0.0130183
0.0119222
0.010907
0.00996801
0.00910035
0.00829957
0.00756137
0.00688163
0.00625645
0.00568211
0.00515508
0.00467202
0.00422978
0.00382536
0.00345596
0.00311894
0.0028118
0.00253223
0.00227804
0.00204719
0.00183777
0.00164803
0.0014763
0.00132106
0.00118088
0.00105445
0.000940546
0.00083805
0.000745924
0.000663213
0.000589041
0.000522602
0.000463159
0.000410035
0.000362614
0.000320332
0.000282675
0.000249175
0.000219409
0.000192989
0.000169567
0.000148827
0.000130482
0.000114274
9.99713e-05
8.73637e-05
7.62632e-05
6.65009e-05
5.79252e-05
5.04005e-05
4.38056e-05
3.80323e-05
3.29838e-05
2.85744e-05
2.47274e-05
2.13751e-05
1.8457e-05
1.592e-05
1.37166e-05
1.18054e-05
1.01493e-05
8.716e-06
7.47694e-06
6.407e-06
5.48416e-06
4.68911e-06
4.00493e-06
3.41683e-06
2.91189e-06
2.47886e-06
2.10791e-06
1.7905e-06
1.51922e-06
1.28763e-06
1.09014e-06
9.21935e-07
7.78824e-07
6.57205e-07
5.53969e-07
4.66437e-07
3.92304e-07
3.2959e-07
2.76598e-07
2.3187e-07
1.94162e-07
1.62407e-07
1.35696e-07
1.13254e-07
9.4419e-08
7.86299e-08
6.54091e-08
5.43513e-08
4.51132e-08
3.74041e-08
3.09781e-08
2.56279e-08
2.11784e-08
1.74821e-08
1.44151e-08
1.1873e-08
9.76844e-09
8.02808e-09
6.59051e-09
5.4044e-09
4.42688e-09
3.62217e-09
2.96047e-09
2.41699e-09
1.9711e-09
1.6057e-09
1.3066e-09
1.06204e-09
8.62299e-10
6.99356e-10
5.66578e-10
4.58502e-10
3.70634e-10
2.99275e-10
2.41388e-10
1.94483e-10
1.5652e-10
1.25829e-10
1.01044e-10
8.10517e-11
6.49434e-11
5.19791e-11
4.1557e-11
3.3188e-11
2.64752e-11
2.10969e-11
1.67927e-11
1.33519e-11
1.06044e-11
8.41303e-12
6.66714e-12
5.27775e-12
4.1733e-12
3.29633e-12
2.60079e-12
2.04975e-12
1.61369e-12
1.26899e-12
9.96827e-13
7.82174e-13
6.13069e-13
4.79995e-13
3.75394e-13
2.93264e-13
2.28852e-13
1.7839e-13
1.38903e-13
1.08037e-13
8.39378e-14
6.51426e-14
5.05004e-14
3.91064e-14
3.02499e-14
2.33734e-14
1.80403e-14
1.39088e-14
1.07117e-14
8.24041e-15
6.33233e-15
4.86073e-15
3.72704e-15
2.85462e-15
2.18403e-15
1.66913e-15
1.27423e-15
9.71692e-16
7.40173e-16
5.632e-16
4.28071e-16
3.25007e-16
2.46488e-16
1.86733e-16
1.4131e-16
1.06819e-16
8.06585e-17
6.08381e-17
4.58381e-17
3.44987e-17
2.59361e-17
1.94774e-17
1.46111e-17
1.09486e-17
8.19528e-18
6.12763e-18
4.57665e-18
3.41451e-18
2.5447e-18
1.89439e-18
1.40874e-18
1.04644e-18
7.76477e-19
5.7553e-19
4.26123e-19
3.15158e-19
2.32835e-19
1.71829e-19
1.26669e-19
9.32768e-20
6.86126e-20
5.04152e-20
3.70038e-20
2.71307e-20
1.98702e-20
1.45369e-20
1.06235e-20
7.75525e-21
5.65524e-21
4.11941e-21
2.99742e-21
2.17866e-21
1.58183e-21
1.14725e-21
8.31168e-22
6.01517e-22
4.34847e-22
3.14018e-22
2.26518e-22
1.63223e-22
1.17487e-22
8.4475e-23
6.06733e-23
4.35309e-23
3.11981e-23
2.23352e-23
1.59729e-23
1.14106e-23
8.14258e-24
5.80429e-24
4.13302e-24
2.9398e-24
2.08881e-24
1.48257e-24
1.05114e-24
7.44457e-25
5.26685e-25
3.72216e-25
2.62768e-25
1.85303e-25
1.30535e-25
9.18549e-26
6.45672e-26
4.53373e-26
3.18004e-26
2.22815e-26
1.55952e-26
1.09036e-26
7.61524e-27
5.31291e-27
3.70268e-27
2.57771e-27
1.79262e-27
1.2453e-27
8.64171e-28
5.99044e-28
4.14815e-28
2.86936e-28
1.98268e-28
1.36853e-28
9.43615e-29
6.49936e-29
4.47181e-29
3.0735e-29
2.11018e-29
1.44725e-29
9.91528e-30
6.78584e-30
4.63917e-30
3.16821e-30
2.16136e-30
1.47291e-30
1.00269e-30
6.81857e-31
4.63191e-31
3.14315e-31
2.13063e-31
1.44275e-31
9.75922e-32
6.59444e-32
4.45123e-32
3.00139e-32
2.02164e-32
1.36028e-32
9.14303e-33
6.13895e-33
4.11755e-33
2.75882e-33
1.84651e-33
1.23458e-33
8.24573e-34
5.50149e-34
3.66669e-34
2.44123e-34
1.62363e-34
1.07872e-34
7.1593e-35
4.74653e-35
3.14358e-35
2.07978e-35
1.37452e-35
9.07468e-36
5.98486e-36
3.94294e-36
2.59496e-36
1.70603e-36
1.12043e-36
7.35073e-37
4.81748e-37
3.15394e-37
2.06269e-37
1.34759e-37
8.79486e-38
5.73384e-38
3.73429e-38
2.4295e-38
1.57896e-38
1.02512e-38
6.64847e-39
4.30742e-39
2.78779e-39
1.80239e-39
1.16409e-39
7.51055e-40
4.84067e-40
3.11664e-40
2.00455e-40
1.28794e-40
8.26649e-41
5.30026e-41
3.39486e-41
2.17218e-41
1.38842e-41
8.86529e-42
5.65479e-42
3.60321e-42
2.29358e-42
1.45844e-42
9.2643e-43
5.8788e-43
3.72662e-43
2.3599e-43
1.49287e-43
9.43419e-44
5.95577e-44
3.75598e-44
2.36625e-44
1.48919e-44
9.36254e-45
5.88017e-45
3.68925e-45
2.31228e-45
1.44776e-45
9.05536e-46
5.65808e-46
3.53172e-46
2.20221e-46
1.37178e-46
8.53621e-47
5.30641e-47
3.29528e-47
2.04427e-47
1.26689e-47
7.84329e-48
4.85078e-48
2.99697e-48
1.84973e-48
1.14049e-48
7.02475e-49
4.32243e-49
2.65695e-49
1.63154e-49
1.00086e-49
6.13367e-50
3.75544e-50
2.2975e-50
1.40498e-50
8.59709e-51
5.27838e-51
3.27573e-51
2.09362e-51
1.43852e-51
1.1473e-51
)
;

boundaryField
{
    sides
    {
        type            zeroGradient;
    }
    empty
    {
        type            empty;
    }
}


// ************************************************************************* //
