/*--------------------------------*- C++ -*----------------------------------*\
  =========                 |
  \\      /  F ield         | OpenFOAM: The Open Source CFD Toolbox
   \\    /   O peration     | Website:  https://openfoam.org
    \\  /    A nd           | Version:  13
     \\/     M anipulation  |
\*---------------------------------------------------------------------------*/
FoamFile
{
    format      ascii;
    class       volScalarField;
    location    "2.355";
    object      T;
}
// * * * * * * * * * * * * * * * * * * * * * * * * * * * * * * * * * * * * * //

dimensions      [0 0 0 1 0 0 0];

internalField   nonuniform List<scalar> 
1000
(
1.66281e-89
2.9234e-89
6.39123e-89
1.46636e-88
3.39152e-88
7.84624e-88
1.81306e-87
4.18343e-87
9.63825e-87
2.2172e-86
5.09275e-86
1.16799e-85
2.67463e-85
6.11542e-85
1.39613e-84
3.18245e-84
7.24324e-84
1.64604e-83
3.7349e-83
8.4616e-83
1.91407e-82
4.32311e-82
9.74913e-82
2.19515e-81
4.93508e-81
1.10778e-80
2.48278e-80
5.55587e-80
1.24134e-79
2.76923e-79
6.16808e-79
1.37172e-78
3.04583e-78
6.75256e-78
1.4947e-77
3.30339e-77
7.28933e-77
1.60596e-76
3.53266e-76
7.75867e-76
1.70134e-75
3.72487e-75
8.14231e-75
1.77705e-74
3.87228e-74
8.42457e-74
1.82996e-73
3.96871e-73
8.59347e-73
1.8578e-72
4.00995e-72
8.6415e-72
1.85929e-71
3.99407e-71
8.56623e-71
1.8343e-70
3.92155e-70
8.37047e-70
1.7838e-69
3.7953e-69
8.06212e-69
1.70984e-68
3.62043e-68
7.65363e-68
1.61538e-67
3.40393e-67
7.16118e-67
1.50413e-66
3.15417e-66
6.60359e-66
1.38029e-65
2.88041e-65
6.00113e-65
1.24826e-64
2.5922e-64
5.37432e-64
1.11242e-63
2.29882e-63
4.74276e-63
9.76888e-63
2.00885e-62
4.12416e-62
8.45298e-62
1.7297e-61
3.53358e-61
7.20682e-61
1.46743e-60
2.98298e-60
6.05378e-60
1.22655e-59
2.48097e-59
5.01e-59
1.01003e-58
2.03285e-58
4.08466e-58
8.19374e-58
1.64091e-57
3.28066e-57
6.54805e-57
1.30478e-56
2.59557e-56
5.15467e-56
1.02198e-55
2.02279e-55
3.99696e-55
7.88456e-55
1.55272e-54
3.05264e-54
5.99136e-54
1.17393e-53
2.29626e-53
4.48399e-53
8.74122e-53
1.70115e-52
3.30502e-52
6.41014e-52
1.24114e-51
2.39902e-51
4.62919e-51
8.91733e-51
1.71483e-50
3.29204e-50
6.30906e-50
1.20703e-49
2.3053e-49
4.39531e-49
8.36574e-49
1.58954e-48
3.01501e-48
5.70897e-48
1.07913e-47
2.0363e-47
3.83581e-47
7.21307e-47
1.35403e-46
2.53737e-46
4.74662e-46
8.86398e-46
1.65241e-45
3.07502e-45
5.71243e-45
1.05934e-44
1.96106e-44
3.62398e-44
6.68527e-44
1.23109e-43
2.26309e-43
4.15287e-43
7.6073e-43
1.39107e-42
2.53923e-42
4.62688e-42
8.41603e-42
1.52813e-41
2.76976e-41
5.01137e-41
9.05109e-41
1.63183e-40
2.93682e-40
5.27603e-40
9.46159e-40
1.69374e-39
3.02661e-39
5.39872e-39
9.61277e-39
1.70856e-38
3.03134e-38
5.36859e-38
9.4909e-38
1.67485e-37
2.95027e-37
5.18762e-37
9.10527e-37
1.59527e-36
2.78993e-36
4.87044e-36
8.48707e-36
1.47626e-35
2.56319e-35
4.44234e-35
7.68521e-35
1.32712e-34
2.28759e-34
3.93599e-34
6.7599e-34
1.15887e-33
1.98307e-33
3.38725e-33
5.77516e-33
9.82849e-33
1.66961e-32
2.83105e-32
4.79162e-32
8.09509e-32
1.3651e-31
2.29777e-31
3.86055e-31
6.47431e-31
1.08377e-30
1.81084e-30
3.02009e-30
5.02756e-30
8.35395e-30
1.38555e-29
2.29376e-29
3.79025e-29
6.25147e-29
1.02918e-28
1.69118e-28
2.77384e-28
4.54114e-28
7.42058e-28
1.21032e-27
1.9704e-27
3.2018e-27
5.19306e-27
8.40695e-27
1.35844e-26
2.19093e-26
3.52697e-26
5.66707e-26
9.08866e-26
1.45487e-25
2.32451e-25
3.70697e-25
5.90049e-25
9.37429e-25
1.48651e-24
2.35276e-24
3.71676e-24
5.86043e-24
9.223e-24
1.44874e-23
2.27136e-23
3.55432e-23
5.55139e-23
8.65408e-23
1.34652e-22
2.09112e-22
3.24128e-22
5.01447e-22
7.74293e-22
1.19332e-21
1.83559e-21
2.81815e-21
4.3184e-21
6.60462e-21
1.00819e-20
1.53603e-20
2.33575e-20
3.54501e-20
5.36999e-20
8.11884e-20
1.22512e-19
1.84513e-19
2.77355e-19
4.1611e-19
6.23077e-19
9.31186e-19
1.38896e-18
2.06779e-18
3.07241e-18
4.5563e-18
6.74378e-18
9.96211e-18
1.46878e-17
2.16132e-17
3.17422e-17
4.65275e-17
6.80673e-17
9.93851e-17
1.4483e-16
2.10643e-16
3.05767e-16
4.42982e-16
6.40521e-16
9.2434e-16
1.33132e-15
1.91373e-15
2.74556e-15
3.93124e-15
5.61795e-15
8.01262e-15
1.14056e-14
1.62036e-14
2.29748e-14
3.25115e-14
4.59166e-14
6.47213e-14
9.10481e-14
1.27832e-13
1.79123e-13
2.50501e-13
3.49631e-13
4.87028e-13
6.77081e-13
9.39443e-13
1.30089e-12
1.79786e-12
2.47976e-12
3.41354e-12
4.68965e-12
6.43009e-12
8.799e-12
1.20168e-11
1.63789e-11
2.22801e-11
3.02475e-11
4.09827e-11
5.54178e-11
7.47885e-11
1.0073e-10
1.354e-10
1.81642e-10
2.43192e-10
3.24952e-10
4.33337e-10
5.76723e-10
7.66027e-10
1.01544e-09
1.34339e-09
1.77372e-09
2.33723e-09
3.07364e-09
4.03402e-09
5.28393e-09
6.90733e-09
9.0115e-09
1.17332e-08
1.52465e-08
1.97723e-08
2.55904e-08
3.30545e-08
4.26105e-08
5.48196e-08
7.03862e-08
9.01928e-08
1.15342e-07
1.4721e-07
1.87508e-07
2.38361e-07
3.02401e-07
3.8288e-07
4.83811e-07
6.10128e-07
7.67889e-07
9.64516e-07
1.20907e-06
1.51262e-06
1.8886e-06
2.35332e-06
2.92656e-06
3.63218e-06
4.49894e-06
5.56145e-06
6.86118e-06
8.44781e-06
1.03806e-05
1.27303e-05
1.55808e-05
1.90316e-05
2.32004e-05
2.82262e-05
3.42725e-05
4.15314e-05
5.02278e-05
6.06246e-05
7.30286e-05
8.7796e-05
0.000105341
0.000126141
0.00015075
0.000179804
0.000214034
0.000254278
0.000301493
0.00035677
0.000421352
0.000496644
0.000584241
0.000685939
0.00080376
0.000939973
0.00109712
0.00127803
0.00148588
0.00172415
0.00199674
0.00230793
0.00266243
0.00306543
0.00352261
0.00404013
0.00462475
0.00528377
0.00602509
0.00685722
0.00778933
0.00883123
0.00999338
0.0112869
0.0127237
0.0143162
0.0160776
0.0180216
0.0201626
0.0225158
0.0250965
0.0279208
0.0310052
0.0343665
0.0380218
0.0419884
0.0462838
0.0509253
0.0559301
0.0613155
0.0670979
0.0732935
0.0799177
0.0869853
0.09451
0.102504
0.110979
0.119945
0.12941
0.139381
0.149862
0.160857
0.172365
0.184386
0.196915
0.209947
0.223472
0.23748
0.251957
0.266887
0.282252
0.29803
0.314199
0.330732
0.347603
0.364782
0.382236
0.399933
0.417838
0.435915
0.454128
0.472437
0.490804
0.509191
0.527559
0.545868
0.564079
0.582155
0.60006
0.617755
0.635208
0.652384
0.669252
0.685782
0.701947
0.71772
0.733079
0.748001
0.76247
0.776467
0.78998
0.802997
0.815509
0.827509
0.838993
0.849958
0.860405
0.870335
0.879753
0.888664
0.897074
0.904993
0.91243
0.919396
0.925903
0.931962
0.937587
0.942792
0.947589
0.951992
0.956015
0.95967
0.962971
0.965929
0.968557
0.970863
0.972859
0.974554
0.975953
0.977065
0.977894
0.978445
0.97872
0.97872
0.978445
0.977894
0.977065
0.975953
0.974554
0.972859
0.970863
0.968557
0.965929
0.962971
0.95967
0.956015
0.951992
0.947589
0.942792
0.937587
0.931962
0.925903
0.919396
0.91243
0.904993
0.897074
0.888664
0.879753
0.870335
0.860405
0.849958
0.838993
0.827509
0.815509
0.802997
0.78998
0.776467
0.76247
0.748001
0.733079
0.71772
0.701947
0.685782
0.669252
0.652384
0.635208
0.617755
0.60006
0.582155
0.564079
0.545868
0.527559
0.509191
0.490804
0.472437
0.454128
0.435915
0.417838
0.399933
0.382236
0.364782
0.347603
0.330732
0.314199
0.29803
0.282252
0.266887
0.251957
0.23748
0.223472
0.209947
0.196915
0.184386
0.172365
0.160857
0.149862
0.139381
0.12941
0.119945
0.110979
0.102504
0.09451
0.0869853
0.0799177
0.0732935
0.0670979
0.0613155
0.0559301
0.0509253
0.0462838
0.0419884
0.0380218
0.0343665
0.0310052
0.0279208
0.0250965
0.0225158
0.0201626
0.0180216
0.0160776
0.0143162
0.0127237
0.0112869
0.00999338
0.00883123
0.00778933
0.00685722
0.00602509
0.00528377
0.00462475
0.00404013
0.00352261
0.00306543
0.00266243
0.00230793
0.00199674
0.00172415
0.00148588
0.00127803
0.00109712
0.000939973
0.00080376
0.000685939
0.000584241
0.000496644
0.000421352
0.00035677
0.000301493
0.000254278
0.000214034
0.000179804
0.00015075
0.000126141
0.000105341
8.7796e-05
7.30286e-05
6.06246e-05
5.02278e-05
4.15314e-05
3.42725e-05
2.82262e-05
2.32004e-05
1.90316e-05
1.55808e-05
1.27303e-05
1.03806e-05
8.44781e-06
6.86118e-06
5.56145e-06
4.49894e-06
3.63218e-06
2.92656e-06
2.35332e-06
1.8886e-06
1.51262e-06
1.20907e-06
9.64516e-07
7.67889e-07
6.10128e-07
4.83811e-07
3.8288e-07
3.02401e-07
2.38361e-07
1.87508e-07
1.4721e-07
1.15342e-07
9.01928e-08
7.03862e-08
5.48196e-08
4.26105e-08
3.30545e-08
2.55904e-08
1.97723e-08
1.52465e-08
1.17332e-08
9.0115e-09
6.90733e-09
5.28393e-09
4.03402e-09
3.07364e-09
2.33723e-09
1.77372e-09
1.34339e-09
1.01544e-09
7.66027e-10
5.76723e-10
4.33337e-10
3.24952e-10
2.43192e-10
1.81642e-10
1.354e-10
1.0073e-10
7.47885e-11
5.54178e-11
4.09827e-11
3.02475e-11
2.22801e-11
1.63789e-11
1.20168e-11
8.799e-12
6.43009e-12
4.68965e-12
3.41354e-12
2.47976e-12
1.79786e-12
1.30089e-12
9.39443e-13
6.77081e-13
4.87028e-13
3.49631e-13
2.50501e-13
1.79123e-13
1.27832e-13
9.10481e-14
6.47213e-14
4.59166e-14
3.25115e-14
2.29748e-14
1.62036e-14
1.14056e-14
8.01262e-15
5.61795e-15
3.93124e-15
2.74556e-15
1.91373e-15
1.33132e-15
9.2434e-16
6.40521e-16
4.42982e-16
3.05767e-16
2.10643e-16
1.4483e-16
9.93851e-17
6.80673e-17
4.65275e-17
3.17422e-17
2.16132e-17
1.46878e-17
9.96211e-18
6.74378e-18
4.5563e-18
3.07241e-18
2.06779e-18
1.38896e-18
9.31186e-19
6.23077e-19
4.1611e-19
2.77355e-19
1.84513e-19
1.22512e-19
8.11884e-20
5.36999e-20
3.54501e-20
2.33575e-20
1.53603e-20
1.00819e-20
6.60462e-21
4.3184e-21
2.81815e-21
1.83559e-21
1.19332e-21
7.74293e-22
5.01447e-22
3.24128e-22
2.09112e-22
1.34652e-22
8.65408e-23
5.55139e-23
3.55432e-23
2.27136e-23
1.44874e-23
9.223e-24
5.86043e-24
3.71676e-24
2.35276e-24
1.48651e-24
9.37429e-25
5.90049e-25
3.70697e-25
2.32451e-25
1.45487e-25
9.08866e-26
5.66707e-26
3.52697e-26
2.19093e-26
1.35844e-26
8.40695e-27
5.19306e-27
3.2018e-27
1.9704e-27
1.21032e-27
7.42058e-28
4.54114e-28
2.77384e-28
1.69118e-28
1.02918e-28
6.25147e-29
3.79025e-29
2.29376e-29
1.38555e-29
8.35395e-30
5.02756e-30
3.02009e-30
1.81084e-30
1.08377e-30
6.47431e-31
3.86055e-31
2.29777e-31
1.3651e-31
8.09509e-32
4.79162e-32
2.83105e-32
1.66961e-32
9.82849e-33
5.77516e-33
3.38725e-33
1.98307e-33
1.15887e-33
6.7599e-34
3.93599e-34
2.28759e-34
1.32712e-34
7.68521e-35
4.44234e-35
2.56319e-35
1.47626e-35
8.48707e-36
4.87044e-36
2.78993e-36
1.59527e-36
9.10527e-37
5.18762e-37
2.95027e-37
1.67485e-37
9.4909e-38
5.36859e-38
3.03134e-38
1.70856e-38
9.61277e-39
5.39872e-39
3.02661e-39
1.69374e-39
9.46159e-40
5.27603e-40
2.93682e-40
1.63183e-40
9.05109e-41
5.01137e-41
2.76976e-41
1.52813e-41
8.41603e-42
4.62688e-42
2.53923e-42
1.39107e-42
7.6073e-43
4.15287e-43
2.26309e-43
1.23109e-43
6.68527e-44
3.62398e-44
1.96106e-44
1.05934e-44
5.71243e-45
3.07502e-45
1.65241e-45
8.86398e-46
4.74662e-46
2.53737e-46
1.35403e-46
7.21307e-47
3.83581e-47
2.0363e-47
1.07913e-47
5.70897e-48
3.01501e-48
1.58954e-48
8.36574e-49
4.39531e-49
2.3053e-49
1.20703e-49
6.30906e-50
3.29204e-50
1.71483e-50
8.91733e-51
4.62919e-51
2.39902e-51
1.24114e-51
6.41014e-52
3.30502e-52
1.70115e-52
8.74122e-53
4.48399e-53
2.29626e-53
1.17393e-53
5.99136e-54
3.05264e-54
1.55272e-54
7.88456e-55
3.99696e-55
2.02279e-55
1.02198e-55
5.15467e-56
2.59557e-56
1.30478e-56
6.54805e-57
3.28066e-57
1.64091e-57
8.19374e-58
4.08466e-58
2.03285e-58
1.01003e-58
5.01e-59
2.48097e-59
1.22655e-59
6.05378e-60
2.98298e-60
1.46743e-60
7.20682e-61
3.53358e-61
1.7297e-61
8.45298e-62
4.12416e-62
2.00885e-62
9.76888e-63
4.74276e-63
2.29882e-63
1.11242e-63
5.37432e-64
2.5922e-64
1.24826e-64
6.00113e-65
2.88041e-65
1.38029e-65
6.60359e-66
3.15417e-66
1.50413e-66
7.16118e-67
3.40393e-67
1.61538e-67
7.65363e-68
3.62043e-68
1.70984e-68
8.06212e-69
3.7953e-69
1.7838e-69
8.37047e-70
3.92155e-70
1.8343e-70
8.56623e-71
3.99407e-71
1.85929e-71
8.6415e-72
4.00995e-72
1.8578e-72
8.59347e-73
3.96871e-73
1.82996e-73
8.42457e-74
3.87228e-74
1.77705e-74
8.14231e-75
3.72487e-75
1.70134e-75
7.75867e-76
3.53266e-76
1.60596e-76
7.28933e-77
3.30339e-77
1.4947e-77
6.75256e-78
3.04583e-78
1.37172e-78
6.16808e-79
2.76923e-79
1.24134e-79
5.55587e-80
2.48278e-80
1.10778e-80
4.93508e-81
2.19515e-81
9.74913e-82
4.32311e-82
1.91407e-82
8.4616e-83
3.7349e-83
1.64604e-83
7.24324e-84
3.18245e-84
1.39613e-84
6.11542e-85
2.67463e-85
1.16799e-85
5.09275e-86
2.2172e-86
9.63825e-87
4.18343e-87
1.81306e-87
7.84624e-88
3.39152e-88
1.46636e-88
6.39123e-89
2.9234e-89
1.66281e-89
)
;

boundaryField
{
    sides
    {
        type            zeroGradient;
    }
    empty
    {
        type            empty;
    }
}


// ************************************************************************* //
