/*--------------------------------*- C++ -*----------------------------------*\
  =========                 |
  \\      /  F ield         | OpenFOAM: The Open Source CFD Toolbox
   \\    /   O peration     | Website:  https://openfoam.org
    \\  /    A nd           | Version:  13
     \\/     M anipulation  |
\*---------------------------------------------------------------------------*/
FoamFile
{
    format      ascii;
    class       volScalarField;
    location    "0.625";
    object      T;
}
// * * * * * * * * * * * * * * * * * * * * * * * * * * * * * * * * * * * * * //

dimensions      [0 0 0 1 0 0 0];

internalField   nonuniform List<scalar> 
1000
(
2.46953e-239
1.51201e-238
1.04996e-237
7.29691e-237
5.06127e-236
3.50355e-235
2.42037e-234
1.66871e-233
1.14815e-232
7.88385e-232
5.4025e-231
3.6946e-230
2.52147e-229
1.71732e-228
1.16724e-227
7.91723e-227
5.35913e-226
3.62008e-225
2.4403e-224
1.64161e-223
1.10203e-222
7.38261e-222
4.93539e-221
3.29249e-220
2.19188e-219
1.45611e-218
9.65291e-218
6.38565e-217
4.21534e-216
2.77676e-215
1.82524e-214
1.19723e-213
7.83619e-213
5.11803e-212
3.33556e-211
2.16921e-210
1.40765e-209
9.1149e-209
5.88934e-208
3.79698e-207
2.44267e-206
1.56799e-205
1.00432e-204
6.41869e-204
4.09325e-203
2.60455e-202
1.65363e-201
1.04756e-200
6.62156e-200
4.17613e-199
2.62796e-198
1.65004e-197
1.0337e-196
6.46131e-196
4.02966e-195
2.50747e-194
1.55675e-193
9.64316e-193
5.95979e-192
3.67496e-191
2.26091e-190
1.38777e-189
8.49874e-189
5.19268e-188
3.16539e-187
1.92512e-186
1.1681e-185
7.07121e-185
4.27065e-184
2.57324e-183
1.54685e-182
9.27678e-182
5.55039e-181
3.31302e-180
1.97286e-179
1.17203e-178
6.94623e-178
4.10699e-177
2.42247e-176
1.42546e-175
8.36767e-175
4.90015e-174
2.86263e-173
1.66828e-172
9.69882e-172
5.62486e-171
3.2542e-170
1.87808e-169
1.08123e-168
6.20947e-168
3.55729e-167
2.03288e-166
1.15885e-165
6.58962e-165
3.73778e-164
2.11486e-163
1.1936e-162
6.71969e-162
3.77349e-161
2.11369e-160
1.18097e-159
6.58165e-159
3.65868e-158
2.02864e-157
1.12195e-156
6.18913e-156
3.40539e-155
1.86889e-154
1.023e-153
5.58525e-153
3.04143e-152
1.65189e-151
8.94847e-151
4.83478e-150
2.60533e-149
1.40024e-148
7.50574e-148
4.01267e-147
2.13953e-146
1.13774e-145
6.03405e-145
3.1916e-144
1.68361e-143
8.85731e-143
4.64717e-142
2.43162e-141
1.26889e-140
6.60338e-140
3.42705e-139
1.77372e-138
9.15489e-138
4.7122e-137
2.41876e-136
1.2381e-135
6.31993e-135
3.21704e-134
1.63299e-133
8.26596e-133
4.17234e-132
2.1001e-131
1.05408e-130
5.27558e-130
2.63288e-129
1.31024e-128
6.50171e-128
3.21704e-127
1.58721e-126
7.80829e-126
3.83018e-125
1.87335e-124
9.13595e-124
4.4424e-123
2.15381e-122
1.04117e-121
5.01823e-121
2.41155e-120
1.15545e-119
5.51968e-119
2.62893e-118
1.24837e-117
5.9102e-117
2.78967e-116
1.31277e-115
6.15898e-115
2.88076e-114
1.34332e-113
6.24488e-113
2.89424e-112
1.33723e-111
6.1594e-111
2.82829e-110
1.29467e-109
5.90797e-109
2.68757e-108
1.21876e-107
5.50949e-107
2.48274e-106
1.11526e-105
4.9939e-105
2.22905e-104
9.91768e-104
4.39853e-103
1.94449e-102
8.56846e-102
3.76351e-101
1.64767e-100
7.19007e-100
3.12734e-99
1.35579e-98
5.85838e-98
2.52307e-97
1.08303e-96
4.63352e-96
1.97574e-95
8.39648e-95
3.55636e-94
1.50124e-93
6.3158e-93
2.64809e-92
1.10652e-91
4.6079e-91
1.91232e-90
7.90904e-90
3.25979e-89
1.33892e-88
5.48036e-88
2.23539e-87
9.0861e-87
3.68027e-86
1.48543e-85
5.97438e-85
2.39439e-84
9.56206e-84
3.80504e-83
1.50873e-82
5.96081e-82
2.34657e-81
9.20427e-81
3.59724e-80
1.40077e-79
5.43475e-79
2.10086e-78
8.09127e-78
3.10479e-77
1.18696e-76
4.52093e-76
1.71552e-75
6.48542e-75
2.44257e-74
9.16468e-74
3.42565e-73
1.27561e-72
4.73193e-72
1.74862e-71
6.43701e-71
2.36047e-70
8.62251e-70
3.13749e-69
1.1372e-68
4.10577e-68
1.47654e-67
5.28917e-67
1.88717e-66
6.70673e-66
2.374e-65
8.36978e-65
2.93903e-64
1.02789e-63
3.58039e-63
1.24209e-62
4.29149e-62
1.47668e-61
5.06038e-61
1.72699e-60
5.86952e-60
1.98661e-59
6.69596e-59
2.24749e-58
7.51206e-58
2.50029e-57
8.28678e-57
2.73487e-56
8.98747e-56
2.9409e-55
9.58202e-55
3.10858e-54
1.00413e-53
3.22944e-53
1.03412e-52
3.29698e-52
1.04653e-51
3.30729e-51
1.04056e-50
3.25936e-50
1.01639e-49
3.15528e-49
9.75135e-49
3.00006e-48
9.18809e-48
2.8012e-47
8.50116e-47
2.56815e-46
7.72256e-46
2.3115e-45
6.88669e-45
2.04222e-44
6.02784e-44
1.77085e-43
5.17788e-43
1.50683e-42
4.36429e-42
1.25802e-41
3.60897e-41
1.03035e-40
2.92746e-40
8.27731e-40
2.32901e-39
6.52125e-39
1.81701e-38
5.03781e-38
1.38988e-37
3.81552e-37
1.04223e-36
2.83267e-36
7.66026e-36
2.06109e-35
5.51759e-35
1.46957e-34
3.89411e-34
1.02659e-33
2.69244e-33
7.02504e-33
1.82345e-32
4.70838e-32
1.20941e-31
3.09023e-31
7.85441e-31
1.98578e-30
4.99388e-30
1.24917e-29
3.10793e-29
7.69095e-29
1.89294e-28
4.63377e-28
1.12813e-27
2.73153e-27
6.57751e-27
1.57513e-26
3.75114e-26
8.88362e-26
2.09212e-25
4.89943e-25
1.14092e-24
2.64183e-24
6.08256e-24
1.39248e-23
3.16958e-23
7.17325e-23
1.61406e-22
3.61083e-22
8.03088e-22
1.77574e-21
3.90344e-21
8.53011e-21
1.85307e-20
4.00174e-20
8.59045e-20
1.83308e-19
3.8881e-19
8.19731e-19
1.71781e-18
3.57796e-18
7.40703e-18
1.52402e-17
3.11649e-17
6.3337e-17
1.27925e-16
2.56775e-16
5.12194e-16
1.0153e-15
1.99995e-15
3.91472e-15
7.61426e-15
1.4716e-14
2.82605e-14
5.39243e-14
1.02234e-13
1.92576e-13
3.60408e-13
6.70135e-13
1.23793e-12
2.27189e-12
4.14214e-12
7.50239e-12
1.3499e-11
2.4128e-11
4.28401e-11
7.55576e-11
1.32372e-10
2.30353e-10
3.98167e-10
6.83594e-10
1.1657e-09
1.97432e-09
3.32114e-09
5.54862e-09
9.20667e-09
1.51716e-08
2.48293e-08
4.03546e-08
6.51344e-08
1.04402e-07
1.6618e-07
2.62674e-07
4.12301e-07
6.42635e-07
9.94628e-07
1.52861e-06
2.33275e-06
3.53481e-06
5.31849e-06
7.94564e-06
1.17864e-05
1.73598e-05
2.5387e-05
3.6862e-05
5.31427e-05
7.60682e-05
0.000108107
0.000152544
0.00021371
0.000297264
0.00041053
0.000562903
0.000766318
0.00103579
0.00139003
0.00185211
0.00245022
0.00321841
0.0041974
0.00543535
0.00698857
0.00892219
0.0113105
0.0142375
0.0177965
0.02209
0.0272288
0.0333309
0.04052
0.0489226
0.0586661
0.069875
0.0826674
0.0971514
0.11342
0.131549
0.151589
0.173566
0.197475
0.223278
0.250903
0.280243
0.311154
0.343462
0.376959
0.411411
0.446562
0.48214
0.51786
0.553438
0.588589
0.623041
0.656538
0.688846
0.719757
0.749097
0.776722
0.802525
0.826434
0.848411
0.868451
0.88658
0.902849
0.917333
0.930125
0.941334
0.951077
0.95948
0.966669
0.972771
0.97791
0.982203
0.985762
0.988689
0.991078
0.993011
0.994565
0.995803
0.996782
0.99755
0.998148
0.99861
0.998964
0.999234
0.999437
0.999589
0.999703
0.999786
0.999847
0.999892
0.999924
0.999947
0.999963
0.999974
0.999982
0.999987
0.99999
0.999991
0.999991
0.99999
0.999987
0.999982
0.999974
0.999963
0.999947
0.999924
0.999892
0.999847
0.999786
0.999703
0.999589
0.999437
0.999234
0.998964
0.99861
0.998148
0.99755
0.996782
0.995803
0.994565
0.993011
0.991078
0.988689
0.985762
0.982203
0.97791
0.972771
0.966669
0.95948
0.951077
0.941334
0.930125
0.917333
0.902849
0.88658
0.868451
0.848411
0.826434
0.802525
0.776722
0.749097
0.719757
0.688846
0.656538
0.623041
0.588589
0.553438
0.51786
0.48214
0.446562
0.411411
0.376959
0.343462
0.311154
0.280243
0.250903
0.223278
0.197475
0.173566
0.151589
0.131549
0.11342
0.0971514
0.0826674
0.069875
0.0586661
0.0489226
0.04052
0.0333309
0.0272288
0.02209
0.0177965
0.0142375
0.0113105
0.00892219
0.00698857
0.00543535
0.0041974
0.00321841
0.00245022
0.00185211
0.00139003
0.00103579
0.000766318
0.000562903
0.00041053
0.000297264
0.00021371
0.000152544
0.000108107
7.60682e-05
5.31427e-05
3.6862e-05
2.5387e-05
1.73598e-05
1.17864e-05
7.94564e-06
5.31849e-06
3.53481e-06
2.33275e-06
1.52861e-06
9.94628e-07
6.42635e-07
4.12301e-07
2.62674e-07
1.6618e-07
1.04402e-07
6.51344e-08
4.03546e-08
2.48293e-08
1.51716e-08
9.20667e-09
5.54862e-09
3.32114e-09
1.97432e-09
1.1657e-09
6.83594e-10
3.98167e-10
2.30353e-10
1.32372e-10
7.55576e-11
4.28401e-11
2.4128e-11
1.3499e-11
7.50239e-12
4.14214e-12
2.27189e-12
1.23793e-12
6.70135e-13
3.60408e-13
1.92576e-13
1.02234e-13
5.39243e-14
2.82605e-14
1.4716e-14
7.61426e-15
3.91472e-15
1.99995e-15
1.0153e-15
5.12194e-16
2.56775e-16
1.27925e-16
6.3337e-17
3.11649e-17
1.52402e-17
7.40703e-18
3.57796e-18
1.71781e-18
8.19731e-19
3.8881e-19
1.83308e-19
8.59045e-20
4.00174e-20
1.85307e-20
8.53011e-21
3.90344e-21
1.77574e-21
8.03088e-22
3.61083e-22
1.61406e-22
7.17325e-23
3.16958e-23
1.39248e-23
6.08256e-24
2.64183e-24
1.14092e-24
4.89943e-25
2.09212e-25
8.88362e-26
3.75114e-26
1.57513e-26
6.57751e-27
2.73153e-27
1.12813e-27
4.63377e-28
1.89294e-28
7.69095e-29
3.10793e-29
1.24917e-29
4.99388e-30
1.98578e-30
7.85441e-31
3.09023e-31
1.20941e-31
4.70838e-32
1.82345e-32
7.02504e-33
2.69244e-33
1.02659e-33
3.89411e-34
1.46957e-34
5.51759e-35
2.06109e-35
7.66026e-36
2.83267e-36
1.04223e-36
3.81552e-37
1.38988e-37
5.03781e-38
1.81701e-38
6.52125e-39
2.32901e-39
8.27731e-40
2.92746e-40
1.03035e-40
3.60897e-41
1.25802e-41
4.36429e-42
1.50683e-42
5.17788e-43
1.77085e-43
6.02784e-44
2.04222e-44
6.88669e-45
2.3115e-45
7.72256e-46
2.56815e-46
8.50116e-47
2.8012e-47
9.18809e-48
3.00006e-48
9.75135e-49
3.15528e-49
1.01639e-49
3.25936e-50
1.04056e-50
3.30729e-51
1.04653e-51
3.29698e-52
1.03412e-52
3.22944e-53
1.00413e-53
3.10858e-54
9.58202e-55
2.9409e-55
8.98747e-56
2.73487e-56
8.28678e-57
2.50029e-57
7.51206e-58
2.24749e-58
6.69596e-59
1.98661e-59
5.86952e-60
1.72699e-60
5.06038e-61
1.47668e-61
4.29149e-62
1.24209e-62
3.58039e-63
1.02789e-63
2.93903e-64
8.36978e-65
2.374e-65
6.70673e-66
1.88717e-66
5.28917e-67
1.47654e-67
4.10577e-68
1.1372e-68
3.13749e-69
8.62251e-70
2.36047e-70
6.43701e-71
1.74862e-71
4.73193e-72
1.27561e-72
3.42565e-73
9.16468e-74
2.44257e-74
6.48542e-75
1.71552e-75
4.52093e-76
1.18696e-76
3.10479e-77
8.09127e-78
2.10086e-78
5.43475e-79
1.40077e-79
3.59724e-80
9.20427e-81
2.34657e-81
5.96081e-82
1.50873e-82
3.80504e-83
9.56206e-84
2.39439e-84
5.97438e-85
1.48543e-85
3.68027e-86
9.0861e-87
2.23539e-87
5.48036e-88
1.33892e-88
3.25979e-89
7.90904e-90
1.91232e-90
4.6079e-91
1.10652e-91
2.64809e-92
6.3158e-93
1.50124e-93
3.55636e-94
8.39648e-95
1.97574e-95
4.63352e-96
1.08303e-96
2.52307e-97
5.85838e-98
1.35579e-98
3.12734e-99
7.19007e-100
1.64767e-100
3.76351e-101
8.56846e-102
1.94449e-102
4.39853e-103
9.91768e-104
2.22905e-104
4.9939e-105
1.11526e-105
2.48274e-106
5.50949e-107
1.21876e-107
2.68757e-108
5.90797e-109
1.29467e-109
2.82829e-110
6.1594e-111
1.33723e-111
2.89424e-112
6.24488e-113
1.34332e-113
2.88076e-114
6.15898e-115
1.31277e-115
2.78967e-116
5.9102e-117
1.24837e-117
2.62893e-118
5.51968e-119
1.15545e-119
2.41155e-120
5.01823e-121
1.04117e-121
2.15381e-122
4.4424e-123
9.13595e-124
1.87335e-124
3.83018e-125
7.80829e-126
1.58721e-126
3.21704e-127
6.50171e-128
1.31024e-128
2.63288e-129
5.27558e-130
1.05408e-130
2.1001e-131
4.17234e-132
8.26596e-133
1.63299e-133
3.21704e-134
6.31993e-135
1.2381e-135
2.41876e-136
4.7122e-137
9.15489e-138
1.77372e-138
3.42705e-139
6.60338e-140
1.26889e-140
2.43162e-141
4.64717e-142
8.85731e-143
1.68361e-143
3.1916e-144
6.03405e-145
1.13774e-145
2.13953e-146
4.01267e-147
7.50574e-148
1.40024e-148
2.60533e-149
4.83478e-150
8.94847e-151
1.65189e-151
3.04143e-152
5.58525e-153
1.023e-153
1.86889e-154
3.40539e-155
6.18913e-156
1.12195e-156
2.02864e-157
3.65868e-158
6.58165e-159
1.18097e-159
2.11369e-160
3.77349e-161
6.71969e-162
1.1936e-162
2.11486e-163
3.73778e-164
6.58962e-165
1.15885e-165
2.03288e-166
3.55729e-167
6.20947e-168
1.08123e-168
1.87808e-169
3.2542e-170
5.62486e-171
9.69882e-172
1.66828e-172
2.86263e-173
4.90015e-174
8.36767e-175
1.42546e-175
2.42247e-176
4.10699e-177
6.94623e-178
1.17203e-178
1.97286e-179
3.31302e-180
5.55039e-181
9.27678e-182
1.54685e-182
2.57324e-183
4.27065e-184
7.07121e-185
1.1681e-185
1.92512e-186
3.16539e-187
5.19268e-188
8.49874e-189
1.38777e-189
2.26091e-190
3.67496e-191
5.95979e-192
9.64316e-193
1.55675e-193
2.50747e-194
4.02966e-195
6.46131e-196
1.0337e-196
1.65004e-197
2.62796e-198
4.17613e-199
6.62156e-200
1.04756e-200
1.65363e-201
2.60455e-202
4.09325e-203
6.41869e-204
1.00432e-204
1.56799e-205
2.44267e-206
3.79698e-207
5.88934e-208
9.1149e-209
1.40765e-209
2.16921e-210
3.33556e-211
5.11803e-212
7.83619e-213
1.19723e-213
1.82524e-214
2.77676e-215
4.21534e-216
6.38565e-217
9.65291e-218
1.45611e-218
2.19188e-219
3.29249e-220
4.93539e-221
7.38261e-222
1.10203e-222
1.64161e-223
2.4403e-224
3.62008e-225
5.35913e-226
7.91723e-227
1.16724e-227
1.71732e-228
2.52147e-229
3.6946e-230
5.4025e-231
7.88385e-232
1.14815e-232
1.66871e-233
2.42037e-234
3.50355e-235
5.06127e-236
7.29691e-237
1.04996e-237
1.51201e-238
2.46953e-239
)
;

boundaryField
{
    sides
    {
        type            zeroGradient;
    }
    empty
    {
        type            empty;
    }
}


// ************************************************************************* //
