/*--------------------------------*- C++ -*----------------------------------*\
  =========                 |
  \\      /  F ield         | OpenFOAM: The Open Source CFD Toolbox
   \\    /   O peration     | Website:  https://openfoam.org
    \\  /    A nd           | Version:  13
     \\/     M anipulation  |
\*---------------------------------------------------------------------------*/
FoamFile
{
    format      ascii;
    class       volScalarField;
    location    "1.695";
    object      T;
}
// * * * * * * * * * * * * * * * * * * * * * * * * * * * * * * * * * * * * * //

dimensions      [0 0 0 1 0 0 0];

internalField   nonuniform List<scalar> 
1000
(
4.04033e-118
9.28879e-118
2.65555e-117
7.805e-117
2.29785e-116
6.75592e-116
1.98295e-115
5.81012e-115
1.69942e-114
4.96202e-114
1.44629e-113
4.20817e-113
1.22228e-112
3.5439e-112
1.02572e-111
2.96355e-111
8.5473e-111
2.46081e-110
7.07226e-110
2.02894e-109
5.81042e-109
1.66102e-108
4.73989e-108
1.35017e-107
3.83912e-107
1.08968e-106
3.08736e-106
8.73167e-106
2.46506e-105
6.94664e-105
1.95407e-104
5.48684e-104
1.53787e-103
4.30258e-103
1.20158e-102
3.34956e-102
9.32035e-102
2.58873e-101
7.17709e-101
1.98617e-100
5.48645e-100
1.51276e-99
4.16343e-99
1.14376e-98
3.13631e-98
8.58427e-98
2.34523e-97
6.39535e-97
1.74076e-96
4.72944e-96
1.28255e-95
3.47159e-95
9.37939e-95
2.52936e-94
6.80825e-94
1.82914e-93
4.90508e-93
1.31289e-92
3.50748e-92
9.35287e-92
2.48929e-91
6.61279e-91
1.75337e-90
4.64023e-90
1.22569e-89
3.23146e-89
8.50335e-89
2.23333e-88
5.85447e-88
1.53176e-87
4.00004e-87
1.04257e-86
2.71213e-86
7.04176e-86
1.8248e-85
4.71968e-85
1.21835e-84
3.13897e-84
8.07167e-84
2.07155e-83
5.30622e-83
1.35653e-82
3.46119e-82
8.81401e-82
2.24013e-81
5.68226e-81
1.43853e-80
3.63464e-80
9.16537e-80
2.30666e-79
5.79374e-79
1.45237e-78
3.63357e-78
9.07257e-78
2.26081e-77
5.62257e-77
1.39553e-76
3.45684e-76
8.54576e-76
2.1084e-75
5.1914e-75
1.27569e-74
3.12847e-74
7.65676e-74
1.87018e-73
4.55872e-73
1.10898e-72
2.69232e-72
6.523e-72
1.5772e-71
3.80576e-71
9.16454e-71
2.20239e-70
5.28189e-70
1.26414e-69
3.01934e-69
7.19674e-69
1.71185e-68
4.06352e-68
9.62592e-68
2.27554e-67
5.3682e-67
1.26378e-66
2.96903e-66
6.96072e-66
1.62851e-65
3.80206e-65
8.85812e-65
2.05947e-64
4.77816e-64
1.10625e-63
2.55584e-63
5.89252e-63
1.35567e-62
3.11234e-62
7.13024e-62
1.63005e-61
3.71858e-61
8.46508e-61
1.92292e-60
4.3588e-60
9.85927e-60
2.22534e-59
5.01207e-59
1.12644e-58
2.52619e-58
5.65314e-58
1.26235e-57
2.81276e-57
6.25386e-57
1.38747e-56
3.07157e-56
6.78506e-56
1.49556e-55
3.28934e-55
7.21883e-55
1.5808e-54
3.45413e-54
7.53095e-54
1.63836e-53
3.55643e-53
7.70308e-53
1.66479e-52
3.59e-52
7.72451e-52
1.65839e-51
3.55256e-51
7.59331e-51
1.61941e-50
3.446e-50
7.31655e-50
1.54999e-49
3.27626e-49
6.90967e-49
1.45399e-48
3.05275e-48
6.39507e-48
1.33666e-47
2.7875e-47
5.80003e-47
1.2041e-46
2.49408e-46
5.15435e-46
1.0628e-45
2.18644e-45
4.48783e-45
9.1906e-45
1.87784e-44
3.82807e-44
7.78583e-44
1.57991e-43
3.19862e-43
6.4609e-43
1.30203e-42
2.61787e-42
5.25133e-42
1.05096e-41
2.09843e-41
4.18018e-41
8.30777e-41
1.64726e-40
3.25858e-40
6.43103e-40
1.26624e-39
2.48733e-39
4.87453e-39
9.53041e-39
1.85896e-38
3.61745e-38
7.02283e-38
1.36018e-37
2.62816e-37
5.06615e-37
9.74259e-37
1.86913e-36
3.57742e-36
6.83071e-36
1.30114e-35
2.47256e-35
4.68738e-35
8.86488e-35
1.67253e-34
3.14797e-34
5.91074e-34
1.10715e-33
2.06883e-33
3.8565e-33
7.1715e-33
1.33038e-32
2.462e-32
4.5451e-32
8.37036e-32
1.53775e-31
2.81818e-31
5.15218e-31
9.39617e-31
1.70941e-30
3.10226e-30
5.61621e-30
1.01424e-29
1.82712e-29
3.2834e-29
5.88584e-29
1.05249e-28
1.87739e-28
3.34052e-28
5.9292e-28
1.04978e-27
1.85405e-27
3.26633e-27
5.74007e-27
1.00621e-26
1.75944e-26
3.06883e-26
5.33927e-26
9.26617e-26
1.60408e-25
2.76988e-25
4.7709e-25
8.1968e-25
1.40472e-24
2.40126e-24
4.09437e-24
6.9636e-24
1.18135e-23
1.99902e-23
3.37406e-23
5.68043e-23
9.53898e-23
1.59777e-22
2.6694e-22
4.44838e-22
7.39397e-22
1.22585e-21
2.02714e-21
3.34358e-21
5.50074e-21
9.02632e-21
1.47734e-20
2.41171e-20
3.92689e-20
6.37745e-20
1.03304e-19
1.66903e-19
2.68955e-19
4.32281e-19
6.9298e-19
1.10801e-18
1.76699e-18
2.81053e-18
4.45868e-18
7.05485e-18
1.11335e-17
1.7524e-17
2.75104e-17
4.30743e-17
6.72661e-17
1.04768e-16
1.62749e-16
2.5215e-16
3.89631e-16
6.0048e-16
9.22983e-16
1.41494e-15
2.16337e-15
3.2989e-15
5.01711e-15
7.60996e-15
1.15121e-14
1.73688e-14
2.61353e-14
3.92215e-14
5.8703e-14
8.76264e-14
1.30451e-13
1.93685e-13
2.868e-13
4.23543e-13
6.23805e-13
9.16289e-13
1.3423e-12
1.96108e-12
2.85739e-12
4.15217e-12
6.01738e-12
8.69695e-12
1.25358e-11
1.80204e-11
2.58345e-11
3.69367e-11
5.26672e-11
7.48936e-11
1.06211e-10
1.50216e-10
2.11876e-10
2.98034e-10
4.1809e-10
5.84912e-10
8.16071e-10
1.13549e-09
1.57562e-09
2.1804e-09
3.00909e-09
4.14141e-09
5.68426e-09
7.78059e-09
1.0621e-08
1.44586e-08
1.96291e-08
2.65757e-08
3.58822e-08
4.83151e-08
6.48779e-08
8.688e-08
1.16025e-07
1.54522e-07
2.05229e-07
2.71829e-07
3.59053e-07
4.72965e-07
6.21308e-07
8.13939e-07
1.06337e-06
1.38542e-06
1.80006e-06
2.33237e-06
3.01381e-06
3.88365e-06
4.99082e-06
6.39602e-06
8.17437e-06
1.04185e-05
1.32424e-05
1.67854e-05
2.12181e-05
2.67479e-05
3.36264e-05
4.2158e-05
5.27095e-05
6.57216e-05
8.17217e-05
0.000101339
0.000125323
0.000154559
0.000190096
0.000233165
0.000285213
0.00034793
0.000423283
0.000513556
0.000621389
0.000749824
0.000902354
0.00108297
0.00129623
0.00154729
0.001842
0.00218693
0.00258948
0.00305789
0.00360136
0.00423006
0.00495526
0.0057893
0.00674574
0.00783933
0.00908608
0.0105033
0.0121095
0.0139247
0.01597
0.0182678
0.0208418
0.0237167
0.0269182
0.030473
0.0344085
0.0387527
0.043534
0.0487809
0.0545218
0.0607848
0.0675972
0.0749856
0.082975
0.0915889
0.100849
0.110774
0.121381
0.132683
0.14469
0.157408
0.170841
0.184986
0.199838
0.215385
0.231613
0.248501
0.266024
0.284152
0.302852
0.322083
0.341804
0.361966
0.38252
0.40341
0.42458
0.44597
0.467518
0.489162
0.510838
0.532482
0.55403
0.57542
0.59659
0.61748
0.638033
0.658196
0.677916
0.697148
0.715847
0.733976
0.751498
0.768386
0.784613
0.80016
0.81501
0.829155
0.842587
0.855304
0.867309
0.878609
0.889213
0.899134
0.90839
0.916998
0.924981
0.932361
0.939163
0.945412
0.951137
0.956365
0.961122
0.965437
0.969337
0.972849
0.975998
0.97881
0.981309
0.983516
0.985454
0.987141
0.988594
0.989831
0.990864
0.991707
0.992369
0.992858
0.99318
0.993341
0.993341
0.99318
0.992858
0.992369
0.991707
0.990864
0.989831
0.988594
0.987141
0.985454
0.983516
0.981309
0.97881
0.975998
0.972849
0.969337
0.965437
0.961122
0.956365
0.951137
0.945412
0.939163
0.932361
0.924981
0.916998
0.90839
0.899134
0.889213
0.878609
0.867309
0.855304
0.842587
0.829155
0.81501
0.80016
0.784613
0.768386
0.751498
0.733976
0.715847
0.697148
0.677916
0.658196
0.638033
0.61748
0.59659
0.57542
0.55403
0.532482
0.510838
0.489162
0.467518
0.44597
0.42458
0.40341
0.38252
0.361966
0.341804
0.322083
0.302852
0.284152
0.266024
0.248501
0.231613
0.215385
0.199838
0.184986
0.170841
0.157408
0.14469
0.132683
0.121381
0.110774
0.100849
0.0915889
0.082975
0.0749856
0.0675972
0.0607848
0.0545218
0.0487809
0.043534
0.0387527
0.0344085
0.030473
0.0269182
0.0237167
0.0208418
0.0182678
0.01597
0.0139247
0.0121095
0.0105033
0.00908608
0.00783933
0.00674574
0.0057893
0.00495526
0.00423006
0.00360136
0.00305789
0.00258948
0.00218693
0.001842
0.00154729
0.00129623
0.00108297
0.000902354
0.000749824
0.000621389
0.000513556
0.000423283
0.00034793
0.000285213
0.000233165
0.000190096
0.000154559
0.000125323
0.000101339
8.17217e-05
6.57216e-05
5.27095e-05
4.2158e-05
3.36264e-05
2.67479e-05
2.12181e-05
1.67854e-05
1.32424e-05
1.04185e-05
8.17437e-06
6.39602e-06
4.99082e-06
3.88365e-06
3.01381e-06
2.33237e-06
1.80006e-06
1.38542e-06
1.06337e-06
8.13939e-07
6.21308e-07
4.72965e-07
3.59053e-07
2.71829e-07
2.05229e-07
1.54522e-07
1.16025e-07
8.688e-08
6.48779e-08
4.83151e-08
3.58822e-08
2.65757e-08
1.96291e-08
1.44586e-08
1.0621e-08
7.78059e-09
5.68426e-09
4.14141e-09
3.00909e-09
2.1804e-09
1.57562e-09
1.13549e-09
8.16071e-10
5.84912e-10
4.1809e-10
2.98034e-10
2.11876e-10
1.50216e-10
1.06211e-10
7.48936e-11
5.26672e-11
3.69367e-11
2.58345e-11
1.80204e-11
1.25358e-11
8.69695e-12
6.01738e-12
4.15217e-12
2.85739e-12
1.96108e-12
1.3423e-12
9.16289e-13
6.23805e-13
4.23543e-13
2.868e-13
1.93685e-13
1.30451e-13
8.76264e-14
5.8703e-14
3.92215e-14
2.61353e-14
1.73688e-14
1.15121e-14
7.60996e-15
5.01711e-15
3.2989e-15
2.16337e-15
1.41494e-15
9.22983e-16
6.0048e-16
3.89631e-16
2.5215e-16
1.62749e-16
1.04768e-16
6.72661e-17
4.30743e-17
2.75104e-17
1.7524e-17
1.11335e-17
7.05485e-18
4.45868e-18
2.81053e-18
1.76699e-18
1.10801e-18
6.9298e-19
4.32281e-19
2.68955e-19
1.66903e-19
1.03304e-19
6.37745e-20
3.92689e-20
2.41171e-20
1.47734e-20
9.02632e-21
5.50074e-21
3.34358e-21
2.02714e-21
1.22585e-21
7.39397e-22
4.44838e-22
2.6694e-22
1.59777e-22
9.53898e-23
5.68043e-23
3.37406e-23
1.99902e-23
1.18135e-23
6.9636e-24
4.09437e-24
2.40126e-24
1.40472e-24
8.1968e-25
4.7709e-25
2.76988e-25
1.60408e-25
9.26617e-26
5.33927e-26
3.06883e-26
1.75944e-26
1.00621e-26
5.74007e-27
3.26633e-27
1.85405e-27
1.04978e-27
5.9292e-28
3.34052e-28
1.87739e-28
1.05249e-28
5.88584e-29
3.2834e-29
1.82712e-29
1.01424e-29
5.61621e-30
3.10226e-30
1.70941e-30
9.39617e-31
5.15218e-31
2.81818e-31
1.53775e-31
8.37036e-32
4.5451e-32
2.462e-32
1.33038e-32
7.1715e-33
3.8565e-33
2.06883e-33
1.10715e-33
5.91074e-34
3.14797e-34
1.67253e-34
8.86488e-35
4.68738e-35
2.47256e-35
1.30114e-35
6.83071e-36
3.57742e-36
1.86913e-36
9.74259e-37
5.06615e-37
2.62816e-37
1.36018e-37
7.02283e-38
3.61745e-38
1.85896e-38
9.53041e-39
4.87453e-39
2.48733e-39
1.26624e-39
6.43103e-40
3.25858e-40
1.64726e-40
8.30777e-41
4.18018e-41
2.09843e-41
1.05096e-41
5.25133e-42
2.61787e-42
1.30203e-42
6.4609e-43
3.19862e-43
1.57991e-43
7.78583e-44
3.82807e-44
1.87784e-44
9.1906e-45
4.48783e-45
2.18644e-45
1.0628e-45
5.15435e-46
2.49408e-46
1.2041e-46
5.80003e-47
2.7875e-47
1.33666e-47
6.39507e-48
3.05275e-48
1.45399e-48
6.90967e-49
3.27626e-49
1.54999e-49
7.31655e-50
3.446e-50
1.61941e-50
7.59331e-51
3.55256e-51
1.65839e-51
7.72451e-52
3.59e-52
1.66479e-52
7.70308e-53
3.55643e-53
1.63836e-53
7.53095e-54
3.45413e-54
1.5808e-54
7.21883e-55
3.28934e-55
1.49556e-55
6.78506e-56
3.07157e-56
1.38747e-56
6.25386e-57
2.81276e-57
1.26235e-57
5.65314e-58
2.52619e-58
1.12644e-58
5.01207e-59
2.22534e-59
9.85927e-60
4.3588e-60
1.92292e-60
8.46508e-61
3.71858e-61
1.63005e-61
7.13024e-62
3.11234e-62
1.35567e-62
5.89252e-63
2.55584e-63
1.10625e-63
4.77816e-64
2.05947e-64
8.85812e-65
3.80206e-65
1.62851e-65
6.96072e-66
2.96903e-66
1.26378e-66
5.3682e-67
2.27554e-67
9.62592e-68
4.06352e-68
1.71185e-68
7.19674e-69
3.01934e-69
1.26414e-69
5.28189e-70
2.20239e-70
9.16454e-71
3.80576e-71
1.5772e-71
6.523e-72
2.69232e-72
1.10898e-72
4.55872e-73
1.87018e-73
7.65676e-74
3.12847e-74
1.27569e-74
5.1914e-75
2.1084e-75
8.54576e-76
3.45684e-76
1.39553e-76
5.62257e-77
2.26081e-77
9.07257e-78
3.63357e-78
1.45237e-78
5.79374e-79
2.30666e-79
9.16537e-80
3.63464e-80
1.43853e-80
5.68226e-81
2.24013e-81
8.81401e-82
3.46119e-82
1.35653e-82
5.30622e-83
2.07155e-83
8.07167e-84
3.13897e-84
1.21835e-84
4.71968e-85
1.8248e-85
7.04176e-86
2.71213e-86
1.04257e-86
4.00004e-87
1.53176e-87
5.85447e-88
2.23333e-88
8.50335e-89
3.23146e-89
1.22569e-89
4.64023e-90
1.75337e-90
6.61279e-91
2.48929e-91
9.35287e-92
3.50748e-92
1.31289e-92
4.90508e-93
1.82914e-93
6.80825e-94
2.52936e-94
9.37939e-95
3.47159e-95
1.28255e-95
4.72944e-96
1.74076e-96
6.39535e-97
2.34523e-97
8.58427e-98
3.13631e-98
1.14376e-98
4.16343e-99
1.51276e-99
5.48645e-100
1.98617e-100
7.17709e-101
2.58873e-101
9.32035e-102
3.34956e-102
1.20158e-102
4.30258e-103
1.53787e-103
5.48684e-104
1.95407e-104
6.94664e-105
2.46506e-105
8.73167e-106
3.08736e-106
1.08968e-106
3.83912e-107
1.35017e-107
4.73989e-108
1.66102e-108
5.81042e-109
2.02894e-109
7.07226e-110
2.46081e-110
8.5473e-111
2.96355e-111
1.02572e-111
3.5439e-112
1.22228e-112
4.20817e-113
1.44629e-113
4.96202e-114
1.69942e-114
5.81012e-115
1.98295e-115
6.75592e-116
2.29785e-116
7.805e-117
2.65555e-117
9.28879e-118
4.04033e-118
)
;

boundaryField
{
    sides
    {
        type            zeroGradient;
    }
    empty
    {
        type            empty;
    }
}


// ************************************************************************* //
