/*--------------------------------*- C++ -*----------------------------------*\
  =========                 |
  \\      /  F ield         | OpenFOAM: The Open Source CFD Toolbox
   \\    /   O peration     | Website:  https://openfoam.org
    \\  /    A nd           | Version:  13
     \\/     M anipulation  |
\*---------------------------------------------------------------------------*/
FoamFile
{
    format      ascii;
    class       volScalarField;
    location    "3.1";
    object      T;
}
// * * * * * * * * * * * * * * * * * * * * * * * * * * * * * * * * * * * * * //

dimensions      [0 0 0 1 0 0 0];

internalField   nonuniform List<scalar> 
1000
(
3.82524e-70
5.61872e-70
1.00362e-69
1.91187e-69
3.70486e-69
7.20516e-69
1.40123e-68
2.72243e-68
5.283e-68
1.02389e-67
1.98182e-67
3.83101e-67
7.39604e-67
1.42601e-66
2.74587e-66
5.28048e-66
1.01415e-65
1.9452e-65
3.72616e-65
7.12839e-65
1.36193e-64
2.59866e-64
4.95197e-64
9.42406e-64
1.79114e-63
3.39978e-63
6.44471e-63
1.22007e-62
2.30673e-62
4.35551e-62
8.21312e-62
1.5467e-61
2.90892e-61
5.46367e-61
1.02486e-60
1.91987e-60
3.59173e-60
6.7106e-60
1.25211e-59
2.3332e-59
4.34194e-59
8.06937e-59
1.49768e-58
2.77601e-58
5.13861e-58
9.49931e-58
1.75372e-57
3.23333e-57
5.95333e-57
1.09469e-56
2.01021e-56
3.68647e-56
6.75148e-56
1.23483e-55
2.25544e-55
4.1141e-55
7.49437e-55
1.36337e-54
2.47688e-54
4.49381e-54
8.14217e-54
1.47326e-53
2.66216e-53
4.804e-53
8.65737e-53
1.55805e-52
2.80021e-52
5.02587e-52
9.00833e-52
1.61246e-51
2.88234e-51
5.14531e-51
9.17252e-51
1.63296e-50
2.90316e-50
5.15438e-50
9.13882e-50
1.61812e-49
2.86115e-49
5.05217e-49
8.90885e-49
1.56881e-48
2.75884e-48
4.84494e-48
8.4968e-48
1.48808e-47
2.60257e-47
4.5455e-47
7.92801e-47
1.38086e-46
2.40181e-46
4.17185e-46
7.23636e-46
1.25347e-45
2.16824e-45
3.74544e-45
6.46096e-45
1.11299e-44
1.91463e-44
3.28909e-44
5.64244e-44
9.66618e-44
1.65364e-43
2.82503e-43
4.81951e-43
8.21066e-43
1.39685e-42
2.3731e-42
4.02604e-42
6.82078e-42
1.15394e-41
1.94952e-41
3.28901e-41
5.54109e-41
9.32219e-41
1.56615e-40
2.62748e-40
4.40186e-40
7.36418e-40
1.23028e-39
2.05245e-39
3.41924e-39
5.68823e-39
9.44959e-39
1.56761e-38
2.59687e-38
4.29585e-38
7.09637e-38
1.1706e-37
1.92828e-37
3.17187e-37
5.21011e-37
8.54601e-37
1.39979e-36
2.28955e-36
3.73955e-36
6.09918e-36
9.93361e-36
1.61557e-35
2.62377e-35
4.25509e-35
6.89085e-35
1.11434e-34
1.79947e-34
2.90168e-34
4.67236e-34
7.5128e-34
1.20628e-33
1.93406e-33
3.0965e-33
4.95053e-33
7.9033e-33
1.25992e-32
2.00565e-32
3.18817e-32
5.06064e-32
8.0213e-32
1.26958e-31
2.00654e-31
3.16674e-31
4.99057e-31
7.85347e-31
1.23409e-30
1.93644e-30
3.03414e-30
4.7472e-30
7.41673e-30
1.15707e-29
1.8025e-29
2.80391e-29
4.35534e-29
6.75538e-29
1.04628e-28
1.61813e-28
2.49891e-28
3.85349e-28
5.93372e-28
9.12362e-28
1.4008e-27
2.14758e-27
3.28769e-27
5.02573e-27
7.67136e-27
1.16926e-26
1.77958e-26
2.70449e-26
4.10412e-26
6.21897e-26
9.4098e-26
1.42169e-25
2.14484e-25
3.23107e-25
4.86027e-25
7.30023e-25
1.0949e-24
1.63974e-24
2.45208e-24
3.66147e-24
5.4593e-24
8.12791e-24
1.20832e-23
1.79367e-23
2.65865e-23
3.93496e-23
5.81537e-23
8.58169e-23
1.26452e-22
1.86053e-22
2.73341e-22
4.00985e-22
5.87367e-22
8.59105e-22
1.2547e-21
1.82973e-21
2.66435e-21
3.87392e-21
5.62423e-21
8.15325e-21
1.18019e-20
1.7058e-20
2.46182e-20
3.54763e-20
5.10472e-20
7.33431e-20
1.0522e-19
1.50726e-19
2.15592e-19
3.07911e-19
4.39107e-19
6.25268e-19
8.89021e-19
1.26214e-18
1.78918e-18
2.5325e-18
3.57927e-18
5.05113e-18
7.11757e-18
1.00144e-17
1.4069e-17
1.97356e-17
2.7643e-17
3.86605e-17
5.3988e-17
7.5279e-17
1.04809e-16
1.45703e-16
2.02247e-16
2.80314e-16
3.87929e-16
5.3605e-16
7.39611e-16
1.01893e-15
1.40163e-15
1.92516e-15
2.64023e-15
3.61545e-15
4.94341e-15
6.74892e-15
9.19994e-15
1.25222e-14
1.70183e-14
2.30938e-14
3.12909e-14
4.23333e-14
5.71858e-14
7.71322e-14
1.03879e-13
1.39687e-13
1.87555e-13
2.51445e-13
3.36587e-13
4.49875e-13
6.00381e-13
8.00024e-13
1.06443e-12
1.41408e-12
1.87573e-12
2.48431e-12
3.28534e-12
4.33805e-12
5.71936e-12
7.52904e-12
9.89624e-12
1.29879e-11
1.70196e-11
2.22687e-11
2.90924e-11
3.79492e-11
4.94269e-11
6.4278e-11
8.3464e-11
1.08211e-10
1.40083e-10
1.81065e-10
2.3368e-10
3.01124e-10
3.87441e-10
4.97742e-10
6.38468e-10
8.17732e-10
1.04573e-09
1.33526e-09
1.70234e-09
2.16703e-09
2.75436e-09
3.49553e-09
4.42936e-09
5.60409e-09
7.07956e-09
8.92983e-09
1.12465e-08
1.41425e-08
1.77571e-08
2.22615e-08
2.78659e-08
3.4828e-08
4.3463e-08
5.41561e-08
6.73768e-08
8.36972e-08
1.03812e-07
1.28564e-07
1.58975e-07
1.96279e-07
2.41967e-07
2.97835e-07
3.66042e-07
4.49184e-07
5.50368e-07
6.73316e-07
8.22475e-07
1.00314e-06
1.22163e-06
1.48544e-06
1.80347e-06
2.18625e-06
2.64623e-06
3.19811e-06
3.85921e-06
4.64987e-06
5.594e-06
6.7196e-06
8.05939e-06
9.65164e-06
1.15409e-05
1.3779e-05
1.64261e-05
1.9552e-05
2.32375e-05
2.75759e-05
3.26745e-05
3.86573e-05
4.56661e-05
5.38641e-05
6.34377e-05
7.45998e-05
8.75934e-05
0.000102695
0.000120218
0.000140519
0.000164
0.000191118
0.000222383
0.000258374
0.000299739
0.000347204
0.000401581
0.000463779
0.000534807
0.00061579
0.000707976
0.000812746
0.000931628
0.00106631
0.00121864
0.00139066
0.0015846
0.00180292
0.00204827
0.00232356
0.00263196
0.00297688
0.00336204
0.00379145
0.00426942
0.00480058
0.00538991
0.00604273
0.00676472
0.00756193
0.00844079
0.00940809
0.010471
0.0116372
0.0129146
0.0143115
0.0158367
0.0174993
0.0193087
0.0212748
0.0234077
0.0257178
0.0282158
0.0309127
0.0338196
0.0369479
0.0403089
0.0439142
0.0477753
0.0519037
0.0563108
0.0610078
0.0660059
0.0713156
0.0769474
0.0829111
0.0892162
0.0958715
0.102885
0.110264
0.118016
0.126145
0.134657
0.143556
0.152843
0.16252
0.172588
0.183044
0.193887
0.205114
0.216717
0.228692
0.24103
0.253721
0.266755
0.280118
0.293798
0.30778
0.322046
0.33658
0.351361
0.366371
0.381589
0.396991
0.412555
0.428258
0.444075
0.459982
0.475952
0.49196
0.50798
0.523986
0.539953
0.555854
0.571664
0.587358
0.602912
0.618301
0.633502
0.648492
0.663252
0.677759
0.691995
0.705941
0.71958
0.732896
0.745876
0.758505
0.770772
0.782666
0.794178
0.805299
0.816024
0.826346
0.836261
0.845766
0.854859
0.863539
0.871806
0.87966
0.887104
0.894138
0.900766
0.906992
0.912819
0.918252
0.923294
0.927951
0.932227
0.936127
0.939656
0.942817
0.945615
0.948054
0.950138
0.951869
0.953251
0.954285
0.954973
0.955317
0.955317
0.954973
0.954285
0.953251
0.951869
0.950138
0.948054
0.945615
0.942817
0.939656
0.936127
0.932227
0.927951
0.923294
0.918252
0.912819
0.906992
0.900766
0.894138
0.887104
0.87966
0.871806
0.863539
0.854859
0.845766
0.836261
0.826346
0.816024
0.805299
0.794178
0.782666
0.770772
0.758505
0.745876
0.732896
0.71958
0.705941
0.691995
0.677759
0.663252
0.648492
0.633502
0.618301
0.602912
0.587358
0.571664
0.555854
0.539953
0.523986
0.50798
0.49196
0.475952
0.459982
0.444075
0.428258
0.412555
0.396991
0.381589
0.366371
0.351361
0.33658
0.322046
0.30778
0.293798
0.280118
0.266755
0.253721
0.24103
0.228692
0.216717
0.205114
0.193887
0.183044
0.172588
0.16252
0.152843
0.143556
0.134657
0.126145
0.118016
0.110264
0.102885
0.0958715
0.0892162
0.0829111
0.0769474
0.0713156
0.0660059
0.0610078
0.0563108
0.0519037
0.0477753
0.0439142
0.0403089
0.0369479
0.0338196
0.0309127
0.0282158
0.0257178
0.0234077
0.0212748
0.0193087
0.0174993
0.0158367
0.0143115
0.0129146
0.0116372
0.010471
0.00940809
0.00844079
0.00756193
0.00676472
0.00604273
0.00538991
0.00480058
0.00426942
0.00379145
0.00336204
0.00297688
0.00263196
0.00232356
0.00204827
0.00180292
0.0015846
0.00139066
0.00121864
0.00106631
0.000931628
0.000812746
0.000707976
0.00061579
0.000534807
0.000463779
0.000401581
0.000347204
0.000299739
0.000258374
0.000222383
0.000191118
0.000164
0.000140519
0.000120218
0.000102695
8.75934e-05
7.45998e-05
6.34377e-05
5.38641e-05
4.56661e-05
3.86573e-05
3.26745e-05
2.75759e-05
2.32375e-05
1.9552e-05
1.64261e-05
1.3779e-05
1.15409e-05
9.65164e-06
8.05939e-06
6.7196e-06
5.594e-06
4.64987e-06
3.85921e-06
3.19811e-06
2.64623e-06
2.18625e-06
1.80347e-06
1.48544e-06
1.22163e-06
1.00314e-06
8.22475e-07
6.73316e-07
5.50368e-07
4.49184e-07
3.66042e-07
2.97835e-07
2.41967e-07
1.96279e-07
1.58975e-07
1.28564e-07
1.03812e-07
8.36972e-08
6.73768e-08
5.41561e-08
4.3463e-08
3.4828e-08
2.78659e-08
2.22615e-08
1.77571e-08
1.41425e-08
1.12465e-08
8.92983e-09
7.07956e-09
5.60409e-09
4.42936e-09
3.49553e-09
2.75436e-09
2.16703e-09
1.70234e-09
1.33526e-09
1.04573e-09
8.17732e-10
6.38468e-10
4.97742e-10
3.87441e-10
3.01124e-10
2.3368e-10
1.81065e-10
1.40083e-10
1.08211e-10
8.3464e-11
6.4278e-11
4.94269e-11
3.79492e-11
2.90924e-11
2.22687e-11
1.70196e-11
1.29879e-11
9.89624e-12
7.52904e-12
5.71936e-12
4.33805e-12
3.28534e-12
2.48431e-12
1.87573e-12
1.41408e-12
1.06443e-12
8.00024e-13
6.00381e-13
4.49875e-13
3.36587e-13
2.51445e-13
1.87555e-13
1.39687e-13
1.03879e-13
7.71322e-14
5.71858e-14
4.23333e-14
3.12909e-14
2.30938e-14
1.70183e-14
1.25222e-14
9.19994e-15
6.74892e-15
4.94341e-15
3.61545e-15
2.64023e-15
1.92516e-15
1.40163e-15
1.01893e-15
7.39611e-16
5.3605e-16
3.87929e-16
2.80314e-16
2.02247e-16
1.45703e-16
1.04809e-16
7.5279e-17
5.3988e-17
3.86605e-17
2.7643e-17
1.97356e-17
1.4069e-17
1.00144e-17
7.11757e-18
5.05113e-18
3.57927e-18
2.5325e-18
1.78918e-18
1.26214e-18
8.89021e-19
6.25268e-19
4.39107e-19
3.07911e-19
2.15592e-19
1.50726e-19
1.0522e-19
7.33431e-20
5.10472e-20
3.54763e-20
2.46182e-20
1.7058e-20
1.18019e-20
8.15325e-21
5.62423e-21
3.87392e-21
2.66435e-21
1.82973e-21
1.2547e-21
8.59105e-22
5.87367e-22
4.00985e-22
2.73341e-22
1.86053e-22
1.26452e-22
8.58169e-23
5.81537e-23
3.93496e-23
2.65865e-23
1.79367e-23
1.20832e-23
8.12791e-24
5.4593e-24
3.66147e-24
2.45208e-24
1.63974e-24
1.0949e-24
7.30023e-25
4.86027e-25
3.23107e-25
2.14484e-25
1.42169e-25
9.4098e-26
6.21897e-26
4.10412e-26
2.70449e-26
1.77958e-26
1.16926e-26
7.67136e-27
5.02573e-27
3.28769e-27
2.14758e-27
1.4008e-27
9.12362e-28
5.93372e-28
3.85349e-28
2.49891e-28
1.61813e-28
1.04628e-28
6.75538e-29
4.35534e-29
2.80391e-29
1.8025e-29
1.15707e-29
7.41673e-30
4.7472e-30
3.03414e-30
1.93644e-30
1.23409e-30
7.85347e-31
4.99057e-31
3.16674e-31
2.00654e-31
1.26958e-31
8.0213e-32
5.06064e-32
3.18817e-32
2.00565e-32
1.25992e-32
7.9033e-33
4.95053e-33
3.0965e-33
1.93406e-33
1.20628e-33
7.5128e-34
4.67236e-34
2.90168e-34
1.79947e-34
1.11434e-34
6.89085e-35
4.25509e-35
2.62377e-35
1.61557e-35
9.93361e-36
6.09918e-36
3.73955e-36
2.28955e-36
1.39979e-36
8.54601e-37
5.21011e-37
3.17187e-37
1.92828e-37
1.1706e-37
7.09637e-38
4.29585e-38
2.59687e-38
1.56761e-38
9.44959e-39
5.68823e-39
3.41924e-39
2.05245e-39
1.23028e-39
7.36418e-40
4.40186e-40
2.62748e-40
1.56615e-40
9.32219e-41
5.54109e-41
3.28901e-41
1.94952e-41
1.15394e-41
6.82078e-42
4.02604e-42
2.3731e-42
1.39685e-42
8.21066e-43
4.81951e-43
2.82503e-43
1.65364e-43
9.66618e-44
5.64244e-44
3.28909e-44
1.91463e-44
1.11299e-44
6.46096e-45
3.74544e-45
2.16824e-45
1.25347e-45
7.23636e-46
4.17185e-46
2.40181e-46
1.38086e-46
7.92801e-47
4.5455e-47
2.60257e-47
1.48808e-47
8.4968e-48
4.84494e-48
2.75884e-48
1.56881e-48
8.90885e-49
5.05217e-49
2.86115e-49
1.61812e-49
9.13882e-50
5.15438e-50
2.90316e-50
1.63296e-50
9.17252e-51
5.14531e-51
2.88234e-51
1.61246e-51
9.00833e-52
5.02587e-52
2.80021e-52
1.55805e-52
8.65737e-53
4.804e-53
2.66216e-53
1.47326e-53
8.14217e-54
4.49381e-54
2.47688e-54
1.36337e-54
7.49437e-55
4.1141e-55
2.25544e-55
1.23483e-55
6.75148e-56
3.68647e-56
2.01021e-56
1.09469e-56
5.95333e-57
3.23333e-57
1.75372e-57
9.49931e-58
5.13861e-58
2.77601e-58
1.49768e-58
8.06937e-59
4.34194e-59
2.3332e-59
1.25211e-59
6.7106e-60
3.59173e-60
1.91987e-60
1.02486e-60
5.46367e-61
2.90892e-61
1.5467e-61
8.21312e-62
4.35551e-62
2.30673e-62
1.22007e-62
6.44471e-63
3.39978e-63
1.79114e-63
9.42406e-64
4.95197e-64
2.59866e-64
1.36193e-64
7.12839e-65
3.72616e-65
1.9452e-65
1.01415e-65
5.28048e-66
2.74587e-66
1.42601e-66
7.39604e-67
3.83101e-67
1.98182e-67
1.02389e-67
5.283e-68
2.72243e-68
1.40123e-68
7.20516e-69
3.70486e-69
1.91187e-69
1.00362e-69
5.61872e-70
3.82524e-70
)
;

boundaryField
{
    sides
    {
        type            zeroGradient;
    }
    empty
    {
        type            empty;
    }
}


// ************************************************************************* //
