/*--------------------------------*- C++ -*----------------------------------*\
  =========                 |
  \\      /  F ield         | OpenFOAM: The Open Source CFD Toolbox
   \\    /   O peration     | Website:  https://openfoam.org
    \\  /    A nd           | Version:  13
     \\/     M anipulation  |
\*---------------------------------------------------------------------------*/
FoamFile
{
    format      ascii;
    class       volScalarField;
    location    "4.19";
    object      T;
}
// * * * * * * * * * * * * * * * * * * * * * * * * * * * * * * * * * * * * * //

dimensions      [0 0 0 1 0 0 0];

internalField   nonuniform List<scalar> 
1000
(
2.92489e-53
3.71441e-53
5.50305e-53
8.76473e-53
1.43611e-52
2.37654e-52
3.94435e-52
6.54898e-52
1.08677e-51
1.8019e-51
2.98469e-51
4.93881e-51
8.16385e-51
1.34808e-50
2.22373e-50
3.66432e-50
6.03185e-50
9.91866e-50
1.6293e-49
2.67357e-49
4.38255e-49
7.1764e-49
1.1739e-48
1.91822e-48
3.13118e-48
5.10578e-48
8.31686e-48
1.35331e-47
2.19979e-47
3.57195e-47
5.79391e-47
9.38815e-47
1.5196e-46
2.45709e-46
3.96875e-46
6.40364e-46
1.03215e-45
1.66187e-45
2.67295e-45
4.29463e-45
6.89289e-45
1.10514e-44
1.76999e-44
2.83181e-44
4.5258e-44
7.22548e-44
1.15233e-43
1.8358e-43
2.92153e-43
4.64446e-43
7.37559e-43
1.17003e-42
1.8541e-42
2.93499e-42
4.64105e-42
7.33101e-42
1.15677e-41
1.82334e-41
2.87093e-41
4.51558e-41
7.09481e-41
1.11353e-40
1.74583e-40
2.73422e-40
4.27761e-40
6.68502e-40
1.04361e-39
1.62745e-39
2.5352e-39
3.94503e-39
6.13228e-39
9.52195e-39
1.47694e-38
2.28841e-38
3.54191e-38
5.47611e-38
8.45746e-38
1.30479e-37
2.01081e-37
3.09553e-37
4.76024e-37
7.31231e-37
1.12205e-36
1.71988e-36
2.6334e-36
4.02778e-36
6.15381e-36
9.39189e-36
1.43183e-35
2.18052e-35
3.31709e-35
5.04062e-35
7.65138e-35
1.16018e-34
1.75726e-34
2.65876e-34
4.01836e-34
6.06661e-34
9.14896e-34
1.37824e-33
2.07398e-33
3.11755e-33
4.6811e-33
7.02117e-33
1.05196e-32
1.57439e-32
2.35371e-32
3.51496e-32
5.2434e-32
7.81325e-32
1.16299e-31
1.7292e-31
2.56827e-31
3.8103e-31
5.64681e-31
8.35934e-31
1.23613e-30
1.82592e-30
2.69416e-30
3.9709e-30
5.84625e-30
8.59784e-30
1.26306e-29
1.85346e-29
2.71684e-29
3.97803e-29
5.81829e-29
8.50049e-29
1.24055e-28
1.80846e-28
2.63344e-28
3.83053e-28
5.56566e-28
8.07786e-28
1.17111e-27
1.69597e-27
2.45335e-27
3.54504e-27
5.11687e-27
7.37747e-27
1.0625e-26
1.52853e-26
2.19652e-26
3.15296e-26
4.52085e-26
6.47501e-26
9.26361e-26
1.32385e-25
1.8898e-25
2.69471e-25
3.83818e-25
5.46082e-25
7.76083e-25
1.10173e-24
1.56229e-24
2.21292e-24
3.13102e-24
4.42511e-24
6.2471e-24
8.80948e-24
1.24091e-23
1.746e-23
2.45395e-23
3.44511e-23
4.83122e-23
6.76747e-23
9.46917e-23
1.32347e-22
1.84769e-22
2.57669e-22
3.58929e-22
4.99425e-22
6.94141e-22
9.63694e-22
1.33643e-21
1.85125e-21
2.56154e-21
3.54038e-21
4.88779e-21
6.74046e-21
9.28496e-21
1.27757e-20
1.75591e-20
2.41064e-20
3.3058e-20
4.52827e-20
6.19587e-20
8.46808e-20
1.15606e-19
1.57648e-19
2.14737e-19
2.92172e-19
3.97084e-19
5.39062e-19
7.30981e-19
9.90114e-19
1.3396e-18
1.81042e-18
2.44395e-18
3.29546e-18
4.43866e-18
5.9717e-18
8.02519e-18
1.07727e-17
1.44445e-17
1.9346e-17
2.58815e-17
3.45859e-17
4.61655e-17
6.15527e-17
8.19759e-17
1.09052e-16
1.44908e-16
1.92336e-16
2.54999e-16
3.37695e-16
4.46705e-16
5.90235e-16
7.79003e-16
1.02698e-15
1.35236e-15
1.77882e-15
2.33712e-15
3.06717e-15
4.02071e-15
5.26474e-15
6.88586e-15
8.99597e-15
1.17394e-14
1.53021e-14
1.99235e-14
2.59111e-14
3.36601e-14
4.36768e-14
5.66102e-14
7.32902e-14
9.47773e-14
1.22425e-13
1.57958e-13
2.03574e-13
2.62065e-13
3.36979e-13
4.32816e-13
5.55278e-13
7.11582e-13
9.10847e-13
1.16459e-12
1.48733e-12
1.89735e-12
2.41765e-12
3.07713e-12
3.91206e-12
4.96787e-12
6.30147e-12
7.98398e-12
1.01042e-11
1.2773e-11
1.61283e-11
2.03418e-11
2.5627e-11
3.22486e-11
4.05349e-11
5.08925e-11
6.38241e-11
7.99504e-11
1.00037e-10
1.25029e-10
1.56086e-10
1.94635e-10
2.4243e-10
3.01617e-10
3.74827e-10
4.65278e-10
5.76897e-10
7.1448e-10
8.83868e-10
1.09217e-09
1.34803e-09
1.66193e-09
2.04659e-09
2.51742e-09
3.09304e-09
3.79596e-09
4.65331e-09
5.69782e-09
6.96885e-09
8.5137e-09
1.03892e-08
1.26634e-08
1.54179e-08
1.87502e-08
2.27767e-08
2.76364e-08
3.34949e-08
4.05492e-08
4.90333e-08
5.92251e-08
7.1454e-08
8.611e-08
1.03654e-07
1.24631e-07
1.49682e-07
1.79565e-07
2.15169e-07
2.57539e-07
3.07903e-07
3.67698e-07
4.38607e-07
5.22596e-07
6.21961e-07
7.3938e-07
8.7797e-07
1.04135e-06
1.23374e-06
1.46002e-06
1.72583e-06
2.03773e-06
2.40327e-06
2.83118e-06
3.3315e-06
3.9158e-06
4.59737e-06
5.39147e-06
6.31558e-06
7.38972e-06
8.63678e-06
1.00829e-05
1.17578e-05
1.36955e-05
1.59346e-05
1.85188e-05
2.14978e-05
2.4928e-05
2.88728e-05
3.34043e-05
3.86036e-05
4.45619e-05
5.1382e-05
5.91793e-05
6.80834e-05
7.82392e-05
8.98091e-05
0.000102974
0.000117937
0.000134923
0.000154183
0.000175994
0.000200667
0.000228543
0.000260001
0.000295459
0.000335379
0.000380268
0.000430686
0.000487246
0.000550622
0.00062155
0.000700836
0.000789361
0.000888083
0.000998046
0.00112039
0.00125633
0.00140722
0.0015745
0.00175972
0.00196457
0.00219086
0.00244053
0.00271567
0.00301853
0.0033515
0.00371713
0.00411816
0.00455748
0.0050382
0.00556357
0.00613706
0.00676234
0.00744328
0.00818394
0.00898861
0.00986178
0.0108082
0.0118327
0.0129404
0.0141367
0.0154272
0.0168176
0.0183138
0.019922
0.0216485
0.0234998
0.0254825
0.0276035
0.0298697
0.0322882
0.0348661
0.0376107
0.0405292
0.043629
0.0469175
0.0504018
0.0540894
0.0579874
0.0621029
0.0664429
0.0710141
0.0758232
0.0808765
0.0861801
0.0917397
0.0975607
0.103648
0.110007
0.11664
0.123553
0.130748
0.138227
0.145993
0.154046
0.162388
0.171019
0.179938
0.189143
0.198633
0.208404
0.218454
0.228776
0.239367
0.25022
0.261328
0.272684
0.284279
0.296104
0.30815
0.320405
0.332859
0.345499
0.358313
0.371287
0.384409
0.397662
0.411033
0.424507
0.438066
0.451697
0.465382
0.479105
0.492848
0.506596
0.520332
0.534037
0.547696
0.561292
0.574808
0.588227
0.601534
0.614712
0.627746
0.640621
0.653321
0.665833
0.678143
0.690237
0.702103
0.713728
0.725101
0.73621
0.747046
0.757599
0.767859
0.777817
0.787467
0.796801
0.805811
0.814492
0.822838
0.830845
0.838507
0.84582
0.852782
0.859388
0.865637
0.871525
0.877051
0.882214
0.887011
0.891442
0.895505
0.899201
0.902528
0.905486
0.908074
0.910293
0.912143
0.913622
0.914732
0.915472
0.915842
0.915842
0.915472
0.914732
0.913622
0.912143
0.910293
0.908074
0.905486
0.902528
0.899201
0.895505
0.891442
0.887011
0.882214
0.877051
0.871525
0.865637
0.859388
0.852782
0.84582
0.838507
0.830845
0.822838
0.814492
0.805811
0.796801
0.787467
0.777817
0.767859
0.757599
0.747046
0.73621
0.725101
0.713728
0.702103
0.690237
0.678143
0.665833
0.653321
0.640621
0.627746
0.614712
0.601534
0.588227
0.574808
0.561292
0.547696
0.534037
0.520332
0.506596
0.492848
0.479105
0.465382
0.451697
0.438066
0.424507
0.411033
0.397662
0.384409
0.371287
0.358313
0.345499
0.332859
0.320405
0.30815
0.296104
0.284279
0.272684
0.261328
0.25022
0.239367
0.228776
0.218454
0.208404
0.198633
0.189143
0.179938
0.171019
0.162388
0.154046
0.145993
0.138227
0.130748
0.123553
0.11664
0.110007
0.103648
0.0975607
0.0917397
0.0861801
0.0808765
0.0758232
0.0710141
0.0664429
0.0621029
0.0579874
0.0540894
0.0504018
0.0469175
0.043629
0.0405292
0.0376107
0.0348661
0.0322882
0.0298697
0.0276035
0.0254825
0.0234998
0.0216485
0.019922
0.0183138
0.0168176
0.0154272
0.0141367
0.0129404
0.0118327
0.0108082
0.00986178
0.00898861
0.00818394
0.00744328
0.00676234
0.00613706
0.00556357
0.0050382
0.00455748
0.00411816
0.00371713
0.0033515
0.00301853
0.00271567
0.00244053
0.00219086
0.00196457
0.00175972
0.0015745
0.00140722
0.00125633
0.00112039
0.000998046
0.000888083
0.000789361
0.000700836
0.00062155
0.000550622
0.000487246
0.000430686
0.000380268
0.000335379
0.000295459
0.000260001
0.000228543
0.000200667
0.000175994
0.000154183
0.000134923
0.000117937
0.000102974
8.98091e-05
7.82392e-05
6.80834e-05
5.91793e-05
5.1382e-05
4.45619e-05
3.86036e-05
3.34043e-05
2.88728e-05
2.4928e-05
2.14978e-05
1.85188e-05
1.59346e-05
1.36955e-05
1.17578e-05
1.00829e-05
8.63678e-06
7.38972e-06
6.31558e-06
5.39147e-06
4.59737e-06
3.9158e-06
3.3315e-06
2.83118e-06
2.40327e-06
2.03773e-06
1.72583e-06
1.46002e-06
1.23374e-06
1.04135e-06
8.7797e-07
7.3938e-07
6.21961e-07
5.22596e-07
4.38607e-07
3.67698e-07
3.07903e-07
2.57539e-07
2.15169e-07
1.79565e-07
1.49682e-07
1.24631e-07
1.03654e-07
8.611e-08
7.1454e-08
5.92251e-08
4.90333e-08
4.05492e-08
3.34949e-08
2.76364e-08
2.27767e-08
1.87502e-08
1.54179e-08
1.26634e-08
1.03892e-08
8.5137e-09
6.96885e-09
5.69782e-09
4.65331e-09
3.79596e-09
3.09304e-09
2.51742e-09
2.04659e-09
1.66193e-09
1.34803e-09
1.09217e-09
8.83868e-10
7.1448e-10
5.76897e-10
4.65278e-10
3.74827e-10
3.01617e-10
2.4243e-10
1.94635e-10
1.56086e-10
1.25029e-10
1.00037e-10
7.99504e-11
6.38241e-11
5.08925e-11
4.05349e-11
3.22486e-11
2.5627e-11
2.03418e-11
1.61283e-11
1.2773e-11
1.01042e-11
7.98398e-12
6.30147e-12
4.96787e-12
3.91206e-12
3.07713e-12
2.41765e-12
1.89735e-12
1.48733e-12
1.16459e-12
9.10847e-13
7.11582e-13
5.55278e-13
4.32816e-13
3.36979e-13
2.62065e-13
2.03574e-13
1.57958e-13
1.22425e-13
9.47773e-14
7.32902e-14
5.66102e-14
4.36768e-14
3.36601e-14
2.59111e-14
1.99235e-14
1.53021e-14
1.17394e-14
8.99597e-15
6.88586e-15
5.26474e-15
4.02071e-15
3.06717e-15
2.33712e-15
1.77882e-15
1.35236e-15
1.02698e-15
7.79003e-16
5.90235e-16
4.46705e-16
3.37695e-16
2.54999e-16
1.92336e-16
1.44908e-16
1.09052e-16
8.19759e-17
6.15527e-17
4.61655e-17
3.45859e-17
2.58815e-17
1.9346e-17
1.44445e-17
1.07727e-17
8.02519e-18
5.9717e-18
4.43866e-18
3.29546e-18
2.44395e-18
1.81042e-18
1.3396e-18
9.90114e-19
7.30981e-19
5.39062e-19
3.97084e-19
2.92172e-19
2.14737e-19
1.57648e-19
1.15606e-19
8.46808e-20
6.19587e-20
4.52827e-20
3.3058e-20
2.41064e-20
1.75591e-20
1.27757e-20
9.28496e-21
6.74046e-21
4.88779e-21
3.54038e-21
2.56154e-21
1.85125e-21
1.33643e-21
9.63694e-22
6.94141e-22
4.99425e-22
3.58929e-22
2.57669e-22
1.84769e-22
1.32347e-22
9.46917e-23
6.76747e-23
4.83122e-23
3.44511e-23
2.45395e-23
1.746e-23
1.24091e-23
8.80948e-24
6.2471e-24
4.42511e-24
3.13102e-24
2.21292e-24
1.56229e-24
1.10173e-24
7.76083e-25
5.46082e-25
3.83818e-25
2.69471e-25
1.8898e-25
1.32385e-25
9.26361e-26
6.47501e-26
4.52085e-26
3.15296e-26
2.19652e-26
1.52853e-26
1.0625e-26
7.37747e-27
5.11687e-27
3.54504e-27
2.45335e-27
1.69597e-27
1.17111e-27
8.07786e-28
5.56566e-28
3.83053e-28
2.63344e-28
1.80846e-28
1.24055e-28
8.50049e-29
5.81829e-29
3.97803e-29
2.71684e-29
1.85346e-29
1.26306e-29
8.59784e-30
5.84625e-30
3.9709e-30
2.69416e-30
1.82592e-30
1.23613e-30
8.35934e-31
5.64681e-31
3.8103e-31
2.56827e-31
1.7292e-31
1.16299e-31
7.81325e-32
5.2434e-32
3.51496e-32
2.35371e-32
1.57439e-32
1.05196e-32
7.02117e-33
4.6811e-33
3.11755e-33
2.07398e-33
1.37824e-33
9.14896e-34
6.06661e-34
4.01836e-34
2.65876e-34
1.75726e-34
1.16018e-34
7.65138e-35
5.04062e-35
3.31709e-35
2.18052e-35
1.43183e-35
9.39189e-36
6.15381e-36
4.02778e-36
2.6334e-36
1.71988e-36
1.12205e-36
7.31231e-37
4.76024e-37
3.09553e-37
2.01081e-37
1.30479e-37
8.45746e-38
5.47611e-38
3.54191e-38
2.28841e-38
1.47694e-38
9.52195e-39
6.13228e-39
3.94503e-39
2.5352e-39
1.62745e-39
1.04361e-39
6.68502e-40
4.27761e-40
2.73422e-40
1.74583e-40
1.11353e-40
7.09481e-41
4.51558e-41
2.87093e-41
1.82334e-41
1.15677e-41
7.33101e-42
4.64105e-42
2.93499e-42
1.8541e-42
1.17003e-42
7.37559e-43
4.64446e-43
2.92153e-43
1.8358e-43
1.15233e-43
7.22548e-44
4.5258e-44
2.83181e-44
1.76999e-44
1.10514e-44
6.89289e-45
4.29463e-45
2.67295e-45
1.66187e-45
1.03215e-45
6.40364e-46
3.96875e-46
2.45709e-46
1.5196e-46
9.38815e-47
5.79391e-47
3.57195e-47
2.19979e-47
1.35331e-47
8.31686e-48
5.10578e-48
3.13118e-48
1.91822e-48
1.1739e-48
7.1764e-49
4.38255e-49
2.67357e-49
1.6293e-49
9.91866e-50
6.03185e-50
3.66432e-50
2.22373e-50
1.34808e-50
8.16385e-51
4.93881e-51
2.98469e-51
1.8019e-51
1.08677e-51
6.54898e-52
3.94435e-52
2.37654e-52
1.43611e-52
8.76473e-53
5.50305e-53
3.71441e-53
2.92489e-53
)
;

boundaryField
{
    sides
    {
        type            zeroGradient;
    }
    empty
    {
        type            empty;
    }
}


// ************************************************************************* //
