/*--------------------------------*- C++ -*----------------------------------*\
  =========                 |
  \\      /  F ield         | OpenFOAM: The Open Source CFD Toolbox
   \\    /   O peration     | Website:  https://openfoam.org
    \\  /    A nd           | Version:  13
     \\/     M anipulation  |
\*---------------------------------------------------------------------------*/
FoamFile
{
    format      ascii;
    class       volScalarField;
    location    "0.765";
    object      T;
}
// * * * * * * * * * * * * * * * * * * * * * * * * * * * * * * * * * * * * * //

dimensions      [0 0 0 1 0 0 0];

internalField   nonuniform List<scalar> 
1000
(
3.36329e-211
1.68005e-210
9.71466e-210
5.63281e-209
3.26e-208
1.88297e-207
1.08543e-206
6.24432e-206
3.58507e-205
2.05416e-204
1.17461e-203
6.70309e-203
3.81747e-202
2.16967e-201
1.23063e-200
6.96582e-200
3.93487e-199
2.21819e-198
1.24788e-197
7.00575e-197
3.925e-196
2.19445e-195
1.22437e-194
6.81707e-194
3.78773e-193
2.10016e-192
1.16204e-191
6.41618e-191
3.53526e-190
1.9438e-189
1.06651e-188
5.83931e-188
3.19034e-187
1.73937e-186
9.46282e-186
5.13717e-185
2.7829e-184
1.50433e-183
8.11435e-183
4.36748e-182
2.34569e-181
1.25711e-180
6.72251e-180
3.58714e-179
1.90994e-178
1.01471e-177
5.3792e-177
2.84538e-176
1.50179e-175
7.90897e-175
4.15598e-174
2.17905e-173
1.13998e-172
5.95062e-172
3.09927e-171
1.6106e-170
8.35112e-170
4.32043e-169
2.23015e-168
1.14858e-167
5.90212e-167
3.02602e-166
1.54792e-165
7.90023e-165
4.02291e-164
2.04384e-163
1.036e-162
5.23934e-162
2.64358e-161
1.33078e-160
6.68369e-160
3.34904e-159
1.67423e-158
8.3502e-158
4.15495e-157
2.06261e-156
1.02153e-155
5.04735e-155
2.48801e-154
1.22353e-153
6.00272e-153
2.93799e-152
1.43456e-151
6.98798e-151
3.39582e-150
1.64626e-149
7.96171e-149
3.84121e-148
1.84876e-147
8.87652e-147
4.25158e-146
2.03142e-145
9.68259e-145
4.60384e-144
2.18366e-143
1.03319e-142
4.87651e-142
2.29596e-141
1.07831e-140
5.05177e-140
2.36082e-139
1.10053e-138
5.11741e-138
2.37362e-137
1.0982e-136
5.06823e-136
2.33311e-135
1.0713e-134
4.90667e-134
2.24159e-133
1.02145e-132
4.64265e-132
2.10475e-131
9.51741e-131
4.29256e-130
1.93104e-129
8.66444e-129
3.87758e-128
1.73081e-127
7.70554e-127
3.42152e-126
1.51529e-125
6.69311e-125
2.94858e-124
1.29554e-123
5.67718e-123
2.48119e-122
1.08151e-121
4.70151e-121
2.03836e-120
8.81362e-120
3.80065e-119
1.63451e-118
7.01034e-118
2.99855e-117
1.27908e-116
5.44126e-116
2.3084e-115
9.76626e-115
4.1205e-114
1.73369e-113
7.27427e-113
3.0437e-112
1.27e-111
5.28438e-111
2.19264e-110
9.07239e-110
3.74329e-109
1.54013e-108
6.31879e-108
2.58509e-107
1.05459e-106
4.28992e-106
1.74009e-105
7.03798e-105
2.8384e-104
1.14142e-103
4.5768e-103
1.82985e-102
7.29468e-102
2.89954e-101
1.14916e-100
4.54104e-100
1.78918e-99
7.02859e-99
2.75295e-98
1.07507e-97
4.18585e-97
1.62493e-96
6.28902e-96
2.42676e-95
9.33608e-95
3.58088e-94
1.3693e-93
5.22022e-93
1.98406e-92
7.51787e-92
2.8399e-91
1.06949e-90
4.01525e-90
1.50281e-89
5.60727e-89
2.08568e-88
7.73371e-88
2.85872e-87
1.0534e-86
3.86941e-86
1.41687e-85
5.17175e-85
1.88178e-84
6.82521e-84
2.46761e-83
8.89297e-83
3.19464e-82
1.14392e-81
4.08291e-81
1.45256e-80
5.15094e-80
1.82063e-79
6.41414e-79
2.25232e-78
7.883e-78
2.74992e-77
9.56116e-77
3.31329e-76
1.14436e-75
3.93924e-75
1.35148e-74
4.62109e-74
1.57476e-73
5.34833e-73
1.81029e-72
6.10659e-72
2.0529e-71
6.87779e-71
2.29635e-70
7.64069e-70
2.53352e-69
8.37166e-69
2.75669e-68
9.04585e-68
2.95795e-67
9.63846e-67
3.12965e-66
1.01262e-65
3.26484e-65
1.0489e-64
3.35779e-64
1.07108e-63
3.40432e-63
1.07814e-62
3.40214e-62
1.06968e-61
3.35104e-61
1.04597e-60
3.25292e-60
1.00793e-59
3.11166e-59
9.57077e-59
2.93287e-58
8.95417e-58
2.72356e-57
8.25325e-57
2.49162e-56
7.49384e-56
2.24536e-55
6.70226e-55
1.99299e-54
5.90381e-54
1.7422e-53
5.12148e-53
1.49975e-52
4.37488e-52
1.27124e-51
3.6796e-51
1.06091e-50
3.04688e-50
8.71619e-50
2.48362e-49
7.049e-49
1.99272e-48
5.61094e-48
1.57359e-47
4.39547e-47
1.22285e-46
3.38837e-46
9.35084e-46
2.57008e-45
7.03515e-45
1.91789e-44
5.20709e-44
1.40792e-43
3.79112e-43
1.01662e-42
2.71485e-42
7.21972e-42
1.91196e-41
5.04212e-41
1.3241e-40
3.4625e-40
9.01609e-40
2.33776e-39
6.03569e-39
1.55165e-38
3.97187e-38
1.01233e-37
2.56905e-37
6.49137e-37
1.63309e-36
4.09057e-36
1.02013e-35
2.53288e-35
6.26121e-35
1.54091e-34
3.77544e-34
9.20918e-34
2.23631e-33
5.40621e-33
1.30106e-32
3.11703e-32
7.43386e-32
1.76487e-31
4.17089e-31
9.81195e-31
2.29767e-30
5.3557e-30
1.24262e-29
2.86973e-29
6.59666e-29
1.50931e-28
3.43713e-28
7.79061e-28
1.75751e-27
3.9461e-27
8.81811e-27
1.96116e-26
4.34085e-26
9.56208e-26
2.09624e-25
4.57331e-25
9.92928e-25
2.14533e-24
4.61267e-24
9.8693e-24
2.1013e-23
4.45198e-23
9.38582e-23
1.96897e-22
4.11005e-22
8.53667e-22
1.76424e-21
3.62782e-21
7.42247e-21
1.51097e-20
3.06031e-20
6.16688e-20
1.23638e-19
2.46613e-19
4.89387e-19
9.66169e-19
1.89763e-18
3.70785e-18
7.20737e-18
1.3937e-17
2.68096e-17
5.13023e-17
9.76561e-17
1.84915e-16
3.48296e-16
6.52561e-16
1.21614e-15
2.25439e-15
4.15672e-15
7.6233e-15
1.39059e-14
2.52295e-14
4.55271e-14
8.171e-14
1.45854e-13
2.58934e-13
4.57179e-13
8.02787e-13
1.40193e-12
2.43476e-12
4.2052e-12
7.22285e-12
1.23372e-11
2.0956e-11
3.53974e-11
5.94573e-11
9.93118e-11
1.6495e-10
2.72432e-10
4.47412e-10
7.3063e-10
1.18638e-09
1.91547e-09
3.07506e-09
4.90851e-09
7.7904e-09
1.22936e-08
1.92886e-08
3.009e-08
4.66699e-08
7.19685e-08
1.1034e-07
1.68191e-07
2.5489e-07
3.84037e-07
5.75258e-07
8.56678e-07
1.26833e-06
1.86685e-06
2.73173e-06
3.97393e-06
5.74713e-06
8.26282e-06
1.181e-05
1.67808e-05
2.37037e-05
3.32856e-05
4.64659e-05
6.44833e-05
8.89599e-05
0.000122004
0.000166337
0.000225442
0.000303749
0.000406844
0.000541721
0.000717066
0.000943583
0.00123436
0.00160525
0.00207534
0.00266737
0.00340824
0.00432945
0.0054676
0.00686478
0.00856898
0.0106344
0.0131214
0.0160969
0.019634
0.0238116
0.0287138
0.0344293
0.0410498
0.0486692
0.0573813
0.0672785
0.0784488
0.0909744
0.104928
0.120373
0.137355
0.155908
0.176044
0.197755
0.221013
0.245766
0.271936
0.299426
0.328112
0.357852
0.388483
0.419825
0.451685
0.48386
0.51614
0.548315
0.580175
0.611517
0.642148
0.671888
0.700574
0.728064
0.754234
0.778987
0.802245
0.823956
0.844092
0.862645
0.879627
0.895072
0.909026
0.921551
0.932722
0.942619
0.951331
0.95895
0.965571
0.971286
0.976188
0.980366
0.983903
0.986879
0.989366
0.991431
0.993135
0.994532
0.995671
0.996592
0.997333
0.997925
0.998395
0.998765
0.999056
0.999282
0.999457
0.999592
0.999694
0.999772
0.99983
0.999872
0.999903
0.999924
0.999937
0.999943
0.999943
0.999937
0.999924
0.999903
0.999872
0.99983
0.999772
0.999694
0.999592
0.999457
0.999282
0.999056
0.998765
0.998395
0.997925
0.997333
0.996592
0.995671
0.994532
0.993135
0.991431
0.989366
0.986879
0.983903
0.980366
0.976188
0.971286
0.965571
0.95895
0.951331
0.942619
0.932722
0.921551
0.909026
0.895072
0.879627
0.862645
0.844092
0.823956
0.802245
0.778987
0.754234
0.728064
0.700574
0.671888
0.642148
0.611517
0.580175
0.548315
0.51614
0.48386
0.451685
0.419825
0.388483
0.357852
0.328112
0.299426
0.271936
0.245766
0.221013
0.197755
0.176044
0.155908
0.137355
0.120373
0.104928
0.0909744
0.0784488
0.0672785
0.0573813
0.0486692
0.0410498
0.0344293
0.0287138
0.0238116
0.019634
0.0160969
0.0131214
0.0106344
0.00856898
0.00686478
0.0054676
0.00432945
0.00340824
0.00266737
0.00207534
0.00160525
0.00123436
0.000943583
0.000717066
0.000541721
0.000406844
0.000303749
0.000225442
0.000166337
0.000122004
8.89599e-05
6.44833e-05
4.64659e-05
3.32856e-05
2.37037e-05
1.67808e-05
1.181e-05
8.26282e-06
5.74713e-06
3.97393e-06
2.73173e-06
1.86685e-06
1.26833e-06
8.56678e-07
5.75258e-07
3.84037e-07
2.5489e-07
1.68191e-07
1.1034e-07
7.19685e-08
4.66699e-08
3.009e-08
1.92886e-08
1.22936e-08
7.7904e-09
4.90851e-09
3.07506e-09
1.91547e-09
1.18638e-09
7.3063e-10
4.47412e-10
2.72432e-10
1.6495e-10
9.93118e-11
5.94573e-11
3.53974e-11
2.0956e-11
1.23372e-11
7.22285e-12
4.2052e-12
2.43476e-12
1.40193e-12
8.02787e-13
4.57179e-13
2.58934e-13
1.45854e-13
8.171e-14
4.55271e-14
2.52295e-14
1.39059e-14
7.6233e-15
4.15672e-15
2.25439e-15
1.21614e-15
6.52561e-16
3.48296e-16
1.84915e-16
9.76561e-17
5.13023e-17
2.68096e-17
1.3937e-17
7.20737e-18
3.70785e-18
1.89763e-18
9.66169e-19
4.89387e-19
2.46613e-19
1.23638e-19
6.16688e-20
3.06031e-20
1.51097e-20
7.42247e-21
3.62782e-21
1.76424e-21
8.53667e-22
4.11005e-22
1.96897e-22
9.38582e-23
4.45198e-23
2.1013e-23
9.8693e-24
4.61267e-24
2.14533e-24
9.92928e-25
4.57331e-25
2.09624e-25
9.56208e-26
4.34085e-26
1.96116e-26
8.81811e-27
3.9461e-27
1.75751e-27
7.79061e-28
3.43713e-28
1.50931e-28
6.59666e-29
2.86973e-29
1.24262e-29
5.3557e-30
2.29767e-30
9.81195e-31
4.17089e-31
1.76487e-31
7.43386e-32
3.11703e-32
1.30106e-32
5.40621e-33
2.23631e-33
9.20918e-34
3.77544e-34
1.54091e-34
6.26121e-35
2.53288e-35
1.02013e-35
4.09057e-36
1.63309e-36
6.49137e-37
2.56905e-37
1.01233e-37
3.97187e-38
1.55165e-38
6.03569e-39
2.33776e-39
9.01609e-40
3.4625e-40
1.3241e-40
5.04212e-41
1.91196e-41
7.21972e-42
2.71485e-42
1.01662e-42
3.79112e-43
1.40792e-43
5.20709e-44
1.91789e-44
7.03515e-45
2.57008e-45
9.35084e-46
3.38837e-46
1.22285e-46
4.39547e-47
1.57359e-47
5.61094e-48
1.99272e-48
7.049e-49
2.48362e-49
8.71619e-50
3.04688e-50
1.06091e-50
3.6796e-51
1.27124e-51
4.37488e-52
1.49975e-52
5.12148e-53
1.7422e-53
5.90381e-54
1.99299e-54
6.70226e-55
2.24536e-55
7.49384e-56
2.49162e-56
8.25325e-57
2.72356e-57
8.95417e-58
2.93287e-58
9.57077e-59
3.11166e-59
1.00793e-59
3.25292e-60
1.04597e-60
3.35104e-61
1.06968e-61
3.40214e-62
1.07814e-62
3.40432e-63
1.07108e-63
3.35779e-64
1.0489e-64
3.26484e-65
1.01262e-65
3.12965e-66
9.63846e-67
2.95795e-67
9.04585e-68
2.75669e-68
8.37166e-69
2.53352e-69
7.64069e-70
2.29635e-70
6.87779e-71
2.0529e-71
6.10659e-72
1.81029e-72
5.34833e-73
1.57476e-73
4.62109e-74
1.35148e-74
3.93924e-75
1.14436e-75
3.31329e-76
9.56116e-77
2.74992e-77
7.883e-78
2.25232e-78
6.41414e-79
1.82063e-79
5.15094e-80
1.45256e-80
4.08291e-81
1.14392e-81
3.19464e-82
8.89297e-83
2.46761e-83
6.82521e-84
1.88178e-84
5.17175e-85
1.41687e-85
3.86941e-86
1.0534e-86
2.85872e-87
7.73371e-88
2.08568e-88
5.60727e-89
1.50281e-89
4.01525e-90
1.06949e-90
2.8399e-91
7.51787e-92
1.98406e-92
5.22022e-93
1.3693e-93
3.58088e-94
9.33608e-95
2.42676e-95
6.28902e-96
1.62493e-96
4.18585e-97
1.07507e-97
2.75295e-98
7.02859e-99
1.78918e-99
4.54104e-100
1.14916e-100
2.89954e-101
7.29468e-102
1.82985e-102
4.5768e-103
1.14142e-103
2.8384e-104
7.03798e-105
1.74009e-105
4.28992e-106
1.05459e-106
2.58509e-107
6.31879e-108
1.54013e-108
3.74329e-109
9.07239e-110
2.19264e-110
5.28438e-111
1.27e-111
3.0437e-112
7.27427e-113
1.73369e-113
4.1205e-114
9.76626e-115
2.3084e-115
5.44126e-116
1.27908e-116
2.99855e-117
7.01034e-118
1.63451e-118
3.80065e-119
8.81362e-120
2.03836e-120
4.70151e-121
1.08151e-121
2.48119e-122
5.67718e-123
1.29554e-123
2.94858e-124
6.69311e-125
1.51529e-125
3.42152e-126
7.70554e-127
1.73081e-127
3.87758e-128
8.66444e-129
1.93104e-129
4.29256e-130
9.51741e-131
2.10475e-131
4.64265e-132
1.02145e-132
2.24159e-133
4.90667e-134
1.0713e-134
2.33311e-135
5.06823e-136
1.0982e-136
2.37362e-137
5.11741e-138
1.10053e-138
2.36082e-139
5.05177e-140
1.07831e-140
2.29596e-141
4.87651e-142
1.03319e-142
2.18366e-143
4.60384e-144
9.68259e-145
2.03142e-145
4.25158e-146
8.87652e-147
1.84876e-147
3.84121e-148
7.96171e-149
1.64626e-149
3.39582e-150
6.98798e-151
1.43456e-151
2.93799e-152
6.00272e-153
1.22353e-153
2.48801e-154
5.04735e-155
1.02153e-155
2.06261e-156
4.15495e-157
8.3502e-158
1.67423e-158
3.34904e-159
6.68369e-160
1.33078e-160
2.64358e-161
5.23934e-162
1.036e-162
2.04384e-163
4.02291e-164
7.90023e-165
1.54792e-165
3.02602e-166
5.90212e-167
1.14858e-167
2.23015e-168
4.32043e-169
8.35112e-170
1.6106e-170
3.09927e-171
5.95062e-172
1.13998e-172
2.17905e-173
4.15598e-174
7.90897e-175
1.50179e-175
2.84538e-176
5.3792e-177
1.01471e-177
1.90994e-178
3.58714e-179
6.72251e-180
1.25711e-180
2.34569e-181
4.36748e-182
8.11435e-183
1.50433e-183
2.7829e-184
5.13717e-185
9.46282e-186
1.73937e-186
3.19034e-187
5.83931e-188
1.06651e-188
1.9438e-189
3.53526e-190
6.41618e-191
1.16204e-191
2.10016e-192
3.78773e-193
6.81707e-194
1.22437e-194
2.19445e-195
3.925e-196
7.00575e-197
1.24788e-197
2.21819e-198
3.93487e-199
6.96582e-200
1.23063e-200
2.16967e-201
3.81747e-202
6.70309e-203
1.17461e-203
2.05416e-204
3.58507e-205
6.24432e-206
1.08543e-206
1.88297e-207
3.26e-208
5.63281e-209
9.71466e-210
1.68005e-210
3.36329e-211
)
;

boundaryField
{
    sides
    {
        type            zeroGradient;
    }
    empty
    {
        type            empty;
    }
}


// ************************************************************************* //
