/*--------------------------------*- C++ -*----------------------------------*\
  =========                 |
  \\      /  F ield         | OpenFOAM: The Open Source CFD Toolbox
   \\    /   O peration     | Website:  https://openfoam.org
    \\  /    A nd           | Version:  13
     \\/     M anipulation  |
\*---------------------------------------------------------------------------*/
FoamFile
{
    format      ascii;
    class       volScalarField;
    location    "4.85";
    object      T;
}
// * * * * * * * * * * * * * * * * * * * * * * * * * * * * * * * * * * * * * //

dimensions      [0 0 0 1 0 0 0];

internalField   nonuniform List<scalar> 
1000
(
1.64786e-46
1.98561e-46
2.72902e-46
4.02729e-46
6.14028e-46
9.48948e-46
1.47405e-45
2.29325e-45
3.56802e-45
5.54854e-45
8.62182e-45
1.33858e-44
2.07635e-44
3.21778e-44
4.98207e-44
7.70655e-44
1.19099e-43
1.83886e-43
2.83652e-43
4.37139e-43
6.7305e-43
1.03531e-42
1.59107e-42
2.44287e-42
3.7472e-42
5.7426e-42
8.79232e-42
1.34491e-41
2.05531e-41
3.138e-41
4.78656e-41
7.29437e-41
1.11057e-40
1.68925e-40
2.56707e-40
3.89739e-40
5.91157e-40
8.95827e-40
1.35624e-39
2.05137e-39
3.09986e-39
4.67984e-39
7.05851e-39
1.06362e-38
1.60122e-38
2.40828e-38
3.61871e-38
5.4324e-38
8.14743e-38
1.22079e-37
1.82747e-37
2.73307e-37
4.08359e-37
6.0957e-37
9.09065e-37
1.35443e-36
2.01608e-36
2.99811e-36
4.45428e-36
6.61144e-36
9.80403e-36
1.45245e-35
2.14975e-35
3.1788e-35
4.69598e-35
6.93071e-35
1.02192e-34
1.50538e-34
2.21545e-34
3.25737e-34
4.78475e-34
7.02164e-34
1.02945e-33
1.50786e-33
2.20649e-33
3.22574e-33
4.71135e-33
6.8746e-33
1.00216e-32
1.45953e-32
2.1236e-32
3.08689e-32
4.48286e-32
6.50392e-32
9.42717e-32
1.36513e-31
1.97492e-31
2.85438e-31
4.12155e-31
5.94557e-31
8.56862e-31
1.23371e-30
1.7746e-30
2.5502e-30
3.66126e-30
5.25136e-30
7.52484e-30
1.07723e-29
1.54064e-29
2.20129e-29
3.14223e-29
4.48108e-29
6.38427e-29
9.08704e-29
1.29216e-28
1.83567e-28
2.60529e-28
3.69402e-28
5.2327e-28
7.40516e-28
1.04695e-27
1.47877e-27
2.08668e-27
2.94167e-27
4.14299e-27
5.82929e-27
8.19406e-27
1.15071e-26
1.6144e-26
2.26276e-26
3.16846e-26
4.4324e-26
6.19456e-26
8.64894e-26
1.20641e-25
1.68116e-25
2.34048e-25
3.25521e-25
4.52308e-25
6.2787e-25
8.70733e-25
1.20637e-24
1.66977e-24
2.30893e-24
3.18967e-24
4.4021e-24
6.0695e-24
8.36038e-24
1.15048e-23
1.58165e-23
2.1723e-23
2.98063e-23
4.08579e-23
5.59529e-23
7.65505e-23
1.04629e-22
1.42867e-22
1.94892e-22
2.65602e-22
3.61616e-22
4.9186e-22
6.68365e-22
9.07325e-22
1.23052e-21
1.66723e-21
2.25672e-21
3.05166e-21
4.12262e-21
5.564e-21
7.50201e-21
1.01052e-20
1.35985e-20
1.82815e-20
2.45532e-20
3.29445e-20
4.41605e-20
5.91372e-20
7.9116e-20
1.05741e-19
1.41189e-19
1.88335e-19
2.5098e-19
3.34135e-19
4.44407e-19
5.90493e-19
7.83836e-19
1.03947e-18
1.37712e-18
1.82267e-18
2.41001e-18
3.1835e-18
4.20114e-18
5.53864e-18
7.29482e-18
9.59843e-18
1.26171e-17
1.6569e-17
2.17373e-17
2.84899e-17
3.73035e-17
4.87958e-17
6.3766e-17
8.32474e-17
1.08574e-16
1.41467e-16
1.84144e-16
2.39462e-16
3.11091e-16
4.03749e-16
5.23492e-16
6.78081e-16
8.7746e-16
1.13435e-15
1.465e-15
1.89018e-15
2.43637e-15
3.13729e-15
4.03589e-15
5.18678e-15
6.65931e-15
8.54149e-15
1.09449e-14
1.40107e-14
1.79177e-14
2.28917e-14
2.92177e-14
3.72552e-14
4.7457e-14
6.03929e-14
7.67793e-14
9.75157e-14
1.23731e-13
1.56839e-13
1.9861e-13
2.51258e-13
3.1755e-13
4.00937e-13
5.05722e-13
6.37266e-13
8.02233e-13
1.00891e-12
1.26758e-12
1.59101e-12
1.99499e-12
2.49908e-12
3.12746e-12
3.90999e-12
4.88349e-12
6.09337e-12
7.59549e-12
9.45858e-12
1.17671e-11
1.46245e-11
1.81579e-11
2.25228e-11
2.79094e-11
3.45502e-11
4.27289e-11
5.27915e-11
6.51596e-11
8.03459e-11
9.8974e-11
1.21801e-10
1.49744e-10
1.83917e-10
2.25665e-10
2.76617e-10
3.38738e-10
4.14401e-10
5.06465e-10
6.18372e-10
7.5426e-10
9.19103e-10
1.11887e-09
1.36071e-09
1.65319e-09
2.00655e-09
2.43305e-09
2.94729e-09
3.5667e-09
4.31203e-09
5.20797e-09
6.28387e-09
7.57455e-09
9.12134e-09
1.09732e-08
1.31879e-08
1.58341e-08
1.89925e-08
2.27585e-08
2.72443e-08
3.25822e-08
3.89275e-08
4.64628e-08
5.5402e-08
6.59961e-08
7.85386e-08
9.33728e-08
1.109e-07
1.31587e-07
1.55979e-07
1.84711e-07
2.18521e-07
2.58264e-07
3.04936e-07
3.59689e-07
4.23855e-07
4.98977e-07
5.86837e-07
6.89489e-07
8.09302e-07
9.49001e-07
1.11172e-06
1.30107e-06
1.52117e-06
1.77676e-06
2.07325e-06
2.41686e-06
2.81465e-06
3.2747e-06
3.80621e-06
4.41966e-06
5.12695e-06
5.94162e-06
6.879e-06
7.95647e-06
9.19372e-06
1.0613e-05
1.22394e-05
1.41012e-05
1.62304e-05
1.86628e-05
2.14389e-05
2.46039e-05
2.82087e-05
3.23101e-05
3.69717e-05
4.22648e-05
4.82686e-05
5.50718e-05
6.27727e-05
7.14809e-05
8.13183e-05
9.24197e-05
0.000104935
0.000119029
0.000134886
0.000152707
0.000172715
0.000195156
0.0002203
0.000248444
0.000279912
0.000315062
0.000354284
0.000398006
0.000446693
0.000500854
0.000561042
0.00062786
0.000701962
0.000784057
0.000874915
0.000975369
0.00108632
0.00120873
0.00134365
0.00149221
0.00165562
0.00183518
0.00203227
0.0022484
0.00248516
0.00274424
0.00302747
0.00333678
0.00367421
0.00404195
0.00444232
0.00487775
0.00535083
0.00586429
0.00642101
0.007024
0.00767644
0.00838167
0.00914317
0.00996458
0.0108497
0.0118025
0.0128271
0.0139278
0.015109
0.0163753
0.0177314
0.0191823
0.0207328
0.0223882
0.0241538
0.026035
0.0280372
0.030166
0.0324271
0.0348263
0.0373694
0.0400623
0.0429107
0.0459207
0.0490981
0.0524487
0.0559784
0.0596929
0.0635978
0.0676988
0.0720011
0.07651
0.0812306
0.0861678
0.0913261
0.0967098
0.102323
0.10817
0.114253
0.120576
0.127142
0.133952
0.141009
0.148314
0.155867
0.16367
0.171722
0.180022
0.18857
0.197363
0.2064
0.215677
0.225191
0.234938
0.244913
0.255111
0.265526
0.276152
0.286982
0.298008
0.309222
0.320615
0.332179
0.343903
0.355777
0.36779
0.379932
0.392191
0.404555
0.417011
0.429547
0.44215
0.454807
0.467505
0.480229
0.492967
0.505704
0.518426
0.53112
0.543771
0.556366
0.56889
0.581331
0.593673
0.605905
0.618012
0.629982
0.641802
0.653459
0.664942
0.676238
0.687336
0.698225
0.708895
0.719334
0.729533
0.739483
0.749175
0.758599
0.767748
0.776614
0.78519
0.793469
0.801444
0.809109
0.816459
0.823489
0.830193
0.836567
0.842607
0.848309
0.853669
0.858685
0.863353
0.867672
0.871638
0.87525
0.878505
0.881402
0.883941
0.886118
0.887935
0.889389
0.89048
0.891207
0.891571
0.891571
0.891207
0.89048
0.889389
0.887935
0.886118
0.883941
0.881402
0.878505
0.87525
0.871638
0.867672
0.863353
0.858685
0.853669
0.848309
0.842607
0.836567
0.830193
0.823489
0.816459
0.809109
0.801444
0.793469
0.78519
0.776614
0.767748
0.758599
0.749175
0.739483
0.729533
0.719334
0.708895
0.698225
0.687336
0.676238
0.664942
0.653459
0.641802
0.629982
0.618012
0.605905
0.593673
0.581331
0.56889
0.556366
0.543771
0.53112
0.518426
0.505704
0.492967
0.480229
0.467505
0.454807
0.44215
0.429547
0.417011
0.404555
0.392191
0.379932
0.36779
0.355777
0.343903
0.332179
0.320615
0.309222
0.298008
0.286982
0.276152
0.265526
0.255111
0.244913
0.234938
0.225191
0.215677
0.2064
0.197363
0.18857
0.180022
0.171722
0.16367
0.155867
0.148314
0.141009
0.133952
0.127142
0.120576
0.114253
0.10817
0.102323
0.0967098
0.0913261
0.0861678
0.0812306
0.07651
0.0720011
0.0676988
0.0635978
0.0596929
0.0559784
0.0524487
0.0490981
0.0459207
0.0429107
0.0400623
0.0373694
0.0348263
0.0324271
0.030166
0.0280372
0.026035
0.0241538
0.0223882
0.0207328
0.0191823
0.0177314
0.0163753
0.015109
0.0139278
0.0128271
0.0118025
0.0108497
0.00996458
0.00914317
0.00838167
0.00767644
0.007024
0.00642101
0.00586429
0.00535083
0.00487775
0.00444232
0.00404195
0.00367421
0.00333678
0.00302747
0.00274424
0.00248516
0.0022484
0.00203227
0.00183518
0.00165562
0.00149221
0.00134365
0.00120873
0.00108632
0.000975369
0.000874915
0.000784057
0.000701962
0.00062786
0.000561042
0.000500854
0.000446693
0.000398006
0.000354284
0.000315062
0.000279912
0.000248444
0.0002203
0.000195156
0.000172715
0.000152707
0.000134886
0.000119029
0.000104935
9.24197e-05
8.13183e-05
7.14809e-05
6.27727e-05
5.50718e-05
4.82686e-05
4.22648e-05
3.69717e-05
3.23101e-05
2.82087e-05
2.46039e-05
2.14389e-05
1.86628e-05
1.62304e-05
1.41012e-05
1.22394e-05
1.0613e-05
9.19372e-06
7.95647e-06
6.879e-06
5.94162e-06
5.12695e-06
4.41966e-06
3.80621e-06
3.2747e-06
2.81465e-06
2.41686e-06
2.07325e-06
1.77676e-06
1.52117e-06
1.30107e-06
1.11172e-06
9.49001e-07
8.09302e-07
6.89489e-07
5.86837e-07
4.98977e-07
4.23855e-07
3.59689e-07
3.04936e-07
2.58264e-07
2.18521e-07
1.84711e-07
1.55979e-07
1.31587e-07
1.109e-07
9.33728e-08
7.85386e-08
6.59961e-08
5.5402e-08
4.64628e-08
3.89275e-08
3.25822e-08
2.72443e-08
2.27585e-08
1.89925e-08
1.58341e-08
1.31879e-08
1.09732e-08
9.12134e-09
7.57455e-09
6.28387e-09
5.20797e-09
4.31203e-09
3.5667e-09
2.94729e-09
2.43305e-09
2.00655e-09
1.65319e-09
1.36071e-09
1.11887e-09
9.19103e-10
7.5426e-10
6.18372e-10
5.06465e-10
4.14401e-10
3.38738e-10
2.76617e-10
2.25665e-10
1.83917e-10
1.49744e-10
1.21801e-10
9.8974e-11
8.03459e-11
6.51596e-11
5.27915e-11
4.27289e-11
3.45502e-11
2.79094e-11
2.25228e-11
1.81579e-11
1.46245e-11
1.17671e-11
9.45858e-12
7.59549e-12
6.09337e-12
4.88349e-12
3.90999e-12
3.12746e-12
2.49908e-12
1.99499e-12
1.59101e-12
1.26758e-12
1.00891e-12
8.02233e-13
6.37266e-13
5.05722e-13
4.00937e-13
3.1755e-13
2.51258e-13
1.9861e-13
1.56839e-13
1.23731e-13
9.75157e-14
7.67793e-14
6.03929e-14
4.7457e-14
3.72552e-14
2.92177e-14
2.28917e-14
1.79177e-14
1.40107e-14
1.09449e-14
8.54149e-15
6.65931e-15
5.18678e-15
4.03589e-15
3.13729e-15
2.43637e-15
1.89018e-15
1.465e-15
1.13435e-15
8.7746e-16
6.78081e-16
5.23492e-16
4.03749e-16
3.11091e-16
2.39462e-16
1.84144e-16
1.41467e-16
1.08574e-16
8.32474e-17
6.3766e-17
4.87958e-17
3.73035e-17
2.84899e-17
2.17373e-17
1.6569e-17
1.26171e-17
9.59843e-18
7.29482e-18
5.53864e-18
4.20114e-18
3.1835e-18
2.41001e-18
1.82267e-18
1.37712e-18
1.03947e-18
7.83836e-19
5.90493e-19
4.44407e-19
3.34135e-19
2.5098e-19
1.88335e-19
1.41189e-19
1.05741e-19
7.9116e-20
5.91372e-20
4.41605e-20
3.29445e-20
2.45532e-20
1.82815e-20
1.35985e-20
1.01052e-20
7.50201e-21
5.564e-21
4.12262e-21
3.05166e-21
2.25672e-21
1.66723e-21
1.23052e-21
9.07325e-22
6.68365e-22
4.9186e-22
3.61616e-22
2.65602e-22
1.94892e-22
1.42867e-22
1.04629e-22
7.65505e-23
5.59529e-23
4.08579e-23
2.98063e-23
2.1723e-23
1.58165e-23
1.15048e-23
8.36038e-24
6.0695e-24
4.4021e-24
3.18967e-24
2.30893e-24
1.66977e-24
1.20637e-24
8.70733e-25
6.2787e-25
4.52308e-25
3.25521e-25
2.34048e-25
1.68116e-25
1.20641e-25
8.64894e-26
6.19456e-26
4.4324e-26
3.16846e-26
2.26276e-26
1.6144e-26
1.15071e-26
8.19406e-27
5.82929e-27
4.14299e-27
2.94167e-27
2.08668e-27
1.47877e-27
1.04695e-27
7.40516e-28
5.2327e-28
3.69402e-28
2.60529e-28
1.83567e-28
1.29216e-28
9.08704e-29
6.38427e-29
4.48108e-29
3.14223e-29
2.20129e-29
1.54064e-29
1.07723e-29
7.52484e-30
5.25136e-30
3.66126e-30
2.5502e-30
1.7746e-30
1.23371e-30
8.56862e-31
5.94557e-31
4.12155e-31
2.85438e-31
1.97492e-31
1.36513e-31
9.42717e-32
6.50392e-32
4.48286e-32
3.08689e-32
2.1236e-32
1.45953e-32
1.00216e-32
6.8746e-33
4.71135e-33
3.22574e-33
2.20649e-33
1.50786e-33
1.02945e-33
7.02164e-34
4.78475e-34
3.25737e-34
2.21545e-34
1.50538e-34
1.02192e-34
6.93071e-35
4.69598e-35
3.1788e-35
2.14975e-35
1.45245e-35
9.80403e-36
6.61144e-36
4.45428e-36
2.99811e-36
2.01608e-36
1.35443e-36
9.09065e-37
6.0957e-37
4.08359e-37
2.73307e-37
1.82747e-37
1.22079e-37
8.14743e-38
5.4324e-38
3.61871e-38
2.40828e-38
1.60122e-38
1.06362e-38
7.05851e-39
4.67984e-39
3.09986e-39
2.05137e-39
1.35624e-39
8.95827e-40
5.91157e-40
3.89739e-40
2.56707e-40
1.68925e-40
1.11057e-40
7.29437e-41
4.78656e-41
3.138e-41
2.05531e-41
1.34491e-41
8.79232e-42
5.7426e-42
3.7472e-42
2.44287e-42
1.59107e-42
1.03531e-42
6.7305e-43
4.37139e-43
2.83652e-43
1.83886e-43
1.19099e-43
7.70655e-44
4.98207e-44
3.21778e-44
2.07635e-44
1.33858e-44
8.62182e-45
5.54854e-45
3.56802e-45
2.29325e-45
1.47405e-45
9.48948e-46
6.14028e-46
4.02729e-46
2.72902e-46
1.98561e-46
1.64786e-46
)
;

boundaryField
{
    sides
    {
        type            zeroGradient;
    }
    empty
    {
        type            empty;
    }
}


// ************************************************************************* //
