/*--------------------------------*- C++ -*----------------------------------*\
  =========                 |
  \\      /  F ield         | OpenFOAM: The Open Source CFD Toolbox
   \\    /   O peration     | Website:  https://openfoam.org
    \\  /    A nd           | Version:  13
     \\/     M anipulation  |
\*---------------------------------------------------------------------------*/
FoamFile
{
    format      ascii;
    class       volScalarField;
    location    "1.025";
    object      T;
}
// * * * * * * * * * * * * * * * * * * * * * * * * * * * * * * * * * * * * * //

dimensions      [0 0 0 1 0 0 0];

internalField   nonuniform List<scalar> 
1000
(
2.26292e-173
8.41698e-173
3.73812e-172
1.67331e-171
7.47943e-171
3.33676e-170
1.48571e-169
6.60231e-169
2.92824e-168
1.29618e-167
5.72625e-167
2.52476e-166
1.11099e-165
4.87916e-165
2.13854e-164
9.35468e-164
4.08391e-163
1.77933e-162
7.73697e-162
3.3575e-161
1.45409e-160
6.28481e-160
2.71094e-159
1.167e-158
5.01355e-158
2.14951e-157
9.19714e-157
3.9272e-156
1.67351e-155
7.11685e-155
3.02036e-154
1.2792e-153
5.40664e-153
2.28046e-152
9.59891e-152
4.03203e-151
1.69016e-150
7.07015e-150
2.9514e-149
1.22948e-148
5.11105e-148
2.12026e-147
8.77727e-147
3.62591e-146
1.49472e-145
6.14876e-145
2.52405e-144
1.03392e-143
4.22626e-143
1.72386e-142
7.01653e-142
2.8498e-141
1.15499e-140
4.67101e-140
1.885e-139
7.59058e-139
3.05002e-138
1.2229e-137
4.8926e-137
1.95319e-136
7.78045e-136
3.09256e-135
1.22654e-134
4.85397e-134
1.91672e-133
7.55204e-133
2.96902e-132
1.16467e-131
4.55863e-131
1.78033e-130
6.9375e-130
2.69735e-129
1.04641e-128
4.0504e-128
1.5643e-127
6.02789e-127
2.31758e-126
8.89044e-126
3.40275e-125
1.29943e-124
4.95099e-124
1.8821e-123
7.13841e-123
2.70128e-122
1.01986e-121
3.84165e-121
1.44376e-120
5.41343e-120
2.0251e-119
7.55813e-119
2.81433e-118
1.0455e-117
3.87494e-117
1.43281e-116
5.28565e-116
1.94531e-115
7.14261e-115
2.61639e-114
9.56143e-114
3.48591e-113
1.26788e-112
4.60054e-112
1.66535e-111
6.01401e-111
2.16663e-110
7.78687e-110
2.79189e-109
9.98588e-109
3.56309e-108
1.26828e-107
4.50352e-107
1.59526e-106
5.63709e-106
1.98709e-105
6.98743e-105
2.45105e-104
8.57667e-104
2.99375e-103
1.04241e-102
3.62068e-102
1.25448e-101
4.33567e-101
1.49474e-100
5.14035e-100
1.76332e-99
6.03365e-99
2.05938e-98
7.01132e-98
2.38103e-97
8.06549e-97
2.72517e-96
9.18444e-96
3.08748e-95
1.03525e-94
3.46238e-94
1.15502e-93
3.84312e-93
1.27544e-92
4.22195e-92
1.39393e-91
4.5903e-91
1.50768e-90
4.93907e-90
1.61378e-89
5.25903e-89
1.70933e-88
5.54116e-88
1.79155e-87
5.77709e-87
1.85796e-86
5.95948e-86
1.90644e-85
6.08243e-85
1.93539e-84
6.14177e-84
1.9438e-83
6.1353e-83
1.93129e-82
6.06291e-82
1.89817e-81
5.92663e-81
1.84541e-80
5.73049e-80
1.77459e-79
5.4804e-79
1.68783e-78
5.18375e-78
1.58766e-77
4.84916e-77
1.47695e-76
4.48595e-76
1.35872e-75
4.1038e-75
1.23601e-74
3.71224e-74
1.11179e-73
3.32034e-73
9.88802e-73
2.9363e-72
8.69469e-72
2.56724e-71
7.55849e-71
2.21899e-70
6.49572e-70
1.89603e-69
5.51831e-69
1.60143e-68
4.63391e-68
1.33697e-67
3.84616e-67
1.10322e-66
3.15514e-66
8.99704e-66
2.55799e-65
7.25127e-65
2.04947e-64
5.77534e-64
1.62263e-63
4.54533e-63
1.26944e-62
3.5347e-62
9.81267e-62
2.71589e-61
7.49417e-61
2.06167e-60
5.65449e-60
1.54613e-59
4.21474e-59
1.14542e-58
3.10334e-58
8.38214e-58
2.25705e-57
6.05878e-57
1.62137e-56
4.32544e-56
1.15033e-55
3.04973e-55
8.06009e-55
2.12351e-54
5.57702e-54
1.46009e-53
3.81051e-53
9.91312e-53
2.57073e-52
6.64537e-52
1.71236e-51
4.39823e-51
1.12608e-50
2.87382e-50
7.31055e-50
1.85368e-49
4.68503e-49
1.18026e-48
2.96365e-48
7.41748e-48
1.85039e-47
4.60092e-47
1.14024e-46
2.81653e-46
6.93417e-46
1.70151e-45
4.16131e-45
1.01433e-44
2.46419e-44
5.96643e-44
1.43978e-43
3.46271e-43
8.29982e-43
1.98268e-42
4.72021e-42
1.11994e-41
2.64816e-41
6.24038e-41
1.46551e-40
3.42984e-40
7.99952e-40
1.85932e-39
4.30666e-39
9.94076e-39
2.28659e-38
5.24133e-38
1.19723e-37
2.72514e-37
6.18124e-37
1.39711e-36
3.1467e-36
7.0622e-36
1.57937e-35
3.51951e-35
7.81505e-35
1.72913e-34
3.81214e-34
8.37429e-34
1.833e-33
3.99769e-33
8.68727e-33
1.88097e-32
4.05789e-32
8.72238e-32
1.86802e-31
3.986e-31
8.47417e-31
1.79497e-30
3.78804e-30
7.96462e-30
1.66841e-29
3.482e-29
7.23992e-29
1.49974e-28
3.09508e-28
6.36352e-28
1.30343e-27
2.65975e-27
5.40693e-27
1.095e-26
2.20916e-26
4.44005e-26
8.88975e-26
1.77308e-25
3.52292e-25
6.9728e-25
1.3748e-24
2.70017e-24
5.28279e-24
1.02955e-23
1.9987e-23
3.86501e-23
7.44489e-23
1.42845e-22
2.73002e-22
5.19707e-22
9.85461e-22
1.86124e-21
3.50144e-21
6.56096e-21
1.2245e-20
2.27625e-20
4.21448e-20
7.77194e-20
1.42749e-19
2.61136e-19
4.75786e-19
8.63379e-19
1.56039e-18
2.80869e-18
5.03509e-18
8.98963e-18
1.59846e-17
2.83066e-17
4.99219e-17
8.76821e-17
1.53371e-16
2.67167e-16
4.63477e-16
8.00709e-16
1.37759e-15
2.36025e-15
4.02705e-15
6.84231e-15
1.15772e-14
1.95066e-14
3.27295e-14
5.46851e-14
9.09847e-14
1.50742e-13
2.48694e-13
4.08558e-13
6.68344e-13
1.08868e-12
1.76583e-12
2.85197e-12
4.58654e-12
7.34456e-12
1.17107e-11
1.85925e-11
2.93914e-11
4.6263e-11
7.25057e-11
1.13144e-10
1.75798e-10
2.71964e-10
4.18913e-10
6.42462e-10
9.81025e-10
1.49148e-09
2.25767e-09
3.40255e-09
5.1056e-09
7.62756e-09
1.13454e-08
1.68013e-08
2.47717e-08
3.63628e-08
5.31427e-08
7.73237e-08
1.12012e-07
1.61545e-07
2.31953e-07
3.31577e-07
4.71891e-07
6.68608e-07
9.43132e-07
1.32447e-06
1.85175e-06
2.57744e-06
3.57159e-06
4.92718e-06
6.76707e-06
9.25264e-06
1.25949e-05
1.7068e-05
2.30268e-05
3.09277e-05
4.13544e-05
5.50499e-05
7.29546e-05
9.62521e-05
0.000126424
0.000165315
0.000215207
0.00027891
0.000359863
0.00046225
0.000591131
0.000752592
0.000953908
0.00120372
0.00151224
0.00189145
0.00235531
0.00292001
0.00360419
0.00442916
0.00541912
0.00660138
0.00800651
0.00966849
0.0116248
0.0139166
0.0165884
0.0196881
0.023267
0.0273793
0.0320816
0.0374324
0.043492
0.0503208
0.0579792
0.0665266
0.0760196
0.086512
0.0980524
0.110684
0.124443
0.139357
0.155444
0.172712
0.191158
0.210766
0.231508
0.253342
0.276214
0.300057
0.32479
0.350322
0.37655
0.403362
0.430636
0.458246
0.486059
0.513941
0.541754
0.569364
0.596638
0.62345
0.649678
0.67521
0.699943
0.723786
0.746658
0.768492
0.789234
0.808842
0.827288
0.844556
0.860643
0.875557
0.889316
0.901948
0.913488
0.92398
0.933473
0.942021
0.949679
0.956508
0.962567
0.967918
0.97262
0.976733
0.980311
0.983411
0.986082
0.988374
0.99033
0.991991
0.993395
0.994576
0.995564
0.996387
0.997067
0.997628
0.998086
0.998457
0.998755
0.998991
0.999174
0.999313
0.999411
0.999475
0.999506
0.999506
0.999475
0.999411
0.999313
0.999174
0.998991
0.998755
0.998457
0.998086
0.997628
0.997067
0.996387
0.995564
0.994576
0.993395
0.991991
0.99033
0.988374
0.986082
0.983411
0.980311
0.976733
0.97262
0.967918
0.962567
0.956508
0.949679
0.942021
0.933473
0.92398
0.913488
0.901948
0.889316
0.875557
0.860643
0.844556
0.827288
0.808842
0.789234
0.768492
0.746658
0.723786
0.699943
0.67521
0.649678
0.62345
0.596638
0.569364
0.541754
0.513941
0.486059
0.458246
0.430636
0.403362
0.37655
0.350322
0.32479
0.300057
0.276214
0.253342
0.231508
0.210766
0.191158
0.172712
0.155444
0.139357
0.124443
0.110684
0.0980524
0.086512
0.0760196
0.0665266
0.0579792
0.0503208
0.043492
0.0374324
0.0320816
0.0273793
0.023267
0.0196881
0.0165884
0.0139166
0.0116248
0.00966849
0.00800651
0.00660138
0.00541912
0.00442916
0.00360419
0.00292001
0.00235531
0.00189145
0.00151224
0.00120372
0.000953908
0.000752592
0.000591131
0.00046225
0.000359863
0.00027891
0.000215207
0.000165315
0.000126424
9.62521e-05
7.29546e-05
5.50499e-05
4.13544e-05
3.09277e-05
2.30268e-05
1.7068e-05
1.25949e-05
9.25264e-06
6.76707e-06
4.92718e-06
3.57159e-06
2.57744e-06
1.85175e-06
1.32447e-06
9.43132e-07
6.68608e-07
4.71891e-07
3.31577e-07
2.31953e-07
1.61545e-07
1.12012e-07
7.73237e-08
5.31427e-08
3.63628e-08
2.47717e-08
1.68013e-08
1.13454e-08
7.62756e-09
5.1056e-09
3.40255e-09
2.25767e-09
1.49148e-09
9.81025e-10
6.42462e-10
4.18913e-10
2.71964e-10
1.75798e-10
1.13144e-10
7.25057e-11
4.6263e-11
2.93914e-11
1.85925e-11
1.17107e-11
7.34456e-12
4.58654e-12
2.85197e-12
1.76583e-12
1.08868e-12
6.68344e-13
4.08558e-13
2.48694e-13
1.50742e-13
9.09847e-14
5.46851e-14
3.27295e-14
1.95066e-14
1.15772e-14
6.84231e-15
4.02705e-15
2.36025e-15
1.37759e-15
8.00709e-16
4.63477e-16
2.67167e-16
1.53371e-16
8.76821e-17
4.99219e-17
2.83066e-17
1.59846e-17
8.98963e-18
5.03509e-18
2.80869e-18
1.56039e-18
8.63379e-19
4.75786e-19
2.61136e-19
1.42749e-19
7.77194e-20
4.21448e-20
2.27625e-20
1.2245e-20
6.56096e-21
3.50144e-21
1.86124e-21
9.85461e-22
5.19707e-22
2.73002e-22
1.42845e-22
7.44489e-23
3.86501e-23
1.9987e-23
1.02955e-23
5.28279e-24
2.70017e-24
1.3748e-24
6.9728e-25
3.52292e-25
1.77308e-25
8.88975e-26
4.44005e-26
2.20916e-26
1.095e-26
5.40693e-27
2.65975e-27
1.30343e-27
6.36352e-28
3.09508e-28
1.49974e-28
7.23992e-29
3.482e-29
1.66841e-29
7.96462e-30
3.78804e-30
1.79497e-30
8.47417e-31
3.986e-31
1.86802e-31
8.72238e-32
4.05789e-32
1.88097e-32
8.68727e-33
3.99769e-33
1.833e-33
8.37429e-34
3.81214e-34
1.72913e-34
7.81505e-35
3.51951e-35
1.57937e-35
7.0622e-36
3.1467e-36
1.39711e-36
6.18124e-37
2.72514e-37
1.19723e-37
5.24133e-38
2.28659e-38
9.94076e-39
4.30666e-39
1.85932e-39
7.99952e-40
3.42984e-40
1.46551e-40
6.24038e-41
2.64816e-41
1.11994e-41
4.72021e-42
1.98268e-42
8.29982e-43
3.46271e-43
1.43978e-43
5.96643e-44
2.46419e-44
1.01433e-44
4.16131e-45
1.70151e-45
6.93417e-46
2.81653e-46
1.14024e-46
4.60092e-47
1.85039e-47
7.41748e-48
2.96365e-48
1.18026e-48
4.68503e-49
1.85368e-49
7.31055e-50
2.87382e-50
1.12608e-50
4.39823e-51
1.71236e-51
6.64537e-52
2.57073e-52
9.91312e-53
3.81051e-53
1.46009e-53
5.57702e-54
2.12351e-54
8.06009e-55
3.04973e-55
1.15033e-55
4.32544e-56
1.62137e-56
6.05878e-57
2.25705e-57
8.38214e-58
3.10334e-58
1.14542e-58
4.21474e-59
1.54613e-59
5.65449e-60
2.06167e-60
7.49417e-61
2.71589e-61
9.81267e-62
3.5347e-62
1.26944e-62
4.54533e-63
1.62263e-63
5.77534e-64
2.04947e-64
7.25127e-65
2.55799e-65
8.99704e-66
3.15514e-66
1.10322e-66
3.84616e-67
1.33697e-67
4.63391e-68
1.60143e-68
5.51831e-69
1.89603e-69
6.49572e-70
2.21899e-70
7.55849e-71
2.56724e-71
8.69469e-72
2.9363e-72
9.88802e-73
3.32034e-73
1.11179e-73
3.71224e-74
1.23601e-74
4.1038e-75
1.35872e-75
4.48595e-76
1.47695e-76
4.84916e-77
1.58766e-77
5.18375e-78
1.68783e-78
5.4804e-79
1.77459e-79
5.73049e-80
1.84541e-80
5.92663e-81
1.89817e-81
6.06291e-82
1.93129e-82
6.1353e-83
1.9438e-83
6.14177e-84
1.93539e-84
6.08243e-85
1.90644e-85
5.95948e-86
1.85796e-86
5.77709e-87
1.79155e-87
5.54116e-88
1.70933e-88
5.25903e-89
1.61378e-89
4.93907e-90
1.50768e-90
4.5903e-91
1.39393e-91
4.22195e-92
1.27544e-92
3.84312e-93
1.15502e-93
3.46238e-94
1.03525e-94
3.08748e-95
9.18444e-96
2.72517e-96
8.06549e-97
2.38103e-97
7.01132e-98
2.05938e-98
6.03365e-99
1.76332e-99
5.14035e-100
1.49474e-100
4.33567e-101
1.25448e-101
3.62068e-102
1.04241e-102
2.99375e-103
8.57667e-104
2.45105e-104
6.98743e-105
1.98709e-105
5.63709e-106
1.59526e-106
4.50352e-107
1.26828e-107
3.56309e-108
9.98588e-109
2.79189e-109
7.78687e-110
2.16663e-110
6.01401e-111
1.66535e-111
4.60054e-112
1.26788e-112
3.48591e-113
9.56143e-114
2.61639e-114
7.14261e-115
1.94531e-115
5.28565e-116
1.43281e-116
3.87494e-117
1.0455e-117
2.81433e-118
7.55813e-119
2.0251e-119
5.41343e-120
1.44376e-120
3.84165e-121
1.01986e-121
2.70128e-122
7.13841e-123
1.8821e-123
4.95099e-124
1.29943e-124
3.40275e-125
8.89044e-126
2.31758e-126
6.02789e-127
1.5643e-127
4.0504e-128
1.04641e-128
2.69735e-129
6.9375e-130
1.78033e-130
4.55863e-131
1.16467e-131
2.96902e-132
7.55204e-133
1.91672e-133
4.85397e-134
1.22654e-134
3.09256e-135
7.78045e-136
1.95319e-136
4.8926e-137
1.2229e-137
3.05002e-138
7.59058e-139
1.885e-139
4.67101e-140
1.15499e-140
2.8498e-141
7.01653e-142
1.72386e-142
4.22626e-143
1.03392e-143
2.52405e-144
6.14876e-145
1.49472e-145
3.62591e-146
8.77727e-147
2.12026e-147
5.11105e-148
1.22948e-148
2.9514e-149
7.07015e-150
1.69016e-150
4.03203e-151
9.59891e-152
2.28046e-152
5.40664e-153
1.2792e-153
3.02036e-154
7.11685e-155
1.67351e-155
3.9272e-156
9.19714e-157
2.14951e-157
5.01355e-158
1.167e-158
2.71094e-159
6.28481e-160
1.45409e-160
3.3575e-161
7.73697e-162
1.77933e-162
4.08391e-163
9.35468e-164
2.13854e-164
4.87916e-165
1.11099e-165
2.52476e-166
5.72625e-167
1.29618e-167
2.92824e-168
6.60231e-169
1.48571e-169
3.33676e-170
7.47943e-171
1.67331e-171
3.73812e-172
8.41698e-173
2.26292e-173
)
;

boundaryField
{
    sides
    {
        type            zeroGradient;
    }
    empty
    {
        type            empty;
    }
}


// ************************************************************************* //
