/*--------------------------------*- C++ -*----------------------------------*\
  =========                 |
  \\      /  F ield         | OpenFOAM: The Open Source CFD Toolbox
   \\    /   O peration     | Website:  https://openfoam.org
    \\  /    A nd           | Version:  13
     \\/     M anipulation  |
\*---------------------------------------------------------------------------*/
FoamFile
{
    format      ascii;
    class       volScalarField;
    location    "1.89";
    object      T;
}
// * * * * * * * * * * * * * * * * * * * * * * * * * * * * * * * * * * * * * //

dimensions      [0 0 0 1 0 0 0];

internalField   nonuniform List<scalar> 
1000
(
5.67611e-108
1.18746e-107
3.09879e-107
8.36696e-107
2.26653e-106
6.13363e-106
1.65725e-105
4.4703e-105
1.20381e-104
3.23632e-104
8.68591e-104
2.32728e-103
6.22515e-103
1.66234e-102
4.43154e-102
1.17938e-101
3.13343e-101
8.31092e-101
2.20059e-100
5.81691e-100
1.53499e-99
4.04369e-99
1.06343e-98
2.79188e-98
7.31713e-98
1.91443e-97
5.00028e-97
1.30377e-96
3.3936e-96
8.81804e-96
2.28735e-95
5.92302e-95
1.53109e-94
3.95101e-94
1.01779e-93
2.61732e-93
6.71889e-93
1.72179e-92
4.40461e-92
1.1248e-91
2.86735e-91
7.2967e-91
1.85357e-90
4.70035e-90
1.18983e-89
3.00661e-89
7.58405e-89
1.90967e-88
4.80006e-88
1.20438e-87
3.01657e-87
7.54206e-87
1.88232e-86
4.68948e-86
1.16622e-85
2.89507e-85
7.17401e-85
1.77454e-84
4.38159e-84
1.07993e-83
2.65694e-83
6.52503e-83
1.59956e-82
3.91413e-82
9.56056e-82
2.33102e-81
5.67309e-81
1.37818e-80
3.34195e-80
8.08919e-80
1.95442e-79
4.71343e-79
1.13465e-78
2.72641e-78
6.53921e-78
1.56553e-77
3.7411e-77
8.92353e-77
2.12458e-76
5.04904e-76
1.19768e-75
2.83576e-75
6.70182e-75
1.58092e-74
3.72236e-74
8.74822e-74
2.05216e-73
4.80498e-73
1.12295e-72
2.61949e-72
6.09899e-72
1.41737e-71
3.28772e-71
7.61181e-71
1.75899e-70
4.05711e-70
9.34009e-70
2.14617e-69
4.92212e-69
1.12672e-68
2.57429e-68
5.87044e-68
1.33615e-67
3.03539e-67
6.88243e-67
1.55754e-66
3.51806e-66
7.93111e-66
1.78456e-65
4.00768e-65
8.98293e-65
2.00958e-64
4.48698e-64
9.99913e-64
2.22397e-63
4.9369e-63
1.0938e-62
2.41865e-62
5.33783e-62
1.17573e-61
2.58467e-61
5.67091e-61
1.24179e-60
2.71391e-60
5.91953e-60
1.28863e-59
2.79969e-59
6.0707e-59
1.31374e-58
2.83741e-58
6.1161e-58
1.31573e-57
2.82486e-57
6.0529e-57
1.29439e-56
2.76251e-56
5.88403e-56
1.25077e-55
2.65346e-55
5.61794e-55
1.18705e-54
2.50318e-54
5.26792e-54
1.1064e-53
2.31904e-53
4.85097e-53
1.01268e-52
2.10976e-52
4.38646e-52
9.10153e-52
1.88465e-51
3.89462e-51
8.0318e-51
1.65301e-50
3.39507e-50
6.95879e-50
1.42341e-49
2.90558e-49
5.91896e-49
1.20327e-48
2.44111e-48
4.94215e-48
9.98498e-48
2.01317e-47
4.05055e-47
8.13293e-47
1.62959e-46
3.25842e-46
6.50178e-46
1.29465e-45
2.57256e-45
5.10118e-45
1.00941e-44
1.99322e-44
3.92763e-44
7.72315e-44
1.51546e-43
2.96743e-43
5.7983e-43
1.13059e-42
2.19983e-42
4.27124e-42
8.27559e-42
1.60001e-41
3.0869e-41
5.94291e-41
1.1417e-40
2.18865e-40
4.18671e-40
7.99174e-40
1.52223e-39
2.89326e-39
5.48736e-39
1.0385e-38
1.96116e-38
3.6956e-38
6.94897e-38
1.30382e-37
2.44104e-37
4.56029e-37
8.50097e-37
1.58125e-36
2.93488e-36
5.43544e-36
1.00446e-35
1.85218e-35
3.40788e-35
6.25658e-35
1.14614e-34
2.09502e-34
3.82106e-34
6.95386e-34
1.26273e-33
2.28793e-33
4.13632e-33
7.46151e-33
1.34301e-32
2.41197e-32
4.32216e-32
7.728e-32
1.3787e-31
2.45417e-31
4.35886e-31
7.72455e-31
1.36585e-30
2.40971e-30
4.24184e-30
7.45026e-30
1.30561e-29
2.28288e-29
3.98268e-29
6.93252e-29
1.204e-28
2.08634e-28
3.60714e-28
6.22242e-28
1.07096e-27
1.83909e-27
3.15099e-27
5.38648e-27
9.18706e-27
1.56336e-26
2.65433e-26
4.49633e-26
7.59924e-26
1.28142e-25
2.15584e-25
3.61866e-25
6.06015e-25
1.01256e-24
1.68797e-24
2.80741e-24
4.65852e-24
7.71239e-24
1.27388e-23
2.09924e-23
3.45139e-23
5.66136e-23
9.26489e-23
1.5127e-22
2.46409e-22
4.00452e-22
6.49284e-22
1.05028e-21
1.69499e-21
2.72906e-21
4.38374e-21
7.02523e-21
1.12321e-20
1.79161e-20
2.85106e-20
4.52637e-20
7.16924e-20
1.13286e-19
1.78589e-19
2.80873e-19
4.40699e-19
6.8984e-19
1.07728e-18
1.67834e-18
2.60858e-18
4.04483e-18
6.25698e-18
9.65603e-18
1.48662e-17
2.28334e-17
3.49869e-17
5.34818e-17
8.15588e-17
1.24079e-16
1.88318e-16
2.85131e-16
4.30683e-16
6.48981e-16
9.75584e-16
1.46304e-15
2.18879e-15
3.26671e-15
4.86376e-15
7.22417e-15
1.07043e-14
1.58228e-14
2.33324e-14
3.43231e-14
5.03693e-14
7.37387e-14
1.0769e-13
1.56892e-13
2.28022e-13
3.30597e-13
4.78155e-13
6.89895e-13
9.92986e-13
1.42576e-12
2.04218e-12
2.918e-12
4.15928e-12
5.91416e-12
8.38896e-12
1.18704e-11
1.67556e-11
2.35936e-11
3.31411e-11
4.64384e-11
6.49121e-11
9.05128e-11
1.25901e-10
1.74698e-10
2.41812e-10
3.3389e-10
4.599e-10
6.31912e-10
8.6613e-10
1.18425e-09
1.61522e-09
2.19763e-09
2.98269e-09
4.03824e-09
5.45389e-09
7.3477e-09
9.87473e-09
1.32382e-08
1.77036e-08
2.36168e-08
3.14276e-08
4.17184e-08
5.52424e-08
7.297e-08
9.61488e-08
1.26378e-07
1.65701e-07
2.16722e-07
2.82755e-07
3.67996e-07
4.77752e-07
6.18711e-07
7.99281e-07
1.03e-06
1.32404e-06
1.69781e-06
2.17173e-06
2.77107e-06
3.52709e-06
4.47828e-06
5.67195e-06
7.16605e-06
9.03139e-06
1.13542e-05
1.42392e-05
1.78132e-05
2.22293e-05
2.76719e-05
3.43622e-05
4.2565e-05
5.2596e-05
6.48311e-05
7.97158e-05
9.77769e-05
0.000119636
0.000146022
0.00017779
0.000215939
0.000261631
0.000316215
0.000381253
0.000458543
0.000550157
0.000658464
0.000786172
0.000936365
0.00111254
0.00131865
0.00155916
0.00183906
0.00216397
0.00254014
0.0029745
0.00347475
0.00404937
0.0047077
0.00545996
0.00631728
0.00729178
0.00839657
0.00964579
0.0110546
0.0126392
0.0144169
0.016406
0.0186257
0.0210963
0.0238388
0.0268753
0.0302283
0.0339212
0.0379776
0.0424217
0.0472776
0.0525695
0.0583214
0.0645568
0.0712984
0.0785682
0.0863869
0.0947737
0.103746
0.11332
0.123508
0.134322
0.145769
0.157854
0.17058
0.183945
0.197944
0.212568
0.227805
0.243639
0.260048
0.277011
0.294498
0.312478
0.330916
0.349774
0.369011
0.388582
0.40844
0.428536
0.448819
0.469237
0.489737
0.510263
0.530762
0.551181
0.571464
0.59156
0.611418
0.630988
0.650225
0.669083
0.68752
0.7055
0.722986
0.739948
0.756357
0.772189
0.787425
0.802047
0.816044
0.829406
0.842128
0.854209
0.865651
0.876458
0.886638
0.896201
0.905161
0.913533
0.921334
0.928582
0.935297
0.941501
0.947215
0.952461
0.957262
0.961641
0.96562
0.969222
0.972466
0.975375
0.977967
0.980262
0.982275
0.984024
0.985522
0.986781
0.987814
0.988629
0.989233
0.989633
0.989832
0.989832
0.989633
0.989233
0.988629
0.987814
0.986781
0.985522
0.984024
0.982275
0.980262
0.977967
0.975375
0.972466
0.969222
0.96562
0.961641
0.957262
0.952461
0.947215
0.941501
0.935297
0.928582
0.921334
0.913533
0.905161
0.896201
0.886638
0.876458
0.865651
0.854209
0.842128
0.829406
0.816044
0.802047
0.787425
0.772189
0.756357
0.739948
0.722986
0.7055
0.68752
0.669083
0.650225
0.630988
0.611418
0.59156
0.571464
0.551181
0.530762
0.510263
0.489737
0.469237
0.448819
0.428536
0.40844
0.388582
0.369011
0.349774
0.330916
0.312478
0.294498
0.277011
0.260048
0.243639
0.227805
0.212568
0.197944
0.183945
0.17058
0.157854
0.145769
0.134322
0.123508
0.11332
0.103746
0.0947737
0.0863869
0.0785682
0.0712984
0.0645568
0.0583214
0.0525695
0.0472776
0.0424217
0.0379776
0.0339212
0.0302283
0.0268753
0.0238388
0.0210963
0.0186257
0.016406
0.0144169
0.0126392
0.0110546
0.00964579
0.00839657
0.00729178
0.00631728
0.00545996
0.0047077
0.00404937
0.00347475
0.0029745
0.00254014
0.00216397
0.00183906
0.00155916
0.00131865
0.00111254
0.000936365
0.000786172
0.000658464
0.000550157
0.000458543
0.000381253
0.000316215
0.000261631
0.000215939
0.00017779
0.000146022
0.000119636
9.77769e-05
7.97158e-05
6.48311e-05
5.2596e-05
4.2565e-05
3.43622e-05
2.76719e-05
2.22293e-05
1.78132e-05
1.42392e-05
1.13542e-05
9.03139e-06
7.16605e-06
5.67195e-06
4.47828e-06
3.52709e-06
2.77107e-06
2.17173e-06
1.69781e-06
1.32404e-06
1.03e-06
7.99281e-07
6.18711e-07
4.77752e-07
3.67996e-07
2.82755e-07
2.16722e-07
1.65701e-07
1.26378e-07
9.61488e-08
7.297e-08
5.52424e-08
4.17184e-08
3.14276e-08
2.36168e-08
1.77036e-08
1.32382e-08
9.87473e-09
7.3477e-09
5.45389e-09
4.03824e-09
2.98269e-09
2.19763e-09
1.61522e-09
1.18425e-09
8.6613e-10
6.31912e-10
4.599e-10
3.3389e-10
2.41812e-10
1.74698e-10
1.25901e-10
9.05128e-11
6.49121e-11
4.64384e-11
3.31411e-11
2.35936e-11
1.67556e-11
1.18704e-11
8.38896e-12
5.91416e-12
4.15928e-12
2.918e-12
2.04218e-12
1.42576e-12
9.92986e-13
6.89895e-13
4.78155e-13
3.30597e-13
2.28022e-13
1.56892e-13
1.0769e-13
7.37387e-14
5.03693e-14
3.43231e-14
2.33324e-14
1.58228e-14
1.07043e-14
7.22417e-15
4.86376e-15
3.26671e-15
2.18879e-15
1.46304e-15
9.75584e-16
6.48981e-16
4.30683e-16
2.85131e-16
1.88318e-16
1.24079e-16
8.15588e-17
5.34818e-17
3.49869e-17
2.28334e-17
1.48662e-17
9.65603e-18
6.25698e-18
4.04483e-18
2.60858e-18
1.67834e-18
1.07728e-18
6.8984e-19
4.40699e-19
2.80873e-19
1.78589e-19
1.13286e-19
7.16924e-20
4.52637e-20
2.85106e-20
1.79161e-20
1.12321e-20
7.02523e-21
4.38374e-21
2.72906e-21
1.69499e-21
1.05028e-21
6.49284e-22
4.00452e-22
2.46409e-22
1.5127e-22
9.26489e-23
5.66136e-23
3.45139e-23
2.09924e-23
1.27388e-23
7.71239e-24
4.65852e-24
2.80741e-24
1.68797e-24
1.01256e-24
6.06015e-25
3.61866e-25
2.15584e-25
1.28142e-25
7.59924e-26
4.49633e-26
2.65433e-26
1.56336e-26
9.18706e-27
5.38648e-27
3.15099e-27
1.83909e-27
1.07096e-27
6.22242e-28
3.60714e-28
2.08634e-28
1.204e-28
6.93252e-29
3.98268e-29
2.28288e-29
1.30561e-29
7.45026e-30
4.24184e-30
2.40971e-30
1.36585e-30
7.72455e-31
4.35886e-31
2.45417e-31
1.3787e-31
7.728e-32
4.32216e-32
2.41197e-32
1.34301e-32
7.46151e-33
4.13632e-33
2.28793e-33
1.26273e-33
6.95386e-34
3.82106e-34
2.09502e-34
1.14614e-34
6.25658e-35
3.40788e-35
1.85218e-35
1.00446e-35
5.43544e-36
2.93488e-36
1.58125e-36
8.50097e-37
4.56029e-37
2.44104e-37
1.30382e-37
6.94897e-38
3.6956e-38
1.96116e-38
1.0385e-38
5.48736e-39
2.89326e-39
1.52223e-39
7.99174e-40
4.18671e-40
2.18865e-40
1.1417e-40
5.94291e-41
3.0869e-41
1.60001e-41
8.27559e-42
4.27124e-42
2.19983e-42
1.13059e-42
5.7983e-43
2.96743e-43
1.51546e-43
7.72315e-44
3.92763e-44
1.99322e-44
1.00941e-44
5.10118e-45
2.57256e-45
1.29465e-45
6.50178e-46
3.25842e-46
1.62959e-46
8.13293e-47
4.05055e-47
2.01317e-47
9.98498e-48
4.94215e-48
2.44111e-48
1.20327e-48
5.91896e-49
2.90558e-49
1.42341e-49
6.95879e-50
3.39507e-50
1.65301e-50
8.0318e-51
3.89462e-51
1.88465e-51
9.10153e-52
4.38646e-52
2.10976e-52
1.01268e-52
4.85097e-53
2.31904e-53
1.1064e-53
5.26792e-54
2.50318e-54
1.18705e-54
5.61794e-55
2.65346e-55
1.25077e-55
5.88403e-56
2.76251e-56
1.29439e-56
6.0529e-57
2.82486e-57
1.31573e-57
6.1161e-58
2.83741e-58
1.31374e-58
6.0707e-59
2.79969e-59
1.28863e-59
5.91953e-60
2.71391e-60
1.24179e-60
5.67091e-61
2.58467e-61
1.17573e-61
5.33783e-62
2.41865e-62
1.0938e-62
4.9369e-63
2.22397e-63
9.99913e-64
4.48698e-64
2.00958e-64
8.98293e-65
4.00768e-65
1.78456e-65
7.93111e-66
3.51806e-66
1.55754e-66
6.88243e-67
3.03539e-67
1.33615e-67
5.87044e-68
2.57429e-68
1.12672e-68
4.92212e-69
2.14617e-69
9.34009e-70
4.05711e-70
1.75899e-70
7.61181e-71
3.28772e-71
1.41737e-71
6.09899e-72
2.61949e-72
1.12295e-72
4.80498e-73
2.05216e-73
8.74822e-74
3.72236e-74
1.58092e-74
6.70182e-75
2.83576e-75
1.19768e-75
5.04904e-76
2.12458e-76
8.92353e-77
3.7411e-77
1.56553e-77
6.53921e-78
2.72641e-78
1.13465e-78
4.71343e-79
1.95442e-79
8.08919e-80
3.34195e-80
1.37818e-80
5.67309e-81
2.33102e-81
9.56056e-82
3.91413e-82
1.59956e-82
6.52503e-83
2.65694e-83
1.07993e-83
4.38159e-84
1.77454e-84
7.17401e-85
2.89507e-85
1.16622e-85
4.68948e-86
1.88232e-86
7.54206e-87
3.01657e-87
1.20438e-87
4.80006e-88
1.90967e-88
7.58405e-89
3.00661e-89
1.18983e-89
4.70035e-90
1.85357e-90
7.2967e-91
2.86735e-91
1.1248e-91
4.40461e-92
1.72179e-92
6.71889e-93
2.61732e-93
1.01779e-93
3.95101e-94
1.53109e-94
5.92302e-95
2.28735e-95
8.81804e-96
3.3936e-96
1.30377e-96
5.00028e-97
1.91443e-97
7.31713e-98
2.79188e-98
1.06343e-98
4.04369e-99
1.53499e-99
5.81691e-100
2.20059e-100
8.31092e-101
3.13343e-101
1.17938e-101
4.43154e-102
1.66234e-102
6.22515e-103
2.32728e-103
8.68591e-104
3.23632e-104
1.20381e-104
4.4703e-105
1.65725e-105
6.13363e-106
2.26653e-106
8.36696e-107
3.09879e-107
1.18746e-107
5.67611e-108
)
;

boundaryField
{
    sides
    {
        type            zeroGradient;
    }
    empty
    {
        type            empty;
    }
}


// ************************************************************************* //
