/*--------------------------------*- C++ -*----------------------------------*\
  =========                 |
  \\      /  F ield         | OpenFOAM: The Open Source CFD Toolbox
   \\    /   O peration     | Website:  https://openfoam.org
    \\  /    A nd           | Version:  13
     \\/     M anipulation  |
\*---------------------------------------------------------------------------*/
FoamFile
{
    format      ascii;
    class       volScalarField;
    location    "2.58";
    object      T;
}
// * * * * * * * * * * * * * * * * * * * * * * * * * * * * * * * * * * * * * //

dimensions      [0 0 0 1 0 0 0];

internalField   nonuniform List<scalar> 
1000
(
1.2446e-82
2.05129e-82
4.18214e-82
9.00058e-82
1.95792e-81
4.26385e-81
9.27711e-81
2.01579e-80
4.37381e-80
9.47652e-80
2.05026e-79
4.42936e-79
9.55526e-79
2.05832e-78
4.42745e-78
9.5096e-78
2.03957e-77
4.36798e-77
9.34093e-77
1.99464e-76
4.2531e-76
9.05546e-76
1.92521e-75
4.08706e-75
8.66374e-75
1.83384e-74
3.87596e-74
8.18009e-74
1.72384e-73
3.62739e-73
7.6217e-73
1.59907e-72
3.34996e-72
7.0076e-72
1.46371e-71
3.05279e-71
6.35761e-71
1.32204e-70
2.74505e-70
5.69125e-70
1.1782e-69
2.43546e-69
5.02684e-69
1.036e-68
2.13193e-68
4.38064e-68
8.98773e-68
1.84124e-67
3.76633e-67
7.69261e-67
1.56883e-66
3.19463e-66
6.4955e-66
1.31871e-65
2.67318e-65
5.41066e-65
1.09349e-64
2.20659e-64
4.446e-64
8.94454e-64
1.79674e-63
3.60374e-63
7.21704e-63
1.44312e-62
2.88127e-62
5.74383e-62
1.14329e-61
2.27219e-61
4.50888e-61
8.9336e-61
1.76733e-60
3.49094e-60
6.88492e-60
1.35577e-59
2.66567e-59
5.23305e-59
1.02573e-58
2.00744e-58
3.92264e-58
7.65319e-58
1.49085e-57
2.89969e-57
5.63112e-57
1.09185e-56
2.11377e-56
4.08577e-56
7.88523e-56
1.51942e-55
2.92323e-55
5.61526e-55
1.07695e-54
2.06226e-54
3.94286e-54
7.52657e-54
1.4345e-53
2.72975e-53
5.18634e-53
9.83821e-53
1.86332e-52
3.52348e-52
6.6523e-52
1.25397e-51
2.36e-51
4.43457e-51
8.31961e-51
1.55835e-50
2.91433e-50
5.44154e-50
1.01441e-49
1.88806e-49
3.50852e-49
6.50939e-49
1.20577e-48
2.22994e-48
4.11745e-48
7.59047e-48
1.39705e-47
2.56721e-47
4.7099e-47
8.62711e-47
1.57769e-46
2.88056e-46
5.2509e-46
9.55632e-46
1.73639e-45
3.14993e-45
5.70498e-45
1.03158e-44
1.8623e-44
3.35655e-44
6.03993e-44
1.08509e-43
1.94623e-43
3.48509e-43
6.23059e-43
1.11208e-42
1.98168e-42
3.52552e-42
6.26187e-42
1.11039e-41
1.96577e-41
3.47442e-41
6.13081e-41
1.08004e-40
1.89956e-40
3.33541e-40
5.84698e-40
1.02329e-39
1.78793e-39
3.11879e-39
5.43131e-39
9.44291e-39
1.63904e-38
2.84023e-38
4.91359e-38
8.48641e-38
1.46328e-37
2.51891e-37
4.32887e-37
7.42702e-37
1.27213e-36
2.17533e-36
3.71359e-36
6.32905e-36
1.07686e-35
1.82916e-35
3.10183e-35
5.25118e-35
8.87501e-35
1.49745e-34
2.52236e-34
4.24163e-34
7.12078e-34
1.19342e-33
1.99676e-33
3.33524e-33
5.56155e-33
9.25831e-33
1.53863e-32
2.55272e-32
4.22801e-32
6.99091e-32
1.15397e-31
1.90161e-31
3.12831e-31
5.1376e-31
8.42313e-31
1.37863e-30
2.25259e-30
3.67431e-30
5.98314e-30
9.72618e-30
1.57839e-29
2.55707e-29
4.1355e-29
6.67684e-29
1.07614e-28
1.7315e-28
2.7812e-28
4.45961e-28
7.13861e-28
1.14073e-27
1.81973e-27
2.8979e-27
4.60692e-27
7.31121e-27
1.15829e-26
1.83188e-26
2.89218e-26
4.55829e-26
7.1718e-26
1.12642e-25
1.76613e-25
2.76433e-25
4.3192e-25
6.73694e-25
1.04898e-24
1.63048e-24
2.52994e-24
3.91874e-24
6.05935e-24
9.35296e-24
1.44116e-23
2.21676e-23
3.40382e-23
5.2174e-23
7.98329e-23
1.21941e-22
1.85932e-22
2.83009e-22
4.30013e-22
6.52232e-22
9.8755e-22
1.49263e-21
2.25207e-21
3.39193e-21
5.09973e-21
7.65388e-21
1.1467e-20
1.71495e-20
2.56028e-20
3.81554e-20
5.67617e-20
8.42922e-20
1.24954e-19
1.84903e-19
2.73129e-19
4.02738e-19
5.92797e-19
8.71e-19
1.27749e-18
1.87037e-18
2.73353e-18
3.98793e-18
5.80762e-18
8.44257e-18
1.22512e-17
1.77462e-17
2.56601e-17
3.7037e-17
5.33626e-17
7.67472e-17
1.10182e-16
1.579e-16
2.2588e-16
3.22547e-16
4.5976e-16
6.5417e-16
9.29118e-16
1.31726e-15
1.8642e-15
2.6335e-15
3.71359e-15
5.22725e-15
7.34465e-15
1.03012e-14
1.44219e-14
2.01545e-14
2.81153e-14
3.91496e-14
5.44164e-14
7.55003e-14
1.04564e-13
1.44555e-13
1.99479e-13
2.74776e-13
3.77809e-13
5.18539e-13
7.10402e-13
9.71494e-13
1.32614e-12
1.80698e-12
2.45769e-12
3.33669e-12
4.52185e-12
6.11685e-12
8.25945e-12
1.11323e-11
1.49773e-11
2.01136e-11
2.69623e-11
3.60773e-11
4.81862e-11
6.42422e-11
8.54924e-11
1.13565e-10
1.50581e-10
1.99299e-10
2.633e-10
3.47218e-10
4.5705e-10
6.00528e-10
7.8761e-10
1.03109e-09
1.34738e-09
1.75748e-09
2.28823e-09
2.97382e-09
3.85778e-09
4.99537e-09
6.4566e-09
8.33006e-09
1.07275e-08
1.37897e-08
1.76937e-08
2.26616e-08
2.89712e-08
3.697e-08
4.70911e-08
5.98735e-08
7.59866e-08
9.62599e-08
1.21719e-07
1.53632e-07
1.93557e-07
2.43412e-07
3.05549e-07
3.82848e-07
4.78828e-07
5.97776e-07
7.4491e-07
9.26564e-07
1.15041e-06
1.42574e-06
1.76373e-06
2.17787e-06
2.68435e-06
3.30258e-06
4.05579e-06
4.97171e-06
6.08336e-06
7.43001e-06
9.05823e-06
1.10232e-05
1.33899e-05
1.62353e-05
1.96495e-05
2.37384e-05
2.86261e-05
3.44575e-05
4.14015e-05
4.96546e-05
5.9445e-05
7.10367e-05
8.47349e-05
0.000100892
0.000119912
0.00014226
0.000168468
0.000199144
0.000234982
0.000276768
0.000325399
0.000381885
0.00044737
0.000523144
0.000610654
0.000711523
0.000827569
0.000960819
0.00111353
0.00128821
0.00148763
0.00171486
0.00197329
0.00226662
0.00259894
0.0029747
0.00339877
0.00387643
0.00441343
0.00501596
0.00569073
0.00644495
0.00728634
0.00822318
0.00926427
0.010419
0.0116973
0.0131096
0.0146671
0.0163813
0.0182643
0.0203288
0.0225879
0.0250552
0.0277446
0.0306705
0.0338476
0.0372908
0.041015
0.0450355
0.0493675
0.0540261
0.0590262
0.0643825
0.0701092
0.0762201
0.0827285
0.0896467
0.0969864
0.104758
0.112971
0.121634
0.130754
0.140336
0.150385
0.160902
0.171888
0.183341
0.19526
0.207637
0.220467
0.23374
0.247445
0.261567
0.276093
0.291004
0.306281
0.321902
0.337845
0.354085
0.370594
0.387345
0.404309
0.421455
0.438751
0.456164
0.473663
0.491212
0.508777
0.526326
0.543823
0.561236
0.57853
0.595673
0.612634
0.629381
0.645886
0.66212
0.678056
0.693669
0.708936
0.723836
0.738348
0.752454
0.76614
0.77939
0.792194
0.804541
0.816424
0.827835
0.838773
0.849233
0.859216
0.868723
0.877755
0.886317
0.894414
0.902053
0.90924
0.915983
0.922292
0.928176
0.933644
0.938707
0.943375
0.947658
0.951566
0.955109
0.958296
0.961136
0.963639
0.96581
0.967658
0.969189
0.970407
0.971317
0.971921
0.972223
0.972223
0.971921
0.971317
0.970407
0.969189
0.967658
0.96581
0.963639
0.961136
0.958296
0.955109
0.951566
0.947658
0.943375
0.938707
0.933644
0.928176
0.922292
0.915983
0.90924
0.902053
0.894414
0.886317
0.877755
0.868723
0.859216
0.849233
0.838773
0.827835
0.816424
0.804541
0.792194
0.77939
0.76614
0.752454
0.738348
0.723836
0.708936
0.693669
0.678056
0.66212
0.645886
0.629381
0.612634
0.595673
0.57853
0.561236
0.543823
0.526326
0.508777
0.491212
0.473663
0.456164
0.438751
0.421455
0.404309
0.387345
0.370594
0.354085
0.337845
0.321902
0.306281
0.291004
0.276093
0.261567
0.247445
0.23374
0.220467
0.207637
0.19526
0.183341
0.171888
0.160902
0.150385
0.140336
0.130754
0.121634
0.112971
0.104758
0.0969864
0.0896467
0.0827285
0.0762201
0.0701092
0.0643825
0.0590262
0.0540261
0.0493675
0.0450355
0.041015
0.0372908
0.0338476
0.0306705
0.0277446
0.0250552
0.0225879
0.0203288
0.0182643
0.0163813
0.0146671
0.0131096
0.0116973
0.010419
0.00926427
0.00822318
0.00728634
0.00644495
0.00569073
0.00501596
0.00441343
0.00387643
0.00339877
0.0029747
0.00259894
0.00226662
0.00197329
0.00171486
0.00148763
0.00128821
0.00111353
0.000960819
0.000827569
0.000711523
0.000610654
0.000523144
0.00044737
0.000381885
0.000325399
0.000276768
0.000234982
0.000199144
0.000168468
0.00014226
0.000119912
0.000100892
8.47349e-05
7.10367e-05
5.9445e-05
4.96546e-05
4.14015e-05
3.44575e-05
2.86261e-05
2.37384e-05
1.96495e-05
1.62353e-05
1.33899e-05
1.10232e-05
9.05823e-06
7.43001e-06
6.08336e-06
4.97171e-06
4.05579e-06
3.30258e-06
2.68435e-06
2.17787e-06
1.76373e-06
1.42574e-06
1.15041e-06
9.26564e-07
7.4491e-07
5.97776e-07
4.78828e-07
3.82848e-07
3.05549e-07
2.43412e-07
1.93557e-07
1.53632e-07
1.21719e-07
9.62599e-08
7.59866e-08
5.98735e-08
4.70911e-08
3.697e-08
2.89712e-08
2.26616e-08
1.76937e-08
1.37897e-08
1.07275e-08
8.33006e-09
6.4566e-09
4.99537e-09
3.85778e-09
2.97382e-09
2.28823e-09
1.75748e-09
1.34738e-09
1.03109e-09
7.8761e-10
6.00528e-10
4.5705e-10
3.47218e-10
2.633e-10
1.99299e-10
1.50581e-10
1.13565e-10
8.54924e-11
6.42422e-11
4.81862e-11
3.60773e-11
2.69623e-11
2.01136e-11
1.49773e-11
1.11323e-11
8.25945e-12
6.11685e-12
4.52185e-12
3.33669e-12
2.45769e-12
1.80698e-12
1.32614e-12
9.71494e-13
7.10402e-13
5.18539e-13
3.77809e-13
2.74776e-13
1.99479e-13
1.44555e-13
1.04564e-13
7.55003e-14
5.44164e-14
3.91496e-14
2.81153e-14
2.01545e-14
1.44219e-14
1.03012e-14
7.34465e-15
5.22725e-15
3.71359e-15
2.6335e-15
1.8642e-15
1.31726e-15
9.29118e-16
6.5417e-16
4.5976e-16
3.22547e-16
2.2588e-16
1.579e-16
1.10182e-16
7.67472e-17
5.33626e-17
3.7037e-17
2.56601e-17
1.77462e-17
1.22512e-17
8.44257e-18
5.80762e-18
3.98793e-18
2.73353e-18
1.87037e-18
1.27749e-18
8.71e-19
5.92797e-19
4.02738e-19
2.73129e-19
1.84903e-19
1.24954e-19
8.42922e-20
5.67617e-20
3.81554e-20
2.56028e-20
1.71495e-20
1.1467e-20
7.65388e-21
5.09973e-21
3.39193e-21
2.25207e-21
1.49263e-21
9.8755e-22
6.52232e-22
4.30013e-22
2.83009e-22
1.85932e-22
1.21941e-22
7.98329e-23
5.2174e-23
3.40382e-23
2.21676e-23
1.44116e-23
9.35296e-24
6.05935e-24
3.91874e-24
2.52994e-24
1.63048e-24
1.04898e-24
6.73694e-25
4.3192e-25
2.76433e-25
1.76613e-25
1.12642e-25
7.1718e-26
4.55829e-26
2.89218e-26
1.83188e-26
1.15829e-26
7.31121e-27
4.60692e-27
2.8979e-27
1.81973e-27
1.14073e-27
7.13861e-28
4.45961e-28
2.7812e-28
1.7315e-28
1.07614e-28
6.67684e-29
4.1355e-29
2.55707e-29
1.57839e-29
9.72618e-30
5.98314e-30
3.67431e-30
2.25259e-30
1.37863e-30
8.42313e-31
5.1376e-31
3.12831e-31
1.90161e-31
1.15397e-31
6.99091e-32
4.22801e-32
2.55272e-32
1.53863e-32
9.25831e-33
5.56155e-33
3.33524e-33
1.99676e-33
1.19342e-33
7.12078e-34
4.24163e-34
2.52236e-34
1.49745e-34
8.87501e-35
5.25118e-35
3.10183e-35
1.82916e-35
1.07686e-35
6.32905e-36
3.71359e-36
2.17533e-36
1.27213e-36
7.42702e-37
4.32887e-37
2.51891e-37
1.46328e-37
8.48641e-38
4.91359e-38
2.84023e-38
1.63904e-38
9.44291e-39
5.43131e-39
3.11879e-39
1.78793e-39
1.02329e-39
5.84698e-40
3.33541e-40
1.89956e-40
1.08004e-40
6.13081e-41
3.47442e-41
1.96577e-41
1.11039e-41
6.26187e-42
3.52552e-42
1.98168e-42
1.11208e-42
6.23059e-43
3.48509e-43
1.94623e-43
1.08509e-43
6.03993e-44
3.35655e-44
1.8623e-44
1.03158e-44
5.70498e-45
3.14993e-45
1.73639e-45
9.55632e-46
5.2509e-46
2.88056e-46
1.57769e-46
8.62711e-47
4.7099e-47
2.56721e-47
1.39705e-47
7.59047e-48
4.11745e-48
2.22994e-48
1.20577e-48
6.50939e-49
3.50852e-49
1.88806e-49
1.01441e-49
5.44154e-50
2.91433e-50
1.55835e-50
8.31961e-51
4.43457e-51
2.36e-51
1.25397e-51
6.6523e-52
3.52348e-52
1.86332e-52
9.83821e-53
5.18634e-53
2.72975e-53
1.4345e-53
7.52657e-54
3.94286e-54
2.06226e-54
1.07695e-54
5.61526e-55
2.92323e-55
1.51942e-55
7.88523e-56
4.08577e-56
2.11377e-56
1.09185e-56
5.63112e-57
2.89969e-57
1.49085e-57
7.65319e-58
3.92264e-58
2.00744e-58
1.02573e-58
5.23305e-59
2.66567e-59
1.35577e-59
6.88492e-60
3.49094e-60
1.76733e-60
8.9336e-61
4.50888e-61
2.27219e-61
1.14329e-61
5.74383e-62
2.88127e-62
1.44312e-62
7.21704e-63
3.60374e-63
1.79674e-63
8.94454e-64
4.446e-64
2.20659e-64
1.09349e-64
5.41066e-65
2.67318e-65
1.31871e-65
6.4955e-66
3.19463e-66
1.56883e-66
7.69261e-67
3.76633e-67
1.84124e-67
8.98773e-68
4.38064e-68
2.13193e-68
1.036e-68
5.02684e-69
2.43546e-69
1.1782e-69
5.69125e-70
2.74505e-70
1.32204e-70
6.35761e-71
3.05279e-71
1.46371e-71
7.0076e-72
3.34996e-72
1.59907e-72
7.6217e-73
3.62739e-73
1.72384e-73
8.18009e-74
3.87596e-74
1.83384e-74
8.66374e-75
4.08706e-75
1.92521e-75
9.05546e-76
4.2531e-76
1.99464e-76
9.34093e-77
4.36798e-77
2.03957e-77
9.5096e-78
4.42745e-78
2.05832e-78
9.55526e-79
4.42936e-79
2.05026e-79
9.47652e-80
4.37381e-80
2.01579e-80
9.27711e-81
4.26385e-81
1.95792e-81
9.00058e-82
4.18214e-82
2.05129e-82
1.2446e-82
)
;

boundaryField
{
    sides
    {
        type            zeroGradient;
    }
    empty
    {
        type            empty;
    }
}


// ************************************************************************* //
