/*--------------------------------*- C++ -*----------------------------------*\
  =========                 |
  \\      /  F ield         | OpenFOAM: The Open Source CFD Toolbox
   \\    /   O peration     | Website:  https://openfoam.org
    \\  /    A nd           | Version:  13
     \\/     M anipulation  |
\*---------------------------------------------------------------------------*/
FoamFile
{
    format      ascii;
    class       volScalarField;
    location    "2.41";
    object      T;
}
// * * * * * * * * * * * * * * * * * * * * * * * * * * * * * * * * * * * * * //

dimensions      [0 0 0 1 0 0 0];

internalField   nonuniform List<scalar> 
1000
(
1.00686e-87
1.74071e-87
3.73812e-87
8.43706e-87
1.92089e-86
4.37534e-86
9.95479e-86
2.26169e-85
5.13084e-85
1.16224e-84
2.62874e-84
5.93673e-84
1.33873e-83
3.0143e-83
6.77678e-83
1.52126e-82
3.40981e-82
7.63128e-82
1.70533e-81
3.80503e-81
8.47716e-81
1.88574e-80
4.18845e-80
9.28889e-80
2.05689e-79
4.54775e-79
1.00396e-78
2.21297e-78
4.87043e-78
1.07027e-77
2.3483e-77
5.14454e-77
1.12531e-76
2.4577e-76
5.35941e-76
1.1669e-75
2.53677e-75
5.50627e-75
1.19333e-74
2.58221e-74
5.57891e-74
1.20346e-73
2.59203e-73
5.57408e-73
1.19682e-72
2.56572e-72
5.49174e-72
1.17363e-71
2.50424e-71
5.33507e-71
1.13481e-70
2.41004e-70
5.11028e-70
1.08189e-69
2.28683e-69
4.82618e-69
1.01692e-68
2.13937e-68
4.49364e-68
9.42373e-68
1.97315e-67
4.12485e-67
8.60928e-67
1.79406e-66
3.73262e-66
7.75355e-66
1.60803e-65
3.32964e-65
6.88343e-65
1.42075e-64
2.92777e-64
6.02365e-64
1.23733e-63
2.53755e-63
5.19572e-63
1.06213e-62
2.16776e-62
4.41716e-62
8.98617e-62
1.82518e-61
3.70111e-61
7.49302e-61
1.51453e-60
3.05629e-60
6.15751e-60
1.23854e-59
2.48719e-59
4.98654e-59
9.98117e-59
1.9946e-58
3.97942e-58
7.92635e-58
1.57622e-57
3.1293e-57
6.20247e-57
1.22735e-56
2.42472e-56
4.78231e-56
9.41669e-56
1.85116e-55
3.63304e-55
7.11837e-55
1.39243e-54
2.71922e-54
5.30149e-54
1.03188e-53
2.00512e-53
3.88982e-53
7.53349e-53
1.4566e-52
2.81163e-52
5.41815e-52
1.04236e-51
2.00198e-51
3.83862e-51
7.34788e-51
1.40417e-50
2.67885e-50
5.10208e-50
9.70098e-50
1.84142e-49
3.48945e-49
6.60128e-49
1.24671e-48
2.35055e-48
4.42423e-48
8.31325e-48
1.55943e-47
2.92029e-47
5.45942e-47
1.01889e-46
1.89833e-46
3.5308e-46
6.55595e-46
1.21522e-45
2.24871e-45
4.15401e-45
7.66053e-45
1.41028e-44
2.59183e-44
4.75512e-44
8.70904e-44
1.59233e-43
2.90633e-43
5.29553e-43
9.63218e-43
1.749e-42
3.17032e-42
5.73674e-42
1.03627e-41
1.86866e-41
3.36383e-41
6.04481e-41
1.08437e-40
1.94184e-40
3.47131e-40
6.19465e-40
1.10352e-39
1.9624e-39
3.48365e-39
6.17336e-39
1.09206e-38
1.92847e-38
3.39949e-38
5.98208e-38
1.05082e-37
1.84263e-37
3.2254e-37
5.63591e-37
9.83054e-37
1.71168e-36
2.9751e-36
5.16192e-36
8.94029e-36
1.54569e-35
2.66761e-35
4.59568e-35
7.90325e-35
1.35672e-34
2.32487e-34
3.97681e-34
6.79041e-34
1.15739e-33
1.9692e-33
3.34444e-33
5.66993e-33
9.59521e-33
1.62089e-32
2.73319e-32
4.60053e-32
7.72974e-32
1.2964e-31
2.17037e-31
3.62696e-31
6.05019e-31
1.00742e-30
1.67443e-30
2.77804e-30
4.6007e-30
7.6054e-30
1.25497e-29
2.06707e-29
3.3985e-29
5.57739e-29
9.13658e-29
1.49398e-28
2.43847e-28
3.97278e-28
6.46071e-28
1.04875e-27
1.6993e-27
2.74836e-27
4.43691e-27
7.14977e-27
1.15002e-26
1.84639e-26
2.95899e-26
4.7333e-26
7.55763e-26
1.2045e-25
1.91614e-25
3.04262e-25
4.82242e-25
7.62923e-25
1.20474e-24
1.8989e-24
2.98749e-24
4.69145e-24
7.35362e-24
1.15051e-23
1.79668e-23
2.80056e-23
4.35724e-23
6.76659e-23
1.04886e-22
1.62277e-22
2.50603e-22
3.86282e-22
5.94308e-22
9.12654e-22
1.3989e-21
2.14021e-21
3.26823e-21
4.98142e-21
7.57842e-21
1.15077e-20
1.74415e-20
2.63852e-20
3.98402e-20
6.00433e-20
9.03212e-20
1.35611e-19
2.03227e-19
3.03983e-19
4.53832e-19
6.7627e-19
1.00583e-18
1.49316e-18
2.21241e-18
3.27191e-18
4.82963e-18
7.11545e-18
1.04632e-17
1.53569e-17
2.24966e-17
3.28931e-17
4.80026e-17
6.99194e-17
1.01649e-16
1.47496e-16
2.13614e-16
3.0878e-16
4.45492e-16
6.41504e-16
9.21996e-16
1.3226e-15
1.89363e-15
2.70602e-15
3.85952e-15
5.49419e-15
7.80623e-15
1.10699e-14
1.5668e-14
2.21334e-14
3.12068e-14
4.39151e-14
6.16798e-14
8.6464e-14
1.20974e-13
1.68932e-13
2.35447e-13
3.27519e-13
4.54719e-13
6.30101e-13
8.71443e-13
1.2029e-12
1.65721e-12
2.27871e-12
3.12722e-12
4.28338e-12
5.85564e-12
7.98953e-12
1.08799e-11
1.47873e-11
2.0059e-11
2.71574e-11
3.66964e-11
4.94898e-11
6.66139e-11
8.9489e-11
1.19986e-10
1.60564e-10
2.14447e-10
2.85856e-10
3.80303e-10
5.04972e-10
6.69205e-10
8.85126e-10
1.16844e-09
1.53943e-09
2.02426e-09
2.65661e-09
3.47971e-09
4.54895e-09
5.93515e-09
7.72868e-09
1.00446e-08
1.3029e-08
1.68672e-08
2.17935e-08
2.81036e-08
3.61702e-08
4.64613e-08
5.9564e-08
7.62128e-08
9.73249e-08
1.24043e-07
1.57787e-07
2.0032e-07
2.53821e-07
3.20984e-07
4.05126e-07
5.10328e-07
6.41595e-07
8.05053e-07
1.00818e-06
1.26011e-06
1.57191e-06
1.95704e-06
2.43178e-06
3.01579e-06
3.73277e-06
4.6112e-06
5.68527e-06
6.99585e-06
8.5918e-06
1.05313e-05
1.28835e-05
1.57304e-05
1.9169e-05
2.3314e-05
2.83001e-05
3.42859e-05
4.14571e-05
5.0031e-05
6.0261e-05
7.2442e-05
8.69167e-05
0.000104082
0.000124395
0.000148386
0.000176662
0.00020992
0.000248957
0.000294686
0.000348141
0.000410501
0.000483102
0.000567449
0.000665245
0.000778399
0.000909056
0.00105961
0.00123275
0.00143143
0.00165897
0.00191901
0.0022156
0.00255316
0.00293658
0.00337119
0.0038628
0.00441775
0.0050429
0.0057457
0.00653415
0.00741687
0.00840309
0.00950268
0.0107262
0.0120846
0.0135899
0.0152545
0.0170913
0.019114
0.0213369
0.0237747
0.0264426
0.0293565
0.0325322
0.0359863
0.0397353
0.0437961
0.0481854
0.05292
0.0580166
0.0634914
0.0693603
0.0756388
0.0823414
0.0894821
0.0970736
0.105128
0.113655
0.122665
0.132164
0.142159
0.152654
0.16365
0.175149
0.187147
0.199642
0.212625
0.226089
0.240023
0.254412
0.269241
0.284492
0.300144
0.316174
0.332557
0.349267
0.366274
0.383549
0.401058
0.418768
0.436645
0.454652
0.472752
0.490909
0.509085
0.527242
0.545342
0.563348
0.581224
0.598933
0.61644
0.633712
0.650717
0.667423
0.683803
0.699828
0.715474
0.730717
0.745538
0.759917
0.773838
0.787288
0.800254
0.812728
0.824703
0.836173
0.847136
0.857592
0.867541
0.876987
0.885934
0.894389
0.902359
0.909853
0.91688
0.923452
0.92958
0.935276
0.940552
0.945421
0.949896
0.953988
0.957712
0.961077
0.964097
0.966781
0.96914
0.971182
0.972917
0.974352
0.975492
0.976342
0.976907
0.977189
0.977189
0.976907
0.976342
0.975492
0.974352
0.972917
0.971182
0.96914
0.966781
0.964097
0.961077
0.957712
0.953988
0.949896
0.945421
0.940552
0.935276
0.92958
0.923452
0.91688
0.909853
0.902359
0.894389
0.885934
0.876987
0.867541
0.857592
0.847136
0.836173
0.824703
0.812728
0.800254
0.787288
0.773838
0.759917
0.745538
0.730717
0.715474
0.699828
0.683803
0.667423
0.650717
0.633712
0.61644
0.598933
0.581224
0.563348
0.545342
0.527242
0.509085
0.490909
0.472752
0.454652
0.436645
0.418768
0.401058
0.383549
0.366274
0.349267
0.332557
0.316174
0.300144
0.284492
0.269241
0.254412
0.240023
0.226089
0.212625
0.199642
0.187147
0.175149
0.16365
0.152654
0.142159
0.132164
0.122665
0.113655
0.105128
0.0970736
0.0894821
0.0823414
0.0756388
0.0693603
0.0634914
0.0580166
0.05292
0.0481854
0.0437961
0.0397353
0.0359863
0.0325322
0.0293565
0.0264426
0.0237747
0.0213369
0.019114
0.0170913
0.0152545
0.0135899
0.0120846
0.0107262
0.00950268
0.00840309
0.00741687
0.00653415
0.0057457
0.0050429
0.00441775
0.0038628
0.00337119
0.00293658
0.00255316
0.0022156
0.00191901
0.00165897
0.00143143
0.00123275
0.00105961
0.000909056
0.000778399
0.000665245
0.000567449
0.000483102
0.000410501
0.000348141
0.000294686
0.000248957
0.00020992
0.000176662
0.000148386
0.000124395
0.000104082
8.69167e-05
7.2442e-05
6.0261e-05
5.0031e-05
4.14571e-05
3.42859e-05
2.83001e-05
2.3314e-05
1.9169e-05
1.57304e-05
1.28835e-05
1.05313e-05
8.5918e-06
6.99585e-06
5.68527e-06
4.6112e-06
3.73277e-06
3.01579e-06
2.43178e-06
1.95704e-06
1.57191e-06
1.26011e-06
1.00818e-06
8.05053e-07
6.41595e-07
5.10328e-07
4.05126e-07
3.20984e-07
2.53821e-07
2.0032e-07
1.57787e-07
1.24043e-07
9.73249e-08
7.62128e-08
5.9564e-08
4.64613e-08
3.61702e-08
2.81036e-08
2.17935e-08
1.68672e-08
1.3029e-08
1.00446e-08
7.72868e-09
5.93515e-09
4.54895e-09
3.47971e-09
2.65661e-09
2.02426e-09
1.53943e-09
1.16844e-09
8.85126e-10
6.69205e-10
5.04972e-10
3.80303e-10
2.85856e-10
2.14447e-10
1.60564e-10
1.19986e-10
8.9489e-11
6.66139e-11
4.94898e-11
3.66964e-11
2.71574e-11
2.0059e-11
1.47873e-11
1.08799e-11
7.98953e-12
5.85564e-12
4.28338e-12
3.12722e-12
2.27871e-12
1.65721e-12
1.2029e-12
8.71443e-13
6.30101e-13
4.54719e-13
3.27519e-13
2.35447e-13
1.68932e-13
1.20974e-13
8.6464e-14
6.16798e-14
4.39151e-14
3.12068e-14
2.21334e-14
1.5668e-14
1.10699e-14
7.80623e-15
5.49419e-15
3.85952e-15
2.70602e-15
1.89363e-15
1.3226e-15
9.21996e-16
6.41504e-16
4.45492e-16
3.0878e-16
2.13614e-16
1.47496e-16
1.01649e-16
6.99194e-17
4.80026e-17
3.28931e-17
2.24966e-17
1.53569e-17
1.04632e-17
7.11545e-18
4.82963e-18
3.27191e-18
2.21241e-18
1.49316e-18
1.00583e-18
6.7627e-19
4.53832e-19
3.03983e-19
2.03227e-19
1.35611e-19
9.03212e-20
6.00433e-20
3.98402e-20
2.63852e-20
1.74415e-20
1.15077e-20
7.57842e-21
4.98142e-21
3.26823e-21
2.14021e-21
1.3989e-21
9.12654e-22
5.94308e-22
3.86282e-22
2.50603e-22
1.62277e-22
1.04886e-22
6.76659e-23
4.35724e-23
2.80056e-23
1.79668e-23
1.15051e-23
7.35362e-24
4.69145e-24
2.98749e-24
1.8989e-24
1.20474e-24
7.62923e-25
4.82242e-25
3.04262e-25
1.91614e-25
1.2045e-25
7.55763e-26
4.7333e-26
2.95899e-26
1.84639e-26
1.15002e-26
7.14977e-27
4.43691e-27
2.74836e-27
1.6993e-27
1.04875e-27
6.46071e-28
3.97278e-28
2.43847e-28
1.49398e-28
9.13658e-29
5.57739e-29
3.3985e-29
2.06707e-29
1.25497e-29
7.6054e-30
4.6007e-30
2.77804e-30
1.67443e-30
1.00742e-30
6.05019e-31
3.62696e-31
2.17037e-31
1.2964e-31
7.72974e-32
4.60053e-32
2.73319e-32
1.62089e-32
9.59521e-33
5.66993e-33
3.34444e-33
1.9692e-33
1.15739e-33
6.79041e-34
3.97681e-34
2.32487e-34
1.35672e-34
7.90325e-35
4.59568e-35
2.66761e-35
1.54569e-35
8.94029e-36
5.16192e-36
2.9751e-36
1.71168e-36
9.83054e-37
5.63591e-37
3.2254e-37
1.84263e-37
1.05082e-37
5.98208e-38
3.39949e-38
1.92847e-38
1.09206e-38
6.17336e-39
3.48365e-39
1.9624e-39
1.10352e-39
6.19465e-40
3.47131e-40
1.94184e-40
1.08437e-40
6.04481e-41
3.36383e-41
1.86866e-41
1.03627e-41
5.73674e-42
3.17032e-42
1.749e-42
9.63218e-43
5.29553e-43
2.90633e-43
1.59233e-43
8.70904e-44
4.75512e-44
2.59183e-44
1.41028e-44
7.66053e-45
4.15401e-45
2.24871e-45
1.21522e-45
6.55595e-46
3.5308e-46
1.89833e-46
1.01889e-46
5.45942e-47
2.92029e-47
1.55943e-47
8.31325e-48
4.42423e-48
2.35055e-48
1.24671e-48
6.60128e-49
3.48945e-49
1.84142e-49
9.70098e-50
5.10208e-50
2.67885e-50
1.40417e-50
7.34788e-51
3.83862e-51
2.00198e-51
1.04236e-51
5.41815e-52
2.81163e-52
1.4566e-52
7.53349e-53
3.88982e-53
2.00512e-53
1.03188e-53
5.30149e-54
2.71922e-54
1.39243e-54
7.11837e-55
3.63304e-55
1.85116e-55
9.41669e-56
4.78231e-56
2.42472e-56
1.22735e-56
6.20247e-57
3.1293e-57
1.57622e-57
7.92635e-58
3.97942e-58
1.9946e-58
9.98117e-59
4.98654e-59
2.48719e-59
1.23854e-59
6.15751e-60
3.05629e-60
1.51453e-60
7.49302e-61
3.70111e-61
1.82518e-61
8.98617e-62
4.41716e-62
2.16776e-62
1.06213e-62
5.19572e-63
2.53755e-63
1.23733e-63
6.02365e-64
2.92777e-64
1.42075e-64
6.88343e-65
3.32964e-65
1.60803e-65
7.75355e-66
3.73262e-66
1.79406e-66
8.60928e-67
4.12485e-67
1.97315e-67
9.42373e-68
4.49364e-68
2.13937e-68
1.01692e-68
4.82618e-69
2.28683e-69
1.08189e-69
5.11028e-70
2.41004e-70
1.13481e-70
5.33507e-71
2.50424e-71
1.17363e-71
5.49174e-72
2.56572e-72
1.19682e-72
5.57408e-73
2.59203e-73
1.20346e-73
5.57891e-74
2.58221e-74
1.19333e-74
5.50627e-75
2.53677e-75
1.1669e-75
5.35941e-76
2.4577e-76
1.12531e-76
5.14454e-77
2.3483e-77
1.07027e-77
4.87043e-78
2.21297e-78
1.00396e-78
4.54775e-79
2.05689e-79
9.28889e-80
4.18845e-80
1.88574e-80
8.47716e-81
3.80503e-81
1.70533e-81
7.63128e-82
3.40981e-82
1.52126e-82
6.77678e-83
3.0143e-83
1.33873e-83
5.93673e-84
2.62874e-84
1.16224e-84
5.13084e-85
2.26169e-85
9.95479e-86
4.37534e-86
1.92089e-86
8.43706e-87
3.73812e-87
1.74071e-87
1.00686e-87
)
;

boundaryField
{
    sides
    {
        type            zeroGradient;
    }
    empty
    {
        type            empty;
    }
}


// ************************************************************************* //
