/*--------------------------------*- C++ -*----------------------------------*\
  =========                 |
  \\      /  F ield         | OpenFOAM: The Open Source CFD Toolbox
   \\    /   O peration     | Website:  https://openfoam.org
    \\  /    A nd           | Version:  13
     \\/     M anipulation  |
\*---------------------------------------------------------------------------*/
FoamFile
{
    format      ascii;
    class       volScalarField;
    location    "1.7";
    object      T;
}
// * * * * * * * * * * * * * * * * * * * * * * * * * * * * * * * * * * * * * //

dimensions      [0 0 0 1 0 0 0];

internalField   nonuniform List<scalar> 
1000
(
7.75656e-118
1.77859e-117
5.07211e-117
1.48729e-116
4.36866e-116
1.2815e-115
3.7528e-115
1.09708e-114
3.20158e-114
9.32682e-114
2.71234e-113
7.87397e-113
2.28183e-112
6.60099e-112
1.90622e-111
5.49505e-111
1.58126e-110
4.54225e-110
1.30248e-109
3.7282e-109
1.06527e-108
3.03841e-108
8.6509e-108
2.45869e-107
6.97541e-107
1.97543e-106
5.58438e-106
1.57583e-105
4.43881e-105
1.24808e-104
3.50296e-104
9.81401e-104
2.74456e-103
7.66151e-103
2.13486e-102
5.93795e-102
1.6486e-101
4.56881e-101
1.26386e-100
3.48983e-100
9.61869e-100
2.64626e-99
7.26696e-99
1.99194e-98
5.45005e-98
1.48842e-97
4.05742e-97
1.10401e-96
2.99842e-96
8.12844e-96
2.19946e-95
5.94044e-95
1.60145e-94
4.30921e-94
1.15737e-93
3.10267e-93
8.30205e-93
2.21728e-92
5.91073e-92
1.5727e-91
4.17667e-91
1.10713e-90
2.92916e-90
7.73514e-90
2.03878e-89
5.36349e-89
1.40831e-88
3.69084e-88
9.65436e-88
2.52053e-87
6.56796e-87
1.70819e-86
4.43415e-86
1.14882e-85
2.97067e-85
7.66694e-85
1.97493e-84
5.07741e-84
1.30284e-83
3.33656e-83
8.52833e-83
2.17563e-82
5.53936e-82
1.40763e-81
3.56999e-81
9.03643e-81
2.28284e-80
5.75577e-80
1.44836e-79
3.63744e-79
9.11714e-79
2.28068e-78
5.69392e-78
1.41873e-77
3.52796e-77
8.75563e-77
2.16864e-76
5.36069e-76
1.32248e-75
3.25603e-75
8.00053e-75
1.96191e-74
4.80139e-74
1.17269e-73
2.8584e-73
6.95325e-73
1.68801e-72
4.08964e-72
9.88812e-72
2.38595e-71
5.7455e-71
1.38073e-70
3.31136e-70
7.92531e-70
1.89295e-69
4.51202e-69
1.07328e-68
2.54779e-68
6.0356e-68
1.42686e-67
3.36627e-67
7.92533e-67
1.86203e-66
4.36573e-66
1.02147e-65
2.38501e-65
5.55714e-65
1.29213e-64
2.99816e-64
6.94217e-64
1.60408e-63
3.69866e-63
8.51041e-63
1.95408e-62
4.47734e-62
1.02372e-61
2.33573e-61
5.31796e-61
1.20822e-60
2.73922e-60
6.19702e-60
1.39899e-59
3.1515e-59
7.08425e-59
1.58906e-58
3.55678e-58
7.94404e-58
1.77048e-57
3.93738e-57
8.7375e-57
1.93477e-56
4.27495e-56
9.42525e-56
2.07354e-55
4.55187e-55
9.97059e-55
2.17925e-54
4.75274e-54
1.03427e-53
2.2458e-53
4.86583e-53
1.05194e-52
2.26917e-52
4.88415e-52
1.04894e-51
2.2478e-51
4.8062e-51
1.02538e-50
2.18275e-50
4.63615e-50
9.82528e-50
2.07762e-49
4.38345e-49
9.22777e-49
1.93823e-48
4.062e-48
8.49376e-48
1.77208e-47
3.68884e-47
7.66154e-47
1.58768e-46
3.28266e-46
6.77183e-46
1.3938e-45
2.86227e-45
5.8645e-45
1.19884e-44
2.44514e-44
4.97568e-44
1.0102e-43
2.04629e-43
4.13552e-43
8.33863e-43
1.67749e-42
3.36686e-42
6.74198e-42
1.34693e-41
2.68472e-41
5.33882e-41
1.05921e-40
2.09658e-40
4.14028e-40
8.15707e-40
1.60334e-39
3.14413e-39
6.15119e-39
1.2006e-38
2.33787e-38
4.54171e-38
8.8023e-38
1.70196e-37
3.28303e-37
6.31794e-37
1.21296e-36
2.32321e-36
4.43913e-36
8.46205e-36
1.60923e-35
3.053e-35
5.77825e-35
1.09101e-34
2.05504e-34
3.86163e-34
7.23898e-34
1.35376e-33
2.52556e-33
4.70033e-33
8.72669e-33
1.6163e-32
2.98635e-32
5.50438e-32
1.01209e-31
1.85643e-31
3.39686e-31
6.20039e-31
1.12902e-30
2.05078e-30
3.71601e-30
6.71691e-30
1.21115e-29
2.1785e-29
3.90884e-29
6.99632e-29
1.24916e-28
2.22483e-28
3.95276e-28
7.00533e-28
1.23845e-27
2.184e-27
3.84189e-27
6.74151e-27
1.18001e-26
2.06031e-26
3.58834e-26
6.234e-26
1.08032e-25
1.86745e-25
3.22e-25
5.53821e-25
9.50146e-25
1.62598e-24
2.77553e-24
4.72583e-24
8.02624e-24
1.35971e-23
2.29762e-23
3.87263e-23
6.51076e-23
1.09182e-22
1.82627e-22
3.04698e-22
5.07066e-22
8.41685e-22
1.39355e-21
2.30135e-21
3.79076e-21
6.22811e-21
1.02063e-20
1.66825e-20
2.71979e-20
4.42271e-20
7.17331e-20
1.16045e-19
1.87245e-19
3.01347e-19
4.83723e-19
7.74458e-19
1.23671e-18
1.96975e-18
3.1291e-18
4.95787e-18
7.83495e-18
1.23493e-17
1.94138e-17
3.04398e-17
4.76029e-17
7.4248e-17
1.15503e-16
1.7921e-16
2.77323e-16
4.28021e-16
6.58867e-16
1.01154e-15
1.54889e-15
2.36543e-15
3.60286e-15
5.47311e-15
8.29217e-15
1.25299e-14
1.88832e-14
2.83821e-14
4.2546e-14
6.36084e-14
9.48444e-14
1.41042e-13
2.09183e-13
3.09415e-13
4.56451e-13
6.71557e-13
9.85388e-13
1.442e-12
2.10455e-12
3.06327e-12
4.44674e-12
6.43769e-12
9.29498e-12
1.33843e-11
1.92208e-11
2.75281e-11
3.93193e-11
5.60096e-11
7.9569e-11
1.12733e-10
1.59287e-10
2.24456e-10
3.15432e-10
4.42082e-10
6.17902e-10
8.61304e-10
1.19733e-09
1.65993e-09
2.295e-09
3.16442e-09
4.35133e-09
5.96715e-09
8.1607e-09
1.11302e-08
1.51389e-08
2.05353e-08
2.77792e-08
3.74759e-08
5.04195e-08
6.76484e-08
9.05167e-08
1.20785e-07
1.60734e-07
2.13311e-07
2.82312e-07
3.72613e-07
4.90453e-07
6.43793e-07
8.42764e-07
1.10021e-06
1.43237e-06
1.85971e-06
2.40794e-06
3.10925e-06
4.00383e-06
5.14168e-06
6.58484e-06
8.41e-06
1.07117e-05
1.36059e-05
1.7235e-05
2.17723e-05
2.7429e-05
3.44609e-05
4.31774e-05
5.39509e-05
6.72287e-05
8.35457e-05
0.00010354
0.00012797
0.000157733
0.000193889
0.000237686
0.000290583
0.000354289
0.000430789
0.000522387
0.000631748
0.000761935
0.000916469
0.00109937
0.00131522
0.00156921
0.00186721
0.00221585
0.00262253
0.00309554
0.00364411
0.00427845
0.00500983
0.00585065
0.00681448
0.00791607
0.00917147
0.010598
0.0122142
0.0140399
0.0160964
0.018406
0.0209924
0.0238801
0.0270949
0.0306634
0.0346129
0.0389713
0.0437668
0.0490278
0.0547827
0.0610594
0.067885
0.0752859
0.083287
0.0919116
0.101181
0.111114
0.121728
0.133035
0.145045
0.157765
0.171197
0.185339
0.200185
0.215725
0.231942
0.248818
0.266326
0.284437
0.303117
0.322327
0.342024
0.362161
0.382688
0.40355
0.42469
0.446049
0.467566
0.489178
0.510822
0.532434
0.553951
0.57531
0.59645
0.617312
0.637838
0.657975
0.677672
0.696882
0.715562
0.733673
0.751181
0.768056
0.784273
0.799812
0.814658
0.828799
0.84223
0.854948
0.866957
0.878261
0.888872
0.898802
0.908067
0.916686
0.92468
0.932072
0.938887
0.94515
0.950889
0.95613
0.960901
0.965229
0.969143
0.972667
0.975829
0.978653
0.981163
0.983381
0.985328
0.987024
0.988486
0.989729
0.990769
0.991616
0.992282
0.992774
0.993099
0.99326
0.99326
0.993099
0.992774
0.992282
0.991616
0.990769
0.989729
0.988486
0.987024
0.985328
0.983381
0.981163
0.978653
0.975829
0.972667
0.969143
0.965229
0.960901
0.95613
0.950889
0.94515
0.938887
0.932072
0.92468
0.916686
0.908067
0.898802
0.888872
0.878261
0.866957
0.854948
0.84223
0.828799
0.814658
0.799812
0.784273
0.768056
0.751181
0.733673
0.715562
0.696882
0.677672
0.657975
0.637838
0.617312
0.59645
0.57531
0.553951
0.532434
0.510822
0.489178
0.467566
0.446049
0.42469
0.40355
0.382688
0.362161
0.342024
0.322327
0.303117
0.284437
0.266326
0.248818
0.231942
0.215725
0.200185
0.185339
0.171197
0.157765
0.145045
0.133035
0.121728
0.111114
0.101181
0.0919116
0.083287
0.0752859
0.067885
0.0610594
0.0547827
0.0490278
0.0437668
0.0389713
0.0346129
0.0306634
0.0270949
0.0238801
0.0209924
0.018406
0.0160964
0.0140399
0.0122142
0.010598
0.00917147
0.00791607
0.00681448
0.00585065
0.00500983
0.00427845
0.00364411
0.00309554
0.00262253
0.00221585
0.00186721
0.00156921
0.00131522
0.00109937
0.000916469
0.000761935
0.000631748
0.000522387
0.000430789
0.000354289
0.000290583
0.000237686
0.000193889
0.000157733
0.00012797
0.00010354
8.35457e-05
6.72287e-05
5.39509e-05
4.31774e-05
3.44609e-05
2.7429e-05
2.17723e-05
1.7235e-05
1.36059e-05
1.07117e-05
8.41e-06
6.58484e-06
5.14168e-06
4.00383e-06
3.10925e-06
2.40794e-06
1.85971e-06
1.43237e-06
1.10021e-06
8.42764e-07
6.43793e-07
4.90453e-07
3.72613e-07
2.82312e-07
2.13311e-07
1.60734e-07
1.20785e-07
9.05167e-08
6.76484e-08
5.04195e-08
3.74759e-08
2.77792e-08
2.05353e-08
1.51389e-08
1.11302e-08
8.1607e-09
5.96715e-09
4.35133e-09
3.16442e-09
2.295e-09
1.65993e-09
1.19733e-09
8.61304e-10
6.17902e-10
4.42082e-10
3.15432e-10
2.24456e-10
1.59287e-10
1.12733e-10
7.9569e-11
5.60096e-11
3.93193e-11
2.75281e-11
1.92208e-11
1.33843e-11
9.29498e-12
6.43769e-12
4.44674e-12
3.06327e-12
2.10455e-12
1.442e-12
9.85388e-13
6.71557e-13
4.56451e-13
3.09415e-13
2.09183e-13
1.41042e-13
9.48444e-14
6.36084e-14
4.2546e-14
2.83821e-14
1.88832e-14
1.25299e-14
8.29217e-15
5.47311e-15
3.60286e-15
2.36543e-15
1.54889e-15
1.01154e-15
6.58867e-16
4.28021e-16
2.77323e-16
1.7921e-16
1.15503e-16
7.4248e-17
4.76029e-17
3.04398e-17
1.94138e-17
1.23493e-17
7.83495e-18
4.95787e-18
3.1291e-18
1.96975e-18
1.23671e-18
7.74458e-19
4.83723e-19
3.01347e-19
1.87245e-19
1.16045e-19
7.17331e-20
4.42271e-20
2.71979e-20
1.66825e-20
1.02063e-20
6.22811e-21
3.79076e-21
2.30135e-21
1.39355e-21
8.41685e-22
5.07066e-22
3.04698e-22
1.82627e-22
1.09182e-22
6.51076e-23
3.87263e-23
2.29762e-23
1.35971e-23
8.02624e-24
4.72583e-24
2.77553e-24
1.62598e-24
9.50146e-25
5.53821e-25
3.22e-25
1.86745e-25
1.08032e-25
6.234e-26
3.58834e-26
2.06031e-26
1.18001e-26
6.74151e-27
3.84189e-27
2.184e-27
1.23845e-27
7.00533e-28
3.95276e-28
2.22483e-28
1.24916e-28
6.99632e-29
3.90884e-29
2.1785e-29
1.21115e-29
6.71691e-30
3.71601e-30
2.05078e-30
1.12902e-30
6.20039e-31
3.39686e-31
1.85643e-31
1.01209e-31
5.50438e-32
2.98635e-32
1.6163e-32
8.72669e-33
4.70033e-33
2.52556e-33
1.35376e-33
7.23898e-34
3.86163e-34
2.05504e-34
1.09101e-34
5.77825e-35
3.053e-35
1.60923e-35
8.46205e-36
4.43913e-36
2.32321e-36
1.21296e-36
6.31794e-37
3.28303e-37
1.70196e-37
8.8023e-38
4.54171e-38
2.33787e-38
1.2006e-38
6.15119e-39
3.14413e-39
1.60334e-39
8.15707e-40
4.14028e-40
2.09658e-40
1.05921e-40
5.33882e-41
2.68472e-41
1.34693e-41
6.74198e-42
3.36686e-42
1.67749e-42
8.33863e-43
4.13552e-43
2.04629e-43
1.0102e-43
4.97568e-44
2.44514e-44
1.19884e-44
5.8645e-45
2.86227e-45
1.3938e-45
6.77183e-46
3.28266e-46
1.58768e-46
7.66154e-47
3.68884e-47
1.77208e-47
8.49376e-48
4.062e-48
1.93823e-48
9.22777e-49
4.38345e-49
2.07762e-49
9.82528e-50
4.63615e-50
2.18275e-50
1.02538e-50
4.8062e-51
2.2478e-51
1.04894e-51
4.88415e-52
2.26917e-52
1.05194e-52
4.86583e-53
2.2458e-53
1.03427e-53
4.75274e-54
2.17925e-54
9.97059e-55
4.55187e-55
2.07354e-55
9.42525e-56
4.27495e-56
1.93477e-56
8.7375e-57
3.93738e-57
1.77048e-57
7.94404e-58
3.55678e-58
1.58906e-58
7.08425e-59
3.1515e-59
1.39899e-59
6.19702e-60
2.73922e-60
1.20822e-60
5.31796e-61
2.33573e-61
1.02372e-61
4.47734e-62
1.95408e-62
8.51041e-63
3.69866e-63
1.60408e-63
6.94217e-64
2.99816e-64
1.29213e-64
5.55714e-65
2.38501e-65
1.02147e-65
4.36573e-66
1.86203e-66
7.92533e-67
3.36627e-67
1.42686e-67
6.0356e-68
2.54779e-68
1.07328e-68
4.51202e-69
1.89295e-69
7.92531e-70
3.31136e-70
1.38073e-70
5.7455e-71
2.38595e-71
9.88812e-72
4.08964e-72
1.68801e-72
6.95325e-73
2.8584e-73
1.17269e-73
4.80139e-74
1.96191e-74
8.00053e-75
3.25603e-75
1.32248e-75
5.36069e-76
2.16864e-76
8.75563e-77
3.52796e-77
1.41873e-77
5.69392e-78
2.28068e-78
9.11714e-79
3.63744e-79
1.44836e-79
5.75577e-80
2.28284e-80
9.03643e-81
3.56999e-81
1.40763e-81
5.53936e-82
2.17563e-82
8.52833e-83
3.33656e-83
1.30284e-83
5.07741e-84
1.97493e-84
7.66694e-85
2.97067e-85
1.14882e-85
4.43415e-86
1.70819e-86
6.56796e-87
2.52053e-87
9.65436e-88
3.69084e-88
1.40831e-88
5.36349e-89
2.03878e-89
7.73514e-90
2.92916e-90
1.10713e-90
4.17667e-91
1.5727e-91
5.91073e-92
2.21728e-92
8.30205e-93
3.10267e-93
1.15737e-93
4.30921e-94
1.60145e-94
5.94044e-95
2.19946e-95
8.12844e-96
2.99842e-96
1.10401e-96
4.05742e-97
1.48842e-97
5.45005e-98
1.99194e-98
7.26696e-99
2.64626e-99
9.61869e-100
3.48983e-100
1.26386e-100
4.56881e-101
1.6486e-101
5.93795e-102
2.13486e-102
7.66151e-103
2.74456e-103
9.81401e-104
3.50296e-104
1.24808e-104
4.43881e-105
1.57583e-105
5.58438e-106
1.97543e-106
6.97541e-107
2.45869e-107
8.6509e-108
3.03841e-108
1.06527e-108
3.7282e-109
1.30248e-109
4.54225e-110
1.58126e-110
5.49505e-111
1.90622e-111
6.60099e-112
2.28183e-112
7.87397e-113
2.71234e-113
9.32682e-114
3.20158e-114
1.09708e-114
3.7528e-115
1.2815e-115
4.36866e-116
1.48729e-116
5.07211e-117
1.77859e-117
7.75656e-118
)
;

boundaryField
{
    sides
    {
        type            zeroGradient;
    }
    empty
    {
        type            empty;
    }
}


// ************************************************************************* //
