/*--------------------------------*- C++ -*----------------------------------*\
  =========                 |
  \\      /  F ield         | OpenFOAM: The Open Source CFD Toolbox
   \\    /   O peration     | Website:  https://openfoam.org
    \\  /    A nd           | Version:  13
     \\/     M anipulation  |
\*---------------------------------------------------------------------------*/
FoamFile
{
    format      ascii;
    class       volScalarField;
    location    "1.12";
    object      T;
}
// * * * * * * * * * * * * * * * * * * * * * * * * * * * * * * * * * * * * * //

dimensions      [0 0 0 1 0 0 0];

internalField   nonuniform List<scalar> 
1000
(
1.1042e-162
3.76002e-162
1.5427e-161
6.3946e-161
2.64739e-160
1.09397e-159
4.51188e-159
1.85726e-158
7.63041e-158
3.12883e-157
1.28048e-156
5.23025e-156
2.13218e-155
8.6752e-155
3.52278e-154
1.42772e-153
5.77491e-153
2.33128e-152
9.39268e-152
3.77683e-151
1.51567e-150
6.0705e-150
2.42651e-149
9.67998e-149
3.85392e-148
1.53131e-147
6.07234e-147
2.40314e-146
9.49137e-146
3.74115e-145
1.47166e-144
5.77739e-144
2.26348e-143
8.84998e-143
3.45323e-142
1.3447e-141
5.22563e-141
2.02659e-140
7.84337e-140
3.02935e-139
1.16763e-138
4.49121e-138
1.72396e-137
6.60379e-137
2.52441e-136
9.62997e-136
3.66595e-135
1.39266e-134
5.27952e-134
1.99727e-133
7.53994e-133
2.84045e-132
1.06781e-131
4.00574e-131
1.49953e-130
5.60154e-130
2.08804e-129
7.76689e-129
2.8829e-128
1.06779e-127
3.94652e-127
1.4555e-126
5.35645e-126
1.96701e-125
7.20779e-125
2.63547e-124
9.61556e-124
3.50065e-123
1.27168e-122
4.60961e-122
1.66725e-121
6.01712e-121
2.16683e-120
7.78588e-120
2.79148e-119
9.9863e-119
3.56463e-118
1.26959e-117
4.5118e-117
1.59982e-116
5.66009e-116
1.99805e-115
7.03752e-115
2.4732e-114
8.67208e-114
3.03396e-113
1.05905e-112
3.68845e-112
1.2817e-111
4.44369e-111
1.53714e-110
5.30509e-110
1.82676e-109
6.2759e-109
2.15117e-108
7.35657e-108
2.51002e-107
8.54427e-107
2.90181e-106
9.83236e-106
3.32382e-105
1.121e-104
3.77193e-104
1.26621e-103
4.24062e-103
1.41688e-102
4.72301e-102
1.57065e-101
5.21091e-101
1.72473e-100
5.69505e-100
1.87604e-99
6.16527e-99
2.02127e-98
6.61088e-98
2.15701e-97
7.02106e-97
2.27985e-96
7.38521e-96
2.38654e-95
7.69348e-95
2.47413e-94
7.93713e-94
2.54007e-93
8.10901e-93
2.58241e-92
8.20382e-92
2.59979e-91
8.21847e-91
2.59161e-90
8.15216e-90
2.55799e-89
8.00651e-89
2.4998e-88
7.78545e-88
2.41866e-87
7.49506e-87
2.31677e-86
7.14328e-86
2.19692e-85
6.73959e-85
2.06229e-84
6.29451e-84
1.91632e-83
5.8192e-83
1.76258e-82
5.325e-82
1.60463e-81
4.82292e-81
1.44585e-80
4.32329e-80
1.28937e-79
3.83543e-79
1.13794e-78
3.36735e-78
9.93851e-78
2.9256e-77
8.58951e-77
2.51523e-76
7.3458e-76
2.1397e-75
6.21603e-75
1.80102e-74
5.20438e-74
1.49989e-73
4.31109e-73
1.23581e-72
3.53301e-72
1.00733e-71
2.86433e-71
8.12271e-71
2.29721e-70
6.47916e-70
1.82244e-69
5.11215e-69
1.43009e-68
3.98963e-68
1.10996e-67
3.07954e-67
8.52048e-67
2.35093e-66
6.46861e-66
1.7749e-65
4.85654e-65
1.32515e-64
3.6057e-64
9.7835e-64
2.64714e-63
7.14226e-63
1.92162e-62
5.15547e-62
1.37923e-61
3.67933e-61
9.78731e-61
2.59607e-60
6.86633e-60
1.81087e-59
4.7621e-59
1.2487e-58
3.26483e-58
8.51149e-58
2.21253e-57
5.73467e-57
1.48204e-56
3.81893e-56
9.81185e-56
2.51353e-55
6.42003e-55
1.63497e-54
4.15142e-54
1.05098e-53
2.6528e-53
6.67605e-53
1.67509e-52
4.19041e-52
1.04513e-51
2.59886e-51
6.44294e-51
1.59248e-50
3.92418e-50
9.64064e-50
2.36125e-49
5.76574e-49
1.40359e-48
3.40641e-48
8.24175e-48
1.98795e-47
4.78028e-47
1.14593e-46
2.73854e-46
6.52424e-46
1.54949e-45
3.66856e-45
8.65851e-45
2.03718e-44
4.77807e-44
1.11714e-43
2.60371e-43
6.04929e-43
1.401e-42
3.23441e-42
7.44333e-42
1.70747e-41
3.90437e-41
8.89929e-41
2.02192e-40
4.57904e-40
1.03367e-39
2.32587e-39
5.21651e-39
1.16617e-38
2.59855e-38
5.7714e-38
1.27764e-37
2.81912e-37
6.19998e-37
1.35905e-36
2.96925e-36
6.46578e-36
1.40331e-35
3.03559e-35
6.54462e-35
1.40629e-34
3.01171e-34
6.42827e-34
1.36746e-33
2.89916e-33
6.12578e-33
1.28998e-32
2.70725e-32
5.66237e-32
1.18029e-31
2.45186e-31
5.07593e-31
1.04724e-30
2.15319e-30
4.41189e-30
9.00878e-30
1.83318e-29
3.71738e-29
7.51207e-29
1.51276e-28
3.03573e-28
6.07069e-28
1.20973e-27
2.40224e-27
4.75349e-27
9.37296e-27
1.84164e-26
3.60574e-26
7.03462e-26
1.36755e-25
2.64908e-25
5.11322e-25
9.8342e-25
1.88462e-24
3.59872e-24
6.8471e-24
1.29807e-23
2.45197e-23
4.61486e-23
8.65413e-23
1.61699e-22
3.01027e-22
5.58362e-22
1.0319e-21
1.90003e-21
3.48569e-21
6.37111e-21
1.16021e-20
2.10501e-20
3.80504e-20
6.85254e-20
1.22949e-19
2.19777e-19
3.91394e-19
6.94418e-19
1.22743e-18
2.16144e-18
3.79187e-18
6.62711e-18
1.15386e-17
2.00143e-17
3.45841e-17
5.95339e-17
1.02093e-16
1.74411e-16
2.96819e-16
5.03206e-16
8.49836e-16
1.42974e-15
2.3961e-15
4.00018e-15
6.65239e-15
1.10204e-14
1.81857e-14
2.98937e-14
4.89487e-14
7.98382e-14
1.29714e-13
2.09926e-13
3.38412e-13
5.43405e-13
8.69153e-13
1.38472e-12
2.19744e-12
3.47345e-12
5.46876e-12
8.5763e-12
1.33965e-11
2.08429e-11
3.22999e-11
4.9856e-11
7.66485e-11
1.1737e-10
1.7901e-10
2.71933e-10
4.1144e-10
6.20026e-10
9.30617e-10
1.39119e-09
2.07136e-09
3.07167e-09
4.53674e-09
6.67359e-09
9.77733e-09
1.42667e-08
2.07334e-08
3.00093e-08
4.32593e-08
6.21069e-08
8.88046e-08
1.26463e-07
1.7936e-07
2.53349e-07
3.56402e-07
4.99334e-07
6.96736e-07
9.68215e-07
1.33999e-06
1.84694e-06
2.5353e-06
3.466e-06
4.71899e-06
6.39868e-06
8.64078e-06
1.16208e-05
1.55646e-05
2.07616e-05
2.75805e-05
3.64892e-05
4.80779e-05
6.30879e-05
8.24456e-05
0.000107302
0.000139082
0.000179538
0.000230815
0.000295525
0.000376834
0.000478555
0.000605259
0.000762394
0.00095642
0.00119495
0.00148692
0.00184273
0.00227444
0.00279596
0.0034232
0.00417428
0.00506972
0.00613256
0.00738854
0.00886624
0.0105971
0.0126157
0.0149593
0.0176683
0.0207859
0.0243578
0.0284321
0.0330589
0.0382898
0.0441776
0.0507754
0.0581359
0.0663109
0.0753503
0.085301
0.0962063
0.108104
0.121028
0.135004
0.150049
0.166174
0.183379
0.201654
0.220981
0.241327
0.262652
0.284903
0.308016
0.331918
0.356526
0.381746
0.40748
0.433619
0.460053
0.486664
0.513336
0.539947
0.566381
0.59252
0.618254
0.643474
0.668082
0.691984
0.715097
0.737348
0.758673
0.779019
0.798346
0.816621
0.833826
0.849951
0.864996
0.878972
0.891896
0.903794
0.914699
0.92465
0.933689
0.941864
0.949224
0.955822
0.96171
0.96694
0.971567
0.975641
0.979212
0.982329
0.985037
0.98738
0.989396
0.991125
0.9926
0.993852
0.99491
0.995798
0.99654
0.997156
0.997662
0.998075
0.998406
0.998666
0.998864
0.999007
0.999099
0.999145
0.999145
0.999099
0.999007
0.998864
0.998666
0.998406
0.998075
0.997662
0.997156
0.99654
0.995798
0.99491
0.993852
0.9926
0.991125
0.989396
0.98738
0.985037
0.982329
0.979212
0.975641
0.971567
0.96694
0.96171
0.955822
0.949224
0.941864
0.933689
0.92465
0.914699
0.903794
0.891896
0.878972
0.864996
0.849951
0.833826
0.816621
0.798346
0.779019
0.758673
0.737348
0.715097
0.691984
0.668082
0.643474
0.618254
0.59252
0.566381
0.539947
0.513336
0.486664
0.460053
0.433619
0.40748
0.381746
0.356526
0.331918
0.308016
0.284903
0.262652
0.241327
0.220981
0.201654
0.183379
0.166174
0.150049
0.135004
0.121028
0.108104
0.0962063
0.085301
0.0753503
0.0663109
0.0581359
0.0507754
0.0441776
0.0382898
0.0330589
0.0284321
0.0243578
0.0207859
0.0176683
0.0149593
0.0126157
0.0105971
0.00886624
0.00738854
0.00613256
0.00506972
0.00417428
0.0034232
0.00279596
0.00227444
0.00184273
0.00148692
0.00119495
0.00095642
0.000762394
0.000605259
0.000478555
0.000376834
0.000295525
0.000230815
0.000179538
0.000139082
0.000107302
8.24456e-05
6.30879e-05
4.80779e-05
3.64892e-05
2.75805e-05
2.07616e-05
1.55646e-05
1.16208e-05
8.64078e-06
6.39868e-06
4.71899e-06
3.466e-06
2.5353e-06
1.84694e-06
1.33999e-06
9.68215e-07
6.96736e-07
4.99334e-07
3.56402e-07
2.53349e-07
1.7936e-07
1.26463e-07
8.88046e-08
6.21069e-08
4.32593e-08
3.00093e-08
2.07334e-08
1.42667e-08
9.77733e-09
6.67359e-09
4.53674e-09
3.07167e-09
2.07136e-09
1.39119e-09
9.30617e-10
6.20026e-10
4.1144e-10
2.71933e-10
1.7901e-10
1.1737e-10
7.66485e-11
4.9856e-11
3.22999e-11
2.08429e-11
1.33965e-11
8.5763e-12
5.46876e-12
3.47345e-12
2.19744e-12
1.38472e-12
8.69153e-13
5.43405e-13
3.38412e-13
2.09926e-13
1.29714e-13
7.98382e-14
4.89487e-14
2.98937e-14
1.81857e-14
1.10204e-14
6.65239e-15
4.00018e-15
2.3961e-15
1.42974e-15
8.49836e-16
5.03206e-16
2.96819e-16
1.74411e-16
1.02093e-16
5.95339e-17
3.45841e-17
2.00143e-17
1.15386e-17
6.62711e-18
3.79187e-18
2.16144e-18
1.22743e-18
6.94418e-19
3.91394e-19
2.19777e-19
1.22949e-19
6.85254e-20
3.80504e-20
2.10501e-20
1.16021e-20
6.37111e-21
3.48569e-21
1.90003e-21
1.0319e-21
5.58362e-22
3.01027e-22
1.61699e-22
8.65413e-23
4.61486e-23
2.45197e-23
1.29807e-23
6.8471e-24
3.59872e-24
1.88462e-24
9.8342e-25
5.11322e-25
2.64908e-25
1.36755e-25
7.03462e-26
3.60574e-26
1.84164e-26
9.37296e-27
4.75349e-27
2.40224e-27
1.20973e-27
6.07069e-28
3.03573e-28
1.51276e-28
7.51207e-29
3.71738e-29
1.83318e-29
9.00878e-30
4.41189e-30
2.15319e-30
1.04724e-30
5.07593e-31
2.45186e-31
1.18029e-31
5.66237e-32
2.70725e-32
1.28998e-32
6.12578e-33
2.89916e-33
1.36746e-33
6.42827e-34
3.01171e-34
1.40629e-34
6.54462e-35
3.03559e-35
1.40331e-35
6.46578e-36
2.96925e-36
1.35905e-36
6.19998e-37
2.81912e-37
1.27764e-37
5.7714e-38
2.59855e-38
1.16617e-38
5.21651e-39
2.32587e-39
1.03367e-39
4.57904e-40
2.02192e-40
8.89929e-41
3.90437e-41
1.70747e-41
7.44333e-42
3.23441e-42
1.401e-42
6.04929e-43
2.60371e-43
1.11714e-43
4.77807e-44
2.03718e-44
8.65851e-45
3.66856e-45
1.54949e-45
6.52424e-46
2.73854e-46
1.14593e-46
4.78028e-47
1.98795e-47
8.24175e-48
3.40641e-48
1.40359e-48
5.76574e-49
2.36125e-49
9.64064e-50
3.92418e-50
1.59248e-50
6.44294e-51
2.59886e-51
1.04513e-51
4.19041e-52
1.67509e-52
6.67605e-53
2.6528e-53
1.05098e-53
4.15142e-54
1.63497e-54
6.42003e-55
2.51353e-55
9.81185e-56
3.81893e-56
1.48204e-56
5.73467e-57
2.21253e-57
8.51149e-58
3.26483e-58
1.2487e-58
4.7621e-59
1.81087e-59
6.86633e-60
2.59607e-60
9.78731e-61
3.67933e-61
1.37923e-61
5.15547e-62
1.92162e-62
7.14226e-63
2.64714e-63
9.7835e-64
3.6057e-64
1.32515e-64
4.85654e-65
1.7749e-65
6.46861e-66
2.35093e-66
8.52048e-67
3.07954e-67
1.10996e-67
3.98963e-68
1.43009e-68
5.11215e-69
1.82244e-69
6.47916e-70
2.29721e-70
8.12271e-71
2.86433e-71
1.00733e-71
3.53301e-72
1.23581e-72
4.31109e-73
1.49989e-73
5.20438e-74
1.80102e-74
6.21603e-75
2.1397e-75
7.3458e-76
2.51523e-76
8.58951e-77
2.9256e-77
9.93851e-78
3.36735e-78
1.13794e-78
3.83543e-79
1.28937e-79
4.32329e-80
1.44585e-80
4.82292e-81
1.60463e-81
5.325e-82
1.76258e-82
5.8192e-83
1.91632e-83
6.29451e-84
2.06229e-84
6.73959e-85
2.19692e-85
7.14328e-86
2.31677e-86
7.49506e-87
2.41866e-87
7.78545e-88
2.4998e-88
8.00651e-89
2.55799e-89
8.15216e-90
2.59161e-90
8.21847e-91
2.59979e-91
8.20382e-92
2.58241e-92
8.10901e-93
2.54007e-93
7.93713e-94
2.47413e-94
7.69348e-95
2.38654e-95
7.38521e-96
2.27985e-96
7.02106e-97
2.15701e-97
6.61088e-98
2.02127e-98
6.16527e-99
1.87604e-99
5.69505e-100
1.72473e-100
5.21091e-101
1.57065e-101
4.72301e-102
1.41688e-102
4.24062e-103
1.26621e-103
3.77193e-104
1.121e-104
3.32382e-105
9.83236e-106
2.90181e-106
8.54427e-107
2.51002e-107
7.35657e-108
2.15117e-108
6.2759e-109
1.82676e-109
5.30509e-110
1.53714e-110
4.44369e-111
1.2817e-111
3.68845e-112
1.05905e-112
3.03396e-113
8.67208e-114
2.4732e-114
7.03752e-115
1.99805e-115
5.66009e-116
1.59982e-116
4.5118e-117
1.26959e-117
3.56463e-118
9.9863e-119
2.79148e-119
7.78588e-120
2.16683e-120
6.01712e-121
1.66725e-121
4.60961e-122
1.27168e-122
3.50065e-123
9.61556e-124
2.63547e-124
7.20779e-125
1.96701e-125
5.35645e-126
1.4555e-126
3.94652e-127
1.06779e-127
2.8829e-128
7.76689e-129
2.08804e-129
5.60154e-130
1.49953e-130
4.00574e-131
1.06781e-131
2.84045e-132
7.53994e-133
1.99727e-133
5.27952e-134
1.39266e-134
3.66595e-135
9.62997e-136
2.52441e-136
6.60379e-137
1.72396e-137
4.49121e-138
1.16763e-138
3.02935e-139
7.84337e-140
2.02659e-140
5.22563e-141
1.3447e-141
3.45323e-142
8.84998e-143
2.26348e-143
5.77739e-144
1.47166e-144
3.74115e-145
9.49137e-146
2.40314e-146
6.07234e-147
1.53131e-147
3.85392e-148
9.67998e-149
2.42651e-149
6.0705e-150
1.51567e-150
3.77683e-151
9.39268e-152
2.33128e-152
5.77491e-153
1.42772e-153
3.52278e-154
8.6752e-155
2.13218e-155
5.23025e-156
1.28048e-156
3.12883e-157
7.63041e-158
1.85726e-158
4.51188e-159
1.09397e-159
2.64739e-160
6.3946e-161
1.5427e-161
3.76002e-162
1.1042e-162
)
;

boundaryField
{
    sides
    {
        type            zeroGradient;
    }
    empty
    {
        type            empty;
    }
}


// ************************************************************************* //
