/*--------------------------------*- C++ -*----------------------------------*\
  =========                 |
  \\      /  F ield         | OpenFOAM: The Open Source CFD Toolbox
   \\    /   O peration     | Website:  https://openfoam.org
    \\  /    A nd           | Version:  13
     \\/     M anipulation  |
\*---------------------------------------------------------------------------*/
FoamFile
{
    format      ascii;
    class       volScalarField;
    location    "2.14";
    object      T;
}
// * * * * * * * * * * * * * * * * * * * * * * * * * * * * * * * * * * * * * //

dimensions      [0 0 0 1 0 0 0];

internalField   nonuniform List<scalar> 
1000
(
3.28132e-97
6.20387e-97
1.46294e-96
3.59774e-96
8.89819e-96
2.19987e-95
5.43109e-95
1.33875e-94
3.29478e-94
8.09584e-94
1.98612e-93
4.86471e-93
1.18964e-92
2.90455e-92
7.08023e-92
1.72314e-91
4.18694e-91
1.01572e-90
2.46012e-90
5.9489e-90
1.43621e-89
3.46177e-89
8.3306e-89
2.00148e-88
4.80092e-88
1.14972e-87
2.74887e-87
6.56162e-87
1.56373e-86
3.72051e-86
8.83763e-86
2.09585e-85
4.96218e-85
1.17294e-84
2.76799e-84
6.52142e-84
1.53393e-83
3.60209e-83
8.44476e-83
1.97653e-82
4.61852e-82
1.07742e-81
2.50927e-81
5.83431e-81
1.35429e-80
3.13842e-80
7.26087e-80
1.67704e-79
3.86698e-79
8.90179e-79
2.04577e-78
4.69362e-78
1.07506e-77
2.45826e-77
5.61168e-77
1.27888e-76
2.9096e-76
6.60853e-76
1.49846e-75
3.39195e-75
7.66513e-75
1.72923e-74
3.8945e-74
8.75613e-74
1.96532e-73
4.40369e-73
9.85053e-73
2.19969e-72
4.90367e-72
1.09128e-71
2.42444e-71
5.37699e-71
1.19048e-70
2.63123e-70
5.80561e-70
1.27876e-69
2.81178e-69
6.17195e-69
1.35243e-68
2.95837e-68
6.4601e-68
1.40823e-67
3.06444e-67
6.65693e-67
1.44358e-66
3.125e-66
6.75307e-66
1.45678e-65
3.13708e-65
6.74369e-65
1.44713e-64
3.09995e-64
6.62885e-64
1.415e-63
3.01517e-63
6.41356e-63
1.36182e-62
2.8865e-62
6.10738e-62
1.28994e-61
2.71964e-61
5.72376e-61
1.20248e-60
2.52176e-60
5.27903e-60
1.10313e-59
2.30105e-59
4.79124e-59
9.95843e-59
2.06612e-58
4.27896e-58
8.84589e-58
1.82542e-57
3.76012e-57
7.73136e-57
1.58682e-56
3.25096e-56
6.64828e-56
1.35713e-55
2.76531e-55
5.62441e-55
1.14188e-54
2.31405e-54
4.68095e-54
9.45152e-54
1.90492e-53
3.83226e-53
7.69554e-53
1.5425e-52
3.08615e-52
6.16322e-52
1.22857e-51
2.44451e-51
4.85493e-51
9.62436e-51
1.9044e-50
3.76132e-50
7.41511e-50
1.45911e-49
2.86585e-49
5.61838e-49
1.09941e-48
2.14733e-48
4.18628e-48
8.14604e-48
1.58217e-47
3.06722e-47
5.93503e-47
1.14627e-46
2.20971e-46
4.25173e-46
8.16543e-46
1.56521e-45
2.99467e-45
5.71879e-45
1.09003e-44
2.07371e-44
3.93764e-44
7.46278e-44
1.41169e-43
2.66534e-43
5.02271e-43
9.44705e-43
1.77348e-42
3.32296e-42
6.21434e-42
1.15993e-41
2.16092e-41
4.01801e-41
7.45674e-41
1.38119e-40
2.5534e-40
4.71139e-40
8.67645e-40
1.59476e-39
2.92556e-39
5.35652e-39
9.78847e-39
1.78527e-38
3.24976e-38
5.90409e-38
1.07056e-37
1.93741e-37
3.49934e-37
6.30815e-37
1.13493e-36
2.03793e-36
3.65221e-36
6.5324e-36
1.1661e-35
2.07753e-35
3.69407e-35
6.55552e-35
1.16106e-34
2.05231e-34
3.62055e-34
6.37453e-34
1.12011e-33
1.96434e-33
3.43802e-33
6.00535e-33
1.0469e-32
1.82142e-32
3.16263e-32
5.48053e-32
9.47828e-32
1.63595e-31
2.818e-31
4.84444e-31
8.31144e-31
1.42311e-30
2.4318e-30
4.14711e-30
7.05814e-30
1.19884e-29
2.03215e-29
3.43775e-29
5.80385e-29
9.7787e-29
1.64425e-28
2.75914e-28
4.62062e-28
7.72228e-28
1.28798e-27
2.14383e-27
3.56112e-27
5.90336e-27
9.76622e-27
1.61238e-26
2.65658e-26
4.36806e-26
7.16749e-26
1.1737e-25
1.91802e-25
3.12796e-25
5.09069e-25
8.26799e-25
1.34008e-24
2.16753e-24
3.49868e-24
5.6357e-24
9.05932e-24
1.45327e-23
2.32647e-23
3.71663e-23
5.92519e-23
9.42658e-23
1.4966e-22
2.37112e-22
3.74885e-22
5.9148e-22
9.31273e-22
1.46322e-21
2.29422e-21
3.58966e-21
5.60485e-21
8.73308e-21
1.35788e-20
2.10691e-20
3.26226e-20
5.04058e-20
7.77196e-20
1.19583e-19
1.83608e-19
2.8132e-19
4.30126e-19
6.56258e-19
9.99164e-19
1.51804e-18
2.30149e-18
3.48192e-18
5.25665e-18
7.91916e-18
1.1905e-17
1.7859e-17
2.6734e-17
3.99344e-17
5.95261e-17
8.8541e-17
1.31418e-16
1.94645e-16
2.87676e-16
4.24267e-16
6.24376e-16
9.16908e-16
1.34362e-15
1.96471e-15
2.86676e-15
4.17401e-15
6.06436e-15
8.79194e-15
1.2719e-14
1.83606e-14
2.64478e-14
3.80153e-14
5.45246e-14
7.80353e-14
1.11443e-13
1.58812e-13
2.25826e-13
3.20425e-13
4.53673e-13
6.40946e-13
9.03568e-13
1.27105e-12
1.78411e-12
2.49886e-12
3.49238e-12
4.87035e-12
6.77732e-12
9.4105e-12
1.30384e-11
1.80258e-11
2.48669e-11
3.42297e-11
4.70156e-11
6.4437e-11
8.81219e-11
1.20251e-10
1.63736e-10
2.22462e-10
3.01592e-10
4.07979e-10
5.50691e-10
7.41704e-10
9.96795e-10
1.3367e-09
1.78859e-09
2.38803e-09
3.18141e-09
4.22913e-09
5.60961e-09
7.42444e-09
9.80494e-09
1.29204e-08
1.69886e-08
2.22888e-08
2.91786e-08
3.81147e-08
4.96786e-08
6.46092e-08
8.38432e-08
1.08565e-07
1.40268e-07
1.80833e-07
2.32619e-07
2.98579e-07
3.82404e-07
4.8869e-07
6.23149e-07
7.92864e-07
1.00659e-06
1.27514e-06
1.61179e-06
2.03286e-06
2.55832e-06
3.21256e-06
4.02528e-06
5.03257e-06
6.27817e-06
7.81493e-06
9.70659e-06
1.20298e-05
1.48764e-05
1.83565e-05
2.26013e-05
2.77668e-05
3.40385e-05
4.16358e-05
5.08177e-05
6.18894e-05
7.52092e-05
9.11967e-05
0.000110342
0.000133217
0.000160484
0.000192912
0.000231391
0.000276942
0.000330743
0.00039414
0.000468674
0.000556099
0.000658408
0.000777859
0.000917002
0.00107871
0.00126621
0.0014831
0.00173343
0.00202167
0.0023528
0.00273233
0.00316631
0.00366142
0.00422495
0.00486487
0.00558986
0.00640932
0.00733342
0.0083731
0.0095401
0.010847
0.0123071
0.0139346
0.0157445
0.0177527
0.0199755
0.0224302
0.0251348
0.0281077
0.0313679
0.0349349
0.0388286
0.0430688
0.0476757
0.0526694
0.0580698
0.0638962
0.0701678
0.0769028
0.0841186
0.0918315
0.100056
0.108807
0.118095
0.127931
0.138322
0.149275
0.160792
0.172875
0.185521
0.198727
0.212485
0.226783
0.24161
0.256948
0.272778
0.289077
0.305821
0.322982
0.340528
0.358426
0.376641
0.395135
0.413869
0.432801
0.451888
0.471088
0.490355
0.509644
0.528911
0.54811
0.567197
0.586129
0.604862
0.623356
0.64157
0.659467
0.677012
0.694171
0.710913
0.72721
0.743037
0.758372
0.773194
0.787488
0.801239
0.814437
0.827074
0.839146
0.85065
0.861587
0.871959
0.881772
0.891032
0.899751
0.907937
0.915604
0.922766
0.929438
0.935635
0.941374
0.946672
0.951546
0.956014
0.960093
0.963799
0.967149
0.970159
0.972844
0.975217
0.977292
0.979081
0.980594
0.98184
0.982828
0.983563
0.984051
0.984293
0.984293
0.984051
0.983563
0.982828
0.98184
0.980594
0.979081
0.977292
0.975217
0.972844
0.970159
0.967149
0.963799
0.960093
0.956014
0.951546
0.946672
0.941374
0.935635
0.929438
0.922766
0.915604
0.907937
0.899751
0.891032
0.881772
0.871959
0.861587
0.85065
0.839146
0.827074
0.814437
0.801239
0.787488
0.773194
0.758372
0.743037
0.72721
0.710913
0.694171
0.677012
0.659467
0.64157
0.623356
0.604862
0.586129
0.567197
0.54811
0.528911
0.509644
0.490355
0.471088
0.451888
0.432801
0.413869
0.395135
0.376641
0.358426
0.340528
0.322982
0.305821
0.289077
0.272778
0.256948
0.24161
0.226783
0.212485
0.198727
0.185521
0.172875
0.160792
0.149275
0.138322
0.127931
0.118095
0.108807
0.100056
0.0918315
0.0841186
0.0769028
0.0701678
0.0638962
0.0580698
0.0526694
0.0476757
0.0430688
0.0388286
0.0349349
0.0313679
0.0281077
0.0251348
0.0224302
0.0199755
0.0177527
0.0157445
0.0139346
0.0123071
0.010847
0.0095401
0.0083731
0.00733342
0.00640932
0.00558986
0.00486487
0.00422495
0.00366142
0.00316631
0.00273233
0.0023528
0.00202167
0.00173343
0.0014831
0.00126621
0.00107871
0.000917002
0.000777859
0.000658408
0.000556099
0.000468674
0.00039414
0.000330743
0.000276942
0.000231391
0.000192912
0.000160484
0.000133217
0.000110342
9.11967e-05
7.52092e-05
6.18894e-05
5.08177e-05
4.16358e-05
3.40385e-05
2.77668e-05
2.26013e-05
1.83565e-05
1.48764e-05
1.20298e-05
9.70659e-06
7.81493e-06
6.27817e-06
5.03257e-06
4.02528e-06
3.21256e-06
2.55832e-06
2.03286e-06
1.61179e-06
1.27514e-06
1.00659e-06
7.92864e-07
6.23149e-07
4.8869e-07
3.82404e-07
2.98579e-07
2.32619e-07
1.80833e-07
1.40268e-07
1.08565e-07
8.38432e-08
6.46092e-08
4.96786e-08
3.81147e-08
2.91786e-08
2.22888e-08
1.69886e-08
1.29204e-08
9.80494e-09
7.42444e-09
5.60961e-09
4.22913e-09
3.18141e-09
2.38803e-09
1.78859e-09
1.3367e-09
9.96795e-10
7.41704e-10
5.50691e-10
4.07979e-10
3.01592e-10
2.22462e-10
1.63736e-10
1.20251e-10
8.81219e-11
6.4437e-11
4.70156e-11
3.42297e-11
2.48669e-11
1.80258e-11
1.30384e-11
9.4105e-12
6.77732e-12
4.87035e-12
3.49238e-12
2.49886e-12
1.78411e-12
1.27105e-12
9.03568e-13
6.40946e-13
4.53673e-13
3.20425e-13
2.25826e-13
1.58812e-13
1.11443e-13
7.80353e-14
5.45246e-14
3.80153e-14
2.64478e-14
1.83606e-14
1.2719e-14
8.79194e-15
6.06436e-15
4.17401e-15
2.86676e-15
1.96471e-15
1.34362e-15
9.16908e-16
6.24376e-16
4.24267e-16
2.87676e-16
1.94645e-16
1.31418e-16
8.8541e-17
5.95261e-17
3.99344e-17
2.6734e-17
1.7859e-17
1.1905e-17
7.91916e-18
5.25665e-18
3.48192e-18
2.30149e-18
1.51804e-18
9.99164e-19
6.56258e-19
4.30126e-19
2.8132e-19
1.83608e-19
1.19583e-19
7.77196e-20
5.04058e-20
3.26226e-20
2.10691e-20
1.35788e-20
8.73308e-21
5.60485e-21
3.58966e-21
2.29422e-21
1.46322e-21
9.31273e-22
5.9148e-22
3.74885e-22
2.37112e-22
1.4966e-22
9.42658e-23
5.92519e-23
3.71663e-23
2.32647e-23
1.45327e-23
9.05932e-24
5.6357e-24
3.49868e-24
2.16753e-24
1.34008e-24
8.26799e-25
5.09069e-25
3.12796e-25
1.91802e-25
1.1737e-25
7.16749e-26
4.36806e-26
2.65658e-26
1.61238e-26
9.76622e-27
5.90336e-27
3.56112e-27
2.14383e-27
1.28798e-27
7.72228e-28
4.62062e-28
2.75914e-28
1.64425e-28
9.7787e-29
5.80385e-29
3.43775e-29
2.03215e-29
1.19884e-29
7.05814e-30
4.14711e-30
2.4318e-30
1.42311e-30
8.31144e-31
4.84444e-31
2.818e-31
1.63595e-31
9.47828e-32
5.48053e-32
3.16263e-32
1.82142e-32
1.0469e-32
6.00535e-33
3.43802e-33
1.96434e-33
1.12011e-33
6.37453e-34
3.62055e-34
2.05231e-34
1.16106e-34
6.55552e-35
3.69407e-35
2.07753e-35
1.1661e-35
6.5324e-36
3.65221e-36
2.03793e-36
1.13493e-36
6.30815e-37
3.49934e-37
1.93741e-37
1.07056e-37
5.90409e-38
3.24976e-38
1.78527e-38
9.78847e-39
5.35652e-39
2.92556e-39
1.59476e-39
8.67645e-40
4.71139e-40
2.5534e-40
1.38119e-40
7.45674e-41
4.01801e-41
2.16092e-41
1.15993e-41
6.21434e-42
3.32296e-42
1.77348e-42
9.44705e-43
5.02271e-43
2.66534e-43
1.41169e-43
7.46278e-44
3.93764e-44
2.07371e-44
1.09003e-44
5.71879e-45
2.99467e-45
1.56521e-45
8.16543e-46
4.25173e-46
2.20971e-46
1.14627e-46
5.93503e-47
3.06722e-47
1.58217e-47
8.14604e-48
4.18628e-48
2.14733e-48
1.09941e-48
5.61838e-49
2.86585e-49
1.45911e-49
7.41511e-50
3.76132e-50
1.9044e-50
9.62436e-51
4.85493e-51
2.44451e-51
1.22857e-51
6.16322e-52
3.08615e-52
1.5425e-52
7.69554e-53
3.83226e-53
1.90492e-53
9.45152e-54
4.68095e-54
2.31405e-54
1.14188e-54
5.62441e-55
2.76531e-55
1.35713e-55
6.64828e-56
3.25096e-56
1.58682e-56
7.73136e-57
3.76012e-57
1.82542e-57
8.84589e-58
4.27896e-58
2.06612e-58
9.95843e-59
4.79124e-59
2.30105e-59
1.10313e-59
5.27903e-60
2.52176e-60
1.20248e-60
5.72376e-61
2.71964e-61
1.28994e-61
6.10738e-62
2.8865e-62
1.36182e-62
6.41356e-63
3.01517e-63
1.415e-63
6.62885e-64
3.09995e-64
1.44713e-64
6.74369e-65
3.13708e-65
1.45678e-65
6.75307e-66
3.125e-66
1.44358e-66
6.65693e-67
3.06444e-67
1.40823e-67
6.4601e-68
2.95837e-68
1.35243e-68
6.17195e-69
2.81178e-69
1.27876e-69
5.80561e-70
2.63123e-70
1.19048e-70
5.37699e-71
2.42444e-71
1.09128e-71
4.90367e-72
2.19969e-72
9.85053e-73
4.40369e-73
1.96532e-73
8.75613e-74
3.8945e-74
1.72923e-74
7.66513e-75
3.39195e-75
1.49846e-75
6.60853e-76
2.9096e-76
1.27888e-76
5.61168e-77
2.45826e-77
1.07506e-77
4.69362e-78
2.04577e-78
8.90179e-79
3.86698e-79
1.67704e-79
7.26087e-80
3.13842e-80
1.35429e-80
5.83431e-81
2.50927e-81
1.07742e-81
4.61852e-82
1.97653e-82
8.44476e-83
3.60209e-83
1.53393e-83
6.52142e-84
2.76799e-84
1.17294e-84
4.96218e-85
2.09585e-85
8.83763e-86
3.72051e-86
1.56373e-86
6.56162e-87
2.74887e-87
1.14972e-87
4.80092e-88
2.00148e-88
8.3306e-89
3.46177e-89
1.43621e-89
5.9489e-90
2.46012e-90
1.01572e-90
4.18694e-91
1.72314e-91
7.08023e-92
2.90455e-92
1.18964e-92
4.86471e-93
1.98612e-93
8.09584e-94
3.29478e-94
1.33875e-94
5.43109e-95
2.19987e-95
8.89819e-96
3.59774e-96
1.46294e-96
6.20387e-97
3.28132e-97
)
;

boundaryField
{
    sides
    {
        type            zeroGradient;
    }
    empty
    {
        type            empty;
    }
}


// ************************************************************************* //
