/*--------------------------------*- C++ -*----------------------------------*\
  =========                 |
  \\      /  F ield         | OpenFOAM: The Open Source CFD Toolbox
   \\    /   O peration     | Website:  https://openfoam.org
    \\  /    A nd           | Version:  13
     \\/     M anipulation  |
\*---------------------------------------------------------------------------*/
FoamFile
{
    format      ascii;
    class       volScalarField;
    location    "2.895";
    object      T;
}
// * * * * * * * * * * * * * * * * * * * * * * * * * * * * * * * * * * * * * //

dimensions      [0 0 0 1 0 0 0];

internalField   nonuniform List<scalar> 
1000
(
1.36422e-74
2.08678e-74
3.9102e-74
7.78685e-74
1.57347e-73
3.18755e-73
6.4547e-73
1.30559e-72
2.63739e-72
5.3206e-72
1.07192e-71
2.15662e-71
4.3331e-71
8.69428e-71
1.74213e-70
3.48607e-70
6.96629e-70
1.3902e-69
2.77051e-69
5.51379e-69
1.09584e-68
2.17498e-68
4.31089e-68
8.53267e-68
1.68659e-67
3.32918e-67
6.56252e-67
1.29184e-66
2.5395e-66
4.98531e-66
9.77322e-66
1.91331e-65
3.74055e-65
7.30273e-65
1.42376e-64
2.77196e-64
5.38936e-64
1.04637e-63
2.02877e-63
3.92806e-63
7.59488e-63
1.46643e-62
2.82746e-62
5.44413e-62
1.04678e-61
2.00991e-61
3.85384e-61
7.37911e-61
1.41094e-60
2.69404e-60
5.13679e-60
9.78076e-60
1.85971e-59
3.53107e-59
6.69514e-59
1.26766e-58
2.39681e-58
4.52538e-58
8.53226e-58
1.60643e-57
3.02026e-57
5.67042e-57
1.0631e-56
1.99029e-56
3.72086e-56
6.94634e-56
1.29495e-55
2.41065e-55
4.48124e-55
8.3185e-55
1.54196e-54
2.8542e-54
5.27565e-54
9.73753e-54
1.79474e-53
3.3032e-53
6.07081e-53
1.11413e-52
2.04176e-52
3.73639e-52
6.82772e-52
1.24588e-51
2.27014e-51
4.13052e-51
7.50468e-51
1.36155e-50
2.46667e-50
4.46233e-50
8.06092e-50
1.45405e-49
2.61908e-49
4.71074e-49
8.46058e-49
1.51734e-48
2.71728e-48
4.85911e-48
8.67656e-48
1.54706e-47
2.75446e-47
4.89702e-47
8.69351e-47
1.54108e-46
2.72785e-46
4.82151e-46
8.50963e-46
1.49969e-45
2.63912e-45
4.63745e-45
8.13698e-45
1.42564e-44
2.49413e-44
4.35702e-44
7.60013e-44
1.32377e-43
2.30233e-43
3.99835e-43
6.93351e-43
1.20056e-42
2.07575e-42
3.58363e-42
6.17772e-42
1.06339e-41
1.82772e-41
3.13679e-41
5.37546e-41
9.19816e-41
1.5716e-40
2.68124e-40
4.56755e-40
7.76935e-40
1.31959e-39
2.23792e-39
3.78967e-39
6.40783e-39
1.08186e-38
1.82381e-38
3.07001e-38
5.16e-38
8.65979e-38
1.45115e-37
2.42811e-37
4.05667e-37
6.76735e-37
1.12723e-36
1.8748e-36
3.11345e-36
5.16266e-36
8.54772e-36
1.41309e-35
2.33257e-35
3.84453e-35
6.32694e-35
1.03965e-34
1.70577e-34
2.79446e-34
4.57104e-34
7.46573e-34
1.2175e-33
1.98247e-33
3.22317e-33
5.23237e-33
8.48108e-33
1.37259e-32
2.21804e-32
3.57878e-32
5.7655e-32
9.27415e-32
1.48952e-31
2.38866e-31
3.8247e-31
6.11469e-31
9.76079e-31
1.55571e-30
2.47574e-30
3.93382e-30
6.24101e-30
9.88616e-30
1.56362e-29
2.46925e-29
3.89341e-29
6.12949e-29
9.63491e-29
1.51217e-28
2.36963e-28
3.70758e-28
5.79198e-28
9.03422e-28
1.40696e-27
2.18775e-27
3.39658e-27
5.26514e-27
8.14898e-27
1.25928e-26
1.94296e-26
2.99316e-26
4.60384e-26
7.07022e-26
1.0841e-25
1.65969e-25
2.53691e-25
3.87174e-25
5.89967e-25
8.97574e-25
1.36343e-24
2.06783e-24
3.13124e-24
4.7341e-24
7.14622e-24
1.07704e-23
1.62072e-23
2.43501e-23
3.65267e-23
5.47063e-23
8.18049e-23
1.22134e-22
1.82059e-22
2.70957e-22
4.02628e-22
5.9734e-22
8.84817e-22
1.30858e-21
1.93222e-21
2.84858e-21
4.19288e-21
6.16182e-21
9.041e-21
1.32445e-20
1.93716e-20
2.82883e-20
4.12437e-20
6.00369e-20
8.72547e-20
1.2661e-19
1.83425e-19
2.65311e-19
3.83142e-19
5.52425e-19
7.95233e-19
1.14294e-18
1.64005e-18
2.34962e-18
3.36083e-18
4.79954e-18
6.84319e-18
9.74143e-18
1.3845e-17
1.96456e-17
2.78319e-17
3.93663e-17
5.55917e-17
7.83788e-17
1.10329e-16
1.55055e-16
2.17561e-16
3.04776e-16
4.26267e-16
5.95228e-16
8.29826e-16
1.15502e-15
1.60508e-15
2.2269e-15
3.08466e-15
4.26592e-15
5.89003e-15
8.11935e-15
1.11744e-14
1.53542e-14
2.10633e-14
2.88486e-14
3.94477e-14
5.38537e-14
7.34019e-14
9.98841e-14
1.35701e-13
1.84062e-13
2.49255e-13
3.36992e-13
4.54874e-13
6.12997e-13
8.24748e-13
1.10785e-12
1.48571e-12
1.98921e-12
2.65904e-12
3.54864e-12
4.72818e-12
6.28957e-12
8.35297e-12
1.10753e-11
1.4661e-11
1.9376e-11
2.55657e-11
3.3678e-11
4.42921e-11
5.81567e-11
7.62369e-11
9.97754e-11
1.30369e-10
1.70066e-10
2.21489e-10
2.87991e-10
3.7385e-10
4.84515e-10
6.26916e-10
8.09846e-10
1.04445e-09
1.34482e-09
1.72874e-09
2.21865e-09
2.84274e-09
3.63645e-09
4.64417e-09
5.92147e-09
7.53775e-09
9.57955e-09
1.21545e-08
1.53965e-08
1.94714e-08
2.45846e-08
3.09898e-08
3.9e-08
4.90006e-08
6.1465e-08
7.69743e-08
9.62396e-08
1.2013e-07
1.49707e-07
1.86261e-07
2.31362e-07
2.86915e-07
3.55226e-07
4.39084e-07
5.41853e-07
6.67585e-07
8.21149e-07
1.00839e-06
1.23631e-06
1.51327e-06
1.84926e-06
2.25617e-06
2.74813e-06
3.3419e-06
4.05736e-06
4.91796e-06
5.9514e-06
7.19029e-06
8.67295e-06
1.04443e-05
1.25571e-05
1.50726e-05
1.80627e-05
2.16109e-05
2.58141e-05
3.07848e-05
3.66531e-05
4.35693e-05
5.17067e-05
6.12646e-05
7.24717e-05
8.55904e-05
0.00010092
0.000118804
0.000139631
0.000163844
0.000191946
0.000224506
0.000262167
0.000305652
0.000355778
0.00041346
0.000479723
0.000555712
0.000642709
0.000742135
0.000855573
0.000984776
0.00113168
0.00129843
0.00148738
0.00170112
0.00194248
0.00221457
0.00252078
0.00286479
0.00325061
0.00368257
0.00416537
0.00470406
0.00530408
0.00597126
0.00671184
0.00753251
0.00844034
0.00944287
0.0105481
0.0117644
0.0131007
0.0145662
0.0161708
0.0179246
0.0198381
0.0219223
0.0241886
0.0266486
0.0293143
0.0321978
0.0353117
0.0386685
0.042281
0.0461619
0.050324
0.05478
0.0595424
0.0646235
0.0700353
0.0757893
0.0818968
0.0883682
0.0952133
0.102441
0.11006
0.118078
0.1265
0.135333
0.144579
0.154241
0.164322
0.17482
0.185735
0.197062
0.208799
0.220937
0.23347
0.246388
0.259679
0.273332
0.287331
0.30166
0.316302
0.331238
0.346448
0.361909
0.377599
0.393494
0.409568
0.425796
0.44215
0.458603
0.475127
0.491693
0.508274
0.524839
0.541361
0.557811
0.57416
0.590382
0.606449
0.622335
0.638015
0.653464
0.668659
0.683577
0.698199
0.712504
0.726475
0.740095
0.753349
0.766224
0.778707
0.790788
0.802458
0.813709
0.824537
0.834936
0.844903
0.854437
0.863536
0.872201
0.880435
0.888238
0.895616
0.902572
0.909111
0.915238
0.92096
0.926282
0.931211
0.935754
0.939916
0.943705
0.947126
0.950186
0.952891
0.955245
0.957254
0.958921
0.960251
0.961245
0.961907
0.962237
0.962237
0.961907
0.961245
0.960251
0.958921
0.957254
0.955245
0.952891
0.950186
0.947126
0.943705
0.939916
0.935754
0.931211
0.926282
0.92096
0.915238
0.909111
0.902572
0.895616
0.888238
0.880435
0.872201
0.863536
0.854437
0.844903
0.834936
0.824537
0.813709
0.802458
0.790788
0.778707
0.766224
0.753349
0.740095
0.726475
0.712504
0.698199
0.683577
0.668659
0.653464
0.638015
0.622335
0.606449
0.590382
0.57416
0.557811
0.541361
0.524839
0.508274
0.491693
0.475127
0.458603
0.44215
0.425796
0.409568
0.393494
0.377599
0.361909
0.346448
0.331238
0.316302
0.30166
0.287331
0.273332
0.259679
0.246388
0.23347
0.220937
0.208799
0.197062
0.185735
0.17482
0.164322
0.154241
0.144579
0.135333
0.1265
0.118078
0.11006
0.102441
0.0952133
0.0883682
0.0818968
0.0757893
0.0700353
0.0646235
0.0595424
0.05478
0.050324
0.0461619
0.042281
0.0386685
0.0353117
0.0321978
0.0293143
0.0266486
0.0241886
0.0219223
0.0198381
0.0179246
0.0161708
0.0145662
0.0131007
0.0117644
0.0105481
0.00944287
0.00844034
0.00753251
0.00671184
0.00597126
0.00530408
0.00470406
0.00416537
0.00368257
0.00325061
0.00286479
0.00252078
0.00221457
0.00194248
0.00170112
0.00148738
0.00129843
0.00113168
0.000984776
0.000855573
0.000742135
0.000642709
0.000555712
0.000479723
0.00041346
0.000355778
0.000305652
0.000262167
0.000224506
0.000191946
0.000163844
0.000139631
0.000118804
0.00010092
8.55904e-05
7.24717e-05
6.12646e-05
5.17067e-05
4.35693e-05
3.66531e-05
3.07848e-05
2.58141e-05
2.16109e-05
1.80627e-05
1.50726e-05
1.25571e-05
1.04443e-05
8.67295e-06
7.19029e-06
5.9514e-06
4.91796e-06
4.05736e-06
3.3419e-06
2.74813e-06
2.25617e-06
1.84926e-06
1.51327e-06
1.23631e-06
1.00839e-06
8.21149e-07
6.67585e-07
5.41853e-07
4.39084e-07
3.55226e-07
2.86915e-07
2.31362e-07
1.86261e-07
1.49707e-07
1.2013e-07
9.62396e-08
7.69743e-08
6.1465e-08
4.90006e-08
3.9e-08
3.09898e-08
2.45846e-08
1.94714e-08
1.53965e-08
1.21545e-08
9.57955e-09
7.53775e-09
5.92147e-09
4.64417e-09
3.63645e-09
2.84274e-09
2.21865e-09
1.72874e-09
1.34482e-09
1.04445e-09
8.09846e-10
6.26916e-10
4.84515e-10
3.7385e-10
2.87991e-10
2.21489e-10
1.70066e-10
1.30369e-10
9.97754e-11
7.62369e-11
5.81567e-11
4.42921e-11
3.3678e-11
2.55657e-11
1.9376e-11
1.4661e-11
1.10753e-11
8.35297e-12
6.28957e-12
4.72818e-12
3.54864e-12
2.65904e-12
1.98921e-12
1.48571e-12
1.10785e-12
8.24748e-13
6.12997e-13
4.54874e-13
3.36992e-13
2.49255e-13
1.84062e-13
1.35701e-13
9.98841e-14
7.34019e-14
5.38537e-14
3.94477e-14
2.88486e-14
2.10633e-14
1.53542e-14
1.11744e-14
8.11935e-15
5.89003e-15
4.26592e-15
3.08466e-15
2.2269e-15
1.60508e-15
1.15502e-15
8.29826e-16
5.95228e-16
4.26267e-16
3.04776e-16
2.17561e-16
1.55055e-16
1.10329e-16
7.83788e-17
5.55917e-17
3.93663e-17
2.78319e-17
1.96456e-17
1.3845e-17
9.74143e-18
6.84319e-18
4.79954e-18
3.36083e-18
2.34962e-18
1.64005e-18
1.14294e-18
7.95233e-19
5.52425e-19
3.83142e-19
2.65311e-19
1.83425e-19
1.2661e-19
8.72547e-20
6.00369e-20
4.12437e-20
2.82883e-20
1.93716e-20
1.32445e-20
9.041e-21
6.16182e-21
4.19288e-21
2.84858e-21
1.93222e-21
1.30858e-21
8.84817e-22
5.9734e-22
4.02628e-22
2.70957e-22
1.82059e-22
1.22134e-22
8.18049e-23
5.47063e-23
3.65267e-23
2.43501e-23
1.62072e-23
1.07704e-23
7.14622e-24
4.7341e-24
3.13124e-24
2.06783e-24
1.36343e-24
8.97574e-25
5.89967e-25
3.87174e-25
2.53691e-25
1.65969e-25
1.0841e-25
7.07022e-26
4.60384e-26
2.99316e-26
1.94296e-26
1.25928e-26
8.14898e-27
5.26514e-27
3.39658e-27
2.18775e-27
1.40696e-27
9.03422e-28
5.79198e-28
3.70758e-28
2.36963e-28
1.51217e-28
9.63491e-29
6.12949e-29
3.89341e-29
2.46925e-29
1.56362e-29
9.88616e-30
6.24101e-30
3.93382e-30
2.47574e-30
1.55571e-30
9.76079e-31
6.11469e-31
3.8247e-31
2.38866e-31
1.48952e-31
9.27415e-32
5.7655e-32
3.57878e-32
2.21804e-32
1.37259e-32
8.48108e-33
5.23237e-33
3.22317e-33
1.98247e-33
1.2175e-33
7.46573e-34
4.57104e-34
2.79446e-34
1.70577e-34
1.03965e-34
6.32694e-35
3.84453e-35
2.33257e-35
1.41309e-35
8.54772e-36
5.16266e-36
3.11345e-36
1.8748e-36
1.12723e-36
6.76735e-37
4.05667e-37
2.42811e-37
1.45115e-37
8.65979e-38
5.16e-38
3.07001e-38
1.82381e-38
1.08186e-38
6.40783e-39
3.78967e-39
2.23792e-39
1.31959e-39
7.76935e-40
4.56755e-40
2.68124e-40
1.5716e-40
9.19816e-41
5.37546e-41
3.13679e-41
1.82772e-41
1.06339e-41
6.17772e-42
3.58363e-42
2.07575e-42
1.20056e-42
6.93351e-43
3.99835e-43
2.30233e-43
1.32377e-43
7.60013e-44
4.35702e-44
2.49413e-44
1.42564e-44
8.13698e-45
4.63745e-45
2.63912e-45
1.49969e-45
8.50963e-46
4.82151e-46
2.72785e-46
1.54108e-46
8.69351e-47
4.89702e-47
2.75446e-47
1.54706e-47
8.67656e-48
4.85911e-48
2.71728e-48
1.51734e-48
8.46058e-49
4.71074e-49
2.61908e-49
1.45405e-49
8.06092e-50
4.46233e-50
2.46667e-50
1.36155e-50
7.50468e-51
4.13052e-51
2.27014e-51
1.24588e-51
6.82772e-52
3.73639e-52
2.04176e-52
1.11413e-52
6.07081e-53
3.3032e-53
1.79474e-53
9.73753e-54
5.27565e-54
2.8542e-54
1.54196e-54
8.3185e-55
4.48124e-55
2.41065e-55
1.29495e-55
6.94634e-56
3.72086e-56
1.99029e-56
1.0631e-56
5.67042e-57
3.02026e-57
1.60643e-57
8.53226e-58
4.52538e-58
2.39681e-58
1.26766e-58
6.69514e-59
3.53107e-59
1.85971e-59
9.78076e-60
5.13679e-60
2.69404e-60
1.41094e-60
7.37911e-61
3.85384e-61
2.00991e-61
1.04678e-61
5.44413e-62
2.82746e-62
1.46643e-62
7.59488e-63
3.92806e-63
2.02877e-63
1.04637e-63
5.38936e-64
2.77196e-64
1.42376e-64
7.30273e-65
3.74055e-65
1.91331e-65
9.77322e-66
4.98531e-66
2.5395e-66
1.29184e-66
6.56252e-67
3.32918e-67
1.68659e-67
8.53267e-68
4.31089e-68
2.17498e-68
1.09584e-68
5.51379e-69
2.77051e-69
1.3902e-69
6.96629e-70
3.48607e-70
1.74213e-70
8.69428e-71
4.3331e-71
2.15662e-71
1.07192e-71
5.3206e-72
2.63739e-72
1.30559e-72
6.4547e-73
3.18755e-73
1.57347e-73
7.78685e-74
3.9102e-74
2.08678e-74
1.36422e-74
)
;

boundaryField
{
    sides
    {
        type            zeroGradient;
    }
    empty
    {
        type            empty;
    }
}


// ************************************************************************* //
