/*--------------------------------*- C++ -*----------------------------------*\
  =========                 |
  \\      /  F ield         | OpenFOAM: The Open Source CFD Toolbox
   \\    /   O peration     | Website:  https://openfoam.org
    \\  /    A nd           | Version:  13
     \\/     M anipulation  |
\*---------------------------------------------------------------------------*/
FoamFile
{
    format      ascii;
    class       volScalarField;
    location    "0.935";
    object      T;
}
// * * * * * * * * * * * * * * * * * * * * * * * * * * * * * * * * * * * * * //

dimensions      [0 0 0 1 0 0 0];

internalField   nonuniform List<scalar> 
1000
(
7.55682e-185
3.08249e-184
1.48684e-183
7.21411e-183
3.49457e-182
1.68949e-181
8.15195e-181
3.92563e-180
1.88668e-179
9.04949e-179
4.33199e-178
2.06959e-177
9.86772e-177
4.69548e-176
2.22983e-175
1.0568e-174
4.9985e-174
2.35945e-173
1.11149e-172
5.22539e-172
2.45161e-171
1.14789e-170
5.36374e-170
2.50119e-169
1.16396e-168
5.40554e-168
2.50523e-167
1.15868e-166
5.34788e-166
2.46322e-165
1.13221e-164
5.19334e-164
2.37719e-163
1.08587e-162
4.94974e-162
2.25154e-161
1.02203e-160
4.62954e-160
2.09265e-159
9.43926e-159
4.24875e-158
1.90838e-157
8.55351e-157
3.82561e-156
1.70738e-155
7.60381e-155
3.37911e-154
1.49845e-153
6.63049e-153
2.92761e-152
1.28986e-151
5.67064e-151
2.48759e-150
1.08888e-149
4.75596e-149
2.07274e-148
9.01369e-148
3.91117e-147
1.69339e-146
7.3156e-146
3.15343e-145
1.3563e-144
5.82059e-144
2.49237e-143
1.06485e-142
4.53939e-142
1.93079e-141
8.19402e-141
3.46964e-140
1.46586e-139
6.17906e-139
2.59878e-138
1.09051e-137
4.56569e-137
1.90718e-136
7.94855e-136
3.30514e-135
1.37118e-134
5.6755e-134
2.34376e-133
9.65648e-133
3.96936e-132
1.62785e-131
6.66041e-131
2.71879e-130
1.10722e-129
4.49863e-129
1.8235e-128
7.37416e-128
2.97506e-127
1.19744e-126
4.8082e-126
1.92611e-125
7.6975e-125
3.0689e-124
1.22061e-123
4.84322e-123
1.91712e-122
7.57039e-122
2.98223e-121
1.17197e-120
4.5945e-120
1.79683e-119
7.01001e-119
2.72817e-118
1.05916e-117
4.10195e-117
1.58472e-116
6.10723e-116
2.34782e-115
9.00351e-115
3.44415e-114
1.31424e-113
5.00246e-113
1.89937e-112
7.19362e-112
2.71767e-111
1.02413e-110
3.84962e-110
1.44339e-109
5.39822e-109
2.01379e-108
7.4933e-108
2.78115e-107
1.02959e-106
3.80183e-106
1.40025e-105
5.14397e-105
1.88483e-104
6.88842e-104
2.51097e-103
9.12925e-103
3.31052e-102
1.19735e-101
4.31927e-101
1.55403e-100
5.57653e-100
1.99583e-99
7.12415e-99
2.53625e-98
9.00526e-98
3.18892e-97
1.12624e-96
3.96693e-96
1.39352e-95
4.88204e-95
1.70576e-94
5.94377e-94
2.06551e-93
7.15835e-93
2.47408e-92
8.52766e-92
2.93127e-91
1.00482e-90
3.43501e-90
1.17103e-89
3.98113e-89
1.34971e-88
4.56318e-88
1.53845e-87
5.17235e-87
1.7341e-86
5.7975e-86
1.93279e-85
6.42544e-85
2.13006e-84
7.04123e-84
2.32097e-83
7.62874e-83
2.50031e-82
8.17129e-82
2.6628e-81
8.65239e-81
2.80336e-80
9.05657e-80
2.91735e-79
9.37017e-79
3.00082e-78
9.58212e-78
3.05077e-77
9.68454e-77
3.06527e-76
9.67327e-76
3.04363e-75
9.54813e-75
2.98642e-74
9.31293e-74
2.89548e-73
8.97534e-73
2.77379e-72
8.54642e-72
2.62531e-71
8.04005e-71
2.4548e-70
7.47217e-70
2.26751e-69
6.85994e-69
2.06898e-68
6.22087e-68
1.86468e-67
5.57199e-67
1.65984e-66
4.92913e-66
1.45921e-65
4.30628e-65
1.26684e-64
3.71514e-64
1.08607e-63
3.16492e-63
9.19367e-63
2.66215e-62
7.68404e-62
2.21084e-61
6.34059e-61
1.81261e-60
5.1651e-60
1.46706e-59
4.15342e-59
1.17207e-58
3.29672e-58
9.24253e-58
2.58271e-57
7.19335e-57
1.9969e-56
5.52514e-56
1.52367e-55
4.18789e-55
1.14723e-54
3.13224e-54
8.52323e-54
2.31149e-53
6.24767e-53
1.68297e-52
4.51815e-52
1.20885e-51
3.2233e-51
8.56539e-51
2.26832e-50
5.98648e-50
1.5745e-49
4.12678e-49
1.0779e-48
2.80566e-48
7.27745e-48
1.88108e-47
4.84522e-47
1.24364e-46
3.18089e-46
8.10713e-46
2.05896e-45
5.2106e-45
1.31396e-44
3.30159e-44
8.2663e-44
2.06224e-43
5.12632e-43
1.26971e-42
3.1335e-42
7.70512e-42
1.88777e-41
4.60821e-41
1.1208e-40
2.71599e-40
6.5574e-40
1.57736e-39
3.7803e-39
9.02626e-39
2.14721e-38
5.08887e-38
1.20155e-37
2.82641e-37
6.62361e-37
1.54638e-36
3.59662e-36
8.33347e-36
1.92356e-35
4.42313e-35
1.01319e-34
2.31201e-34
5.25556e-34
1.19007e-33
2.68441e-33
6.03171e-33
1.35003e-32
3.00993e-32
6.68452e-32
1.47871e-31
3.25828e-31
7.15128e-31
1.56338e-30
3.40426e-30
7.38342e-30
1.59501e-29
3.43189e-29
7.35471e-29
1.56984e-28
3.3373e-28
7.06615e-28
1.49009e-27
3.12955e-27
6.5461e-27
1.36368e-26
2.82922e-26
5.84575e-26
1.20289e-25
2.46505e-25
5.03069e-25
1.02242e-24
2.06933e-24
4.1708e-24
8.37137e-24
1.67323e-23
3.33035e-23
6.60081e-23
1.30278e-22
2.56042e-22
5.01081e-22
9.76469e-22
1.89478e-21
3.66102e-21
7.04345e-21
1.34929e-20
2.57368e-20
4.88798e-20
9.24327e-20
1.74036e-19
3.2626e-19
6.08971e-19
1.1317e-18
2.09395e-18
3.8574e-18
7.07476e-18
1.29185e-17
2.34853e-17
4.25063e-17
7.65918e-17
1.37397e-16
2.45378e-16
4.36267e-16
7.72187e-16
1.36063e-15
2.38674e-15
4.16783e-15
7.2452e-15
1.25378e-14
2.15985e-14
3.70379e-14
6.3225e-14
1.07435e-13
1.81725e-13
3.05979e-13
5.12825e-13
8.55551e-13
1.42075e-12
2.34844e-12
3.86392e-12
6.32791e-12
1.0315e-11
1.67362e-11
2.7028e-11
4.34449e-11
6.9507e-11
1.10682e-10
1.75422e-10
2.76722e-10
4.34463e-10
6.78904e-10
1.05586e-09
1.63435e-09
2.51779e-09
3.86037e-09
5.8907e-09
8.94607e-09
1.35214e-08
2.03392e-08
3.04483e-08
4.53637e-08
6.72615e-08
9.92512e-08
1.45751e-07
2.13008e-07
3.098e-07
4.48403e-07
6.45884e-07
9.25843e-07
1.32073e-06
1.87494e-06
2.6488e-06
3.72394e-06
5.21008e-06
7.25394e-06
1.00505e-05
1.38576e-05
1.9014e-05
2.59622e-05
3.52771e-05
4.77008e-05
6.41862e-05
8.59487e-05
0.00011453
0.000151873
0.000200413
0.000263182
0.000343929
0.000447268
0.000578834
0.000745468
0.000955419
0.00121857
0.00154669
0.00195368
0.00245586
0.00307226
0.00382489
0.00473906
0.00584359
0.00717114
0.00875834
0.010646
0.0128791
0.0155071
0.0185834
0.0221654
0.0263143
0.0310944
0.0365725
0.0428172
0.0498982
0.0578848
0.0668451
0.0768442
0.0879434
0.100198
0.113657
0.128359
0.144333
0.161598
0.180158
0.200004
0.221111
0.243441
0.266936
0.291528
0.317128
0.343636
0.370937
0.398906
0.427404
0.456287
0.485403
0.514597
0.543713
0.572596
0.601094
0.629063
0.656364
0.682872
0.708472
0.733064
0.756559
0.778889
0.799996
0.819842
0.838402
0.855667
0.871641
0.886343
0.899802
0.912057
0.923156
0.933155
0.942115
0.950102
0.957183
0.963428
0.968906
0.973686
0.977835
0.981417
0.984493
0.987121
0.989354
0.991241
0.992828
0.994155
0.99526
0.996173
0.996925
0.99754
0.998041
0.998446
0.998771
0.999031
0.999236
0.999395
0.999517
0.999608
0.999673
0.999714
0.999734
0.999734
0.999714
0.999673
0.999608
0.999517
0.999395
0.999236
0.999031
0.998771
0.998446
0.998041
0.99754
0.996925
0.996173
0.99526
0.994155
0.992828
0.991241
0.989354
0.987121
0.984493
0.981417
0.977835
0.973686
0.968906
0.963428
0.957183
0.950102
0.942115
0.933155
0.923156
0.912057
0.899802
0.886343
0.871641
0.855667
0.838402
0.819842
0.799996
0.778889
0.756559
0.733064
0.708472
0.682872
0.656364
0.629063
0.601094
0.572596
0.543713
0.514597
0.485403
0.456287
0.427404
0.398906
0.370937
0.343636
0.317128
0.291528
0.266936
0.243441
0.221111
0.200004
0.180158
0.161598
0.144333
0.128359
0.113657
0.100198
0.0879434
0.0768442
0.0668451
0.0578848
0.0498982
0.0428172
0.0365725
0.0310944
0.0263143
0.0221654
0.0185834
0.0155071
0.0128791
0.010646
0.00875834
0.00717114
0.00584359
0.00473906
0.00382489
0.00307226
0.00245586
0.00195368
0.00154669
0.00121857
0.000955419
0.000745468
0.000578834
0.000447268
0.000343929
0.000263182
0.000200413
0.000151873
0.00011453
8.59487e-05
6.41862e-05
4.77008e-05
3.52771e-05
2.59622e-05
1.9014e-05
1.38576e-05
1.00505e-05
7.25394e-06
5.21008e-06
3.72394e-06
2.6488e-06
1.87494e-06
1.32073e-06
9.25843e-07
6.45884e-07
4.48403e-07
3.098e-07
2.13008e-07
1.45751e-07
9.92512e-08
6.72615e-08
4.53637e-08
3.04483e-08
2.03392e-08
1.35214e-08
8.94607e-09
5.8907e-09
3.86037e-09
2.51779e-09
1.63435e-09
1.05586e-09
6.78904e-10
4.34463e-10
2.76722e-10
1.75422e-10
1.10682e-10
6.9507e-11
4.34449e-11
2.7028e-11
1.67362e-11
1.0315e-11
6.32791e-12
3.86392e-12
2.34844e-12
1.42075e-12
8.55551e-13
5.12825e-13
3.05979e-13
1.81725e-13
1.07435e-13
6.3225e-14
3.70379e-14
2.15985e-14
1.25378e-14
7.2452e-15
4.16783e-15
2.38674e-15
1.36063e-15
7.72187e-16
4.36267e-16
2.45378e-16
1.37397e-16
7.65918e-17
4.25063e-17
2.34853e-17
1.29185e-17
7.07476e-18
3.8574e-18
2.09395e-18
1.1317e-18
6.08971e-19
3.2626e-19
1.74036e-19
9.24327e-20
4.88798e-20
2.57368e-20
1.34929e-20
7.04345e-21
3.66102e-21
1.89478e-21
9.76469e-22
5.01081e-22
2.56042e-22
1.30278e-22
6.60081e-23
3.33035e-23
1.67323e-23
8.37137e-24
4.1708e-24
2.06933e-24
1.02242e-24
5.03069e-25
2.46505e-25
1.20289e-25
5.84575e-26
2.82922e-26
1.36368e-26
6.5461e-27
3.12955e-27
1.49009e-27
7.06615e-28
3.3373e-28
1.56984e-28
7.35471e-29
3.43189e-29
1.59501e-29
7.38342e-30
3.40426e-30
1.56338e-30
7.15128e-31
3.25828e-31
1.47871e-31
6.68452e-32
3.00993e-32
1.35003e-32
6.03171e-33
2.68441e-33
1.19007e-33
5.25556e-34
2.31201e-34
1.01319e-34
4.42313e-35
1.92356e-35
8.33347e-36
3.59662e-36
1.54638e-36
6.62361e-37
2.82641e-37
1.20155e-37
5.08887e-38
2.14721e-38
9.02626e-39
3.7803e-39
1.57736e-39
6.5574e-40
2.71599e-40
1.1208e-40
4.60821e-41
1.88777e-41
7.70512e-42
3.1335e-42
1.26971e-42
5.12632e-43
2.06224e-43
8.2663e-44
3.30159e-44
1.31396e-44
5.2106e-45
2.05896e-45
8.10713e-46
3.18089e-46
1.24364e-46
4.84522e-47
1.88108e-47
7.27745e-48
2.80566e-48
1.0779e-48
4.12678e-49
1.5745e-49
5.98648e-50
2.26832e-50
8.56539e-51
3.2233e-51
1.20885e-51
4.51815e-52
1.68297e-52
6.24767e-53
2.31149e-53
8.52323e-54
3.13224e-54
1.14723e-54
4.18789e-55
1.52367e-55
5.52514e-56
1.9969e-56
7.19335e-57
2.58271e-57
9.24253e-58
3.29672e-58
1.17207e-58
4.15342e-59
1.46706e-59
5.1651e-60
1.81261e-60
6.34059e-61
2.21084e-61
7.68404e-62
2.66215e-62
9.19367e-63
3.16492e-63
1.08607e-63
3.71514e-64
1.26684e-64
4.30628e-65
1.45921e-65
4.92913e-66
1.65984e-66
5.57199e-67
1.86468e-67
6.22087e-68
2.06898e-68
6.85994e-69
2.26751e-69
7.47217e-70
2.4548e-70
8.04005e-71
2.62531e-71
8.54642e-72
2.77379e-72
8.97534e-73
2.89548e-73
9.31293e-74
2.98642e-74
9.54813e-75
3.04363e-75
9.67327e-76
3.06527e-76
9.68454e-77
3.05077e-77
9.58212e-78
3.00082e-78
9.37017e-79
2.91735e-79
9.05657e-80
2.80336e-80
8.65239e-81
2.6628e-81
8.17129e-82
2.50031e-82
7.62874e-83
2.32097e-83
7.04123e-84
2.13006e-84
6.42544e-85
1.93279e-85
5.7975e-86
1.7341e-86
5.17235e-87
1.53845e-87
4.56318e-88
1.34971e-88
3.98113e-89
1.17103e-89
3.43501e-90
1.00482e-90
2.93127e-91
8.52766e-92
2.47408e-92
7.15835e-93
2.06551e-93
5.94377e-94
1.70576e-94
4.88204e-95
1.39352e-95
3.96693e-96
1.12624e-96
3.18892e-97
9.00526e-98
2.53625e-98
7.12415e-99
1.99583e-99
5.57653e-100
1.55403e-100
4.31927e-101
1.19735e-101
3.31052e-102
9.12925e-103
2.51097e-103
6.88842e-104
1.88483e-104
5.14397e-105
1.40025e-105
3.80183e-106
1.02959e-106
2.78115e-107
7.4933e-108
2.01379e-108
5.39822e-109
1.44339e-109
3.84962e-110
1.02413e-110
2.71767e-111
7.19362e-112
1.89937e-112
5.00246e-113
1.31424e-113
3.44415e-114
9.00351e-115
2.34782e-115
6.10723e-116
1.58472e-116
4.10195e-117
1.05916e-117
2.72817e-118
7.01001e-119
1.79683e-119
4.5945e-120
1.17197e-120
2.98223e-121
7.57039e-122
1.91712e-122
4.84322e-123
1.22061e-123
3.0689e-124
7.6975e-125
1.92611e-125
4.8082e-126
1.19744e-126
2.97506e-127
7.37416e-128
1.8235e-128
4.49863e-129
1.10722e-129
2.71879e-130
6.66041e-131
1.62785e-131
3.96936e-132
9.65648e-133
2.34376e-133
5.6755e-134
1.37118e-134
3.30514e-135
7.94855e-136
1.90718e-136
4.56569e-137
1.09051e-137
2.59878e-138
6.17906e-139
1.46586e-139
3.46964e-140
8.19402e-141
1.93079e-141
4.53939e-142
1.06485e-142
2.49237e-143
5.82059e-144
1.3563e-144
3.15343e-145
7.3156e-146
1.69339e-146
3.91117e-147
9.01369e-148
2.07274e-148
4.75596e-149
1.08888e-149
2.48759e-150
5.67064e-151
1.28986e-151
2.92761e-152
6.63049e-153
1.49845e-153
3.37911e-154
7.60381e-155
1.70738e-155
3.82561e-156
8.55351e-157
1.90838e-157
4.24875e-158
9.43926e-159
2.09265e-159
4.62954e-160
1.02203e-160
2.25154e-161
4.94974e-162
1.08587e-162
2.37719e-163
5.19334e-164
1.13221e-164
2.46322e-165
5.34788e-166
1.15868e-166
2.50523e-167
5.40554e-168
1.16396e-168
2.50119e-169
5.36374e-170
1.14789e-170
2.45161e-171
5.22539e-172
1.11149e-172
2.35945e-173
4.9985e-174
1.0568e-174
2.22983e-175
4.69548e-176
9.86772e-177
2.06959e-177
4.33199e-178
9.04949e-179
1.88668e-179
3.92563e-180
8.15195e-181
1.68949e-181
3.49457e-182
7.21411e-183
1.48684e-183
3.08249e-184
7.55682e-185
)
;

boundaryField
{
    sides
    {
        type            zeroGradient;
    }
    empty
    {
        type            empty;
    }
}


// ************************************************************************* //
