/*--------------------------------*- C++ -*----------------------------------*\
  =========                 |
  \\      /  F ield         | OpenFOAM: The Open Source CFD Toolbox
   \\    /   O peration     | Website:  https://openfoam.org
    \\  /    A nd           | Version:  13
     \\/     M anipulation  |
\*---------------------------------------------------------------------------*/
FoamFile
{
    format      ascii;
    class       volScalarField;
    location    "4.585";
    object      T;
}
// * * * * * * * * * * * * * * * * * * * * * * * * * * * * * * * * * * * * * //

dimensions      [0 0 0 1 0 0 0];

internalField   nonuniform List<scalar> 
1000
(
5.32938e-49
6.54413e-49
9.24553e-49
1.40371e-48
2.19864e-48
3.48582e-48
5.54994e-48
8.84566e-48
1.40959e-47
2.24473e-47
3.57163e-47
5.6776e-47
9.01673e-47
1.43058e-46
2.26754e-46
3.59067e-46
5.6803e-46
8.97728e-46
1.41741e-45
2.23573e-45
3.52307e-45
5.54624e-45
8.7227e-45
1.3705e-44
2.15121e-44
3.37335e-44
5.28463e-44
8.27071e-44
1.29314e-43
2.01986e-43
3.15191e-43
4.91359e-43
7.6524e-43
1.19061e-42
1.85062e-42
2.87366e-42
4.45788e-42
6.90865e-42
1.06962e-41
1.65441e-41
2.55638e-41
3.94622e-41
6.08567e-41
9.37579e-41
1.44304e-40
2.21882e-40
3.40829e-40
5.23024e-40
8.01822e-40
1.22802e-39
1.8789e-39
2.87192e-39
4.38541e-39
6.6899e-39
1.01953e-38
1.5522e-38
2.36084e-38
3.5872e-38
5.44519e-38
8.25733e-38
1.25094e-37
1.89322e-37
2.86242e-37
4.3235e-37
6.52388e-37
9.83432e-37
1.48099e-36
2.22805e-36
3.34863e-36
5.02779e-36
7.54144e-36
1.13005e-35
1.69165e-35
2.52981e-35
3.77949e-35
5.64085e-35
8.41051e-35
1.25276e-34
1.86413e-34
2.77111e-34
4.11524e-34
6.10524e-34
9.04849e-34
1.33972e-33
1.98161e-33
2.9281e-33
4.32235e-33
6.37408e-33
9.39031e-33
1.382e-32
2.03188e-32
2.98437e-32
4.37897e-32
6.41881e-32
9.39942e-32
1.37502e-31
2.00948e-31
2.93373e-31
4.27877e-31
6.2342e-31
9.07413e-31
1.31945e-30
1.91664e-30
2.78133e-30
4.03206e-30
5.83932e-30
8.44812e-30
1.22101e-29
1.76295e-29
2.54285e-29
3.66407e-29
5.27434e-29
7.58461e-29
1.08958e-28
1.56367e-28
2.24177e-28
3.21069e-28
4.59374e-28
6.56588e-28
9.37519e-28
1.33729e-27
1.90561e-27
2.71268e-27
3.85767e-27
5.48036e-27
7.77772e-27
1.10269e-26
1.56176e-26
2.20971e-26
3.1233e-26
4.41012e-26
6.22078e-26
8.76592e-26
1.23398e-25
1.73531e-25
2.43783e-25
3.42127e-25
4.79654e-25
6.71779e-25
9.39901e-25
1.3137e-24
1.83427e-24
2.55853e-24
3.56512e-24
4.96264e-24
6.90095e-24
9.58651e-24
1.33036e-23
1.84431e-23
2.55419e-23
3.53369e-23
4.88382e-23
6.7429e-23
9.30013e-23
1.2814e-22
1.76376e-22
2.42519e-22
3.33126e-22
4.57115e-22
6.2661e-22
8.58072e-22
1.17383e-21
1.60413e-21
2.18992e-21
2.98656e-21
4.06883e-21
5.53758e-21
7.52878e-21
1.02255e-20
1.38738e-20
1.88044e-20
2.54612e-20
3.4439e-20
4.65344e-20
6.28134e-20
8.46998e-20
1.14095e-19
1.53533e-19
2.0639e-19
2.7716e-19
3.71811e-19
4.98273e-19
6.6706e-19
8.92101e-19
1.19183e-18
1.59063e-18
2.12067e-18
2.82441e-18
3.75782e-18
4.99453e-18
6.6314e-18
8.79562e-18
1.16541e-17
1.54256e-17
2.03966e-17
2.69415e-17
3.55499e-17
4.68603e-17
6.17053e-17
8.1169e-17
1.06662e-16
1.40016e-16
1.8361e-16
2.40527e-16
3.14762e-16
4.11483e-16
5.37366e-16
7.01033e-16
9.13602e-16
1.18939e-15
1.54683e-15
2.0096e-15
2.6081e-15
3.38135e-15
4.37931e-15
5.66591e-15
7.32289e-15
9.45463e-15
1.21943e-14
1.57114e-14
2.0222e-14
2.60005e-14
3.33956e-14
4.28493e-14
5.49221e-14
7.03234e-14
8.99498e-14
1.14934e-13
1.46706e-13
1.87065e-13
2.38279e-13
3.03199e-13
3.85406e-13
4.89392e-13
6.20788e-13
7.86642e-13
9.95771e-13
1.25919e-12
1.59062e-12
2.00721e-12
2.53027e-12
3.18631e-12
4.00827e-12
5.03701e-12
6.32321e-12
7.92956e-12
9.93363e-12
1.24313e-11
1.55406e-11
1.94075e-11
2.42114e-11
3.01728e-11
3.75629e-11
4.67144e-11
5.80349e-11
7.20236e-11
8.9291e-11
1.10583e-10
1.36809e-10
1.69079e-10
2.08743e-10
2.57443e-10
3.17174e-10
3.90356e-10
4.79923e-10
5.89427e-10
7.23161e-10
8.86313e-10
1.08514e-09
1.32719e-09
1.62154e-09
1.9791e-09
2.413e-09
2.93895e-09
3.57582e-09
4.34616e-09
5.27696e-09
6.40042e-09
7.75498e-09
9.38642e-09
1.13493e-08
1.37082e-08
1.65403e-08
1.99367e-08
2.40055e-08
2.88745e-08
3.4695e-08
4.16454e-08
4.99361e-08
5.98149e-08
7.15736e-08
8.55547e-08
1.02161e-07
1.21863e-07
1.45213e-07
1.72858e-07
2.05551e-07
2.44174e-07
2.89753e-07
3.43483e-07
4.06753e-07
4.81176e-07
5.68626e-07
6.71271e-07
7.91623e-07
9.32584e-07
1.0975e-06
1.29025e-06
1.51527e-06
1.7777e-06
2.0834e-06
2.43915e-06
2.85269e-06
3.33288e-06
3.88987e-06
4.53525e-06
5.28223e-06
6.14588e-06
7.14333e-06
8.2941e-06
9.62029e-06
1.1147e-05
1.29027e-05
1.49194e-05
1.72336e-05
1.98863e-05
2.29236e-05
2.63975e-05
3.03666e-05
3.48965e-05
4.00608e-05
4.59422e-05
5.26328e-05
6.02358e-05
6.88663e-05
7.86526e-05
8.97373e-05
0.000102279
0.000116455
0.000132459
0.000150509
0.000170843
0.000193726
0.00021945
0.000248335
0.000280736
0.000317041
0.000357676
0.000403109
0.00045385
0.00051046
0.000573547
0.000643776
0.000721873
0.000808624
0.000904883
0.00101158
0.00112971
0.00126036
0.00140471
0.00156401
0.00173962
0.00193301
0.00214573
0.00237948
0.00263605
0.00291736
0.00322547
0.00356255
0.00393094
0.0043331
0.00477165
0.00524937
0.00576919
0.00633421
0.00694768
0.00761304
0.0083339
0.00911402
0.00995738
0.0108681
0.0118505
0.0129091
0.0140484
0.0152735
0.0165892
0.0180008
0.0195135
0.021133
0.0228647
0.0247145
0.0266883
0.0287921
0.031032
0.0334143
0.0359452
0.038631
0.0414782
0.0444932
0.0476823
0.051052
0.0546086
0.0583583
0.0623075
0.066462
0.0708279
0.075411
0.0802167
0.0852503
0.0905171
0.0960217
0.101769
0.107762
0.114006
0.120503
0.127256
0.134269
0.141542
0.149078
0.156877
0.16494
0.173267
0.181856
0.190706
0.199816
0.209183
0.218803
0.228673
0.238788
0.249142
0.259729
0.270544
0.281579
0.292826
0.304276
0.31592
0.327749
0.339752
0.351918
0.364237
0.376695
0.389281
0.401983
0.414785
0.427676
0.440642
0.453667
0.466738
0.47984
0.492958
0.506078
0.519183
0.532261
0.545294
0.558269
0.57117
0.583984
0.596694
0.609287
0.62175
0.634067
0.646226
0.658213
0.670016
0.681622
0.69302
0.704197
0.715143
0.725847
0.7363
0.74649
0.75641
0.766051
0.775405
0.784463
0.793219
0.801666
0.809797
0.817608
0.825093
0.832246
0.839064
0.845543
0.851678
0.857466
0.862904
0.86799
0.872722
0.877096
0.881111
0.884767
0.88806
0.89099
0.893556
0.895757
0.897592
0.899061
0.900163
0.900897
0.901265
0.901265
0.900897
0.900163
0.899061
0.897592
0.895757
0.893556
0.89099
0.88806
0.884767
0.881111
0.877096
0.872722
0.86799
0.862904
0.857466
0.851678
0.845543
0.839064
0.832246
0.825093
0.817608
0.809797
0.801666
0.793219
0.784463
0.775405
0.766051
0.75641
0.74649
0.7363
0.725847
0.715143
0.704197
0.69302
0.681622
0.670016
0.658213
0.646226
0.634067
0.62175
0.609287
0.596694
0.583984
0.57117
0.558269
0.545294
0.532261
0.519183
0.506078
0.492958
0.47984
0.466738
0.453667
0.440642
0.427676
0.414785
0.401983
0.389281
0.376695
0.364237
0.351918
0.339752
0.327749
0.31592
0.304276
0.292826
0.281579
0.270544
0.259729
0.249142
0.238788
0.228673
0.218803
0.209183
0.199816
0.190706
0.181856
0.173267
0.16494
0.156877
0.149078
0.141542
0.134269
0.127256
0.120503
0.114006
0.107762
0.101769
0.0960217
0.0905171
0.0852503
0.0802167
0.075411
0.0708279
0.066462
0.0623075
0.0583583
0.0546086
0.051052
0.0476823
0.0444932
0.0414782
0.038631
0.0359452
0.0334143
0.031032
0.0287921
0.0266883
0.0247145
0.0228647
0.021133
0.0195135
0.0180008
0.0165892
0.0152735
0.0140484
0.0129091
0.0118505
0.0108681
0.00995738
0.00911402
0.0083339
0.00761304
0.00694768
0.00633421
0.00576919
0.00524937
0.00477165
0.0043331
0.00393094
0.00356255
0.00322547
0.00291736
0.00263605
0.00237948
0.00214573
0.00193301
0.00173962
0.00156401
0.00140471
0.00126036
0.00112971
0.00101158
0.000904883
0.000808624
0.000721873
0.000643776
0.000573547
0.00051046
0.00045385
0.000403109
0.000357676
0.000317041
0.000280736
0.000248335
0.00021945
0.000193726
0.000170843
0.000150509
0.000132459
0.000116455
0.000102279
8.97373e-05
7.86526e-05
6.88663e-05
6.02358e-05
5.26328e-05
4.59422e-05
4.00608e-05
3.48965e-05
3.03666e-05
2.63975e-05
2.29236e-05
1.98863e-05
1.72336e-05
1.49194e-05
1.29027e-05
1.1147e-05
9.62029e-06
8.2941e-06
7.14333e-06
6.14588e-06
5.28223e-06
4.53525e-06
3.88987e-06
3.33288e-06
2.85269e-06
2.43915e-06
2.0834e-06
1.7777e-06
1.51527e-06
1.29025e-06
1.0975e-06
9.32584e-07
7.91623e-07
6.71271e-07
5.68626e-07
4.81176e-07
4.06753e-07
3.43483e-07
2.89753e-07
2.44174e-07
2.05551e-07
1.72858e-07
1.45213e-07
1.21863e-07
1.02161e-07
8.55547e-08
7.15736e-08
5.98149e-08
4.99361e-08
4.16454e-08
3.4695e-08
2.88745e-08
2.40055e-08
1.99367e-08
1.65403e-08
1.37082e-08
1.13493e-08
9.38642e-09
7.75498e-09
6.40042e-09
5.27696e-09
4.34616e-09
3.57582e-09
2.93895e-09
2.413e-09
1.9791e-09
1.62154e-09
1.32719e-09
1.08514e-09
8.86313e-10
7.23161e-10
5.89427e-10
4.79923e-10
3.90356e-10
3.17174e-10
2.57443e-10
2.08743e-10
1.69079e-10
1.36809e-10
1.10583e-10
8.9291e-11
7.20236e-11
5.80349e-11
4.67144e-11
3.75629e-11
3.01728e-11
2.42114e-11
1.94075e-11
1.55406e-11
1.24313e-11
9.93363e-12
7.92956e-12
6.32321e-12
5.03701e-12
4.00827e-12
3.18631e-12
2.53027e-12
2.00721e-12
1.59062e-12
1.25919e-12
9.95771e-13
7.86642e-13
6.20788e-13
4.89392e-13
3.85406e-13
3.03199e-13
2.38279e-13
1.87065e-13
1.46706e-13
1.14934e-13
8.99498e-14
7.03234e-14
5.49221e-14
4.28493e-14
3.33956e-14
2.60005e-14
2.0222e-14
1.57114e-14
1.21943e-14
9.45463e-15
7.32289e-15
5.66591e-15
4.37931e-15
3.38135e-15
2.6081e-15
2.0096e-15
1.54683e-15
1.18939e-15
9.13602e-16
7.01033e-16
5.37366e-16
4.11483e-16
3.14762e-16
2.40527e-16
1.8361e-16
1.40016e-16
1.06662e-16
8.1169e-17
6.17053e-17
4.68603e-17
3.55499e-17
2.69415e-17
2.03966e-17
1.54256e-17
1.16541e-17
8.79562e-18
6.6314e-18
4.99453e-18
3.75782e-18
2.82441e-18
2.12067e-18
1.59063e-18
1.19183e-18
8.92101e-19
6.6706e-19
4.98273e-19
3.71811e-19
2.7716e-19
2.0639e-19
1.53533e-19
1.14095e-19
8.46998e-20
6.28134e-20
4.65344e-20
3.4439e-20
2.54612e-20
1.88044e-20
1.38738e-20
1.02255e-20
7.52878e-21
5.53758e-21
4.06883e-21
2.98656e-21
2.18992e-21
1.60413e-21
1.17383e-21
8.58072e-22
6.2661e-22
4.57115e-22
3.33126e-22
2.42519e-22
1.76376e-22
1.2814e-22
9.30013e-23
6.7429e-23
4.88382e-23
3.53369e-23
2.55419e-23
1.84431e-23
1.33036e-23
9.58651e-24
6.90095e-24
4.96264e-24
3.56512e-24
2.55853e-24
1.83427e-24
1.3137e-24
9.39901e-25
6.71779e-25
4.79654e-25
3.42127e-25
2.43783e-25
1.73531e-25
1.23398e-25
8.76592e-26
6.22078e-26
4.41012e-26
3.1233e-26
2.20971e-26
1.56176e-26
1.10269e-26
7.77772e-27
5.48036e-27
3.85767e-27
2.71268e-27
1.90561e-27
1.33729e-27
9.37519e-28
6.56588e-28
4.59374e-28
3.21069e-28
2.24177e-28
1.56367e-28
1.08958e-28
7.58461e-29
5.27434e-29
3.66407e-29
2.54285e-29
1.76295e-29
1.22101e-29
8.44812e-30
5.83932e-30
4.03206e-30
2.78133e-30
1.91664e-30
1.31945e-30
9.07413e-31
6.2342e-31
4.27877e-31
2.93373e-31
2.00948e-31
1.37502e-31
9.39942e-32
6.41881e-32
4.37897e-32
2.98437e-32
2.03188e-32
1.382e-32
9.39031e-33
6.37408e-33
4.32235e-33
2.9281e-33
1.98161e-33
1.33972e-33
9.04849e-34
6.10524e-34
4.11524e-34
2.77111e-34
1.86413e-34
1.25276e-34
8.41051e-35
5.64085e-35
3.77949e-35
2.52981e-35
1.69165e-35
1.13005e-35
7.54144e-36
5.02779e-36
3.34863e-36
2.22805e-36
1.48099e-36
9.83432e-37
6.52388e-37
4.3235e-37
2.86242e-37
1.89322e-37
1.25094e-37
8.25733e-38
5.44519e-38
3.5872e-38
2.36084e-38
1.5522e-38
1.01953e-38
6.6899e-39
4.38541e-39
2.87192e-39
1.8789e-39
1.22802e-39
8.01822e-40
5.23024e-40
3.40829e-40
2.21882e-40
1.44304e-40
9.37579e-41
6.08567e-41
3.94622e-41
2.55638e-41
1.65441e-41
1.06962e-41
6.90865e-42
4.45788e-42
2.87366e-42
1.85062e-42
1.19061e-42
7.6524e-43
4.91359e-43
3.15191e-43
2.01986e-43
1.29314e-43
8.27071e-44
5.28463e-44
3.37335e-44
2.15121e-44
1.3705e-44
8.7227e-45
5.54624e-45
3.52307e-45
2.23573e-45
1.41741e-45
8.97728e-46
5.6803e-46
3.59067e-46
2.26754e-46
1.43058e-46
9.01673e-47
5.6776e-47
3.57163e-47
2.24473e-47
1.40959e-47
8.84566e-48
5.54994e-48
3.48582e-48
2.19864e-48
1.40371e-48
9.24553e-49
6.54413e-49
5.32938e-49
)
;

boundaryField
{
    sides
    {
        type            zeroGradient;
    }
    empty
    {
        type            empty;
    }
}


// ************************************************************************* //
