/*--------------------------------*- C++ -*----------------------------------*\
  =========                 |
  \\      /  F ield         | OpenFOAM: The Open Source CFD Toolbox
   \\    /   O peration     | Website:  https://openfoam.org
    \\  /    A nd           | Version:  13
     \\/     M anipulation  |
\*---------------------------------------------------------------------------*/
FoamFile
{
    format      ascii;
    class       volScalarField;
    location    "4.155";
    object      T;
}
// * * * * * * * * * * * * * * * * * * * * * * * * * * * * * * * * * * * * * //

dimensions      [0 0 0 1 0 0 0];

internalField   nonuniform List<scalar> 
1000
(
1.12727e-53
1.43635e-53
2.13789e-53
3.42072e-53
5.62912e-53
9.35368e-53
1.55866e-52
2.59813e-52
4.3284e-52
7.20465e-52
1.19803e-51
1.99011e-51
3.30243e-51
5.47435e-51
9.06516e-51
1.49955e-50
2.47792e-50
4.09032e-50
6.74479e-50
1.11102e-49
1.82816e-49
3.00504e-49
4.93431e-49
8.09362e-49
1.32617e-48
2.17069e-48
3.54923e-48
5.7971e-48
9.4586e-48
1.54164e-47
2.51002e-47
4.08235e-47
6.63257e-47
1.07645e-46
1.74518e-46
2.82635e-46
4.57246e-46
7.38944e-46
1.19292e-45
1.92374e-45
3.09897e-45
4.98686e-45
8.01627e-45
1.28722e-44
2.06476e-44
3.30844e-44
5.29556e-44
8.46711e-44
1.35237e-43
2.15768e-43
3.43887e-43
5.47492e-43
8.70711e-43
1.38326e-42
2.19517e-42
3.47989e-42
5.51057e-42
8.71686e-42
1.37739e-41
2.17413e-41
3.42805e-41
5.39934e-41
8.49506e-41
1.33513e-40
2.0961e-40
3.28725e-40
5.14973e-40
8.05873e-40
1.25974e-39
1.96708e-39
3.06829e-39
4.78079e-39
7.44103e-39
1.1569e-38
1.79675e-38
2.78747e-38
4.31977e-38
6.68713e-38
1.03406e-37
1.59729e-37
2.46461e-37
3.79875e-37
5.84871e-37
8.99514e-37
1.38192e-36
2.12072e-36
3.25097e-36
4.97816e-36
7.61466e-36
1.16348e-35
1.77579e-35
2.7074e-35
4.12324e-35
6.27263e-35
9.53205e-35
1.44693e-34
2.19399e-34
3.32311e-34
5.02783e-34
7.59872e-34
1.14716e-33
1.72994e-33
2.60593e-33
3.92119e-33
5.8938e-33
8.84905e-33
1.32715e-32
1.98823e-32
2.97534e-32
4.44761e-32
6.64111e-32
9.90548e-32
1.47582e-31
2.1964e-31
3.26521e-31
4.84877e-31
7.19239e-31
1.0657e-30
1.57732e-30
2.33197e-30
3.44386e-30
5.0803e-30
7.48604e-30
1.10188e-29
1.62008e-29
2.37935e-29
3.49059e-29
5.11515e-29
7.48749e-29
1.0948e-28
1.599e-28
2.33282e-28
3.39963e-28
4.9488e-28
7.19591e-28
1.04518e-27
1.51639e-27
2.1976e-27
3.18128e-27
4.60017e-27
6.64448e-27
9.58661e-27
1.38161e-26
1.98894e-26
2.86005e-26
4.1081e-26
5.89419e-26
8.44738e-26
1.2093e-25
1.72927e-25
2.47005e-25
3.52423e-25
5.02268e-25
7.15026e-25
1.01677e-24
1.44423e-24
2.04911e-24
2.90406e-24
4.11112e-24
5.81338e-24
8.21126e-24
1.15852e-23
1.63272e-23
2.29842e-23
3.23193e-23
4.53948e-23
6.36887e-23
8.92546e-23
1.24943e-22
1.74704e-22
2.44009e-22
3.40424e-22
4.74401e-22
6.60362e-22
9.18184e-22
1.27523e-21
1.76912e-21
2.45152e-21
3.39332e-21
4.69164e-21
6.47939e-21
8.93827e-21
1.23164e-20
1.6952e-20
2.33061e-20
3.20056e-20
4.39028e-20
6.01545e-20
8.23288e-20
1.1255e-19
1.5369e-19
2.09631e-19
2.8561e-19
3.88687e-19
5.28365e-19
7.17424e-19
9.73028e-19
1.3182e-18
1.7838e-18
2.41112e-18
3.25536e-18
4.39021e-18
5.91396e-18
7.95753e-18
1.06951e-17
1.43582e-17
1.92539e-17
2.57896e-17
3.45046e-17
4.61122e-17
6.15546e-17
8.2075e-17
1.09312e-16
1.45422e-16
1.9324e-16
2.56489e-16
3.40053e-16
4.50329e-16
5.95687e-16
7.87067e-16
1.03875e-15
1.36934e-15
1.8031e-15
2.37155e-15
3.11565e-15
4.08855e-15
5.35914e-15
7.01656e-15
9.17609e-15
1.19866e-14
1.564e-14
2.03836e-14
2.65357e-14
3.4505e-14
4.48165e-14
5.8143e-14
7.5346e-14
9.75272e-14
1.26094e-13
1.62842e-13
2.1006e-13
2.70658e-13
3.48339e-13
4.47802e-13
5.75006e-13
7.37499e-13
9.4483e-13
1.20906e-12
1.54541e-12
1.97308e-12
2.5162e-12
3.20516e-12
4.07808e-12
5.18279e-12
6.57922e-12
8.34232e-12
1.05658e-11
1.33665e-11
1.68902e-11
2.13185e-11
2.68768e-11
3.38455e-11
4.25723e-11
5.34877e-11
6.71248e-11
8.41421e-11
1.05353e-10
1.31759e-10
1.64594e-10
2.05377e-10
2.5597e-10
3.18661e-10
3.9625e-10
4.92167e-10
6.10599e-10
7.56661e-10
9.36587e-10
1.15797e-09
1.43003e-09
1.76399e-09
2.17345e-09
2.67487e-09
3.2882e-09
4.03752e-09
4.9519e-09
6.06641e-09
7.42322e-09
9.07307e-09
1.10769e-08
1.35078e-08
1.64532e-08
2.00179e-08
2.4327e-08
2.95298e-08
3.58042e-08
4.33619e-08
5.24548e-08
6.33818e-08
7.64971e-08
9.22205e-08
1.11048e-07
1.33567e-07
1.60468e-07
1.92565e-07
2.30819e-07
2.76355e-07
3.30495e-07
3.94789e-07
4.71052e-07
5.61403e-07
6.68318e-07
7.94684e-07
9.43863e-07
1.11977e-06
1.32693e-06
1.57062e-06
1.85695e-06
2.19296e-06
2.58682e-06
3.04793e-06
3.58714e-06
4.21693e-06
4.95162e-06
5.80769e-06
6.804e-06
7.96214e-06
9.30681e-06
1.08662e-05
1.26724e-05
1.4762e-05
1.71766e-05
1.99634e-05
2.31761e-05
2.68751e-05
3.11292e-05
3.60158e-05
4.16221e-05
4.80466e-05
5.53999e-05
6.38063e-05
7.3405e-05
8.43522e-05
9.68224e-05
0.00011101
0.000127134
0.000145435
0.000166182
0.000189676
0.000216247
0.000246262
0.000280128
0.000318294
0.000361252
0.000409549
0.000463782
0.000524607
0.000592746
0.000668985
0.000754186
0.00084929
0.000955318
0.00107339
0.0012047
0.00135058
0.00151244
0.00169182
0.00189037
0.00210988
0.00235228
0.00261963
0.00291415
0.0032382
0.00359432
0.00398523
0.00441379
0.00488308
0.00539634
0.00595704
0.00656881
0.00723552
0.00796121
0.00875017
0.00960688
0.010536
0.0115426
0.0126316
0.0138085
0.0150788
0.0164483
0.017923
0.019509
0.0212127
0.0230406
0.0249994
0.027096
0.0293374
0.0317308
0.0342832
0.0370021
0.0398948
0.0429688
0.0462314
0.0496901
0.0533523
0.0572252
0.0613162
0.0656322
0.0701802
0.0749669
0.0799987
0.0852819
0.0908223
0.0966255
0.102697
0.10904
0.115661
0.122563
0.129748
0.13722
0.144981
0.153032
0.161374
0.170007
0.178931
0.188143
0.197643
0.207427
0.217492
0.227833
0.238445
0.249321
0.260456
0.271841
0.283469
0.295329
0.307412
0.319707
0.332203
0.344887
0.357748
0.370771
0.383942
0.397248
0.410673
0.424201
0.437818
0.451505
0.465249
0.47903
0.492833
0.506641
0.520435
0.534201
0.547919
0.561573
0.575147
0.588623
0.601986
0.615219
0.628307
0.641233
0.653984
0.666545
0.678901
0.69104
0.702948
0.714614
0.726026
0.737172
0.748042
0.758626
0.768916
0.778903
0.788578
0.797935
0.806967
0.815667
0.824031
0.832053
0.839729
0.847055
0.854027
0.860643
0.866899
0.872795
0.878327
0.883494
0.888295
0.892729
0.896794
0.900492
0.90382
0.906779
0.909368
0.911587
0.913437
0.914917
0.916026
0.916766
0.917136
0.917136
0.916766
0.916026
0.914917
0.913437
0.911587
0.909368
0.906779
0.90382
0.900492
0.896794
0.892729
0.888295
0.883494
0.878327
0.872795
0.866899
0.860643
0.854027
0.847055
0.839729
0.832053
0.824031
0.815667
0.806967
0.797935
0.788578
0.778903
0.768916
0.758626
0.748042
0.737172
0.726026
0.714614
0.702948
0.69104
0.678901
0.666545
0.653984
0.641233
0.628307
0.615219
0.601986
0.588623
0.575147
0.561573
0.547919
0.534201
0.520435
0.506641
0.492833
0.47903
0.465249
0.451505
0.437818
0.424201
0.410673
0.397248
0.383942
0.370771
0.357748
0.344887
0.332203
0.319707
0.307412
0.295329
0.283469
0.271841
0.260456
0.249321
0.238445
0.227833
0.217492
0.207427
0.197643
0.188143
0.178931
0.170007
0.161374
0.153032
0.144981
0.13722
0.129748
0.122563
0.115661
0.10904
0.102697
0.0966255
0.0908223
0.0852819
0.0799987
0.0749669
0.0701802
0.0656322
0.0613162
0.0572252
0.0533523
0.0496901
0.0462314
0.0429688
0.0398948
0.0370021
0.0342832
0.0317308
0.0293374
0.027096
0.0249994
0.0230406
0.0212127
0.019509
0.017923
0.0164483
0.0150788
0.0138085
0.0126316
0.0115426
0.010536
0.00960688
0.00875017
0.00796121
0.00723552
0.00656881
0.00595704
0.00539634
0.00488308
0.00441379
0.00398523
0.00359432
0.0032382
0.00291415
0.00261963
0.00235228
0.00210988
0.00189037
0.00169182
0.00151244
0.00135058
0.0012047
0.00107339
0.000955318
0.00084929
0.000754186
0.000668985
0.000592746
0.000524607
0.000463782
0.000409549
0.000361252
0.000318294
0.000280128
0.000246262
0.000216247
0.000189676
0.000166182
0.000145435
0.000127134
0.00011101
9.68224e-05
8.43522e-05
7.3405e-05
6.38063e-05
5.53999e-05
4.80466e-05
4.16221e-05
3.60158e-05
3.11292e-05
2.68751e-05
2.31761e-05
1.99634e-05
1.71766e-05
1.4762e-05
1.26724e-05
1.08662e-05
9.30681e-06
7.96214e-06
6.804e-06
5.80769e-06
4.95162e-06
4.21693e-06
3.58714e-06
3.04793e-06
2.58682e-06
2.19296e-06
1.85695e-06
1.57062e-06
1.32693e-06
1.11977e-06
9.43863e-07
7.94684e-07
6.68318e-07
5.61403e-07
4.71052e-07
3.94789e-07
3.30495e-07
2.76355e-07
2.30819e-07
1.92565e-07
1.60468e-07
1.33567e-07
1.11048e-07
9.22205e-08
7.64971e-08
6.33818e-08
5.24548e-08
4.33619e-08
3.58042e-08
2.95298e-08
2.4327e-08
2.00179e-08
1.64532e-08
1.35078e-08
1.10769e-08
9.07307e-09
7.42322e-09
6.06641e-09
4.9519e-09
4.03752e-09
3.2882e-09
2.67487e-09
2.17345e-09
1.76399e-09
1.43003e-09
1.15797e-09
9.36587e-10
7.56661e-10
6.10599e-10
4.92167e-10
3.9625e-10
3.18661e-10
2.5597e-10
2.05377e-10
1.64594e-10
1.31759e-10
1.05353e-10
8.41421e-11
6.71248e-11
5.34877e-11
4.25723e-11
3.38455e-11
2.68768e-11
2.13185e-11
1.68902e-11
1.33665e-11
1.05658e-11
8.34232e-12
6.57922e-12
5.18279e-12
4.07808e-12
3.20516e-12
2.5162e-12
1.97308e-12
1.54541e-12
1.20906e-12
9.4483e-13
7.37499e-13
5.75006e-13
4.47802e-13
3.48339e-13
2.70658e-13
2.1006e-13
1.62842e-13
1.26094e-13
9.75272e-14
7.5346e-14
5.8143e-14
4.48165e-14
3.4505e-14
2.65357e-14
2.03836e-14
1.564e-14
1.19866e-14
9.17609e-15
7.01656e-15
5.35914e-15
4.08855e-15
3.11565e-15
2.37155e-15
1.8031e-15
1.36934e-15
1.03875e-15
7.87067e-16
5.95687e-16
4.50329e-16
3.40053e-16
2.56489e-16
1.9324e-16
1.45422e-16
1.09312e-16
8.2075e-17
6.15546e-17
4.61122e-17
3.45046e-17
2.57896e-17
1.92539e-17
1.43582e-17
1.06951e-17
7.95753e-18
5.91396e-18
4.39021e-18
3.25536e-18
2.41112e-18
1.7838e-18
1.3182e-18
9.73028e-19
7.17424e-19
5.28365e-19
3.88687e-19
2.8561e-19
2.09631e-19
1.5369e-19
1.1255e-19
8.23288e-20
6.01545e-20
4.39028e-20
3.20056e-20
2.33061e-20
1.6952e-20
1.23164e-20
8.93827e-21
6.47939e-21
4.69164e-21
3.39332e-21
2.45152e-21
1.76912e-21
1.27523e-21
9.18184e-22
6.60362e-22
4.74401e-22
3.40424e-22
2.44009e-22
1.74704e-22
1.24943e-22
8.92546e-23
6.36887e-23
4.53948e-23
3.23193e-23
2.29842e-23
1.63272e-23
1.15852e-23
8.21126e-24
5.81338e-24
4.11112e-24
2.90406e-24
2.04911e-24
1.44423e-24
1.01677e-24
7.15026e-25
5.02268e-25
3.52423e-25
2.47005e-25
1.72927e-25
1.2093e-25
8.44738e-26
5.89419e-26
4.1081e-26
2.86005e-26
1.98894e-26
1.38161e-26
9.58661e-27
6.64448e-27
4.60017e-27
3.18128e-27
2.1976e-27
1.51639e-27
1.04518e-27
7.19591e-28
4.9488e-28
3.39963e-28
2.33282e-28
1.599e-28
1.0948e-28
7.48749e-29
5.11515e-29
3.49059e-29
2.37935e-29
1.62008e-29
1.10188e-29
7.48604e-30
5.0803e-30
3.44386e-30
2.33197e-30
1.57732e-30
1.0657e-30
7.19239e-31
4.84877e-31
3.26521e-31
2.1964e-31
1.47582e-31
9.90548e-32
6.64111e-32
4.44761e-32
2.97534e-32
1.98823e-32
1.32715e-32
8.84905e-33
5.8938e-33
3.92119e-33
2.60593e-33
1.72994e-33
1.14716e-33
7.59872e-34
5.02783e-34
3.32311e-34
2.19399e-34
1.44693e-34
9.53205e-35
6.27263e-35
4.12324e-35
2.7074e-35
1.77579e-35
1.16348e-35
7.61466e-36
4.97816e-36
3.25097e-36
2.12072e-36
1.38192e-36
8.99514e-37
5.84871e-37
3.79875e-37
2.46461e-37
1.59729e-37
1.03406e-37
6.68713e-38
4.31977e-38
2.78747e-38
1.79675e-38
1.1569e-38
7.44103e-39
4.78079e-39
3.06829e-39
1.96708e-39
1.25974e-39
8.05873e-40
5.14973e-40
3.28725e-40
2.0961e-40
1.33513e-40
8.49506e-41
5.39934e-41
3.42805e-41
2.17413e-41
1.37739e-41
8.71686e-42
5.51057e-42
3.47989e-42
2.19517e-42
1.38326e-42
8.70711e-43
5.47492e-43
3.43887e-43
2.15768e-43
1.35237e-43
8.46711e-44
5.29556e-44
3.30844e-44
2.06476e-44
1.28722e-44
8.01627e-45
4.98686e-45
3.09897e-45
1.92374e-45
1.19292e-45
7.38944e-46
4.57246e-46
2.82635e-46
1.74518e-46
1.07645e-46
6.63257e-47
4.08235e-47
2.51002e-47
1.54164e-47
9.4586e-48
5.7971e-48
3.54923e-48
2.17069e-48
1.32617e-48
8.09362e-49
4.93431e-49
3.00504e-49
1.82816e-49
1.11102e-49
6.74479e-50
4.09032e-50
2.47792e-50
1.49955e-50
9.06516e-51
5.47435e-51
3.30243e-51
1.99011e-51
1.19803e-51
7.20465e-52
4.3284e-52
2.59813e-52
1.55866e-52
9.35368e-53
5.62912e-53
3.42072e-53
2.13789e-53
1.43635e-53
1.12727e-53
)
;

boundaryField
{
    sides
    {
        type            zeroGradient;
    }
    empty
    {
        type            empty;
    }
}


// ************************************************************************* //
