/*--------------------------------*- C++ -*----------------------------------*\
  =========                 |
  \\      /  F ield         | OpenFOAM: The Open Source CFD Toolbox
   \\    /   O peration     | Website:  https://openfoam.org
    \\  /    A nd           | Version:  13
     \\/     M anipulation  |
\*---------------------------------------------------------------------------*/
FoamFile
{
    format      ascii;
    class       volScalarField;
    location    "1.525";
    object      T;
}
// * * * * * * * * * * * * * * * * * * * * * * * * * * * * * * * * * * * * * //

dimensions      [0 0 0 1 0 0 0];

internalField   nonuniform List<scalar> 
1000
(
1.32669e-128
3.35684e-128
1.05037e-127
3.36028e-127
1.07558e-126
3.43741e-126
1.0966e-125
3.49207e-125
1.11003e-124
3.52212e-124
1.11554e-123
3.52681e-123
1.11299e-122
3.50597e-122
1.10239e-121
3.45996e-121
1.08396e-120
3.38971e-120
1.05807e-119
3.29663e-119
1.02524e-118
3.18262e-118
9.86148e-118
3.04998e-117
9.4156e-117
2.90131e-116
8.92349e-116
2.73948e-115
8.39445e-115
2.56748e-114
7.83808e-114
2.38836e-113
7.26401e-113
2.20515e-112
6.68164e-112
2.02074e-111
6.09982e-111
1.83783e-110
5.52675e-110
1.65887e-109
4.96968e-109
1.486e-108
4.4349e-108
1.32105e-107
3.92758e-107
1.16546e-106
3.45176e-106
1.02035e-105
3.01036e-105
8.8645e-105
2.60526e-104
7.64201e-104
2.2373e-103
6.53728e-103
1.90646e-102
5.54897e-102
1.61195e-101
4.67348e-101
1.35233e-100
3.90545e-100
1.12567e-99
3.23813e-99
9.29659e-99
2.66377e-98
7.61749e-98
2.17404e-97
6.19246e-97
1.76034e-96
4.9942e-96
1.41407e-95
3.99585e-95
1.12688e-94
3.17162e-94
8.90863e-94
2.49729e-93
6.9864e-93
1.95058e-92
5.43495e-92
1.5113e-91
4.19398e-91
1.1615e-90
3.2102e-90
8.85442e-90
2.43726e-89
6.69512e-89
1.83538e-88
5.02114e-88
1.37085e-87
3.73492e-87
1.0155e-86
2.75539e-86
7.46086e-86
2.01602e-85
5.43628e-85
1.46287e-84
3.92832e-84
1.0527e-83
2.81509e-83
7.51232e-83
2.00053e-82
5.31627e-82
1.40979e-81
3.73069e-81
9.85162e-81
2.59603e-80
6.8264e-80
1.79124e-79
4.69023e-79
1.22549e-78
3.19523e-78
8.31319e-78
2.15826e-77
5.59129e-77
1.4454e-76
3.72848e-76
9.5971e-76
2.46498e-75
6.31754e-75
1.61564e-74
4.12286e-74
1.04981e-73
2.66735e-73
6.76244e-73
1.71072e-72
4.31824e-72
1.08763e-71
2.73343e-71
6.85455e-71
1.71512e-70
4.28207e-70
1.06673e-69
2.65151e-69
6.57616e-69
1.62737e-68
4.01826e-68
9.89968e-68
2.43353e-67
5.96872e-67
1.46068e-66
3.5666e-66
8.6892e-66
2.11217e-65
5.1227e-65
1.23962e-64
2.99294e-64
7.20982e-64
1.73287e-63
4.15546e-63
9.94227e-63
2.37335e-62
5.65257e-62
1.34319e-61
3.18445e-61
7.5324e-61
1.7776e-60
4.18539e-60
9.83185e-60
2.30426e-59
5.38794e-59
1.25692e-58
2.92538e-58
6.79278e-58
1.57362e-57
3.63697e-57
8.38619e-57
1.92917e-56
4.42751e-56
1.01374e-55
2.31565e-55
5.27709e-55
1.19975e-54
2.72119e-54
6.1574e-54
1.38997e-53
3.13027e-53
7.0327e-53
1.57626e-52
3.52447e-52
7.86179e-52
1.74947e-51
3.88374e-51
8.60098e-51
1.9002e-50
4.18796e-50
9.20778e-50
2.01956e-49
4.41879e-49
9.64483e-49
2.10005e-48
4.56147e-48
9.8837e-48
2.13635e-47
4.60638e-47
9.90791e-47
2.12587e-46
4.5501e-46
9.7148e-46
2.06906e-45
4.39581e-45
9.31596e-45
1.96942e-44
4.15305e-44
8.73605e-44
1.83307e-43
3.83669e-43
8.01028e-43
1.6682e-42
3.46545e-42
7.18088e-42
1.48423e-41
3.06005e-41
6.29299e-41
1.29088e-40
2.64127e-40
5.39059e-40
1.09737e-39
2.22826e-39
4.51303e-39
9.11717e-39
1.83713e-38
3.69236e-38
7.40206e-38
1.48007e-37
2.95185e-37
5.87198e-37
1.16507e-36
2.30564e-36
4.551e-36
8.95969e-36
1.75933e-35
3.44565e-35
6.73071e-35
1.31134e-34
2.54818e-34
4.93863e-34
9.54644e-34
1.84049e-33
3.539e-33
6.78706e-33
1.29818e-32
2.47649e-32
4.7118e-32
8.94095e-32
1.6921e-31
3.19381e-31
6.01221e-31
1.12875e-30
2.11349e-30
3.94672e-30
7.35034e-30
1.36524e-29
2.52897e-29
4.67203e-29
8.60784e-29
1.58164e-28
2.89831e-28
5.29667e-28
9.65341e-28
1.75459e-27
3.18045e-27
5.74931e-27
1.03647e-26
1.8634e-26
3.34092e-26
5.97356e-26
1.06514e-25
1.89402e-25
3.35864e-25
5.93941e-25
1.04742e-24
1.84204e-24
3.2305e-24
5.64984e-24
9.85357e-24
1.71373e-23
2.9722e-23
5.14046e-23
8.86567e-23
1.52477e-22
2.61504e-22
4.47233e-22
7.62724e-22
1.29711e-21
2.19971e-21
3.71984e-21
6.27272e-21
1.05477e-20
1.7686e-20
2.95711e-20
4.93028e-20
8.19671e-20
1.35884e-19
2.24626e-19
3.70264e-19
6.08582e-19
9.97431e-19
1.63005e-18
2.65627e-18
4.31613e-18
6.99306e-18
1.12977e-17
1.81993e-17
2.92327e-17
4.68193e-17
7.47694e-17
1.19059e-16
1.89035e-16
2.99267e-16
4.72403e-16
7.43533e-16
1.16687e-15
1.82589e-15
2.84878e-15
4.43173e-15
6.87408e-15
1.06312e-14
1.63936e-14
2.52053e-14
3.86394e-14
5.90596e-14
9.00057e-14
1.36763e-13
2.07197e-13
3.12979e-13
4.71369e-13
7.07815e-13
1.05972e-12
1.58188e-12
2.35431e-12
3.49353e-12
5.16859e-12
7.62404e-12
1.12125e-11
1.64409e-11
2.40354e-11
3.5033e-11
5.09102e-11
7.37618e-11
1.06551e-10
1.53454e-10
2.20343e-10
3.15437e-10
4.50217e-10
6.40656e-10
9.08908e-10
1.2856e-09
1.81295e-09
2.5489e-09
3.57281e-09
4.99293e-09
6.95646e-09
9.66292e-09
1.33818e-08
1.84759e-08
2.54321e-08
3.49014e-08
4.77515e-08
6.51349e-08
8.85774e-08
1.20092e-07
1.62325e-07
2.18746e-07
2.93882e-07
3.93628e-07
5.25629e-07
6.99765e-07
9.28761e-07
1.22895e-06
1.62122e-06
2.13221e-06
2.79573e-06
3.6546e-06
4.76279e-06
6.18815e-06
8.01565e-06
1.03513e-05
1.33269e-05
1.71058e-05
2.18894e-05
2.79258e-05
3.55186e-05
4.50387e-05
5.69372e-05
7.17607e-05
9.01694e-05
0.000112957
0.000141075
0.000175659
0.00021806
0.000269877
0.000332998
0.000409642
0.000502408
0.000614324
0.00074891
0.000910237
0.00110299
0.00133256
0.00160508
0.00192756
0.00230791
0.00275507
0.00327907
0.00389114
0.00460375
0.00543074
0.00638736
0.00749033
0.00875791
0.01021
0.0118679
0.0137548
0.0158952
0.0183154
0.0210431
0.0241071
0.027538
0.0313669
0.0356263
0.040349
0.0455684
0.0513179
0.0576307
0.0645393
0.0720752
0.0802686
0.0891478
0.0987386
0.109064
0.120145
0.131997
0.144631
0.158057
0.172277
0.187288
0.203083
0.219648
0.236964
0.255005
0.27374
0.293133
0.31314
0.333713
0.3548
0.376341
0.398275
0.420536
0.443054
0.465758
0.488573
0.511427
0.534242
0.556946
0.579464
0.601725
0.623659
0.6452
0.666287
0.68686
0.706867
0.72626
0.744995
0.763036
0.780352
0.796916
0.812711
0.827722
0.841941
0.855367
0.868001
0.879852
0.890932
0.901257
0.910846
0.919723
0.927914
0.935447
0.942352
0.94866
0.954404
0.959615
0.964329
0.968576
0.97239
0.975803
0.978844
0.981543
0.983929
0.986027
0.987862
0.989457
0.990832
0.992007
0.992998
0.99382
0.994486
0.995006
0.995388
0.99564
0.995765
0.995765
0.99564
0.995388
0.995006
0.994486
0.99382
0.992998
0.992007
0.990832
0.989457
0.987862
0.986027
0.983929
0.981543
0.978844
0.975803
0.97239
0.968576
0.964329
0.959615
0.954404
0.94866
0.942352
0.935447
0.927914
0.919723
0.910846
0.901257
0.890932
0.879852
0.868001
0.855367
0.841941
0.827722
0.812711
0.796916
0.780352
0.763036
0.744995
0.72626
0.706867
0.68686
0.666287
0.6452
0.623659
0.601725
0.579464
0.556946
0.534242
0.511427
0.488573
0.465758
0.443054
0.420536
0.398275
0.376341
0.3548
0.333713
0.31314
0.293133
0.27374
0.255005
0.236964
0.219648
0.203083
0.187288
0.172277
0.158057
0.144631
0.131997
0.120145
0.109064
0.0987386
0.0891478
0.0802686
0.0720752
0.0645393
0.0576307
0.0513179
0.0455684
0.040349
0.0356263
0.0313669
0.027538
0.0241071
0.0210431
0.0183154
0.0158952
0.0137548
0.0118679
0.01021
0.00875791
0.00749033
0.00638736
0.00543074
0.00460375
0.00389114
0.00327907
0.00275507
0.00230791
0.00192756
0.00160508
0.00133256
0.00110299
0.000910237
0.00074891
0.000614324
0.000502408
0.000409642
0.000332998
0.000269877
0.00021806
0.000175659
0.000141075
0.000112957
9.01694e-05
7.17607e-05
5.69372e-05
4.50387e-05
3.55186e-05
2.79258e-05
2.18894e-05
1.71058e-05
1.33269e-05
1.03513e-05
8.01565e-06
6.18815e-06
4.76279e-06
3.6546e-06
2.79573e-06
2.13221e-06
1.62122e-06
1.22895e-06
9.28761e-07
6.99765e-07
5.25629e-07
3.93628e-07
2.93882e-07
2.18746e-07
1.62325e-07
1.20092e-07
8.85774e-08
6.51349e-08
4.77515e-08
3.49014e-08
2.54321e-08
1.84759e-08
1.33818e-08
9.66292e-09
6.95646e-09
4.99293e-09
3.57281e-09
2.5489e-09
1.81295e-09
1.2856e-09
9.08908e-10
6.40656e-10
4.50217e-10
3.15437e-10
2.20343e-10
1.53454e-10
1.06551e-10
7.37618e-11
5.09102e-11
3.5033e-11
2.40354e-11
1.64409e-11
1.12125e-11
7.62404e-12
5.16859e-12
3.49353e-12
2.35431e-12
1.58188e-12
1.05972e-12
7.07815e-13
4.71369e-13
3.12979e-13
2.07197e-13
1.36763e-13
9.00057e-14
5.90596e-14
3.86394e-14
2.52053e-14
1.63936e-14
1.06312e-14
6.87408e-15
4.43173e-15
2.84878e-15
1.82589e-15
1.16687e-15
7.43533e-16
4.72403e-16
2.99267e-16
1.89035e-16
1.19059e-16
7.47694e-17
4.68193e-17
2.92327e-17
1.81993e-17
1.12977e-17
6.99306e-18
4.31613e-18
2.65627e-18
1.63005e-18
9.97431e-19
6.08582e-19
3.70264e-19
2.24626e-19
1.35884e-19
8.19671e-20
4.93028e-20
2.95711e-20
1.7686e-20
1.05477e-20
6.27272e-21
3.71984e-21
2.19971e-21
1.29711e-21
7.62724e-22
4.47233e-22
2.61504e-22
1.52477e-22
8.86567e-23
5.14046e-23
2.9722e-23
1.71373e-23
9.85357e-24
5.64984e-24
3.2305e-24
1.84204e-24
1.04742e-24
5.93941e-25
3.35864e-25
1.89402e-25
1.06514e-25
5.97356e-26
3.34092e-26
1.8634e-26
1.03647e-26
5.74931e-27
3.18045e-27
1.75459e-27
9.65341e-28
5.29667e-28
2.89831e-28
1.58164e-28
8.60784e-29
4.67203e-29
2.52897e-29
1.36524e-29
7.35034e-30
3.94672e-30
2.11349e-30
1.12875e-30
6.01221e-31
3.19381e-31
1.6921e-31
8.94095e-32
4.7118e-32
2.47649e-32
1.29818e-32
6.78706e-33
3.539e-33
1.84049e-33
9.54644e-34
4.93863e-34
2.54818e-34
1.31134e-34
6.73071e-35
3.44565e-35
1.75933e-35
8.95969e-36
4.551e-36
2.30564e-36
1.16507e-36
5.87198e-37
2.95185e-37
1.48007e-37
7.40206e-38
3.69236e-38
1.83713e-38
9.11717e-39
4.51303e-39
2.22826e-39
1.09737e-39
5.39059e-40
2.64127e-40
1.29088e-40
6.29299e-41
3.06005e-41
1.48423e-41
7.18088e-42
3.46545e-42
1.6682e-42
8.01028e-43
3.83669e-43
1.83307e-43
8.73605e-44
4.15305e-44
1.96942e-44
9.31596e-45
4.39581e-45
2.06906e-45
9.7148e-46
4.5501e-46
2.12587e-46
9.90791e-47
4.60638e-47
2.13635e-47
9.8837e-48
4.56147e-48
2.10005e-48
9.64483e-49
4.41879e-49
2.01956e-49
9.20778e-50
4.18796e-50
1.9002e-50
8.60098e-51
3.88374e-51
1.74947e-51
7.86179e-52
3.52447e-52
1.57626e-52
7.0327e-53
3.13027e-53
1.38997e-53
6.1574e-54
2.72119e-54
1.19975e-54
5.27709e-55
2.31565e-55
1.01374e-55
4.42751e-56
1.92917e-56
8.38619e-57
3.63697e-57
1.57362e-57
6.79278e-58
2.92538e-58
1.25692e-58
5.38794e-59
2.30426e-59
9.83185e-60
4.18539e-60
1.7776e-60
7.5324e-61
3.18445e-61
1.34319e-61
5.65257e-62
2.37335e-62
9.94227e-63
4.15546e-63
1.73287e-63
7.20982e-64
2.99294e-64
1.23962e-64
5.1227e-65
2.11217e-65
8.6892e-66
3.5666e-66
1.46068e-66
5.96872e-67
2.43353e-67
9.89968e-68
4.01826e-68
1.62737e-68
6.57616e-69
2.65151e-69
1.06673e-69
4.28207e-70
1.71512e-70
6.85455e-71
2.73343e-71
1.08763e-71
4.31824e-72
1.71072e-72
6.76244e-73
2.66735e-73
1.04981e-73
4.12286e-74
1.61564e-74
6.31754e-75
2.46498e-75
9.5971e-76
3.72848e-76
1.4454e-76
5.59129e-77
2.15826e-77
8.31319e-78
3.19523e-78
1.22549e-78
4.69023e-79
1.79124e-79
6.8264e-80
2.59603e-80
9.85162e-81
3.73069e-81
1.40979e-81
5.31627e-82
2.00053e-82
7.51232e-83
2.81509e-83
1.0527e-83
3.92832e-84
1.46287e-84
5.43628e-85
2.01602e-85
7.46086e-86
2.75539e-86
1.0155e-86
3.73492e-87
1.37085e-87
5.02114e-88
1.83538e-88
6.69512e-89
2.43726e-89
8.85442e-90
3.2102e-90
1.1615e-90
4.19398e-91
1.5113e-91
5.43495e-92
1.95058e-92
6.9864e-93
2.49729e-93
8.90863e-94
3.17162e-94
1.12688e-94
3.99585e-95
1.41407e-95
4.9942e-96
1.76034e-96
6.19246e-97
2.17404e-97
7.61749e-98
2.66377e-98
9.29659e-99
3.23813e-99
1.12567e-99
3.90545e-100
1.35233e-100
4.67348e-101
1.61195e-101
5.54897e-102
1.90646e-102
6.53728e-103
2.2373e-103
7.64201e-104
2.60526e-104
8.8645e-105
3.01036e-105
1.02035e-105
3.45176e-106
1.16546e-106
3.92758e-107
1.32105e-107
4.4349e-108
1.486e-108
4.96968e-109
1.65887e-109
5.52675e-110
1.83783e-110
6.09982e-111
2.02074e-111
6.68164e-112
2.20515e-112
7.26401e-113
2.38836e-113
7.83808e-114
2.56748e-114
8.39445e-115
2.73948e-115
8.92349e-116
2.90131e-116
9.4156e-117
3.04998e-117
9.86148e-118
3.18262e-118
1.02524e-118
3.29663e-119
1.05807e-119
3.38971e-120
1.08396e-120
3.45996e-121
1.10239e-121
3.50597e-122
1.11299e-122
3.52681e-123
1.11554e-123
3.52212e-124
1.11003e-124
3.49207e-125
1.0966e-125
3.43741e-126
1.07558e-126
3.36028e-127
1.05037e-127
3.35684e-128
1.32669e-128
)
;

boundaryField
{
    sides
    {
        type            zeroGradient;
    }
    empty
    {
        type            empty;
    }
}


// ************************************************************************* //
