/*--------------------------------*- C++ -*----------------------------------*\
  =========                 |
  \\      /  F ield         | OpenFOAM: The Open Source CFD Toolbox
   \\    /   O peration     | Website:  https://openfoam.org
    \\  /    A nd           | Version:  13
     \\/     M anipulation  |
\*---------------------------------------------------------------------------*/
FoamFile
{
    format      ascii;
    class       volScalarField;
    location    "0.715";
    object      T;
}
// * * * * * * * * * * * * * * * * * * * * * * * * * * * * * * * * * * * * * //

dimensions      [0 0 0 1 0 0 0];

internalField   nonuniform List<scalar> 
1000
(
1.92082e-220
1.02725e-219
6.31498e-219
3.88983e-218
2.39147e-217
1.46734e-216
8.98515e-216
5.49092e-215
3.3488e-214
2.03824e-213
1.23806e-212
7.50495e-212
4.54014e-211
2.74098e-210
1.65141e-209
9.92919e-209
5.95775e-208
3.56744e-207
2.13175e-206
1.27121e-205
7.56488e-205
4.49246e-204
2.66233e-203
1.57448e-202
9.29185e-202
5.47217e-201
3.21592e-200
1.88598e-199
1.10371e-198
6.44545e-198
3.75606e-197
2.18419e-196
1.26743e-195
7.33895e-195
4.24047e-194
2.44492e-193
1.40664e-192
8.07546e-192
4.6261e-191
2.64438e-190
1.50831e-189
8.58454e-189
4.87525e-188
2.76268e-187
1.56212e-186
8.81344e-186
4.96162e-185
2.78705e-184
1.5621e-183
8.73597e-183
4.87474e-182
2.7141e-181
1.50777e-180
8.35741e-180
4.62208e-179
2.55053e-178
1.40425e-177
7.71403e-177
4.22802e-176
2.31211e-175
1.26152e-174
6.8674e-174
3.72992e-173
2.02122e-172
1.09278e-171
5.8946e-171
3.17231e-170
1.70331e-169
9.12447e-169
4.87657e-168
2.60022e-167
1.38323e-166
7.34115e-166
3.88701e-165
2.05328e-164
1.08208e-163
5.6891e-163
2.98402e-162
1.56146e-161
8.15129e-161
4.24509e-160
2.20552e-159
1.14313e-158
5.91065e-158
3.04881e-157
1.56884e-156
8.05333e-156
4.12401e-155
2.10673e-154
1.07359e-153
5.45767e-153
2.76766e-152
1.40007e-151
7.06513e-151
3.55646e-150
1.78583e-149
8.94512e-149
4.46942e-148
2.22758e-147
1.10747e-146
5.49211e-146
2.71679e-145
1.34054e-144
6.5979e-144
3.23916e-143
1.58619e-142
7.74772e-142
3.77471e-141
1.83435e-140
8.89134e-140
4.29867e-139
2.07292e-138
9.97025e-138
4.78305e-137
2.28862e-136
1.09222e-135
5.19893e-135
2.46819e-134
1.1687e-133
5.51928e-133
2.59965e-132
1.22123e-131
5.72172e-131
2.67362e-130
1.24599e-129
5.79114e-129
2.68441e-128
1.24098e-127
5.72149e-127
2.63074e-126
1.20634e-125
5.51668e-125
2.51595e-124
1.14429e-123
5.19016e-123
2.34763e-122
1.05897e-121
4.76356e-121
2.13686e-120
9.55904e-120
4.26423e-119
1.89693e-118
8.41481e-118
3.72234e-117
1.64196e-116
7.22238e-116
3.16786e-115
1.38553e-114
6.04267e-114
2.62784e-113
1.13952e-112
4.92715e-112
2.1243e-111
9.13232e-111
3.91458e-110
1.67311e-109
7.13015e-109
3.02971e-108
1.28359e-107
5.42221e-107
2.28372e-106
9.59011e-106
4.01527e-105
1.67615e-104
6.9761e-104
2.89476e-103
1.19759e-102
4.93961e-102
2.03127e-101
8.32768e-101
3.40378e-100
1.38699e-99
5.63455e-99
2.28198e-98
9.21361e-98
3.70857e-97
1.48813e-96
5.95285e-96
2.37388e-95
9.43703e-95
3.73983e-94
1.47742e-93
5.8182e-93
2.28402e-92
8.93789e-92
3.48649e-91
1.35568e-90
5.25456e-90
2.03012e-89
7.81825e-89
3.0012e-88
1.14835e-87
4.37968e-87
1.66493e-86
6.30852e-86
2.38252e-85
8.96845e-85
3.36484e-84
1.25827e-83
4.68968e-83
1.74207e-82
6.44965e-82
2.37986e-81
8.75198e-81
3.20772e-80
1.1717e-79
4.26545e-79
1.54751e-78
5.59523e-78
2.01611e-77
7.23965e-77
2.59074e-76
9.23905e-76
3.2834e-75
1.16281e-74
4.10368e-74
1.44317e-73
5.0575e-73
1.76613e-72
6.1457e-72
2.13097e-71
7.36273e-71
2.53482e-70
8.69557e-70
2.97226e-69
1.0123e-68
3.43525e-68
1.16153e-67
3.91309e-67
1.31347e-66
4.39267e-66
1.46365e-65
4.85895e-65
1.60708e-64
5.29565e-64
1.73852e-63
5.68611e-63
1.85276e-62
6.01434e-62
1.94498e-61
6.26604e-61
2.01103e-60
6.42963e-60
2.04781e-59
6.49713e-59
2.05343e-58
6.4648e-58
2.02742e-57
6.33345e-57
1.97078e-56
6.10845e-56
1.88588e-55
5.79938e-55
1.77634e-54
5.4193e-54
1.64674e-53
4.9839e-53
1.50233e-52
4.51037e-52
1.34865e-51
4.01626e-51
1.19117e-50
3.51845e-50
1.03501e-49
3.03214e-49
8.84624e-49
2.5702e-48
7.43648e-48
2.14266e-47
6.14779e-47
1.75654e-46
4.99762e-46
1.41589e-45
3.99437e-45
1.12206e-44
3.1385e-44
8.74106e-44
2.424e-43
6.69303e-43
1.84004e-42
5.0366e-42
1.37262e-41
3.72439e-41
1.00612e-40
2.70596e-40
7.24551e-40
1.93145e-39
5.12573e-39
1.3542e-38
3.56167e-38
9.32534e-38
2.43057e-37
6.3063e-37
1.62877e-36
4.18751e-36
1.07165e-35
2.72992e-35
6.92205e-35
1.74703e-34
4.38877e-34
1.09737e-33
2.73099e-33
6.7646e-33
1.66767e-32
4.0918e-32
9.99195e-32
2.42834e-31
5.87334e-31
1.41374e-30
3.38651e-30
8.07292e-30
1.91511e-29
4.52102e-29
1.06206e-28
2.48271e-28
5.77507e-28
1.33671e-27
3.07862e-27
7.05519e-27
1.60874e-26
3.64989e-26
8.23918e-26
1.8505e-25
4.13512e-25
9.19335e-25
2.03347e-24
4.47478e-24
9.79645e-24
2.13364e-23
4.62295e-23
9.96455e-23
2.13662e-22
4.55743e-22
9.67005e-22
2.04101e-21
4.2851e-21
8.94888e-21
1.85892e-20
3.84086e-20
7.89342e-20
1.61347e-19
3.28028e-19
6.63292e-19
1.33394e-18
2.66805e-18
5.30731e-18
1.04995e-17
2.06569e-17
4.04167e-17
7.86405e-17
1.52164e-16
2.92788e-16
5.60223e-16
1.06592e-15
2.0167e-15
3.79403e-15
7.09734e-15
1.32013e-14
2.44151e-14
4.48966e-14
8.20866e-14
1.49221e-13
2.69697e-13
4.84623e-13
8.65782e-13
1.53773e-12
2.71527e-12
4.76648e-12
8.31821e-12
1.44311e-11
2.48887e-11
4.26708e-11
7.27238e-11
1.23206e-10
2.07489e-10
3.4734e-10
5.7797e-10
9.55964e-10
1.57165e-09
2.56828e-09
4.17152e-09
6.73451e-09
1.08062e-08
1.7234e-08
2.73176e-08
4.30364e-08
6.73847e-08
1.0486e-07
1.62175e-07
2.4927e-07
3.80776e-07
5.78062e-07
8.72129e-07
1.30763e-06
1.94842e-06
2.88516e-06
4.24563e-06
6.20866e-06
9.0226e-06
1.30299e-05
1.86993e-05
2.66673e-05
3.77922e-05
5.3222e-05
7.44809e-05
0.000103577
0.000143134
0.000196555
0.000268218
0.000363707
0.000490093
0.000656249
0.000873217
0.00115463
0.00151716
0.00198102
0.00257053
0.00331463
0.00424745
0.00540891
0.00684518
0.00860914
0.0107607
0.0133671
0.0165028
0.0202492
0.0246947
0.0299333
0.0360639
0.0431887
0.0514119
0.0608369
0.0715647
0.0836906
0.0973017
0.112474
0.129268
0.147729
0.16788
0.189723
0.213236
0.238368
0.265044
0.293162
0.322591
0.353179
0.384748
0.417102
0.450029
0.483304
0.516696
0.549971
0.582898
0.615252
0.646821
0.677409
0.706838
0.734956
0.761632
0.786764
0.810277
0.83212
0.852271
0.870732
0.887526
0.902698
0.916309
0.928435
0.939163
0.948588
0.956811
0.963936
0.970067
0.975305
0.979751
0.983497
0.986633
0.989239
0.991391
0.993155
0.994591
0.995753
0.996685
0.997429
0.998019
0.998483
0.998845
0.999127
0.999344
0.99951
0.999636
0.999731
0.999803
0.999856
0.999894
0.999923
0.999943
0.999956
0.999964
0.999968
0.999968
0.999964
0.999956
0.999943
0.999923
0.999894
0.999856
0.999803
0.999731
0.999636
0.99951
0.999344
0.999127
0.998845
0.998483
0.998019
0.997429
0.996685
0.995753
0.994591
0.993155
0.991391
0.989239
0.986633
0.983497
0.979751
0.975305
0.970067
0.963936
0.956811
0.948588
0.939163
0.928435
0.916309
0.902698
0.887526
0.870732
0.852271
0.83212
0.810277
0.786764
0.761632
0.734956
0.706838
0.677409
0.646821
0.615252
0.582898
0.549971
0.516696
0.483304
0.450029
0.417102
0.384748
0.353179
0.322591
0.293162
0.265044
0.238368
0.213236
0.189723
0.16788
0.147729
0.129268
0.112474
0.0973017
0.0836906
0.0715647
0.0608369
0.0514119
0.0431887
0.0360639
0.0299333
0.0246947
0.0202492
0.0165028
0.0133671
0.0107607
0.00860914
0.00684518
0.00540891
0.00424745
0.00331463
0.00257053
0.00198102
0.00151716
0.00115463
0.000873217
0.000656249
0.000490093
0.000363707
0.000268218
0.000196555
0.000143134
0.000103577
7.44809e-05
5.3222e-05
3.77922e-05
2.66673e-05
1.86993e-05
1.30299e-05
9.0226e-06
6.20866e-06
4.24563e-06
2.88516e-06
1.94842e-06
1.30763e-06
8.72129e-07
5.78062e-07
3.80776e-07
2.4927e-07
1.62175e-07
1.0486e-07
6.73847e-08
4.30364e-08
2.73176e-08
1.7234e-08
1.08062e-08
6.73451e-09
4.17152e-09
2.56828e-09
1.57165e-09
9.55964e-10
5.7797e-10
3.4734e-10
2.07489e-10
1.23206e-10
7.27238e-11
4.26708e-11
2.48887e-11
1.44311e-11
8.31821e-12
4.76648e-12
2.71527e-12
1.53773e-12
8.65782e-13
4.84623e-13
2.69697e-13
1.49221e-13
8.20866e-14
4.48966e-14
2.44151e-14
1.32013e-14
7.09734e-15
3.79403e-15
2.0167e-15
1.06592e-15
5.60223e-16
2.92788e-16
1.52164e-16
7.86405e-17
4.04167e-17
2.06569e-17
1.04995e-17
5.30731e-18
2.66805e-18
1.33394e-18
6.63292e-19
3.28028e-19
1.61347e-19
7.89342e-20
3.84086e-20
1.85892e-20
8.94888e-21
4.2851e-21
2.04101e-21
9.67005e-22
4.55743e-22
2.13662e-22
9.96455e-23
4.62295e-23
2.13364e-23
9.79645e-24
4.47478e-24
2.03347e-24
9.19335e-25
4.13512e-25
1.8505e-25
8.23918e-26
3.64989e-26
1.60874e-26
7.05519e-27
3.07862e-27
1.33671e-27
5.77507e-28
2.48271e-28
1.06206e-28
4.52102e-29
1.91511e-29
8.07292e-30
3.38651e-30
1.41374e-30
5.87334e-31
2.42834e-31
9.99195e-32
4.0918e-32
1.66767e-32
6.7646e-33
2.73099e-33
1.09737e-33
4.38877e-34
1.74703e-34
6.92205e-35
2.72992e-35
1.07165e-35
4.18751e-36
1.62877e-36
6.3063e-37
2.43057e-37
9.32534e-38
3.56167e-38
1.3542e-38
5.12573e-39
1.93145e-39
7.24551e-40
2.70596e-40
1.00612e-40
3.72439e-41
1.37262e-41
5.0366e-42
1.84004e-42
6.69303e-43
2.424e-43
8.74106e-44
3.1385e-44
1.12206e-44
3.99437e-45
1.41589e-45
4.99762e-46
1.75654e-46
6.14779e-47
2.14266e-47
7.43648e-48
2.5702e-48
8.84624e-49
3.03214e-49
1.03501e-49
3.51845e-50
1.19117e-50
4.01626e-51
1.34865e-51
4.51037e-52
1.50233e-52
4.9839e-53
1.64674e-53
5.4193e-54
1.77634e-54
5.79938e-55
1.88588e-55
6.10845e-56
1.97078e-56
6.33345e-57
2.02742e-57
6.4648e-58
2.05343e-58
6.49713e-59
2.04781e-59
6.42963e-60
2.01103e-60
6.26604e-61
1.94498e-61
6.01434e-62
1.85276e-62
5.68611e-63
1.73852e-63
5.29565e-64
1.60708e-64
4.85895e-65
1.46365e-65
4.39267e-66
1.31347e-66
3.91309e-67
1.16153e-67
3.43525e-68
1.0123e-68
2.97226e-69
8.69557e-70
2.53482e-70
7.36273e-71
2.13097e-71
6.1457e-72
1.76613e-72
5.0575e-73
1.44317e-73
4.10368e-74
1.16281e-74
3.2834e-75
9.23905e-76
2.59074e-76
7.23965e-77
2.01611e-77
5.59523e-78
1.54751e-78
4.26545e-79
1.1717e-79
3.20772e-80
8.75198e-81
2.37986e-81
6.44965e-82
1.74207e-82
4.68968e-83
1.25827e-83
3.36484e-84
8.96845e-85
2.38252e-85
6.30852e-86
1.66493e-86
4.37968e-87
1.14835e-87
3.0012e-88
7.81825e-89
2.03012e-89
5.25456e-90
1.35568e-90
3.48649e-91
8.93789e-92
2.28402e-92
5.8182e-93
1.47742e-93
3.73983e-94
9.43703e-95
2.37388e-95
5.95285e-96
1.48813e-96
3.70857e-97
9.21361e-98
2.28198e-98
5.63455e-99
1.38699e-99
3.40378e-100
8.32768e-101
2.03127e-101
4.93961e-102
1.19759e-102
2.89476e-103
6.9761e-104
1.67615e-104
4.01527e-105
9.59011e-106
2.28372e-106
5.42221e-107
1.28359e-107
3.02971e-108
7.13015e-109
1.67311e-109
3.91458e-110
9.13232e-111
2.1243e-111
4.92715e-112
1.13952e-112
2.62784e-113
6.04267e-114
1.38553e-114
3.16786e-115
7.22238e-116
1.64196e-116
3.72234e-117
8.41481e-118
1.89693e-118
4.26423e-119
9.55904e-120
2.13686e-120
4.76356e-121
1.05897e-121
2.34763e-122
5.19016e-123
1.14429e-123
2.51595e-124
5.51668e-125
1.20634e-125
2.63074e-126
5.72149e-127
1.24098e-127
2.68441e-128
5.79114e-129
1.24599e-129
2.67362e-130
5.72172e-131
1.22123e-131
2.59965e-132
5.51928e-133
1.1687e-133
2.46819e-134
5.19893e-135
1.09222e-135
2.28862e-136
4.78305e-137
9.97025e-138
2.07292e-138
4.29867e-139
8.89134e-140
1.83435e-140
3.77471e-141
7.74772e-142
1.58619e-142
3.23916e-143
6.5979e-144
1.34054e-144
2.71679e-145
5.49211e-146
1.10747e-146
2.22758e-147
4.46942e-148
8.94512e-149
1.78583e-149
3.55646e-150
7.06513e-151
1.40007e-151
2.76766e-152
5.45767e-153
1.07359e-153
2.10673e-154
4.12401e-155
8.05333e-156
1.56884e-156
3.04881e-157
5.91065e-158
1.14313e-158
2.20552e-159
4.24509e-160
8.15129e-161
1.56146e-161
2.98402e-162
5.6891e-163
1.08208e-163
2.05328e-164
3.88701e-165
7.34115e-166
1.38323e-166
2.60022e-167
4.87657e-168
9.12447e-169
1.70331e-169
3.17231e-170
5.8946e-171
1.09278e-171
2.02122e-172
3.72992e-173
6.8674e-174
1.26152e-174
2.31211e-175
4.22802e-176
7.71403e-177
1.40425e-177
2.55053e-178
4.62208e-179
8.35741e-180
1.50777e-180
2.7141e-181
4.87474e-182
8.73597e-183
1.5621e-183
2.78705e-184
4.96162e-185
8.81344e-186
1.56212e-186
2.76268e-187
4.87525e-188
8.58454e-189
1.50831e-189
2.64438e-190
4.6261e-191
8.07546e-192
1.40664e-192
2.44492e-193
4.24047e-194
7.33895e-195
1.26743e-195
2.18419e-196
3.75606e-197
6.44545e-198
1.10371e-198
1.88598e-199
3.21592e-200
5.47217e-201
9.29185e-202
1.57448e-202
2.66233e-203
4.49246e-204
7.56488e-205
1.27121e-205
2.13175e-206
3.56744e-207
5.95775e-208
9.92919e-209
1.65141e-209
2.74098e-210
4.54014e-211
7.50495e-212
1.23806e-212
2.03824e-213
3.3488e-214
5.49092e-215
8.98515e-216
1.46734e-216
2.39147e-217
3.88983e-218
6.31498e-219
1.02725e-219
1.92082e-220
)
;

boundaryField
{
    sides
    {
        type            zeroGradient;
    }
    empty
    {
        type            empty;
    }
}


// ************************************************************************* //
