/*--------------------------------*- C++ -*----------------------------------*\
  =========                 |
  \\      /  F ield         | OpenFOAM: The Open Source CFD Toolbox
   \\    /   O peration     | Website:  https://openfoam.org
    \\  /    A nd           | Version:  13
     \\/     M anipulation  |
\*---------------------------------------------------------------------------*/
FoamFile
{
    format      ascii;
    class       volScalarField;
    location    "2.4";
    object      T;
}
// * * * * * * * * * * * * * * * * * * * * * * * * * * * * * * * * * * * * * //

dimensions      [0 0 0 1 0 0 0];

internalField   nonuniform List<scalar> 
1000
(
4.83228e-88
8.3794e-88
1.80523e-87
4.08648e-87
9.33013e-87
2.13112e-86
4.86223e-86
1.10775e-85
2.51999e-85
5.72407e-85
1.29825e-84
2.94006e-84
6.64814e-84
1.50102e-83
3.38391e-83
7.61716e-83
1.71202e-82
3.84208e-82
8.60923e-82
1.92621e-81
4.30308e-81
9.59833e-81
2.13771e-80
4.75379e-80
1.05552e-79
2.34008e-79
5.17997e-79
1.14488e-78
2.52653e-78
5.56703e-78
1.22477e-77
2.69039e-77
5.90077e-77
1.2922e-76
2.82542e-76
6.16827e-76
1.34453e-75
2.92622e-75
6.3587e-75
1.37961e-74
2.9886e-74
6.46404e-74
1.39593e-73
3.00986e-73
6.47965e-73
1.39277e-72
2.98899e-72
6.40459e-72
1.37018e-71
2.92672e-71
6.24171e-71
1.32905e-70
2.82551e-70
5.99747e-70
1.27102e-69
2.68939e-69
5.68155e-69
1.19837e-68
2.52366e-68
5.30614e-68
1.11388e-67
2.33457e-67
4.88523e-67
1.02064e-66
2.12895e-66
4.4337e-66
9.21877e-66
1.91375e-65
3.96645e-65
8.20772e-65
1.69569e-64
3.49762e-64
7.20279e-64
1.48091e-63
3.0399e-63
6.22999e-63
1.27472e-62
2.604e-62
5.31084e-62
1.08139e-61
2.19836e-61
4.46179e-61
9.04094e-61
1.82899e-60
3.69406e-60
7.44882e-60
1.49956e-59
3.0139e-59
6.04762e-59
1.21152e-58
2.42305e-58
4.8382e-58
9.64479e-58
1.9195e-57
3.81389e-57
7.56542e-57
1.49824e-56
2.9622e-56
5.84696e-56
1.1522e-55
2.26676e-55
4.4521e-55
8.72979e-55
1.70892e-54
3.33978e-54
6.51614e-54
1.26923e-53
2.46812e-53
4.79147e-53
9.28634e-53
1.79678e-52
3.4707e-52
6.69288e-52
1.28849e-51
2.47638e-51
4.75145e-51
9.1013e-51
1.7404e-50
3.32249e-50
6.33206e-50
1.20474e-49
2.28827e-49
4.33896e-49
8.21351e-49
1.55216e-48
2.92823e-48
5.51489e-48
1.03688e-47
1.94618e-47
3.64668e-47
6.82134e-47
1.2738e-46
2.3746e-46
4.41913e-46
8.20992e-46
1.52264e-45
2.81909e-45
5.21046e-45
9.61383e-45
1.7708e-44
3.25607e-44
5.97682e-44
1.09521e-43
2.00342e-43
3.65845e-43
6.66916e-43
1.21365e-42
2.20475e-42
3.99829e-42
7.23825e-42
1.30809e-41
2.35986e-41
4.24989e-41
7.64032e-41
1.37116e-40
2.45643e-40
4.393e-40
7.84257e-40
1.39764e-39
2.48638e-39
4.4155e-39
7.8276e-39
1.3852e-38
2.44699e-38
4.31507e-38
7.59584e-38
1.33474e-37
2.34127e-37
4.09957e-37
7.16566e-37
1.25027e-36
2.17762e-36
3.78606e-36
6.57087e-36
1.13837e-35
1.96868e-35
3.39852e-35
5.85641e-35
1.00739e-34
1.72977e-34
2.96484e-34
5.07268e-34
8.66355e-34
1.47698e-33
2.51348e-33
4.26969e-33
7.23995e-33
1.22545e-32
2.07048e-32
3.49191e-32
5.8786e-32
9.87869e-32
1.65707e-31
2.77457e-31
4.6373e-31
7.73655e-31
1.28838e-30
2.14165e-30
3.55359e-30
5.88566e-30
9.73047e-30
1.60576e-29
2.64507e-29
4.34911e-29
7.1379e-29
1.16936e-28
1.91219e-28
3.12118e-28
5.08524e-28
8.27004e-28
1.34248e-27
2.17525e-27
3.51814e-27
5.67961e-27
9.15218e-27
1.47208e-26
2.36339e-26
3.78739e-26
6.05817e-26
9.67254e-26
1.54148e-25
2.45205e-25
3.89329e-25
6.1702e-25
9.76058e-25
1.54115e-24
2.4289e-24
3.8209e-24
5.99947e-24
9.40268e-24
1.47089e-23
2.29668e-23
3.57939e-23
5.56809e-23
8.64553e-23
1.33988e-22
2.07264e-22
3.20015e-22
4.93177e-22
7.58612e-22
1.16472e-21
1.78487e-21
2.73008e-21
4.168e-21
6.35129e-21
9.66001e-21
1.46647e-20
2.22204e-20
3.36054e-20
5.07278e-20
7.64296e-20
1.14936e-19
1.72515e-19
2.5845e-19
3.86457e-19
5.7677e-19
8.59171e-19
1.27741e-18
1.89565e-18
2.80775e-18
4.15081e-18
6.12463e-18
9.01984e-18
1.32584e-17
1.94515e-17
2.8483e-17
4.16284e-17
6.07244e-17
8.84109e-17
1.28475e-16
1.86336e-16
2.6974e-16
3.89727e-16
5.62009e-16
8.08894e-16
1.162e-15
1.66604e-15
2.38414e-15
3.40519e-15
4.85418e-15
6.90642e-15
9.8074e-15
1.39001e-14
1.96627e-14
2.77608e-14
3.91184e-14
5.50164e-14
7.7226e-14
1.08192e-13
1.51282e-13
2.11124e-13
2.94068e-13
4.08805e-13
5.67209e-13
7.85468e-13
1.0856e-12
1.49751e-12
2.06171e-12
2.83296e-12
3.88517e-12
5.31783e-12
7.26466e-12
9.90491e-12
1.34785e-11
1.83057e-11
2.48133e-11
3.3569e-11
4.53257e-11
6.10807e-11
8.21517e-11
1.10276e-10
1.47741e-10
1.97547e-10
2.63628e-10
3.51128e-10
4.66757e-10
6.19252e-10
8.19964e-10
1.08361e-09
1.42923e-09
1.8814e-09
2.47178e-09
3.24107e-09
4.24149e-09
5.53983e-09
7.22146e-09
9.39512e-09
1.21991e-08
1.5809e-08
2.0447e-08
2.63939e-08
3.40037e-08
4.37217e-08
5.61069e-08
7.18596e-08
9.18547e-08
1.17184e-07
1.49204e-07
1.89602e-07
2.40465e-07
3.04377e-07
3.8452e-07
4.84813e-07
6.10068e-07
7.6618e-07
9.60356e-07
1.20139e-06
1.49997e-06
1.86908e-06
2.32448e-06
2.88517e-06
3.5741e-06
4.41888e-06
5.45264e-06
6.71508e-06
8.25365e-06
1.01249e-05
1.23962e-05
1.51473e-05
1.84728e-05
2.24844e-05
2.73139e-05
3.31159e-05
4.00722e-05
4.83953e-05
5.83333e-05
7.01752e-05
8.42568e-05
0.000100967
0.000120757
0.000144145
0.00017173
0.000204196
0.000242329
0.000287028
0.000339313
0.000400348
0.000471449
0.000554106
0.000650001
0.000761022
0.000889293
0.00103719
0.00120736
0.00140275
0.00162664
0.00188267
0.00217483
0.00250754
0.00288564
0.00331444
0.00379973
0.00434782
0.00496555
0.00566034
0.00644018
0.00731367
0.00829004
0.00937913
0.0105915
0.0119381
0.013431
0.0150825
0.0169056
0.0189141
0.0211223
0.0235448
0.026197
0.0290947
0.032254
0.0356914
0.0394236
0.0434675
0.04784
0.0525579
0.0576381
0.063097
0.0689505
0.0752142
0.0819029
0.0890306
0.0966103
0.104654
0.113172
0.122174
0.131667
0.141658
0.152151
0.163147
0.174648
0.18665
0.199151
0.212144
0.225619
0.239566
0.253971
0.268818
0.28409
0.299764
0.315819
0.33223
0.348969
0.366007
0.383313
0.400856
0.418602
0.436514
0.454558
0.472696
0.490891
0.509104
0.527299
0.545436
0.563479
0.581391
0.599135
0.616676
0.63398
0.651016
0.667752
0.684158
0.700208
0.715877
0.731141
0.74598
0.760376
0.774311
0.787772
0.800748
0.813229
0.825208
0.836681
0.847645
0.858099
0.868046
0.877487
0.886428
0.894875
0.902836
0.910319
0.917336
0.923896
0.930012
0.935696
0.940959
0.945815
0.950277
0.954358
0.958069
0.961423
0.964432
0.967106
0.969455
0.97149
0.973217
0.974646
0.975781
0.976627
0.97719
0.97747
0.97747
0.97719
0.976627
0.975781
0.974646
0.973217
0.97149
0.969455
0.967106
0.964432
0.961423
0.958069
0.954358
0.950277
0.945815
0.940959
0.935696
0.930012
0.923896
0.917336
0.910319
0.902836
0.894875
0.886428
0.877487
0.868046
0.858099
0.847645
0.836681
0.825208
0.813229
0.800748
0.787772
0.774311
0.760376
0.74598
0.731141
0.715877
0.700208
0.684158
0.667752
0.651016
0.63398
0.616676
0.599135
0.581391
0.563479
0.545436
0.527299
0.509104
0.490891
0.472696
0.454558
0.436514
0.418602
0.400856
0.383313
0.366007
0.348969
0.33223
0.315819
0.299764
0.28409
0.268818
0.253971
0.239566
0.225619
0.212144
0.199151
0.18665
0.174648
0.163147
0.152151
0.141658
0.131667
0.122174
0.113172
0.104654
0.0966103
0.0890306
0.0819029
0.0752142
0.0689505
0.063097
0.0576381
0.0525579
0.04784
0.0434675
0.0394236
0.0356914
0.032254
0.0290947
0.026197
0.0235448
0.0211223
0.0189141
0.0169056
0.0150825
0.013431
0.0119381
0.0105915
0.00937913
0.00829004
0.00731367
0.00644018
0.00566034
0.00496555
0.00434782
0.00379973
0.00331444
0.00288564
0.00250754
0.00217483
0.00188267
0.00162664
0.00140275
0.00120736
0.00103719
0.000889293
0.000761022
0.000650001
0.000554106
0.000471449
0.000400348
0.000339313
0.000287028
0.000242329
0.000204196
0.00017173
0.000144145
0.000120757
0.000100967
8.42568e-05
7.01752e-05
5.83333e-05
4.83953e-05
4.00722e-05
3.31159e-05
2.73139e-05
2.24844e-05
1.84728e-05
1.51473e-05
1.23962e-05
1.01249e-05
8.25365e-06
6.71508e-06
5.45264e-06
4.41888e-06
3.5741e-06
2.88517e-06
2.32448e-06
1.86908e-06
1.49997e-06
1.20139e-06
9.60356e-07
7.6618e-07
6.10068e-07
4.84813e-07
3.8452e-07
3.04377e-07
2.40465e-07
1.89602e-07
1.49204e-07
1.17184e-07
9.18547e-08
7.18596e-08
5.61069e-08
4.37217e-08
3.40037e-08
2.63939e-08
2.0447e-08
1.5809e-08
1.21991e-08
9.39512e-09
7.22146e-09
5.53983e-09
4.24149e-09
3.24107e-09
2.47178e-09
1.8814e-09
1.42923e-09
1.08361e-09
8.19964e-10
6.19252e-10
4.66757e-10
3.51128e-10
2.63628e-10
1.97547e-10
1.47741e-10
1.10276e-10
8.21517e-11
6.10807e-11
4.53257e-11
3.3569e-11
2.48133e-11
1.83057e-11
1.34785e-11
9.90491e-12
7.26466e-12
5.31783e-12
3.88517e-12
2.83296e-12
2.06171e-12
1.49751e-12
1.0856e-12
7.85468e-13
5.67209e-13
4.08805e-13
2.94068e-13
2.11124e-13
1.51282e-13
1.08192e-13
7.7226e-14
5.50164e-14
3.91184e-14
2.77608e-14
1.96627e-14
1.39001e-14
9.8074e-15
6.90642e-15
4.85418e-15
3.40519e-15
2.38414e-15
1.66604e-15
1.162e-15
8.08894e-16
5.62009e-16
3.89727e-16
2.6974e-16
1.86336e-16
1.28475e-16
8.84109e-17
6.07244e-17
4.16284e-17
2.8483e-17
1.94515e-17
1.32584e-17
9.01984e-18
6.12463e-18
4.15081e-18
2.80775e-18
1.89565e-18
1.27741e-18
8.59171e-19
5.7677e-19
3.86457e-19
2.5845e-19
1.72515e-19
1.14936e-19
7.64296e-20
5.07278e-20
3.36054e-20
2.22204e-20
1.46647e-20
9.66001e-21
6.35129e-21
4.168e-21
2.73008e-21
1.78487e-21
1.16472e-21
7.58612e-22
4.93177e-22
3.20015e-22
2.07264e-22
1.33988e-22
8.64553e-23
5.56809e-23
3.57939e-23
2.29668e-23
1.47089e-23
9.40268e-24
5.99947e-24
3.8209e-24
2.4289e-24
1.54115e-24
9.76058e-25
6.1702e-25
3.89329e-25
2.45205e-25
1.54148e-25
9.67254e-26
6.05817e-26
3.78739e-26
2.36339e-26
1.47208e-26
9.15218e-27
5.67961e-27
3.51814e-27
2.17525e-27
1.34248e-27
8.27004e-28
5.08524e-28
3.12118e-28
1.91219e-28
1.16936e-28
7.1379e-29
4.34911e-29
2.64507e-29
1.60576e-29
9.73047e-30
5.88566e-30
3.55359e-30
2.14165e-30
1.28838e-30
7.73655e-31
4.6373e-31
2.77457e-31
1.65707e-31
9.87869e-32
5.8786e-32
3.49191e-32
2.07048e-32
1.22545e-32
7.23995e-33
4.26969e-33
2.51348e-33
1.47698e-33
8.66355e-34
5.07268e-34
2.96484e-34
1.72977e-34
1.00739e-34
5.85641e-35
3.39852e-35
1.96868e-35
1.13837e-35
6.57087e-36
3.78606e-36
2.17762e-36
1.25027e-36
7.16566e-37
4.09957e-37
2.34127e-37
1.33474e-37
7.59584e-38
4.31507e-38
2.44699e-38
1.3852e-38
7.8276e-39
4.4155e-39
2.48638e-39
1.39764e-39
7.84257e-40
4.393e-40
2.45643e-40
1.37116e-40
7.64032e-41
4.24989e-41
2.35986e-41
1.30809e-41
7.23825e-42
3.99829e-42
2.20475e-42
1.21365e-42
6.66916e-43
3.65845e-43
2.00342e-43
1.09521e-43
5.97682e-44
3.25607e-44
1.7708e-44
9.61383e-45
5.21046e-45
2.81909e-45
1.52264e-45
8.20992e-46
4.41913e-46
2.3746e-46
1.2738e-46
6.82134e-47
3.64668e-47
1.94618e-47
1.03688e-47
5.51489e-48
2.92823e-48
1.55216e-48
8.21351e-49
4.33896e-49
2.28827e-49
1.20474e-49
6.33206e-50
3.32249e-50
1.7404e-50
9.1013e-51
4.75145e-51
2.47638e-51
1.28849e-51
6.69288e-52
3.4707e-52
1.79678e-52
9.28634e-53
4.79147e-53
2.46812e-53
1.26923e-53
6.51614e-54
3.33978e-54
1.70892e-54
8.72979e-55
4.4521e-55
2.26676e-55
1.1522e-55
5.84696e-56
2.9622e-56
1.49824e-56
7.56542e-57
3.81389e-57
1.9195e-57
9.64479e-58
4.8382e-58
2.42305e-58
1.21152e-58
6.04762e-59
3.0139e-59
1.49956e-59
7.44882e-60
3.69406e-60
1.82899e-60
9.04094e-61
4.46179e-61
2.19836e-61
1.08139e-61
5.31084e-62
2.604e-62
1.27472e-62
6.22999e-63
3.0399e-63
1.48091e-63
7.20279e-64
3.49762e-64
1.69569e-64
8.20772e-65
3.96645e-65
1.91375e-65
9.21877e-66
4.4337e-66
2.12895e-66
1.02064e-66
4.88523e-67
2.33457e-67
1.11388e-67
5.30614e-68
2.52366e-68
1.19837e-68
5.68155e-69
2.68939e-69
1.27102e-69
5.99747e-70
2.82551e-70
1.32905e-70
6.24171e-71
2.92672e-71
1.37018e-71
6.40459e-72
2.98899e-72
1.39277e-72
6.47965e-73
3.00986e-73
1.39593e-73
6.46404e-74
2.9886e-74
1.37961e-74
6.3587e-75
2.92622e-75
1.34453e-75
6.16827e-76
2.82542e-76
1.2922e-76
5.90077e-77
2.69039e-77
1.22477e-77
5.56703e-78
2.52653e-78
1.14488e-78
5.17997e-79
2.34008e-79
1.05552e-79
4.75379e-80
2.13771e-80
9.59833e-81
4.30308e-81
1.92621e-81
8.60923e-82
3.84208e-82
1.71202e-82
7.61716e-83
3.38391e-83
1.50102e-83
6.64814e-84
2.94006e-84
1.29825e-84
5.72407e-85
2.51999e-85
1.10775e-85
4.86223e-86
2.13112e-86
9.33013e-87
4.08648e-87
1.80523e-87
8.3794e-88
4.83228e-88
)
;

boundaryField
{
    sides
    {
        type            zeroGradient;
    }
    empty
    {
        type            empty;
    }
}


// ************************************************************************* //
