/*--------------------------------*- C++ -*----------------------------------*\
  =========                 |
  \\      /  F ield         | OpenFOAM: The Open Source CFD Toolbox
   \\    /   O peration     | Website:  https://openfoam.org
    \\  /    A nd           | Version:  13
     \\/     M anipulation  |
\*---------------------------------------------------------------------------*/
FoamFile
{
    format      ascii;
    class       volScalarField;
    location    "1.27";
    object      T;
}
// * * * * * * * * * * * * * * * * * * * * * * * * * * * * * * * * * * * * * //

dimensions      [0 0 0 1 0 0 0];

internalField   nonuniform List<scalar> 
1000
(
3.35738e-148
1.01059e-147
3.70923e-147
1.38107e-146
5.1385e-146
1.90844e-145
7.07469e-145
2.61768e-144
9.66736e-144
3.5635e-143
1.31106e-142
4.81444e-142
1.76458e-141
6.45523e-141
2.35696e-140
8.58942e-140
3.12423e-139
1.1342e-138
4.10962e-138
1.4862e-137
5.36433e-137
1.93248e-136
6.94823e-136
2.49339e-135
8.93025e-135
3.19221e-134
1.13887e-133
4.05515e-133
1.44109e-132
5.11119e-132
1.80926e-131
6.39185e-131
2.2537e-130
7.93063e-130
2.78523e-129
9.7623e-129
3.41493e-128
1.1922e-127
4.15383e-127
1.44438e-126
5.01243e-126
1.73597e-125
6.00022e-125
2.06975e-124
7.12512e-124
2.44788e-123
8.39288e-123
2.87178e-122
9.80643e-122
3.34185e-121
1.13652e-120
3.8573e-120
1.30647e-119
4.41599e-119
1.48958e-118
5.01427e-118
1.68444e-117
5.64687e-117
1.88913e-116
6.30691e-116
2.10121e-115
6.98586e-115
2.31774e-114
7.67368e-114
2.53533e-113
8.35901e-113
2.7502e-112
9.02943e-112
2.95829e-111
9.67175e-111
3.15537e-110
1.02725e-109
3.33718e-109
1.08183e-108
3.49955e-108
1.12964e-107
3.63862e-107
1.16951e-106
3.75093e-106
1.20043e-105
3.83356e-105
1.2216e-104
3.88432e-104
1.23242e-103
3.90176e-103
1.23258e-102
3.88531e-102
1.22204e-101
3.83527e-101
1.20103e-100
3.75281e-100
1.17005e-99
3.63992e-99
1.12985e-98
3.49936e-98
1.08142e-97
3.3345e-97
1.02589e-96
3.14923e-96
9.64572e-96
2.94776e-95
8.98826e-95
2.73452e-94
8.3006e-94
2.51395e-93
7.59663e-93
2.29035e-92
6.88962e-92
2.06776e-91
6.19179e-91
1.84986e-90
5.51402e-90
1.63984e-89
4.8656e-89
1.44036e-88
4.25407e-88
1.25353e-87
3.68517e-87
1.08087e-86
3.16285e-86
9.23362e-86
2.68938e-85
7.81476e-85
2.26549e-84
6.55221e-84
1.89057e-83
5.44217e-83
1.56288e-82
4.47768e-82
1.27982e-81
3.64933e-81
1.03811e-80
2.94602e-80
8.34048e-80
2.35562e-79
6.6371e-79
1.86555e-78
5.23103e-78
1.46325e-77
4.0832e-77
1.13666e-76
3.15648e-76
8.74418e-76
2.41644e-75
6.66149e-75
1.83191e-74
5.02539e-74
1.37521e-73
3.75402e-73
1.02224e-72
2.77674e-72
7.52386e-72
2.03361e-71
5.48294e-71
1.47461e-70
3.95599e-70
1.05863e-69
2.82583e-69
7.52411e-69
1.99835e-68
5.29407e-68
1.39898e-67
3.68748e-67
9.69499e-67
2.54249e-66
6.65064e-66
1.73524e-65
4.51588e-65
1.17223e-64
3.03504e-64
7.83787e-64
2.01888e-63
5.18682e-63
1.32912e-62
3.39705e-62
8.65983e-62
2.20183e-61
5.58372e-61
1.4123e-60
3.56279e-60
8.96421e-60
2.24952e-59
5.63017e-59
1.40542e-58
3.49895e-58
8.68794e-58
2.1515e-57
5.31381e-57
1.30891e-56
3.21554e-56
7.87829e-56
1.92505e-55
4.69118e-55
1.14012e-54
2.76341e-54
6.67977e-54
1.61027e-53
3.87128e-53
9.28168e-53
2.21928e-52
5.29185e-52
1.25838e-51
2.98417e-51
7.05729e-51
1.66439e-50
3.91444e-50
9.1808e-50
2.14727e-49
5.00822e-49
1.16485e-48
2.70173e-48
6.24884e-48
1.44125e-47
3.31479e-47
7.60241e-47
1.73868e-46
3.96517e-46
9.01721e-46
2.04479e-45
4.62371e-45
1.04254e-44
2.344e-44
5.25506e-44
1.17477e-43
2.61865e-43
5.82041e-43
1.28996e-42
2.85064e-42
6.28132e-42
1.38006e-41
3.02332e-41
6.60393e-41
1.43831e-40
3.12344e-40
6.763e-40
1.46006e-39
3.14284e-39
6.74517e-39
1.44338e-38
3.07951e-38
6.5508e-38
1.38936e-37
2.93795e-37
6.19406e-37
1.30199e-36
2.7286e-36
5.70121e-36
1.18765e-35
2.4666e-35
5.1074e-35
1.05435e-34
2.16997e-34
4.4525e-34
9.10818e-34
1.85753e-33
3.77669e-33
7.65521e-33
1.54693e-32
3.11638e-32
6.25883e-32
1.25313e-31
2.50124e-31
4.97702e-31
9.8727e-31
1.95233e-30
3.84872e-30
7.56353e-30
1.48175e-29
2.89378e-29
5.63368e-29
1.09334e-28
2.11518e-28
4.07914e-28
7.84184e-28
1.50276e-27
2.87069e-27
5.46638e-27
1.0376e-26
1.96324e-26
3.70279e-26
6.96136e-26
1.30456e-25
2.43691e-25
4.53748e-25
8.42149e-25
1.55797e-24
2.87292e-24
5.28055e-24
9.67438e-24
1.76666e-23
3.21564e-23
5.83394e-23
1.05496e-22
1.90145e-22
3.41592e-22
6.11649e-22
1.09161e-21
1.94176e-21
3.44262e-21
6.08336e-21
1.07141e-20
1.88073e-20
3.29042e-20
5.73756e-20
9.97132e-20
1.72713e-19
2.98154e-19
5.12979e-19
8.79626e-19
1.50326e-18
2.56038e-18
4.34618e-18
7.35261e-18
1.23966e-17
2.08301e-17
3.4882e-17
5.82148e-17
9.68243e-17
1.60491e-16
2.65114e-16
4.36443e-16
7.1603e-16
1.17069e-15
1.90748e-15
3.09727e-15
5.01188e-15
8.08205e-15
1.29879e-14
2.07994e-14
3.31937e-14
5.27899e-14
8.36632e-14
1.32131e-13
2.0795e-13
3.26135e-13
5.097e-13
7.938e-13
1.23192e-12
1.90516e-12
2.93597e-12
4.50861e-12
6.89927e-12
1.05204e-11
1.59854e-11
2.42036e-11
3.65172e-11
5.49004e-11
8.22455e-11
1.22774e-10
1.82622e-10
2.7068e-10
3.9977e-10
5.8832e-10
8.62714e-10
1.26057e-09
1.83532e-09
2.66258e-09
3.8489e-09
5.54385e-09
7.95659e-09
1.13784e-08
1.62134e-08
2.30198e-08
3.25661e-08
4.59055e-08
6.44757e-08
9.02318e-08
1.25821e-07
1.74815e-07
2.4201e-07
3.33823e-07
4.58804e-07
6.28296e-07
8.57291e-07
1.16551e-06
1.57882e-06
2.13094e-06
2.86572e-06
3.8399e-06
5.12659e-06
6.81964e-06
9.03893e-06
1.1937e-05
1.57071e-05
2.0593e-05
2.69008e-05
3.50134e-05
4.54074e-05
5.86736e-05
7.55409e-05
9.6905e-05
0.000123861
0.000157743
0.000200167
0.000253082
0.00031883
0.000400209
0.000500547
0.000623786
0.00077457
0.000958343
0.00118146
0.00145129
0.00177637
0.00216648
0.00263283
0.00318815
0.00384686
0.00462517
0.00554123
0.00661524
0.00786953
0.00932866
0.0110195
0.0129712
0.0152152
0.0177853
0.0207173
0.0240493
0.0278208
0.0320733
0.0368493
0.0421924
0.0481464
0.0547554
0.0620624
0.0701097
0.0789376
0.0885837
0.0990827
0.110465
0.122756
0.135978
0.150143
0.165261
0.181331
0.198347
0.216293
0.235146
0.254874
0.275435
0.296782
0.318857
0.341595
0.364923
0.388763
0.41303
0.437634
0.462482
0.487478
0.512522
0.537518
0.562366
0.58697
0.611237
0.635077
0.658405
0.681143
0.703218
0.724565
0.745126
0.764854
0.783707
0.801653
0.818669
0.834739
0.849857
0.864022
0.877243
0.889535
0.900917
0.911416
0.921062
0.929889
0.937936
0.945243
0.951851
0.957805
0.963147
0.967922
0.972172
0.975942
0.979271
0.982199
0.984764
0.987002
0.988945
0.990626
0.992072
0.993309
0.994362
0.995251
0.995995
0.996612
0.997114
0.997515
0.997823
0.998048
0.998195
0.998267
0.998267
0.998195
0.998048
0.997823
0.997515
0.997114
0.996612
0.995995
0.995251
0.994362
0.993309
0.992072
0.990626
0.988945
0.987002
0.984764
0.982199
0.979271
0.975942
0.972172
0.967922
0.963147
0.957805
0.951851
0.945243
0.937936
0.929889
0.921062
0.911416
0.900917
0.889535
0.877243
0.864022
0.849857
0.834739
0.818669
0.801653
0.783707
0.764854
0.745126
0.724565
0.703218
0.681143
0.658405
0.635077
0.611237
0.58697
0.562366
0.537518
0.512522
0.487478
0.462482
0.437634
0.41303
0.388763
0.364923
0.341595
0.318857
0.296782
0.275435
0.254874
0.235146
0.216293
0.198347
0.181331
0.165261
0.150143
0.135978
0.122756
0.110465
0.0990827
0.0885837
0.0789376
0.0701097
0.0620624
0.0547554
0.0481464
0.0421924
0.0368493
0.0320733
0.0278208
0.0240493
0.0207173
0.0177853
0.0152152
0.0129712
0.0110195
0.00932866
0.00786953
0.00661524
0.00554123
0.00462517
0.00384686
0.00318815
0.00263283
0.00216648
0.00177637
0.00145129
0.00118146
0.000958343
0.00077457
0.000623786
0.000500547
0.000400209
0.00031883
0.000253082
0.000200167
0.000157743
0.000123861
9.6905e-05
7.55409e-05
5.86736e-05
4.54074e-05
3.50134e-05
2.69008e-05
2.0593e-05
1.57071e-05
1.1937e-05
9.03893e-06
6.81964e-06
5.12659e-06
3.8399e-06
2.86572e-06
2.13094e-06
1.57882e-06
1.16551e-06
8.57291e-07
6.28296e-07
4.58804e-07
3.33823e-07
2.4201e-07
1.74815e-07
1.25821e-07
9.02318e-08
6.44757e-08
4.59055e-08
3.25661e-08
2.30198e-08
1.62134e-08
1.13784e-08
7.95659e-09
5.54385e-09
3.8489e-09
2.66258e-09
1.83532e-09
1.26057e-09
8.62714e-10
5.8832e-10
3.9977e-10
2.7068e-10
1.82622e-10
1.22774e-10
8.22455e-11
5.49004e-11
3.65172e-11
2.42036e-11
1.59854e-11
1.05204e-11
6.89927e-12
4.50861e-12
2.93597e-12
1.90516e-12
1.23192e-12
7.938e-13
5.097e-13
3.26135e-13
2.0795e-13
1.32131e-13
8.36632e-14
5.27899e-14
3.31937e-14
2.07994e-14
1.29879e-14
8.08205e-15
5.01188e-15
3.09727e-15
1.90748e-15
1.17069e-15
7.1603e-16
4.36443e-16
2.65114e-16
1.60491e-16
9.68243e-17
5.82148e-17
3.4882e-17
2.08301e-17
1.23966e-17
7.35261e-18
4.34618e-18
2.56038e-18
1.50326e-18
8.79626e-19
5.12979e-19
2.98154e-19
1.72713e-19
9.97132e-20
5.73756e-20
3.29042e-20
1.88073e-20
1.07141e-20
6.08336e-21
3.44262e-21
1.94176e-21
1.09161e-21
6.11649e-22
3.41592e-22
1.90145e-22
1.05496e-22
5.83394e-23
3.21564e-23
1.76666e-23
9.67438e-24
5.28055e-24
2.87292e-24
1.55797e-24
8.42149e-25
4.53748e-25
2.43691e-25
1.30456e-25
6.96136e-26
3.70279e-26
1.96324e-26
1.0376e-26
5.46638e-27
2.87069e-27
1.50276e-27
7.84184e-28
4.07914e-28
2.11518e-28
1.09334e-28
5.63368e-29
2.89378e-29
1.48175e-29
7.56353e-30
3.84872e-30
1.95233e-30
9.8727e-31
4.97702e-31
2.50124e-31
1.25313e-31
6.25883e-32
3.11638e-32
1.54693e-32
7.65521e-33
3.77669e-33
1.85753e-33
9.10818e-34
4.4525e-34
2.16997e-34
1.05435e-34
5.1074e-35
2.4666e-35
1.18765e-35
5.70121e-36
2.7286e-36
1.30199e-36
6.19406e-37
2.93795e-37
1.38936e-37
6.5508e-38
3.07951e-38
1.44338e-38
6.74517e-39
3.14284e-39
1.46006e-39
6.763e-40
3.12344e-40
1.43831e-40
6.60393e-41
3.02332e-41
1.38006e-41
6.28132e-42
2.85064e-42
1.28996e-42
5.82041e-43
2.61865e-43
1.17477e-43
5.25506e-44
2.344e-44
1.04254e-44
4.62371e-45
2.04479e-45
9.01721e-46
3.96517e-46
1.73868e-46
7.60241e-47
3.31479e-47
1.44125e-47
6.24884e-48
2.70173e-48
1.16485e-48
5.00822e-49
2.14727e-49
9.1808e-50
3.91444e-50
1.66439e-50
7.05729e-51
2.98417e-51
1.25838e-51
5.29185e-52
2.21928e-52
9.28168e-53
3.87128e-53
1.61027e-53
6.67977e-54
2.76341e-54
1.14012e-54
4.69118e-55
1.92505e-55
7.87829e-56
3.21554e-56
1.30891e-56
5.31381e-57
2.1515e-57
8.68794e-58
3.49895e-58
1.40542e-58
5.63017e-59
2.24952e-59
8.96421e-60
3.56279e-60
1.4123e-60
5.58372e-61
2.20183e-61
8.65983e-62
3.39705e-62
1.32912e-62
5.18682e-63
2.01888e-63
7.83787e-64
3.03504e-64
1.17223e-64
4.51588e-65
1.73524e-65
6.65064e-66
2.54249e-66
9.69499e-67
3.68748e-67
1.39898e-67
5.29407e-68
1.99835e-68
7.52411e-69
2.82583e-69
1.05863e-69
3.95599e-70
1.47461e-70
5.48294e-71
2.03361e-71
7.52386e-72
2.77674e-72
1.02224e-72
3.75402e-73
1.37521e-73
5.02539e-74
1.83191e-74
6.66149e-75
2.41644e-75
8.74418e-76
3.15648e-76
1.13666e-76
4.0832e-77
1.46325e-77
5.23103e-78
1.86555e-78
6.6371e-79
2.35562e-79
8.34048e-80
2.94602e-80
1.03811e-80
3.64933e-81
1.27982e-81
4.47768e-82
1.56288e-82
5.44217e-83
1.89057e-83
6.55221e-84
2.26549e-84
7.81476e-85
2.68938e-85
9.23362e-86
3.16285e-86
1.08087e-86
3.68517e-87
1.25353e-87
4.25407e-88
1.44036e-88
4.8656e-89
1.63984e-89
5.51402e-90
1.84986e-90
6.19179e-91
2.06776e-91
6.88962e-92
2.29035e-92
7.59663e-93
2.51395e-93
8.3006e-94
2.73452e-94
8.98826e-95
2.94776e-95
9.64572e-96
3.14923e-96
1.02589e-96
3.3345e-97
1.08142e-97
3.49936e-98
1.12985e-98
3.63992e-99
1.17005e-99
3.75281e-100
1.20103e-100
3.83527e-101
1.22204e-101
3.88531e-102
1.23258e-102
3.90176e-103
1.23242e-103
3.88432e-104
1.2216e-104
3.83356e-105
1.20043e-105
3.75093e-106
1.16951e-106
3.63862e-107
1.12964e-107
3.49955e-108
1.08183e-108
3.33718e-109
1.02725e-109
3.15537e-110
9.67175e-111
2.95829e-111
9.02943e-112
2.7502e-112
8.35901e-113
2.53533e-113
7.67368e-114
2.31774e-114
6.98586e-115
2.10121e-115
6.30691e-116
1.88913e-116
5.64687e-117
1.68444e-117
5.01427e-118
1.48958e-118
4.41599e-119
1.30647e-119
3.8573e-120
1.13652e-120
3.34185e-121
9.80643e-122
2.87178e-122
8.39288e-123
2.44788e-123
7.12512e-124
2.06975e-124
6.00022e-125
1.73597e-125
5.01243e-126
1.44438e-126
4.15383e-127
1.1922e-127
3.41493e-128
9.7623e-129
2.78523e-129
7.93063e-130
2.2537e-130
6.39185e-131
1.80926e-131
5.11119e-132
1.44109e-132
4.05515e-133
1.13887e-133
3.19221e-134
8.93025e-135
2.49339e-135
6.94823e-136
1.93248e-136
5.36433e-137
1.4862e-137
4.10962e-138
1.1342e-138
3.12423e-139
8.58942e-140
2.35696e-140
6.45523e-141
1.76458e-141
4.81444e-142
1.31106e-142
3.5635e-143
9.66736e-144
2.61768e-144
7.07469e-145
1.90844e-145
5.1385e-146
1.38107e-146
3.70923e-147
1.01059e-147
3.35738e-148
)
;

boundaryField
{
    sides
    {
        type            zeroGradient;
    }
    empty
    {
        type            empty;
    }
}


// ************************************************************************* //
