/*--------------------------------*- C++ -*----------------------------------*\
  =========                 |
  \\      /  F ield         | OpenFOAM: The Open Source CFD Toolbox
   \\    /   O peration     | Website:  https://openfoam.org
    \\  /    A nd           | Version:  13
     \\/     M anipulation  |
\*---------------------------------------------------------------------------*/
FoamFile
{
    format      ascii;
    class       volScalarField;
    location    "1.995";
    object      T;
}
// * * * * * * * * * * * * * * * * * * * * * * * * * * * * * * * * * * * * * //

dimensions      [0 0 0 1 0 0 0];

internalField   nonuniform List<scalar> 
1000
(
3.50364e-103
7.00754e-103
1.7491e-102
4.53247e-102
1.17949e-101
3.06701e-101
7.96306e-101
2.06416e-100
5.34189e-100
1.38018e-99
3.56009e-99
9.16796e-99
2.35705e-98
6.04992e-98
1.55029e-97
3.96604e-97
1.01294e-96
2.58278e-96
6.57465e-96
1.67084e-95
4.23911e-95
1.07372e-94
2.71508e-94
6.85406e-94
1.72738e-93
4.34608e-93
1.09164e-92
2.73738e-92
6.85263e-92
1.71257e-91
4.27276e-91
1.06423e-90
2.64623e-90
6.56876e-90
1.62781e-89
4.02706e-89
9.94566e-89
2.45211e-88
6.03541e-88
1.48297e-87
3.63761e-87
8.90753e-87
2.17748e-86
5.31382e-86
1.29453e-85
3.14828e-85
7.64338e-85
1.85246e-84
4.4819e-84
1.08249e-83
2.60998e-83
6.28198e-83
1.50939e-82
3.62037e-82
8.66859e-82
2.07199e-81
4.94389e-81
1.17758e-80
2.79998e-80
6.64597e-80
1.57471e-79
3.72459e-79
8.79417e-79
2.07275e-78
4.87677e-78
1.14539e-77
2.68537e-77
6.28474e-77
1.46826e-76
3.4241e-76
7.9711e-76
1.85233e-75
4.2968e-75
9.94942e-75
2.29972e-74
5.3061e-74
1.22208e-73
2.80959e-73
6.44776e-73
1.47704e-72
3.37751e-72
7.70935e-72
1.75653e-71
3.99492e-71
9.06934e-71
2.05521e-70
4.6489e-70
1.04967e-69
2.36576e-69
5.32224e-69
1.19516e-68
2.67897e-68
5.99397e-68
1.33865e-67
2.98416e-67
6.64021e-67
1.47484e-66
3.26969e-66
7.23552e-66
1.5982e-65
3.52364e-65
7.75442e-65
1.70335e-64
3.73466e-64
8.17323e-64
1.78537e-63
3.89275e-63
8.47177e-63
1.84027e-62
3.99006e-62
8.63502e-62
1.86524e-61
4.02153e-61
8.65432e-61
1.85891e-60
3.98534e-60
8.52815e-60
1.82148e-59
3.88306e-59
8.2623e-59
1.75471e-58
3.71952e-58
7.86943e-58
1.66178e-57
3.50249e-57
7.36806e-57
1.54703e-56
3.24203e-56
6.78113e-56
1.41565e-55
2.94969e-55
6.13426e-55
1.27325e-54
2.63772e-54
5.45388e-54
1.1255e-53
2.31816e-53
4.76543e-53
9.77732e-53
2.00214e-52
4.0919e-52
8.34664e-52
1.69923e-51
3.45259e-51
7.0015e-51
1.41706e-50
2.86243e-50
5.77072e-50
1.16111e-49
2.33165e-49
4.67304e-49
9.34717e-49
1.86597e-48
3.71768e-48
7.3923e-48
1.467e-47
2.90547e-47
5.74306e-47
1.13294e-46
2.23053e-46
4.38271e-46
8.59433e-46
1.68196e-45
3.2851e-45
6.40346e-45
1.24569e-44
2.41843e-44
4.68582e-44
9.06075e-44
1.74851e-43
3.36742e-43
6.47216e-43
1.24144e-42
2.37641e-42
4.53981e-42
8.65512e-42
1.64675e-41
3.12679e-41
5.92498e-41
1.12044e-40
2.11449e-40
3.98232e-40
7.48476e-40
1.40388e-39
2.6278e-39
4.90868e-39
9.15047e-39
1.70227e-38
3.16025e-38
5.85487e-38
1.08247e-37
1.99719e-37
3.67725e-37
6.75658e-37
1.23888e-36
2.2669e-36
4.13934e-36
7.5427e-36
1.37157e-35
2.48887e-35
4.50693e-35
8.14425e-35
1.46863e-34
2.6428e-34
4.74575e-34
8.50419e-34
1.52072e-33
2.71363e-33
4.8321e-33
8.58631e-33
1.52251e-32
2.69398e-32
4.75675e-32
8.3812e-32
1.4736e-31
2.58543e-31
4.52649e-31
7.908e-31
1.37863e-30
2.39828e-30
4.16319e-30
7.21147e-30
1.2465e-29
2.14996e-29
3.7003e-29
6.35495e-29
1.08906e-28
1.86235e-28
3.17784e-28
5.41089e-28
9.1932e-28
1.55857e-27
2.63662e-27
4.45071e-27
7.49668e-27
1.25999e-26
2.11311e-26
3.53616e-26
5.90469e-26
9.83822e-26
1.63565e-25
2.7134e-25
4.49148e-25
7.41849e-25
1.22262e-24
2.01055e-24
3.29902e-24
5.40135e-24
8.82399e-24
1.43837e-23
2.3395e-23
3.79679e-23
6.14825e-23
9.93407e-23
1.60156e-22
2.57631e-22
4.13515e-22
6.62248e-22
1.05825e-21
1.68729e-21
2.68426e-21
4.26083e-21
6.74834e-21
1.06643e-20
1.6815e-20
2.6454e-20
4.15255e-20
6.5038e-20
1.01636e-19
1.58472e-19
2.46539e-19
3.82686e-19
5.92685e-19
9.15858e-19
1.41206e-18
2.17221e-18
3.33404e-18
5.10575e-18
7.80131e-18
1.1893e-17
1.80899e-17
2.74534e-17
4.15692e-17
6.28004e-17
9.46601e-17
1.42359e-16
2.13607e-16
3.19786e-16
4.77654e-16
7.11832e-16
1.0584e-15
1.57013e-15
2.32394e-15
3.43182e-15
5.05626e-15
7.4326e-15
1.09008e-14
1.59506e-14
2.32864e-14
3.39181e-14
4.92904e-14
7.14652e-14
1.03378e-13
1.49198e-13
2.14831e-13
3.08624e-13
4.42345e-13
6.32544e-13
9.02439e-13
1.28452e-12
1.82415e-12
2.5845e-12
3.65331e-12
5.15219e-12
7.2492e-12
1.01761e-11
1.42517e-11
1.99132e-11
2.77594e-11
3.86073e-11
5.35696e-11
7.41581e-11
1.02421e-10
1.41126e-10
1.94005e-10
2.66077e-10
3.64075e-10
4.97005e-10
6.7689e-10
9.19732e-10
1.24678e-09
1.68619e-09
2.27513e-09
3.06261e-09
4.11303e-09
5.51082e-09
7.36639e-09
9.82374e-09
1.30702e-08
1.73488e-08
2.29743e-08
3.03526e-08
4.00066e-08
5.26077e-08
6.9016e-08
9.03299e-08
1.17949e-07
1.53653e-07
1.99695e-07
2.58925e-07
3.34936e-07
4.32247e-07
5.56522e-07
7.14849e-07
9.16065e-07
1.17117e-06
1.49381e-06
1.90086e-06
2.41316e-06
3.05635e-06
3.86191e-06
4.86836e-06
6.12273e-06
7.68226e-06
9.61645e-06
1.20094e-05
1.49628e-05
1.85989e-05
2.30645e-05
2.85354e-05
3.52216e-05
4.33728e-05
5.32857e-05
6.53115e-05
7.98645e-05
9.74328e-05
0.000118589
0.000144002
0.000174455
0.000210856
0.00025426
0.000305887
0.000367143
0.000439645
0.000525246
0.000626061
0.000744502
0.000883307
0.00104557
0.0012348
0.00145491
0.00171033
0.00200597
0.00234733
0.00274048
0.00319219
0.00370986
0.00430167
0.00497655
0.00574425
0.00661537
0.00760138
0.00871465
0.0099685
0.0113771
0.0129558
0.0147205
0.0166883
0.0188771
0.0213058
0.0239937
0.0269612
0.0302293
0.0338193
0.0377531
0.042053
0.0467412
0.0518401
0.0573717
0.0633579
0.0698197
0.0767776
0.0842509
0.0922577
0.100815
0.109937
0.119637
0.129926
0.140812
0.152302
0.164397
0.1771
0.190405
0.204308
0.218798
0.233863
0.249487
0.265648
0.282324
0.299489
0.317112
0.33516
0.353597
0.372384
0.39148
0.410842
0.430424
0.450178
0.470057
0.49001
0.509989
0.529943
0.549821
0.569575
0.589157
0.608518
0.627614
0.646401
0.664838
0.682885
0.700507
0.717671
0.734346
0.750506
0.766127
0.78119
0.795677
0.809576
0.822877
0.835574
0.847663
0.859145
0.870021
0.880298
0.889984
0.899088
0.907624
0.915605
0.923048
0.929969
0.936388
0.942322
0.947793
0.952819
0.957422
0.961621
0.965436
0.968887
0.971993
0.974772
0.977239
0.979413
0.981306
0.982932
0.984304
0.985431
0.986322
0.986984
0.987422
0.98764
0.98764
0.987422
0.986984
0.986322
0.985431
0.984304
0.982932
0.981306
0.979413
0.977239
0.974772
0.971993
0.968887
0.965436
0.961621
0.957422
0.952819
0.947793
0.942322
0.936388
0.929969
0.923048
0.915605
0.907624
0.899088
0.889984
0.880298
0.870021
0.859145
0.847663
0.835574
0.822877
0.809576
0.795677
0.78119
0.766127
0.750506
0.734346
0.717671
0.700507
0.682885
0.664838
0.646401
0.627614
0.608518
0.589157
0.569575
0.549821
0.529943
0.509989
0.49001
0.470057
0.450178
0.430424
0.410842
0.39148
0.372384
0.353597
0.33516
0.317112
0.299489
0.282324
0.265648
0.249487
0.233863
0.218798
0.204308
0.190405
0.1771
0.164397
0.152302
0.140812
0.129926
0.119637
0.109937
0.100815
0.0922577
0.0842509
0.0767776
0.0698197
0.0633579
0.0573717
0.0518401
0.0467412
0.042053
0.0377531
0.0338193
0.0302293
0.0269612
0.0239937
0.0213058
0.0188771
0.0166883
0.0147205
0.0129558
0.0113771
0.0099685
0.00871465
0.00760138
0.00661537
0.00574425
0.00497655
0.00430167
0.00370986
0.00319219
0.00274048
0.00234733
0.00200597
0.00171033
0.00145491
0.0012348
0.00104557
0.000883307
0.000744502
0.000626061
0.000525246
0.000439645
0.000367143
0.000305887
0.00025426
0.000210856
0.000174455
0.000144002
0.000118589
9.74328e-05
7.98645e-05
6.53115e-05
5.32857e-05
4.33728e-05
3.52216e-05
2.85354e-05
2.30645e-05
1.85989e-05
1.49628e-05
1.20094e-05
9.61645e-06
7.68226e-06
6.12273e-06
4.86836e-06
3.86191e-06
3.05635e-06
2.41316e-06
1.90086e-06
1.49381e-06
1.17117e-06
9.16065e-07
7.14849e-07
5.56522e-07
4.32247e-07
3.34936e-07
2.58925e-07
1.99695e-07
1.53653e-07
1.17949e-07
9.03299e-08
6.9016e-08
5.26077e-08
4.00066e-08
3.03526e-08
2.29743e-08
1.73488e-08
1.30702e-08
9.82374e-09
7.36639e-09
5.51082e-09
4.11303e-09
3.06261e-09
2.27513e-09
1.68619e-09
1.24678e-09
9.19732e-10
6.7689e-10
4.97005e-10
3.64075e-10
2.66077e-10
1.94005e-10
1.41126e-10
1.02421e-10
7.41581e-11
5.35696e-11
3.86073e-11
2.77594e-11
1.99132e-11
1.42517e-11
1.01761e-11
7.2492e-12
5.15219e-12
3.65331e-12
2.5845e-12
1.82415e-12
1.28452e-12
9.02439e-13
6.32544e-13
4.42345e-13
3.08624e-13
2.14831e-13
1.49198e-13
1.03378e-13
7.14652e-14
4.92904e-14
3.39181e-14
2.32864e-14
1.59506e-14
1.09008e-14
7.4326e-15
5.05626e-15
3.43182e-15
2.32394e-15
1.57013e-15
1.0584e-15
7.11832e-16
4.77654e-16
3.19786e-16
2.13607e-16
1.42359e-16
9.46601e-17
6.28004e-17
4.15692e-17
2.74534e-17
1.80899e-17
1.1893e-17
7.80131e-18
5.10575e-18
3.33404e-18
2.17221e-18
1.41206e-18
9.15858e-19
5.92685e-19
3.82686e-19
2.46539e-19
1.58472e-19
1.01636e-19
6.5038e-20
4.15255e-20
2.6454e-20
1.6815e-20
1.06643e-20
6.74834e-21
4.26083e-21
2.68426e-21
1.68729e-21
1.05825e-21
6.62248e-22
4.13515e-22
2.57631e-22
1.60156e-22
9.93407e-23
6.14825e-23
3.79679e-23
2.3395e-23
1.43837e-23
8.82399e-24
5.40135e-24
3.29902e-24
2.01055e-24
1.22262e-24
7.41849e-25
4.49148e-25
2.7134e-25
1.63565e-25
9.83822e-26
5.90469e-26
3.53616e-26
2.11311e-26
1.25999e-26
7.49668e-27
4.45071e-27
2.63662e-27
1.55857e-27
9.1932e-28
5.41089e-28
3.17784e-28
1.86235e-28
1.08906e-28
6.35495e-29
3.7003e-29
2.14996e-29
1.2465e-29
7.21147e-30
4.16319e-30
2.39828e-30
1.37863e-30
7.908e-31
4.52649e-31
2.58543e-31
1.4736e-31
8.3812e-32
4.75675e-32
2.69398e-32
1.52251e-32
8.58631e-33
4.8321e-33
2.71363e-33
1.52072e-33
8.50419e-34
4.74575e-34
2.6428e-34
1.46863e-34
8.14425e-35
4.50693e-35
2.48887e-35
1.37157e-35
7.5427e-36
4.13934e-36
2.2669e-36
1.23888e-36
6.75658e-37
3.67725e-37
1.99719e-37
1.08247e-37
5.85487e-38
3.16025e-38
1.70227e-38
9.15047e-39
4.90868e-39
2.6278e-39
1.40388e-39
7.48476e-40
3.98232e-40
2.11449e-40
1.12044e-40
5.92498e-41
3.12679e-41
1.64675e-41
8.65512e-42
4.53981e-42
2.37641e-42
1.24144e-42
6.47216e-43
3.36742e-43
1.74851e-43
9.06075e-44
4.68582e-44
2.41843e-44
1.24569e-44
6.40346e-45
3.2851e-45
1.68196e-45
8.59433e-46
4.38271e-46
2.23053e-46
1.13294e-46
5.74306e-47
2.90547e-47
1.467e-47
7.3923e-48
3.71768e-48
1.86597e-48
9.34717e-49
4.67304e-49
2.33165e-49
1.16111e-49
5.77072e-50
2.86243e-50
1.41706e-50
7.0015e-51
3.45259e-51
1.69923e-51
8.34664e-52
4.0919e-52
2.00214e-52
9.77732e-53
4.76543e-53
2.31816e-53
1.1255e-53
5.45388e-54
2.63772e-54
1.27325e-54
6.13426e-55
2.94969e-55
1.41565e-55
6.78113e-56
3.24203e-56
1.54703e-56
7.36806e-57
3.50249e-57
1.66178e-57
7.86943e-58
3.71952e-58
1.75471e-58
8.2623e-59
3.88306e-59
1.82148e-59
8.52815e-60
3.98534e-60
1.85891e-60
8.65432e-61
4.02153e-61
1.86524e-61
8.63502e-62
3.99006e-62
1.84027e-62
8.47177e-63
3.89275e-63
1.78537e-63
8.17323e-64
3.73466e-64
1.70335e-64
7.75442e-65
3.52364e-65
1.5982e-65
7.23552e-66
3.26969e-66
1.47484e-66
6.64021e-67
2.98416e-67
1.33865e-67
5.99397e-68
2.67897e-68
1.19516e-68
5.32224e-69
2.36576e-69
1.04967e-69
4.6489e-70
2.05521e-70
9.06934e-71
3.99492e-71
1.75653e-71
7.70935e-72
3.37751e-72
1.47704e-72
6.44776e-73
2.80959e-73
1.22208e-73
5.3061e-74
2.29972e-74
9.94942e-75
4.2968e-75
1.85233e-75
7.9711e-76
3.4241e-76
1.46826e-76
6.28474e-77
2.68537e-77
1.14539e-77
4.87677e-78
2.07275e-78
8.79417e-79
3.72459e-79
1.57471e-79
6.64597e-80
2.79998e-80
1.17758e-80
4.94389e-81
2.07199e-81
8.66859e-82
3.62037e-82
1.50939e-82
6.28198e-83
2.60998e-83
1.08249e-83
4.4819e-84
1.85246e-84
7.64338e-85
3.14828e-85
1.29453e-85
5.31382e-86
2.17748e-86
8.90753e-87
3.63761e-87
1.48297e-87
6.03541e-88
2.45211e-88
9.94566e-89
4.02706e-89
1.62781e-89
6.56876e-90
2.64623e-90
1.06423e-90
4.27276e-91
1.71257e-91
6.85263e-92
2.73738e-92
1.09164e-92
4.34608e-93
1.72738e-93
6.85406e-94
2.71508e-94
1.07372e-94
4.23911e-95
1.67084e-95
6.57465e-96
2.58278e-96
1.01294e-96
3.96604e-97
1.55029e-97
6.04992e-98
2.35705e-98
9.16796e-99
3.56009e-99
1.38018e-99
5.34189e-100
2.06416e-100
7.96306e-101
3.06701e-101
1.17949e-101
4.53247e-102
1.7491e-102
7.00754e-103
3.50364e-103
)
;

boundaryField
{
    sides
    {
        type            zeroGradient;
    }
    empty
    {
        type            empty;
    }
}


// ************************************************************************* //
