/*--------------------------------*- C++ -*----------------------------------*\
  =========                 |
  \\      /  F ield         | OpenFOAM: The Open Source CFD Toolbox
   \\    /   O peration     | Website:  https://openfoam.org
    \\  /    A nd           | Version:  13
     \\/     M anipulation  |
\*---------------------------------------------------------------------------*/
FoamFile
{
    format      ascii;
    class       volScalarField;
    location    "1.41";
    object      T;
}
// * * * * * * * * * * * * * * * * * * * * * * * * * * * * * * * * * * * * * //

dimensions      [0 0 0 1 0 0 0];

internalField   nonuniform List<scalar> 
1000
(
8.85183e-137
2.41022e-136
8.07178e-136
2.75375e-135
9.39384e-135
3.19912e-134
1.08749e-133
3.68996e-133
1.24974e-132
4.22488e-132
1.42563e-131
4.80171e-131
1.61428e-130
5.41696e-130
1.81436e-129
6.06574e-129
2.0241e-128
6.74167e-128
2.24125e-127
7.43699e-127
2.46314e-126
8.14258e-126
2.68668e-125
8.8481e-125
2.90845e-124
9.54224e-124
3.12474e-123
1.0213e-122
3.33167e-122
1.08478e-121
3.52528e-121
1.14344e-120
3.70168e-120
1.19605e-119
3.85714e-119
1.24149e-118
3.98825e-118
1.27873e-117
4.09201e-117
1.30692e-116
4.166e-116
1.32538e-115
4.20839e-115
1.33365e-114
4.2181e-114
1.3315e-113
4.19478e-113
1.31894e-112
4.13887e-112
1.29623e-111
4.05156e-111
1.26387e-110
3.93477e-110
1.22257e-109
3.79105e-109
1.17322e-108
3.62354e-108
1.1169e-107
3.43578e-107
1.05478e-106
3.23166e-106
9.88127e-106
3.01524e-105
9.18231e-105
2.79062e-104
8.46385e-104
2.56183e-103
7.73835e-103
2.3327e-102
7.01748e-102
2.10675e-101
6.3118e-101
1.88712e-100
5.63057e-100
1.67652e-99
4.98157e-99
1.47715e-98
4.37101e-98
1.29073e-97
3.80352e-97
1.11848e-96
3.2822e-96
9.61152e-96
2.80872e-95
8.19052e-95
2.38342e-94
6.92109e-94
2.00554e-93
5.7992e-93
1.67334e-92
4.81814e-92
1.38436e-91
3.96912e-91
1.13556e-90
3.24191e-90
9.23546e-90
2.62533e-89
7.4469e-89
2.10781e-88
5.9532e-88
1.67776e-87
4.71812e-87
1.32393e-86
3.70697e-86
1.03568e-85
2.88725e-85
8.03146e-85
2.22922e-84
6.17391e-84
1.70613e-83
4.70445e-83
1.29434e-82
3.55325e-82
9.73291e-82
2.66009e-81
7.25415e-81
1.97383e-80
5.35876e-80
1.45161e-79
3.92339e-79
1.05804e-78
2.84685e-78
7.64277e-78
2.04719e-77
5.47124e-77
1.45892e-76
3.88142e-76
1.0303e-75
2.72867e-75
7.21021e-75
1.90087e-74
4.99994e-74
1.31214e-73
3.43559e-73
8.97476e-73
2.33907e-72
6.08221e-72
1.57788e-71
4.08398e-71
1.05459e-70
2.7169e-70
6.98316e-70
1.79068e-69
4.58107e-69
1.16923e-68
2.97723e-68
7.5632e-68
1.91679e-67
4.84641e-67
1.22247e-66
3.07631e-66
7.72306e-66
1.93427e-65
4.83293e-65
1.20467e-64
2.99563e-64
7.43136e-64
1.8391e-63
4.54047e-63
1.11828e-62
2.74759e-62
6.73448e-62
1.64666e-61
4.01655e-61
9.77339e-61
2.37236e-60
5.74457e-60
1.38763e-59
3.34368e-59
8.03735e-59
1.92723e-58
4.60984e-58
1.09993e-57
2.61803e-57
6.21597e-57
1.4722e-56
3.47812e-56
8.19676e-56
1.92689e-55
4.51844e-55
1.0569e-54
2.46597e-54
5.73922e-54
1.33237e-53
3.08535e-53
7.12665e-53
1.64198e-52
3.77355e-52
8.65028e-52
1.9779e-51
4.51101e-51
1.0262e-50
2.32854e-50
5.27011e-50
1.18971e-49
2.67884e-49
6.01636e-49
1.34772e-48
3.01122e-48
6.71059e-48
1.4916e-47
3.30685e-47
7.31216e-47
1.61266e-46
3.54737e-46
7.78275e-46
1.70302e-45
3.71677e-45
8.09036e-45
1.7564e-44
3.80307e-44
8.21285e-44
1.7689e-43
3.79977e-43
8.14059e-43
1.73939e-42
3.70662e-42
7.87768e-42
1.66976e-41
3.52974e-41
7.44156e-41
1.56464e-40
3.2809e-40
6.86116e-40
1.43095e-39
2.97628e-39
6.17365e-39
1.27711e-38
2.63468e-38
5.42054e-38
1.11216e-37
2.27562e-37
4.64345e-37
9.449e-37
1.91749e-36
3.88045e-36
7.8312e-36
1.57605e-35
3.16306e-35
6.33049e-35
1.26344e-34
2.51457e-34
4.99064e-34
9.87717e-34
1.94936e-33
3.83644e-33
7.52912e-33
1.47345e-32
2.8754e-32
5.59543e-32
1.08577e-31
2.10092e-31
4.05364e-31
7.79909e-31
1.49625e-30
2.86235e-30
5.46006e-30
1.03855e-29
1.96974e-29
3.72512e-29
7.02459e-29
1.32083e-28
2.47639e-28
4.62947e-28
8.62947e-28
1.60389e-27
2.97236e-27
5.49239e-27
1.01194e-26
1.85898e-26
3.40506e-26
6.21871e-26
1.1324e-25
2.05598e-25
3.72184e-25
6.71762e-25
1.20889e-24
2.16907e-24
3.88035e-24
6.92114e-24
1.23081e-23
2.18228e-23
3.85774e-23
6.79919e-23
1.19476e-22
2.09315e-22
3.65609e-22
6.36688e-22
1.10542e-21
1.91346e-21
3.30215e-21
5.68146e-21
9.74557e-21
1.66662e-20
2.84148e-20
4.82982e-20
8.18453e-20
1.38271e-19
2.32884e-19
3.91037e-19
6.54584e-19
1.09239e-18
1.81743e-18
3.01438e-18
4.98426e-18
8.21602e-18
1.35014e-17
2.21184e-17
3.61228e-17
5.88112e-17
9.54529e-17
1.54442e-16
2.4911e-16
4.00552e-16
6.42053e-16
1.02594e-15
1.63424e-15
2.59505e-15
4.10783e-15
6.48206e-15
1.01964e-14
1.59886e-14
2.49923e-14
3.89428e-14
6.04889e-14
9.36587e-14
1.44559e-13
2.22413e-13
3.41113e-13
5.21499e-13
7.94742e-13
1.2073e-12
1.82817e-12
2.75949e-12
4.15197e-12
6.22714e-12
9.30961e-12
1.38733e-11
2.0608e-11
3.05137e-11
4.50356e-11
6.62549e-11
9.71586e-11
1.42018e-10
2.0692e-10
3.00509e-10
4.35019e-10
6.27701e-10
9.02797e-10
1.29425e-09
1.84943e-09
2.6342e-09
3.73978e-09
5.29214e-09
7.46455e-09
1.04945e-08
1.47063e-08
2.05413e-08
2.85981e-08
3.96852e-08
5.4891e-08
7.56752e-08
1.03989e-07
1.42429e-07
1.94441e-07
2.6458e-07
3.58841e-07
4.85092e-07
6.53616e-07
8.77803e-07
1.17502e-06
1.56773e-06
2.08484e-06
2.76342e-06
3.65086e-06
4.80748e-06
6.30979e-06
8.25441e-06
1.07629e-05
1.39878e-05
1.81194e-05
2.33944e-05
3.01061e-05
3.86164e-05
4.93702e-05
6.2912e-05
7.99059e-05
0.000101158
0.000127644
0.000160538
0.00020125
0.000251462
0.000313177
0.000388768
0.000481033
0.000593257
0.000729285
0.000893592
0.00109136
0.00132859
0.00161215
0.00194991
0.00235083
0.00282505
0.00338401
0.00404055
0.00480901
0.00570533
0.00674711
0.0079537
0.00934629
0.0109479
0.0127835
0.0148797
0.0172654
0.0199707
0.0230278
0.0264703
0.030333
0.0346522
0.0394645
0.0448075
0.0507188
0.0572357
0.0643949
0.0722319
0.0807807
0.0900729
0.100138
0.111
0.122683
0.135203
0.148572
0.162799
0.177884
0.193823
0.210604
0.228208
0.246613
0.265784
0.285684
0.306267
0.327481
0.349267
0.371563
0.394298
0.4174
0.440791
0.46439
0.488116
0.511884
0.53561
0.559209
0.5826
0.605702
0.628437
0.650733
0.672519
0.693733
0.714316
0.734216
0.753387
0.771791
0.789396
0.806177
0.822116
0.837201
0.851427
0.864797
0.877316
0.888999
0.899861
0.909925
0.919217
0.927764
0.9356
0.942758
0.949273
0.955182
0.960522
0.96533
0.969644
0.9735
0.976934
0.97998
0.982672
0.98504
0.987115
0.988924
0.990493
0.991845
0.993001
0.993981
0.994802
0.995478
0.996023
0.996446
0.996756
0.996959
0.997059
0.997059
0.996959
0.996756
0.996446
0.996023
0.995478
0.994802
0.993981
0.993001
0.991845
0.990493
0.988924
0.987115
0.98504
0.982672
0.97998
0.976934
0.9735
0.969644
0.96533
0.960522
0.955182
0.949273
0.942758
0.9356
0.927764
0.919217
0.909925
0.899861
0.888999
0.877316
0.864797
0.851427
0.837201
0.822116
0.806177
0.789396
0.771791
0.753387
0.734216
0.714316
0.693733
0.672519
0.650733
0.628437
0.605702
0.5826
0.559209
0.53561
0.511884
0.488116
0.46439
0.440791
0.4174
0.394298
0.371563
0.349267
0.327481
0.306267
0.285684
0.265784
0.246613
0.228208
0.210604
0.193823
0.177884
0.162799
0.148572
0.135203
0.122683
0.111
0.100138
0.0900729
0.0807807
0.0722319
0.0643949
0.0572357
0.0507188
0.0448075
0.0394645
0.0346522
0.030333
0.0264703
0.0230278
0.0199707
0.0172654
0.0148797
0.0127835
0.0109479
0.00934629
0.0079537
0.00674711
0.00570533
0.00480901
0.00404055
0.00338401
0.00282505
0.00235083
0.00194991
0.00161215
0.00132859
0.00109136
0.000893592
0.000729285
0.000593257
0.000481033
0.000388768
0.000313177
0.000251462
0.00020125
0.000160538
0.000127644
0.000101158
7.99059e-05
6.2912e-05
4.93702e-05
3.86164e-05
3.01061e-05
2.33944e-05
1.81194e-05
1.39878e-05
1.07629e-05
8.25441e-06
6.30979e-06
4.80748e-06
3.65086e-06
2.76342e-06
2.08484e-06
1.56773e-06
1.17502e-06
8.77803e-07
6.53616e-07
4.85092e-07
3.58841e-07
2.6458e-07
1.94441e-07
1.42429e-07
1.03989e-07
7.56752e-08
5.4891e-08
3.96852e-08
2.85981e-08
2.05413e-08
1.47063e-08
1.04945e-08
7.46455e-09
5.29214e-09
3.73978e-09
2.6342e-09
1.84943e-09
1.29425e-09
9.02797e-10
6.27701e-10
4.35019e-10
3.00509e-10
2.0692e-10
1.42018e-10
9.71586e-11
6.62549e-11
4.50356e-11
3.05137e-11
2.0608e-11
1.38733e-11
9.30961e-12
6.22714e-12
4.15197e-12
2.75949e-12
1.82817e-12
1.2073e-12
7.94742e-13
5.21499e-13
3.41113e-13
2.22413e-13
1.44559e-13
9.36587e-14
6.04889e-14
3.89428e-14
2.49923e-14
1.59886e-14
1.01964e-14
6.48206e-15
4.10783e-15
2.59505e-15
1.63424e-15
1.02594e-15
6.42053e-16
4.00552e-16
2.4911e-16
1.54442e-16
9.54529e-17
5.88112e-17
3.61228e-17
2.21184e-17
1.35014e-17
8.21602e-18
4.98426e-18
3.01438e-18
1.81743e-18
1.09239e-18
6.54584e-19
3.91037e-19
2.32884e-19
1.38271e-19
8.18453e-20
4.82982e-20
2.84148e-20
1.66662e-20
9.74557e-21
5.68146e-21
3.30215e-21
1.91346e-21
1.10542e-21
6.36688e-22
3.65609e-22
2.09315e-22
1.19476e-22
6.79919e-23
3.85774e-23
2.18228e-23
1.23081e-23
6.92114e-24
3.88035e-24
2.16907e-24
1.20889e-24
6.71762e-25
3.72184e-25
2.05598e-25
1.1324e-25
6.21871e-26
3.40506e-26
1.85898e-26
1.01194e-26
5.49239e-27
2.97236e-27
1.60389e-27
8.62947e-28
4.62947e-28
2.47639e-28
1.32083e-28
7.02459e-29
3.72512e-29
1.96974e-29
1.03855e-29
5.46006e-30
2.86235e-30
1.49625e-30
7.79909e-31
4.05364e-31
2.10092e-31
1.08577e-31
5.59543e-32
2.8754e-32
1.47345e-32
7.52912e-33
3.83644e-33
1.94936e-33
9.87717e-34
4.99064e-34
2.51457e-34
1.26344e-34
6.33049e-35
3.16306e-35
1.57605e-35
7.8312e-36
3.88045e-36
1.91749e-36
9.449e-37
4.64345e-37
2.27562e-37
1.11216e-37
5.42054e-38
2.63468e-38
1.27711e-38
6.17365e-39
2.97628e-39
1.43095e-39
6.86116e-40
3.2809e-40
1.56464e-40
7.44156e-41
3.52974e-41
1.66976e-41
7.87768e-42
3.70662e-42
1.73939e-42
8.14059e-43
3.79977e-43
1.7689e-43
8.21285e-44
3.80307e-44
1.7564e-44
8.09036e-45
3.71677e-45
1.70302e-45
7.78275e-46
3.54737e-46
1.61266e-46
7.31216e-47
3.30685e-47
1.4916e-47
6.71059e-48
3.01122e-48
1.34772e-48
6.01636e-49
2.67884e-49
1.18971e-49
5.27011e-50
2.32854e-50
1.0262e-50
4.51101e-51
1.9779e-51
8.65028e-52
3.77355e-52
1.64198e-52
7.12665e-53
3.08535e-53
1.33237e-53
5.73922e-54
2.46597e-54
1.0569e-54
4.51844e-55
1.92689e-55
8.19676e-56
3.47812e-56
1.4722e-56
6.21597e-57
2.61803e-57
1.09993e-57
4.60984e-58
1.92723e-58
8.03735e-59
3.34368e-59
1.38763e-59
5.74457e-60
2.37236e-60
9.77339e-61
4.01655e-61
1.64666e-61
6.73448e-62
2.74759e-62
1.11828e-62
4.54047e-63
1.8391e-63
7.43136e-64
2.99563e-64
1.20467e-64
4.83293e-65
1.93427e-65
7.72306e-66
3.07631e-66
1.22247e-66
4.84641e-67
1.91679e-67
7.5632e-68
2.97723e-68
1.16923e-68
4.58107e-69
1.79068e-69
6.98316e-70
2.7169e-70
1.05459e-70
4.08398e-71
1.57788e-71
6.08221e-72
2.33907e-72
8.97476e-73
3.43559e-73
1.31214e-73
4.99994e-74
1.90087e-74
7.21021e-75
2.72867e-75
1.0303e-75
3.88142e-76
1.45892e-76
5.47124e-77
2.04719e-77
7.64277e-78
2.84685e-78
1.05804e-78
3.92339e-79
1.45161e-79
5.35876e-80
1.97383e-80
7.25415e-81
2.66009e-81
9.73291e-82
3.55325e-82
1.29434e-82
4.70445e-83
1.70613e-83
6.17391e-84
2.22922e-84
8.03146e-85
2.88725e-85
1.03568e-85
3.70697e-86
1.32393e-86
4.71812e-87
1.67776e-87
5.9532e-88
2.10781e-88
7.4469e-89
2.62533e-89
9.23546e-90
3.24191e-90
1.13556e-90
3.96912e-91
1.38436e-91
4.81814e-92
1.67334e-92
5.7992e-93
2.00554e-93
6.92109e-94
2.38342e-94
8.19052e-95
2.80872e-95
9.61152e-96
3.2822e-96
1.11848e-96
3.80352e-97
1.29073e-97
4.37101e-98
1.47715e-98
4.98157e-99
1.67652e-99
5.63057e-100
1.88712e-100
6.3118e-101
2.10675e-101
7.01748e-102
2.3327e-102
7.73835e-103
2.56183e-103
8.46385e-104
2.79062e-104
9.18231e-105
3.01524e-105
9.88127e-106
3.23166e-106
1.05478e-106
3.43578e-107
1.1169e-107
3.62354e-108
1.17322e-108
3.79105e-109
1.22257e-109
3.93477e-110
1.26387e-110
4.05156e-111
1.29623e-111
4.13887e-112
1.31894e-112
4.19478e-113
1.3315e-113
4.2181e-114
1.33365e-114
4.20839e-115
1.32538e-115
4.166e-116
1.30692e-116
4.09201e-117
1.27873e-117
3.98825e-118
1.24149e-118
3.85714e-119
1.19605e-119
3.70168e-120
1.14344e-120
3.52528e-121
1.08478e-121
3.33167e-122
1.0213e-122
3.12474e-123
9.54224e-124
2.90845e-124
8.8481e-125
2.68668e-125
8.14258e-126
2.46314e-126
7.43699e-127
2.24125e-127
6.74167e-128
2.0241e-128
6.06574e-129
1.81436e-129
5.41696e-130
1.61428e-130
4.80171e-131
1.42563e-131
4.22488e-132
1.24974e-132
3.68996e-133
1.08749e-133
3.19912e-134
9.39384e-135
2.75375e-135
8.07178e-136
2.41022e-136
8.85183e-137
)
;

boundaryField
{
    sides
    {
        type            zeroGradient;
    }
    empty
    {
        type            empty;
    }
}


// ************************************************************************* //
