/*--------------------------------*- C++ -*----------------------------------*\
  =========                 |
  \\      /  F ield         | OpenFOAM: The Open Source CFD Toolbox
   \\    /   O peration     | Website:  https://openfoam.org
    \\  /    A nd           | Version:  13
     \\/     M anipulation  |
\*---------------------------------------------------------------------------*/
FoamFile
{
    format      ascii;
    class       volScalarField;
    location    "1.91";
    object      T;
}
// * * * * * * * * * * * * * * * * * * * * * * * * * * * * * * * * * * * * * //

dimensions      [0 0 0 1 0 0 0];

internalField   nonuniform List<scalar> 
1000
(
5.00744e-107
1.03833e-106
2.68614e-106
7.19458e-106
1.93364e-105
5.19193e-105
1.39188e-104
3.72524e-104
9.95369e-104
2.65515e-103
7.07076e-103
1.87982e-102
4.98928e-102
1.322e-101
3.49697e-101
9.2347e-101
2.43456e-100
6.40745e-100
1.68351e-99
4.41581e-99
1.1563e-98
3.02266e-98
7.8881e-98
2.05502e-97
5.34464e-97
1.38765e-96
3.59666e-96
9.30626e-96
2.40384e-95
6.19858e-95
1.59563e-94
4.10038e-94
1.05188e-93
2.69378e-93
6.8866e-93
1.75751e-92
4.47751e-92
1.13874e-91
2.89104e-91
7.32707e-91
1.85374e-90
4.68179e-90
1.18036e-89
2.97069e-89
7.46347e-89
1.87181e-88
4.68619e-88
1.17115e-87
2.92175e-87
7.27624e-87
1.80885e-86
4.48882e-86
1.11197e-85
2.74967e-85
6.78734e-85
1.67242e-84
4.11357e-84
1.00999e-83
2.47538e-83
6.05603e-83
1.47896e-82
3.60536e-82
8.77325e-82
2.13104e-81
5.16703e-81
1.25057e-80
3.02128e-80
7.28599e-80
1.75388e-79
4.2143e-79
1.01079e-78
2.41997e-78
5.7832e-78
1.37954e-77
3.2848e-77
7.80709e-77
1.85215e-76
4.38597e-76
1.03672e-75
2.446e-75
5.76041e-75
1.3541e-74
3.17722e-74
7.44117e-74
1.73953e-73
4.059e-73
9.45368e-73
2.19774e-72
5.09969e-72
1.18114e-71
2.73056e-71
6.30072e-71
1.45116e-70
3.33603e-70
7.65472e-70
1.75313e-69
4.00757e-69
9.1439e-69
2.0824e-68
4.73343e-68
1.07391e-67
2.43185e-67
5.49646e-67
1.23995e-66
2.79192e-66
6.27443e-66
1.4074e-65
3.15089e-65
7.04074e-65
1.57026e-64
3.49539e-64
7.76578e-64
1.72203e-63
3.8112e-63
8.4187e-63
1.85606e-62
4.08413e-62
8.96949e-62
1.96605e-61
4.30111e-61
9.39123e-61
2.04654e-60
4.45116e-60
9.66226e-60
2.09333e-59
4.52634e-59
9.76802e-59
2.10385e-58
4.52243e-58
9.7023e-58
2.07741e-57
4.43932e-57
9.46788e-57
2.01526e-56
4.28105e-56
9.07632e-56
1.92047e-55
4.05549e-55
8.54703e-55
1.79772e-54
3.77367e-54
7.90566e-54
1.65289e-53
3.44891e-53
7.18204e-53
1.4926e-52
3.09575e-52
6.40787e-52
1.32369e-51
2.72888e-51
5.6144e-51
1.15278e-50
2.36215e-50
4.83045e-50
9.85795e-50
2.00772e-49
4.0807e-49
8.27714e-49
1.67548e-48
3.38464e-48
6.82332e-48
1.37274e-47
2.75608e-47
5.52206e-47
1.10412e-46
2.20313e-46
4.38698e-46
8.71755e-46
1.72872e-45
3.42104e-45
6.756e-45
1.33143e-44
2.61847e-44
5.1389e-44
1.00644e-43
1.96699e-43
3.83625e-43
7.46627e-43
1.45008e-42
2.8104e-42
5.43541e-42
1.04902e-41
2.02033e-41
3.88279e-41
7.44646e-41
1.42507e-40
2.72149e-40
5.18628e-40
9.86245e-40
1.8715e-39
3.54383e-39
6.69625e-39
1.2626e-38
2.37558e-38
4.46013e-38
8.35596e-38
1.56212e-37
2.91409e-37
5.42446e-37
1.00758e-36
1.86751e-36
3.45394e-36
6.37422e-36
1.17382e-35
2.15694e-35
3.95488e-35
7.2358e-35
1.32098e-34
2.40638e-34
4.37408e-34
7.93345e-34
1.43579e-33
2.59281e-33
4.67198e-33
8.40004e-33
1.50699e-32
2.69765e-32
4.81844e-32
8.58761e-32
1.52715e-31
2.70979e-31
4.79766e-31
8.47547e-31
1.49396e-30
2.62755e-30
4.61105e-30
8.07393e-30
1.4106e-29
2.459e-29
4.27707e-29
7.42274e-29
1.28533e-28
2.22071e-28
3.82823e-28
6.58464e-28
1.13004e-27
1.93498e-27
3.30588e-27
5.63532e-27
9.58457e-27
1.62648e-26
2.75386e-26
4.65217e-26
7.84126e-26
1.31866e-25
2.21257e-25
3.70402e-25
6.18677e-25
1.03102e-24
1.71428e-24
2.84384e-24
4.70694e-24
7.77286e-24
1.28065e-23
2.10516e-23
3.45259e-23
5.64948e-23
9.22307e-23
1.50226e-22
2.44126e-22
3.95808e-22
6.40256e-22
1.03329e-21
1.66374e-21
2.67267e-21
4.28351e-21
6.84935e-21
1.09268e-20
1.7391e-20
2.76154e-20
4.37488e-20
6.91466e-20
1.09034e-19
1.71531e-19
2.69222e-19
4.21563e-19
6.58564e-19
1.0264e-18
1.59595e-18
2.47574e-18
3.8315e-18
5.9158e-18
9.11249e-18
1.40036e-17
2.14693e-17
3.28377e-17
5.01075e-17
7.62794e-17
1.15847e-16
1.75524e-16
2.65314e-16
4.00087e-16
6.01892e-16
9.03342e-16
1.35255e-15
2.02034e-15
3.01066e-15
4.47573e-15
6.63792e-15
9.82121e-15
1.44964e-14
2.13462e-14
3.13575e-14
4.59542e-14
6.71844e-14
9.79877e-14
1.42572e-13
2.06945e-13
2.99663e-13
4.32881e-13
6.23821e-13
8.96825e-13
1.2862e-12
1.8402e-12
2.62649e-12
3.73972e-12
5.31194e-12
7.52697e-12
1.06399e-11
1.50039e-11
2.11068e-11
2.96203e-11
4.14672e-11
5.79119e-11
8.06823e-11
1.12134e-10
1.55467e-10
2.15025e-10
2.96677e-10
4.08341e-10
5.60669e-10
7.67952e-10
1.04931e-09
1.43027e-09
1.9448e-09
2.63799e-09
3.56954e-09
4.8183e-09
6.48807e-09
8.71521e-09
1.16783e-08
1.56107e-08
2.08163e-08
2.76901e-08
3.67439e-08
4.86388e-08
6.42273e-08
8.46048e-08
1.11175e-07
1.45733e-07
1.90567e-07
2.48584e-07
3.23471e-07
4.1989e-07
5.43717e-07
7.0234e-07
9.05021e-07
1.16334e-06
1.49174e-06
1.90816e-06
2.43486e-06
3.09935e-06
3.93554e-06
4.98512e-06
6.29918e-06
7.94018e-06
9.98423e-06
1.25238e-05
1.5671e-05
1.95613e-05
2.43577e-05
3.02562e-05
3.74914e-05
4.63436e-05
5.71464e-05
7.02957e-05
8.62603e-05
0.000105593
0.000128944
0.000157077
0.000190884
0.000231403
0.000279844
0.000337606
0.000406304
0.000487799
0.000584225
0.000698023
0.000831978
0.000989251
0.00117343
0.00138855
0.00163916
0.00193037
0.00226788
0.00265803
0.00310787
0.00362519
0.00421856
0.00489741
0.00567203
0.00655363
0.00755441
0.0086875
0.00996707
0.0114083
0.0130274
0.0148416
0.0168692
0.0191292
0.0216418
0.0244281
0.0275096
0.0309089
0.0346489
0.0387532
0.0432453
0.0481491
0.0534885
0.0592869
0.0655674
0.0723524
0.079663
0.0875197
0.0959411
0.104944
0.114544
0.124753
0.135583
0.147039
0.159128
0.171851
0.185206
0.199187
0.213786
0.22899
0.244784
0.261146
0.278053
0.295477
0.313388
0.33175
0.350526
0.369674
0.389152
0.408912
0.428907
0.449087
0.469399
0.48979
0.510209
0.530601
0.550913
0.571092
0.591087
0.610847
0.630325
0.649473
0.668249
0.686611
0.704521
0.721944
0.73885
0.755211
0.771003
0.786206
0.800803
0.814782
0.828133
0.840852
0.852936
0.864387
0.875209
0.88541
0.894999
0.903989
0.912394
0.920231
0.927519
0.934275
0.940522
0.94628
0.951571
0.956417
0.960841
0.964863
0.968507
0.971792
0.97474
0.977369
0.979697
0.981742
0.983519
0.985042
0.986324
0.987375
0.988205
0.98882
0.989228
0.989431
0.989431
0.989228
0.98882
0.988205
0.987375
0.986324
0.985042
0.983519
0.981742
0.979697
0.977369
0.97474
0.971792
0.968507
0.964863
0.960841
0.956417
0.951571
0.94628
0.940522
0.934275
0.927519
0.920231
0.912394
0.903989
0.894999
0.88541
0.875209
0.864387
0.852936
0.840852
0.828133
0.814782
0.800803
0.786206
0.771003
0.755211
0.73885
0.721944
0.704521
0.686611
0.668249
0.649473
0.630325
0.610847
0.591087
0.571092
0.550913
0.530601
0.510209
0.48979
0.469399
0.449087
0.428907
0.408912
0.389152
0.369674
0.350526
0.33175
0.313388
0.295477
0.278053
0.261146
0.244784
0.22899
0.213786
0.199187
0.185206
0.171851
0.159128
0.147039
0.135583
0.124753
0.114544
0.104944
0.0959411
0.0875197
0.079663
0.0723524
0.0655674
0.0592869
0.0534885
0.0481491
0.0432453
0.0387532
0.0346489
0.0309089
0.0275096
0.0244281
0.0216418
0.0191292
0.0168692
0.0148416
0.0130274
0.0114083
0.00996707
0.0086875
0.00755441
0.00655363
0.00567203
0.00489741
0.00421856
0.00362519
0.00310787
0.00265803
0.00226788
0.00193037
0.00163916
0.00138855
0.00117343
0.000989251
0.000831978
0.000698023
0.000584225
0.000487799
0.000406304
0.000337606
0.000279844
0.000231403
0.000190884
0.000157077
0.000128944
0.000105593
8.62603e-05
7.02957e-05
5.71464e-05
4.63436e-05
3.74914e-05
3.02562e-05
2.43577e-05
1.95613e-05
1.5671e-05
1.25238e-05
9.98423e-06
7.94018e-06
6.29918e-06
4.98512e-06
3.93554e-06
3.09935e-06
2.43486e-06
1.90816e-06
1.49174e-06
1.16334e-06
9.05021e-07
7.0234e-07
5.43717e-07
4.1989e-07
3.23471e-07
2.48584e-07
1.90567e-07
1.45733e-07
1.11175e-07
8.46048e-08
6.42273e-08
4.86388e-08
3.67439e-08
2.76901e-08
2.08163e-08
1.56107e-08
1.16783e-08
8.71521e-09
6.48807e-09
4.8183e-09
3.56954e-09
2.63799e-09
1.9448e-09
1.43027e-09
1.04931e-09
7.67952e-10
5.60669e-10
4.08341e-10
2.96677e-10
2.15025e-10
1.55467e-10
1.12134e-10
8.06823e-11
5.79119e-11
4.14672e-11
2.96203e-11
2.11068e-11
1.50039e-11
1.06399e-11
7.52697e-12
5.31194e-12
3.73972e-12
2.62649e-12
1.8402e-12
1.2862e-12
8.96825e-13
6.23821e-13
4.32881e-13
2.99663e-13
2.06945e-13
1.42572e-13
9.79877e-14
6.71844e-14
4.59542e-14
3.13575e-14
2.13462e-14
1.44964e-14
9.82121e-15
6.63792e-15
4.47573e-15
3.01066e-15
2.02034e-15
1.35255e-15
9.03342e-16
6.01892e-16
4.00087e-16
2.65314e-16
1.75524e-16
1.15847e-16
7.62794e-17
5.01075e-17
3.28377e-17
2.14693e-17
1.40036e-17
9.11249e-18
5.9158e-18
3.8315e-18
2.47574e-18
1.59595e-18
1.0264e-18
6.58564e-19
4.21563e-19
2.69222e-19
1.71531e-19
1.09034e-19
6.91466e-20
4.37488e-20
2.76154e-20
1.7391e-20
1.09268e-20
6.84935e-21
4.28351e-21
2.67267e-21
1.66374e-21
1.03329e-21
6.40256e-22
3.95808e-22
2.44126e-22
1.50226e-22
9.22307e-23
5.64948e-23
3.45259e-23
2.10516e-23
1.28065e-23
7.77286e-24
4.70694e-24
2.84384e-24
1.71428e-24
1.03102e-24
6.18677e-25
3.70402e-25
2.21257e-25
1.31866e-25
7.84126e-26
4.65217e-26
2.75386e-26
1.62648e-26
9.58457e-27
5.63532e-27
3.30588e-27
1.93498e-27
1.13004e-27
6.58464e-28
3.82823e-28
2.22071e-28
1.28533e-28
7.42274e-29
4.27707e-29
2.459e-29
1.4106e-29
8.07393e-30
4.61105e-30
2.62755e-30
1.49396e-30
8.47547e-31
4.79766e-31
2.70979e-31
1.52715e-31
8.58761e-32
4.81844e-32
2.69765e-32
1.50699e-32
8.40004e-33
4.67198e-33
2.59281e-33
1.43579e-33
7.93345e-34
4.37408e-34
2.40638e-34
1.32098e-34
7.2358e-35
3.95488e-35
2.15694e-35
1.17382e-35
6.37422e-36
3.45394e-36
1.86751e-36
1.00758e-36
5.42446e-37
2.91409e-37
1.56212e-37
8.35596e-38
4.46013e-38
2.37558e-38
1.2626e-38
6.69625e-39
3.54383e-39
1.8715e-39
9.86245e-40
5.18628e-40
2.72149e-40
1.42507e-40
7.44646e-41
3.88279e-41
2.02033e-41
1.04902e-41
5.43541e-42
2.8104e-42
1.45008e-42
7.46627e-43
3.83625e-43
1.96699e-43
1.00644e-43
5.1389e-44
2.61847e-44
1.33143e-44
6.756e-45
3.42104e-45
1.72872e-45
8.71755e-46
4.38698e-46
2.20313e-46
1.10412e-46
5.52206e-47
2.75608e-47
1.37274e-47
6.82332e-48
3.38464e-48
1.67548e-48
8.27714e-49
4.0807e-49
2.00772e-49
9.85795e-50
4.83045e-50
2.36215e-50
1.15278e-50
5.6144e-51
2.72888e-51
1.32369e-51
6.40787e-52
3.09575e-52
1.4926e-52
7.18204e-53
3.44891e-53
1.65289e-53
7.90566e-54
3.77367e-54
1.79772e-54
8.54703e-55
4.05549e-55
1.92047e-55
9.07632e-56
4.28105e-56
2.01526e-56
9.46788e-57
4.43932e-57
2.07741e-57
9.7023e-58
4.52243e-58
2.10385e-58
9.76802e-59
4.52634e-59
2.09333e-59
9.66226e-60
4.45116e-60
2.04654e-60
9.39123e-61
4.30111e-61
1.96605e-61
8.96949e-62
4.08413e-62
1.85606e-62
8.4187e-63
3.8112e-63
1.72203e-63
7.76578e-64
3.49539e-64
1.57026e-64
7.04074e-65
3.15089e-65
1.4074e-65
6.27443e-66
2.79192e-66
1.23995e-66
5.49646e-67
2.43185e-67
1.07391e-67
4.73343e-68
2.0824e-68
9.1439e-69
4.00757e-69
1.75313e-69
7.65472e-70
3.33603e-70
1.45116e-70
6.30072e-71
2.73056e-71
1.18114e-71
5.09969e-72
2.19774e-72
9.45368e-73
4.059e-73
1.73953e-73
7.44117e-74
3.17722e-74
1.3541e-74
5.76041e-75
2.446e-75
1.03672e-75
4.38597e-76
1.85215e-76
7.80709e-77
3.2848e-77
1.37954e-77
5.7832e-78
2.41997e-78
1.01079e-78
4.2143e-79
1.75388e-79
7.28599e-80
3.02128e-80
1.25057e-80
5.16703e-81
2.13104e-81
8.77325e-82
3.60536e-82
1.47896e-82
6.05603e-83
2.47538e-83
1.00999e-83
4.11357e-84
1.67242e-84
6.78734e-85
2.74967e-85
1.11197e-85
4.48882e-86
1.80885e-86
7.27624e-87
2.92175e-87
1.17115e-87
4.68619e-88
1.87181e-88
7.46347e-89
2.97069e-89
1.18036e-89
4.68179e-90
1.85374e-90
7.32707e-91
2.89104e-91
1.13874e-91
4.47751e-92
1.75751e-92
6.8866e-93
2.69378e-93
1.05188e-93
4.10038e-94
1.59563e-94
6.19858e-95
2.40384e-95
9.30626e-96
3.59666e-96
1.38765e-96
5.34464e-97
2.05502e-97
7.8881e-98
3.02266e-98
1.1563e-98
4.41581e-99
1.68351e-99
6.40745e-100
2.43456e-100
9.2347e-101
3.49697e-101
1.322e-101
4.98928e-102
1.87982e-102
7.07076e-103
2.65515e-103
9.95369e-104
3.72524e-104
1.39188e-104
5.19193e-105
1.93364e-105
7.19458e-106
2.68614e-106
1.03833e-106
5.00744e-107
)
;

boundaryField
{
    sides
    {
        type            zeroGradient;
    }
    empty
    {
        type            empty;
    }
}


// ************************************************************************* //
