/*--------------------------------*- C++ -*----------------------------------*\
  =========                 |
  \\      /  F ield         | OpenFOAM: The Open Source CFD Toolbox
   \\    /   O peration     | Website:  https://openfoam.org
    \\  /    A nd           | Version:  13
     \\/     M anipulation  |
\*---------------------------------------------------------------------------*/
FoamFile
{
    format      ascii;
    class       volScalarField;
    location    "3.94";
    object      T;
}
// * * * * * * * * * * * * * * * * * * * * * * * * * * * * * * * * * * * * * //

dimensions      [0 0 0 1 0 0 0];

internalField   nonuniform List<scalar> 
1000
(
2.28136e-56
2.97189e-56
4.55872e-56
7.51374e-56
1.2713e-55
2.16926e-55
3.70945e-55
6.34322e-55
1.08392e-54
1.85038e-54
3.15552e-54
5.37539e-54
9.14693e-54
1.55477e-53
2.63985e-53
4.47731e-53
7.58539e-53
1.28369e-52
2.17004e-52
3.66434e-52
6.18083e-52
1.04141e-51
1.75273e-51
2.94666e-51
4.94841e-51
8.30087e-51
1.39092e-50
2.32809e-50
3.89241e-50
6.50064e-50
1.08446e-49
1.80714e-49
3.00806e-49
5.00151e-49
8.30682e-49
1.37812e-48
2.28379e-48
3.78044e-48
6.25097e-48
1.03245e-47
1.70337e-47
2.80714e-47
4.621e-47
7.59843e-47
1.24804e-46
2.04761e-46
3.3557e-46
5.49331e-46
8.98255e-46
1.46717e-45
2.39372e-45
3.90106e-45
6.35047e-45
1.03262e-44
1.67723e-44
2.72117e-44
4.40992e-44
7.13871e-44
1.15431e-43
1.86438e-43
3.00787e-43
4.84726e-43
7.8027e-43
1.2546e-42
2.015e-42
3.23263e-42
5.18022e-42
8.29183e-42
1.32575e-41
2.11731e-41
3.37765e-41
5.38214e-41
8.56653e-41
1.36196e-40
2.16287e-40
3.43087e-40
5.4361e-40
8.60356e-40
1.36012e-39
2.14774e-39
3.38762e-39
5.33721e-39
8.39925e-39
1.3203e-38
2.07306e-38
3.25129e-38
5.09338e-38
7.97005e-38
1.24572e-37
1.94486e-37
3.0329e-37
4.72424e-37
7.3504e-37
1.14234e-36
1.77329e-36
2.74961e-36
4.25857e-36
6.58811e-36
1.01803e-35
1.57131e-35
2.42251e-35
3.73055e-35
5.73827e-35
8.81639e-35
1.35301e-34
2.07403e-34
3.17562e-34
4.85671e-34
7.4192e-34
1.13207e-33
1.72539e-33
2.62665e-33
3.99409e-33
6.06641e-33
9.20332e-33
1.39462e-32
2.1109e-32
3.19137e-32
4.81931e-32
7.26927e-32
1.0952e-31
1.64815e-31
2.47739e-31
3.71955e-31
5.57806e-31
8.35551e-31
1.25014e-30
1.86828e-30
2.78882e-30
4.1581e-30
6.19248e-30
9.2115e-30
1.36865e-29
2.03117e-29
3.01091e-29
4.45803e-29
6.593e-29
9.73906e-29
1.43696e-28
2.11771e-28
3.11733e-28
4.58343e-28
6.7312e-28
9.87387e-28
1.44669e-27
2.11717e-27
3.09476e-27
4.51848e-27
6.58944e-27
9.59835e-27
1.39649e-26
2.0294e-26
2.94571e-26
4.27074e-26
6.18453e-26
8.94543e-26
1.29237e-25
1.86492e-25
2.68798e-25
3.86973e-25
5.56448e-25
7.99205e-25
1.14652e-24
1.64283e-24
2.35122e-24
3.36111e-24
4.79911e-24
6.84425e-24
9.74945e-24
1.38714e-23
1.97129e-23
2.79813e-23
3.96709e-23
5.61777e-23
7.94588e-23
1.12255e-22
1.58401e-22
2.23253e-22
3.14284e-22
4.41908e-22
6.20624e-22
8.70583e-22
1.21977e-21
1.70699e-21
2.38599e-21
3.33113e-21
4.64515e-21
6.46983e-21
9.00056e-21
1.25064e-20
1.73571e-20
2.40606e-20
3.33135e-20
4.60699e-20
6.36353e-20
8.77934e-20
1.20979e-19
1.6651e-19
2.28904e-19
3.14303e-19
4.3105e-19
5.90457e-19
8.07851e-19
1.10397e-18
1.50683e-18
2.05425e-18
2.7972e-18
3.80431e-18
5.16784e-18
7.01171e-18
9.50211e-18
1.28617e-17
1.73882e-17
2.34797e-17
3.16673e-17
4.2659e-17
5.73971e-17
7.71346e-17
1.03535e-16
1.38806e-16
1.85869e-16
2.48591e-16
3.3208e-16
4.43078e-16
5.90469e-16
7.85946e-16
1.04488e-15
1.38746e-15
1.84015e-15
2.4376e-15
3.22516e-15
4.26206e-15
5.62555e-15
7.41632e-15
9.7654e-15
1.28431e-14
1.68705e-14
2.21341e-14
2.90051e-14
3.79634e-14
4.96286e-14
6.48003e-14
8.45082e-14
1.10077e-13
1.4321e-13
1.86092e-13
2.41522e-13
3.13085e-13
4.05364e-13
5.2421e-13
6.77081e-13
8.7348e-13
1.12549e-12
1.44846e-12
1.86186e-12
2.39036e-12
3.06519e-12
3.92578e-12
5.02192e-12
6.41638e-12
8.18816e-12
1.04366e-11
1.32863e-11
1.68938e-11
2.14549e-11
2.72144e-11
3.44785e-11
4.36287e-11
5.51407e-11
6.9606e-11
8.77599e-11
1.10515e-10
1.39002e-10
1.74621e-10
2.19102e-10
2.74581e-10
3.43693e-10
4.29681e-10
5.36532e-10
6.69145e-10
8.33527e-10
1.03704e-09
1.28867e-09
1.59944e-09
1.98274e-09
2.45493e-09
3.0359e-09
3.74982e-09
4.62603e-09
5.70008e-09
7.01502e-09
8.62285e-09
1.05864e-08
1.29814e-08
1.58989e-08
1.94486e-08
2.37622e-08
2.89973e-08
3.53431e-08
4.30256e-08
5.23147e-08
6.35325e-08
7.70626e-08
9.33611e-08
1.1297e-07
1.36533e-07
1.64811e-07
1.98706e-07
2.39282e-07
2.87797e-07
3.4573e-07
4.14825e-07
4.97128e-07
5.95041e-07
7.11381e-07
8.49443e-07
1.01308e-06
1.20678e-06
1.43578e-06
1.70618e-06
2.02507e-06
2.40066e-06
2.8425e-06
3.3616e-06
3.97072e-06
4.68457e-06
5.52012e-06
6.49689e-06
7.63731e-06
8.96713e-06
1.05159e-05
1.23173e-05
1.441e-05
1.68381e-05
1.96517e-05
2.29079e-05
2.66718e-05
3.1017e-05
3.60268e-05
4.17959e-05
4.84308e-05
5.60519e-05
6.47948e-05
7.48121e-05
8.62751e-05
9.9376e-05
0.00011433
0.000131377
0.000150787
0.000172859
0.000197926
0.000226359
0.00025857
0.000295014
0.000336196
0.000382673
0.00043506
0.000494034
0.00056034
0.000634795
0.000718296
0.000811823
0.000916449
0.00103334
0.00116378
0.00130914
0.00147093
0.00165078
0.00185046
0.00207187
0.00231706
0.00258825
0.00288782
0.00321831
0.00358245
0.00398318
0.00442361
0.00490705
0.00543705
0.00601734
0.0066519
0.00734492
0.00810084
0.00892433
0.00982028
0.0107938
0.0118504
0.0129956
0.0142352
0.0155755
0.0170227
0.0185833
0.0202641
0.0220722
0.0240146
0.0260988
0.0283321
0.0307223
0.0332772
0.0360046
0.0389125
0.042009
0.045302
0.0487996
0.0525098
0.0564406
0.0605997
0.064995
0.0696338
0.0745236
0.0796712
0.0850836
0.090767
0.0967275
0.102971
0.109501
0.116325
0.123444
0.130864
0.138586
0.146613
0.154947
0.163587
0.172534
0.181788
0.191345
0.201205
0.211363
0.221816
0.232557
0.243582
0.254883
0.266452
0.278281
0.29036
0.302678
0.315225
0.327989
0.340956
0.354113
0.367446
0.38094
0.39458
0.408348
0.42223
0.436207
0.450262
0.464378
0.478537
0.49272
0.506909
0.521086
0.535232
0.549328
0.563358
0.577301
0.591142
0.604862
0.618443
0.631871
0.645127
0.658196
0.671064
0.683715
0.696135
0.708312
0.720232
0.731883
0.743255
0.754336
0.765117
0.775588
0.785742
0.795571
0.805067
0.814225
0.823039
0.831503
0.839614
0.847367
0.85476
0.86179
0.868454
0.87475
0.880677
0.886235
0.891422
0.896237
0.900681
0.904753
0.908453
0.911783
0.914741
0.917328
0.919545
0.921391
0.922868
0.923976
0.924714
0.925083
0.925083
0.924714
0.923976
0.922868
0.921391
0.919545
0.917328
0.914741
0.911783
0.908453
0.904753
0.900681
0.896237
0.891422
0.886235
0.880677
0.87475
0.868454
0.86179
0.85476
0.847367
0.839614
0.831503
0.823039
0.814225
0.805067
0.795571
0.785742
0.775588
0.765117
0.754336
0.743255
0.731883
0.720232
0.708312
0.696135
0.683715
0.671064
0.658196
0.645127
0.631871
0.618443
0.604862
0.591142
0.577301
0.563358
0.549328
0.535232
0.521086
0.506909
0.49272
0.478537
0.464378
0.450262
0.436207
0.42223
0.408348
0.39458
0.38094
0.367446
0.354113
0.340956
0.327989
0.315225
0.302678
0.29036
0.278281
0.266452
0.254883
0.243582
0.232557
0.221816
0.211363
0.201205
0.191345
0.181788
0.172534
0.163587
0.154947
0.146613
0.138586
0.130864
0.123444
0.116325
0.109501
0.102971
0.0967275
0.090767
0.0850836
0.0796712
0.0745236
0.0696338
0.064995
0.0605997
0.0564406
0.0525098
0.0487996
0.045302
0.042009
0.0389125
0.0360046
0.0332772
0.0307223
0.0283321
0.0260988
0.0240146
0.0220722
0.0202641
0.0185833
0.0170227
0.0155755
0.0142352
0.0129956
0.0118504
0.0107938
0.00982028
0.00892433
0.00810084
0.00734492
0.0066519
0.00601734
0.00543705
0.00490705
0.00442361
0.00398318
0.00358245
0.00321831
0.00288782
0.00258825
0.00231706
0.00207187
0.00185046
0.00165078
0.00147093
0.00130914
0.00116378
0.00103334
0.000916449
0.000811823
0.000718296
0.000634795
0.00056034
0.000494034
0.00043506
0.000382673
0.000336196
0.000295014
0.00025857
0.000226359
0.000197926
0.000172859
0.000150787
0.000131377
0.00011433
9.9376e-05
8.62751e-05
7.48121e-05
6.47948e-05
5.60519e-05
4.84308e-05
4.17959e-05
3.60268e-05
3.1017e-05
2.66718e-05
2.29079e-05
1.96517e-05
1.68381e-05
1.441e-05
1.23173e-05
1.05159e-05
8.96713e-06
7.63731e-06
6.49689e-06
5.52012e-06
4.68457e-06
3.97072e-06
3.3616e-06
2.8425e-06
2.40066e-06
2.02507e-06
1.70618e-06
1.43578e-06
1.20678e-06
1.01308e-06
8.49443e-07
7.11381e-07
5.95041e-07
4.97128e-07
4.14825e-07
3.4573e-07
2.87797e-07
2.39282e-07
1.98706e-07
1.64811e-07
1.36533e-07
1.1297e-07
9.33611e-08
7.70626e-08
6.35325e-08
5.23147e-08
4.30256e-08
3.53431e-08
2.89973e-08
2.37622e-08
1.94486e-08
1.58989e-08
1.29814e-08
1.05864e-08
8.62285e-09
7.01502e-09
5.70008e-09
4.62603e-09
3.74982e-09
3.0359e-09
2.45493e-09
1.98274e-09
1.59944e-09
1.28867e-09
1.03704e-09
8.33527e-10
6.69145e-10
5.36532e-10
4.29681e-10
3.43693e-10
2.74581e-10
2.19102e-10
1.74621e-10
1.39002e-10
1.10515e-10
8.77599e-11
6.9606e-11
5.51407e-11
4.36287e-11
3.44785e-11
2.72144e-11
2.14549e-11
1.68938e-11
1.32863e-11
1.04366e-11
8.18816e-12
6.41638e-12
5.02192e-12
3.92578e-12
3.06519e-12
2.39036e-12
1.86186e-12
1.44846e-12
1.12549e-12
8.7348e-13
6.77081e-13
5.2421e-13
4.05364e-13
3.13085e-13
2.41522e-13
1.86092e-13
1.4321e-13
1.10077e-13
8.45082e-14
6.48003e-14
4.96286e-14
3.79634e-14
2.90051e-14
2.21341e-14
1.68705e-14
1.28431e-14
9.7654e-15
7.41632e-15
5.62555e-15
4.26206e-15
3.22516e-15
2.4376e-15
1.84015e-15
1.38746e-15
1.04488e-15
7.85946e-16
5.90469e-16
4.43078e-16
3.3208e-16
2.48591e-16
1.85869e-16
1.38806e-16
1.03535e-16
7.71346e-17
5.73971e-17
4.2659e-17
3.16673e-17
2.34797e-17
1.73882e-17
1.28617e-17
9.50211e-18
7.01171e-18
5.16784e-18
3.80431e-18
2.7972e-18
2.05425e-18
1.50683e-18
1.10397e-18
8.07851e-19
5.90457e-19
4.3105e-19
3.14303e-19
2.28904e-19
1.6651e-19
1.20979e-19
8.77934e-20
6.36353e-20
4.60699e-20
3.33135e-20
2.40606e-20
1.73571e-20
1.25064e-20
9.00056e-21
6.46983e-21
4.64515e-21
3.33113e-21
2.38599e-21
1.70699e-21
1.21977e-21
8.70583e-22
6.20624e-22
4.41908e-22
3.14284e-22
2.23253e-22
1.58401e-22
1.12255e-22
7.94588e-23
5.61777e-23
3.96709e-23
2.79813e-23
1.97129e-23
1.38714e-23
9.74945e-24
6.84425e-24
4.79911e-24
3.36111e-24
2.35122e-24
1.64283e-24
1.14652e-24
7.99205e-25
5.56448e-25
3.86973e-25
2.68798e-25
1.86492e-25
1.29237e-25
8.94543e-26
6.18453e-26
4.27074e-26
2.94571e-26
2.0294e-26
1.39649e-26
9.59835e-27
6.58944e-27
4.51848e-27
3.09476e-27
2.11717e-27
1.44669e-27
9.87387e-28
6.7312e-28
4.58343e-28
3.11733e-28
2.11771e-28
1.43696e-28
9.73906e-29
6.593e-29
4.45803e-29
3.01091e-29
2.03117e-29
1.36865e-29
9.2115e-30
6.19248e-30
4.1581e-30
2.78882e-30
1.86828e-30
1.25014e-30
8.35551e-31
5.57806e-31
3.71955e-31
2.47739e-31
1.64815e-31
1.0952e-31
7.26927e-32
4.81931e-32
3.19137e-32
2.1109e-32
1.39462e-32
9.20332e-33
6.06641e-33
3.99409e-33
2.62665e-33
1.72539e-33
1.13207e-33
7.4192e-34
4.85671e-34
3.17562e-34
2.07403e-34
1.35301e-34
8.81639e-35
5.73827e-35
3.73055e-35
2.42251e-35
1.57131e-35
1.01803e-35
6.58811e-36
4.25857e-36
2.74961e-36
1.77329e-36
1.14234e-36
7.3504e-37
4.72424e-37
3.0329e-37
1.94486e-37
1.24572e-37
7.97005e-38
5.09338e-38
3.25129e-38
2.07306e-38
1.3203e-38
8.39925e-39
5.33721e-39
3.38762e-39
2.14774e-39
1.36012e-39
8.60356e-40
5.4361e-40
3.43087e-40
2.16287e-40
1.36196e-40
8.56653e-41
5.38214e-41
3.37765e-41
2.11731e-41
1.32575e-41
8.29183e-42
5.18022e-42
3.23263e-42
2.015e-42
1.2546e-42
7.8027e-43
4.84726e-43
3.00787e-43
1.86438e-43
1.15431e-43
7.13871e-44
4.40992e-44
2.72117e-44
1.67723e-44
1.03262e-44
6.35047e-45
3.90106e-45
2.39372e-45
1.46717e-45
8.98255e-46
5.49331e-46
3.3557e-46
2.04761e-46
1.24804e-46
7.59843e-47
4.621e-47
2.80714e-47
1.70337e-47
1.03245e-47
6.25097e-48
3.78044e-48
2.28379e-48
1.37812e-48
8.30682e-49
5.00151e-49
3.00806e-49
1.80714e-49
1.08446e-49
6.50064e-50
3.89241e-50
2.32809e-50
1.39092e-50
8.30087e-51
4.94841e-51
2.94666e-51
1.75273e-51
1.04141e-51
6.18083e-52
3.66434e-52
2.17004e-52
1.28369e-52
7.58539e-53
4.47731e-53
2.63985e-53
1.55477e-53
9.14693e-54
5.37539e-54
3.15552e-54
1.85038e-54
1.08392e-54
6.34322e-55
3.70945e-55
2.16926e-55
1.2713e-55
7.51374e-56
4.55872e-56
2.97189e-56
2.28136e-56
)
;

boundaryField
{
    sides
    {
        type            zeroGradient;
    }
    empty
    {
        type            empty;
    }
}


// ************************************************************************* //
