/*--------------------------------*- C++ -*----------------------------------*\
  =========                 |
  \\      /  F ield         | OpenFOAM: The Open Source CFD Toolbox
   \\    /   O peration     | Website:  https://openfoam.org
    \\  /    A nd           | Version:  13
     \\/     M anipulation  |
\*---------------------------------------------------------------------------*/
FoamFile
{
    format      ascii;
    class       volScalarField;
    location    "2.82";
    object      T;
}
// * * * * * * * * * * * * * * * * * * * * * * * * * * * * * * * * * * * * * //

dimensions      [0 0 0 1 0 0 0];

internalField   nonuniform List<scalar> 
1000
(
2.31454e-76
3.59864e-76
6.87127e-76
1.39233e-75
2.8601e-75
5.88795e-75
1.21146e-74
2.48969e-74
5.10979e-74
1.0473e-73
2.14358e-73
4.3814e-73
8.9431e-73
1.82291e-72
3.71058e-72
7.54259e-72
1.53108e-71
3.10367e-71
6.28278e-71
1.27007e-70
2.56388e-70
5.16854e-70
1.04048e-69
2.09169e-69
4.19908e-69
8.41797e-69
1.68521e-68
3.36897e-68
6.72562e-68
1.34079e-67
2.6692e-67
5.30632e-67
1.05341e-66
2.0883e-66
4.13406e-66
8.17244e-66
1.6133e-65
3.1803e-65
6.2605e-65
1.23066e-64
2.41576e-64
4.73539e-64
9.26923e-64
1.81183e-63
3.53652e-63
6.89317e-63
1.34167e-62
2.60769e-62
5.06116e-62
9.80901e-62
1.89838e-61
3.66877e-61
7.08011e-61
1.36439e-60
2.62554e-60
5.04518e-60
9.68084e-60
1.85493e-59
3.54911e-59
6.78093e-59
1.2937e-58
2.46465e-58
4.6887e-58
8.90685e-58
1.68955e-57
3.20029e-57
6.05317e-57
1.14327e-56
2.15619e-56
4.06065e-56
7.63618e-56
1.43393e-55
2.68874e-55
5.0343e-55
9.41237e-55
1.75722e-54
3.27584e-54
6.09799e-54
1.13349e-53
2.10384e-53
3.8992e-53
7.21611e-53
1.33351e-52
2.46066e-52
4.53391e-52
8.34173e-52
1.53251e-51
2.81132e-51
5.14968e-51
9.41914e-51
1.72029e-50
3.13728e-50
5.71301e-50
1.03881e-49
1.88609e-49
3.41939e-49
6.19002e-49
1.1189e-48
2.01952e-48
3.63966e-48
6.54981e-48
1.17693e-47
2.11168e-47
3.78319e-47
6.7677e-47
1.20886e-46
2.15608e-46
3.83977e-46
6.82804e-46
1.21238e-45
2.14946e-45
3.80514e-45
6.72605e-45
1.18713e-44
2.09211e-44
3.68145e-44
6.46845e-44
1.13482e-43
1.98793e-43
3.47712e-43
6.07272e-43
1.05899e-42
1.84392e-42
3.20581e-42
5.56513e-42
9.64619e-42
1.66947e-41
2.88497e-41
4.97789e-41
8.5761e-41
1.47528e-40
2.53394e-40
4.34569e-40
7.44148e-40
1.27232e-39
2.17207e-39
3.70241e-39
6.30134e-39
1.07082e-38
1.81692e-38
3.07815e-38
5.20689e-38
8.79427e-38
1.48305e-37
2.49714e-37
4.19819e-37
7.04715e-37
1.18113e-36
1.97656e-36
3.30258e-36
5.50969e-36
9.17761e-36
1.52637e-35
2.53467e-35
4.20251e-35
6.95701e-35
1.14991e-34
1.89772e-34
3.12698e-34
5.14451e-34
8.45061e-34
1.38598e-33
2.26959e-33
3.71076e-33
6.05761e-33
9.87328e-33
1.60673e-32
2.61065e-32
4.23519e-32
6.85991e-32
1.10939e-31
1.7913e-31
2.88784e-31
4.64831e-31
7.47026e-31
1.19865e-30
1.9203e-30
3.07158e-30
4.90536e-30
7.82159e-30
1.24519e-29
1.9792e-29
3.14093e-29
4.97669e-29
7.87294e-29
1.2435e-28
1.96096e-28
3.08747e-28
4.85342e-28
7.61737e-28
1.19364e-27
1.86746e-27
2.91701e-27
4.5492e-27
7.08339e-27
1.10117e-26
1.70914e-26
2.64855e-26
4.09776e-26
6.32981e-26
9.76205e-26
1.50313e-25
2.31078e-25
3.54671e-25
5.43497e-25
8.3152e-25
1.27014e-24
1.93702e-24
2.94931e-24
4.4834e-24
6.80452e-24
1.03107e-23
1.55984e-23
2.356e-23
3.55278e-23
5.34887e-23
8.03998e-23
1.20655e-22
1.80775e-22
2.70413e-22
4.03845e-22
6.02142e-22
8.96356e-22
1.33217e-21
1.97667e-21
2.92822e-21
4.33082e-21
6.39486e-21
9.42729e-21
1.38751e-20
2.03883e-20
2.99102e-20
4.38076e-20
6.4058e-20
9.35168e-20
1.36301e-19
1.98334e-19
2.8813e-19
4.17899e-19
6.05124e-19
8.74797e-19
1.26258e-18
1.81929e-18
2.61718e-18
3.75884e-18
5.38968e-18
7.71543e-18
1.10267e-17
1.57332e-17
2.24118e-17
3.18729e-17
4.52537e-17
6.41464e-17
9.07771e-17
1.28253e-16
1.80901e-16
2.54742e-16
3.58133e-16
5.02657e-16
7.04342e-16
9.85324e-16
1.37612e-15
1.91875e-15
2.67093e-15
3.71184e-15
5.14988e-15
7.13325e-15
9.86413e-15
1.36179e-14
1.87692e-14
2.58261e-14
3.54775e-14
4.8655e-14
6.66165e-14
9.10575e-14
1.24259e-13
1.69286e-13
2.30246e-13
3.12637e-13
4.23807e-13
5.73553e-13
7.74919e-13
1.04524e-12
1.40752e-12
1.89221e-12
2.53958e-12
3.40275e-12
4.55172e-12
6.0785e-12
8.10389e-12
1.07861e-11
1.43323e-11
1.90125e-11
2.5179e-11
3.32899e-11
4.39401e-11
5.79008e-11
7.61698e-11
1.00036e-10
1.3116e-10
1.71681e-10
2.24346e-10
2.92675e-10
3.81178e-10
4.95614e-10
6.43328e-10
8.3367e-10
1.07852e-09
1.39296e-09
1.79605e-09
2.31192e-09
2.97097e-09
3.81152e-09
4.88168e-09
6.24185e-09
7.96764e-09
1.01536e-08
1.29175e-08
1.64064e-08
2.08027e-08
2.63328e-08
3.32772e-08
4.19825e-08
5.28764e-08
6.64857e-08
8.34577e-08
1.04587e-07
1.30846e-07
1.63423e-07
2.0377e-07
2.53653e-07
3.15218e-07
3.9107e-07
4.84363e-07
5.98907e-07
7.393e-07
9.11076e-07
1.12089e-06
1.37671e-06
1.68808e-06
2.06643e-06
2.52534e-06
3.08101e-06
3.75266e-06
4.5631e-06
5.53929e-06
6.7131e-06
8.12206e-06
9.81035e-06
1.18298e-05
1.42412e-05
1.71155e-05
2.05357e-05
2.45983e-05
2.94156e-05
3.51178e-05
4.18556e-05
4.98031e-05
5.91614e-05
7.01614e-05
8.30685e-05
9.81869e-05
0.000115865
0.000136498
0.000160541
0.000188505
0.000220975
0.00025861
0.000302155
0.000352449
0.000410439
0.000477182
0.000553866
0.000641816
0.000742512
0.000857597
0.000988897
0.00113843
0.00130844
0.00150137
0.00171995
0.00196714
0.00224619
0.00256066
0.00291442
0.00331168
0.003757
0.00425531
0.00481195
0.00543264
0.00612353
0.00689121
0.0077427
0.0086855
0.00972756
0.0108773
0.0121436
0.0135357
0.0150637
0.0167376
0.0185682
0.0205668
0.0227446
0.0251138
0.0276866
0.0304755
0.0334933
0.036753
0.0402678
0.044051
0.0481159
0.0524757
0.0571435
0.0621323
0.0674547
0.0731229
0.0791488
0.0855436
0.0923178
0.0994813
0.107043
0.115011
0.123392
0.132192
0.141416
0.151067
0.161146
0.171654
0.182591
0.193953
0.205735
0.217932
0.230537
0.243539
0.256927
0.270688
0.284808
0.299271
0.314057
0.329149
0.344524
0.360161
0.376035
0.392122
0.408396
0.424828
0.441393
0.45806
0.474801
0.491587
0.508387
0.525172
0.541911
0.558576
0.575137
0.591565
0.607832
0.623912
0.639777
0.655403
0.670766
0.685843
0.700612
0.715054
0.729151
0.742884
0.75624
0.769204
0.781765
0.793912
0.805637
0.816932
0.827792
0.838212
0.848191
0.857726
0.866819
0.875469
0.88368
0.891456
0.898799
0.905715
0.91221
0.918291
0.923963
0.929234
0.934111
0.938601
0.942712
0.946451
0.949825
0.952841
0.955504
0.957821
0.959797
0.961436
0.962743
0.96372
0.96437
0.964694
0.964694
0.96437
0.96372
0.962743
0.961436
0.959797
0.957821
0.955504
0.952841
0.949825
0.946451
0.942712
0.938601
0.934111
0.929234
0.923963
0.918291
0.91221
0.905715
0.898799
0.891456
0.88368
0.875469
0.866819
0.857726
0.848191
0.838212
0.827792
0.816932
0.805637
0.793912
0.781765
0.769204
0.75624
0.742884
0.729151
0.715054
0.700612
0.685843
0.670766
0.655403
0.639777
0.623912
0.607832
0.591565
0.575137
0.558576
0.541911
0.525172
0.508387
0.491587
0.474801
0.45806
0.441393
0.424828
0.408396
0.392122
0.376035
0.360161
0.344524
0.329149
0.314057
0.299271
0.284808
0.270688
0.256927
0.243539
0.230537
0.217932
0.205735
0.193953
0.182591
0.171654
0.161146
0.151067
0.141416
0.132192
0.123392
0.115011
0.107043
0.0994813
0.0923178
0.0855436
0.0791488
0.0731229
0.0674547
0.0621323
0.0571435
0.0524757
0.0481159
0.044051
0.0402678
0.036753
0.0334933
0.0304755
0.0276866
0.0251138
0.0227446
0.0205668
0.0185682
0.0167376
0.0150637
0.0135357
0.0121436
0.0108773
0.00972756
0.0086855
0.0077427
0.00689121
0.00612353
0.00543264
0.00481195
0.00425531
0.003757
0.00331168
0.00291442
0.00256066
0.00224619
0.00196714
0.00171995
0.00150137
0.00130844
0.00113843
0.000988897
0.000857597
0.000742512
0.000641816
0.000553866
0.000477182
0.000410439
0.000352449
0.000302155
0.00025861
0.000220975
0.000188505
0.000160541
0.000136498
0.000115865
9.81869e-05
8.30685e-05
7.01614e-05
5.91614e-05
4.98031e-05
4.18556e-05
3.51178e-05
2.94156e-05
2.45983e-05
2.05357e-05
1.71155e-05
1.42412e-05
1.18298e-05
9.81035e-06
8.12206e-06
6.7131e-06
5.53929e-06
4.5631e-06
3.75266e-06
3.08101e-06
2.52534e-06
2.06643e-06
1.68808e-06
1.37671e-06
1.12089e-06
9.11076e-07
7.393e-07
5.98907e-07
4.84363e-07
3.9107e-07
3.15218e-07
2.53653e-07
2.0377e-07
1.63423e-07
1.30846e-07
1.04587e-07
8.34577e-08
6.64857e-08
5.28764e-08
4.19825e-08
3.32772e-08
2.63328e-08
2.08027e-08
1.64064e-08
1.29175e-08
1.01536e-08
7.96764e-09
6.24185e-09
4.88168e-09
3.81152e-09
2.97097e-09
2.31192e-09
1.79605e-09
1.39296e-09
1.07852e-09
8.3367e-10
6.43328e-10
4.95614e-10
3.81178e-10
2.92675e-10
2.24346e-10
1.71681e-10
1.3116e-10
1.00036e-10
7.61698e-11
5.79008e-11
4.39401e-11
3.32899e-11
2.5179e-11
1.90125e-11
1.43323e-11
1.07861e-11
8.10389e-12
6.0785e-12
4.55172e-12
3.40275e-12
2.53958e-12
1.89221e-12
1.40752e-12
1.04524e-12
7.74919e-13
5.73553e-13
4.23807e-13
3.12637e-13
2.30246e-13
1.69286e-13
1.24259e-13
9.10575e-14
6.66165e-14
4.8655e-14
3.54775e-14
2.58261e-14
1.87692e-14
1.36179e-14
9.86413e-15
7.13325e-15
5.14988e-15
3.71184e-15
2.67093e-15
1.91875e-15
1.37612e-15
9.85324e-16
7.04342e-16
5.02657e-16
3.58133e-16
2.54742e-16
1.80901e-16
1.28253e-16
9.07771e-17
6.41464e-17
4.52537e-17
3.18729e-17
2.24118e-17
1.57332e-17
1.10267e-17
7.71543e-18
5.38968e-18
3.75884e-18
2.61718e-18
1.81929e-18
1.26258e-18
8.74797e-19
6.05124e-19
4.17899e-19
2.8813e-19
1.98334e-19
1.36301e-19
9.35168e-20
6.4058e-20
4.38076e-20
2.99102e-20
2.03883e-20
1.38751e-20
9.42729e-21
6.39486e-21
4.33082e-21
2.92822e-21
1.97667e-21
1.33217e-21
8.96356e-22
6.02142e-22
4.03845e-22
2.70413e-22
1.80775e-22
1.20655e-22
8.03998e-23
5.34887e-23
3.55278e-23
2.356e-23
1.55984e-23
1.03107e-23
6.80452e-24
4.4834e-24
2.94931e-24
1.93702e-24
1.27014e-24
8.3152e-25
5.43497e-25
3.54671e-25
2.31078e-25
1.50313e-25
9.76205e-26
6.32981e-26
4.09776e-26
2.64855e-26
1.70914e-26
1.10117e-26
7.08339e-27
4.5492e-27
2.91701e-27
1.86746e-27
1.19364e-27
7.61737e-28
4.85342e-28
3.08747e-28
1.96096e-28
1.2435e-28
7.87294e-29
4.97669e-29
3.14093e-29
1.9792e-29
1.24519e-29
7.82159e-30
4.90536e-30
3.07158e-30
1.9203e-30
1.19865e-30
7.47026e-31
4.64831e-31
2.88784e-31
1.7913e-31
1.10939e-31
6.85991e-32
4.23519e-32
2.61065e-32
1.60673e-32
9.87328e-33
6.05761e-33
3.71076e-33
2.26959e-33
1.38598e-33
8.45061e-34
5.14451e-34
3.12698e-34
1.89772e-34
1.14991e-34
6.95701e-35
4.20251e-35
2.53467e-35
1.52637e-35
9.17761e-36
5.50969e-36
3.30258e-36
1.97656e-36
1.18113e-36
7.04715e-37
4.19819e-37
2.49714e-37
1.48305e-37
8.79427e-38
5.20689e-38
3.07815e-38
1.81692e-38
1.07082e-38
6.30134e-39
3.70241e-39
2.17207e-39
1.27232e-39
7.44148e-40
4.34569e-40
2.53394e-40
1.47528e-40
8.5761e-41
4.97789e-41
2.88497e-41
1.66947e-41
9.64619e-42
5.56513e-42
3.20581e-42
1.84392e-42
1.05899e-42
6.07272e-43
3.47712e-43
1.98793e-43
1.13482e-43
6.46845e-44
3.68145e-44
2.09211e-44
1.18713e-44
6.72605e-45
3.80514e-45
2.14946e-45
1.21238e-45
6.82804e-46
3.83977e-46
2.15608e-46
1.20886e-46
6.7677e-47
3.78319e-47
2.11168e-47
1.17693e-47
6.54981e-48
3.63966e-48
2.01952e-48
1.1189e-48
6.19002e-49
3.41939e-49
1.88609e-49
1.03881e-49
5.71301e-50
3.13728e-50
1.72029e-50
9.41914e-51
5.14968e-51
2.81132e-51
1.53251e-51
8.34173e-52
4.53391e-52
2.46066e-52
1.33351e-52
7.21611e-53
3.8992e-53
2.10384e-53
1.13349e-53
6.09799e-54
3.27584e-54
1.75722e-54
9.41237e-55
5.0343e-55
2.68874e-55
1.43393e-55
7.63618e-56
4.06065e-56
2.15619e-56
1.14327e-56
6.05317e-57
3.20029e-57
1.68955e-57
8.90685e-58
4.6887e-58
2.46465e-58
1.2937e-58
6.78093e-59
3.54911e-59
1.85493e-59
9.68084e-60
5.04518e-60
2.62554e-60
1.36439e-60
7.08011e-61
3.66877e-61
1.89838e-61
9.80901e-62
5.06116e-62
2.60769e-62
1.34167e-62
6.89317e-63
3.53652e-63
1.81183e-63
9.26923e-64
4.73539e-64
2.41576e-64
1.23066e-64
6.2605e-65
3.1803e-65
1.6133e-65
8.17244e-66
4.13406e-66
2.0883e-66
1.05341e-66
5.30632e-67
2.6692e-67
1.34079e-67
6.72562e-68
3.36897e-68
1.68521e-68
8.41797e-69
4.19908e-69
2.09169e-69
1.04048e-69
5.16854e-70
2.56388e-70
1.27007e-70
6.28278e-71
3.10367e-71
1.53108e-71
7.54259e-72
3.71058e-72
1.82291e-72
8.9431e-73
4.3814e-73
2.14358e-73
1.0473e-73
5.10979e-74
2.48969e-74
1.21146e-74
5.88795e-75
2.8601e-75
1.39233e-75
6.87127e-76
3.59864e-76
2.31454e-76
)
;

boundaryField
{
    sides
    {
        type            zeroGradient;
    }
    empty
    {
        type            empty;
    }
}


// ************************************************************************* //
