/*--------------------------------*- C++ -*----------------------------------*\
  =========                 |
  \\      /  F ield         | OpenFOAM: The Open Source CFD Toolbox
   \\    /   O peration     | Website:  https://openfoam.org
    \\  /    A nd           | Version:  13
     \\/     M anipulation  |
\*---------------------------------------------------------------------------*/
FoamFile
{
    format      ascii;
    class       volScalarField;
    location    "2.245";
    object      T;
}
// * * * * * * * * * * * * * * * * * * * * * * * * * * * * * * * * * * * * * //

dimensions      [0 0 0 1 0 0 0];

internalField   nonuniform List<scalar> 
1000
(
2.72056e-93
4.95693e-93
1.12514e-92
2.67178e-92
6.38786e-92
1.5271e-91
3.64597e-91
8.69169e-91
2.06883e-90
4.91666e-90
1.16665e-89
2.76396e-89
6.53803e-89
1.54413e-88
3.64117e-88
8.57271e-88
2.01518e-87
4.72966e-87
1.10831e-86
2.59305e-86
6.05727e-86
1.41272e-85
3.28967e-85
7.64824e-85
1.77535e-84
4.1145e-84
9.52055e-84
2.19947e-83
5.07321e-83
1.16831e-82
2.68621e-82
6.16636e-82
1.41327e-81
3.2339e-81
7.38811e-81
1.68517e-80
3.83759e-80
8.72519e-80
1.98058e-79
4.48862e-79
1.01562e-78
2.2943e-78
5.17449e-78
1.16515e-77
2.61935e-77
5.87898e-77
1.31736e-76
2.94715e-76
6.58253e-76
1.46783e-75
3.26778e-75
7.26306e-75
1.61167e-74
3.57046e-74
7.89696e-74
1.74375e-73
3.8441e-73
8.46041e-73
1.85898e-72
4.07795e-72
8.93085e-72
1.95266e-71
4.26229e-71
9.2884e-71
2.02078e-70
4.38912e-70
9.51732e-70
2.0603e-69
4.45269e-69
9.60708e-69
2.06936e-68
4.44995e-68
9.5532e-68
2.04746e-67
4.38081e-67
9.35761e-67
1.99547e-66
4.24812e-66
9.02854e-66
1.9156e-65
4.05753e-65
8.57993e-65
1.81122e-64
3.81702e-64
8.03048e-64
1.68664e-63
3.53642e-63
7.40233e-63
1.5468e-62
3.2267e-62
6.71958e-62
1.39696e-61
2.89924e-61
6.00676e-61
1.24237e-60
2.56519e-60
5.28738e-60
1.08796e-59
2.23481e-59
4.58268e-59
9.38098e-59
1.91702e-58
3.91071e-58
7.964e-58
1.61903e-57
3.28568e-57
6.65643e-57
1.34618e-56
2.71773e-56
5.47715e-56
1.10191e-55
2.21298e-55
4.4366e-55
8.87898e-55
1.77384e-54
3.53756e-54
7.04258e-54
1.39957e-53
2.77648e-53
5.49831e-53
1.08692e-52
2.14486e-52
4.22506e-52
8.30802e-52
1.63077e-51
3.19536e-51
6.24991e-51
1.22027e-50
2.3783e-50
4.62705e-50
8.98599e-50
1.74202e-49
3.37104e-49
6.51176e-49
1.25561e-48
2.41675e-48
4.64335e-48
8.90532e-48
1.70485e-47
3.25793e-47
6.21462e-47
1.18332e-46
2.2491e-46
4.26705e-46
8.08092e-46
1.52759e-45
2.88248e-45
5.4292e-45
1.02074e-44
1.91561e-44
3.58844e-44
6.70986e-44
1.25236e-43
2.33318e-43
4.33886e-43
8.05392e-43
1.49225e-42
2.75982e-42
5.09474e-42
9.38781e-42
1.72666e-41
3.16993e-41
5.80887e-41
1.06251e-40
1.93985e-40
3.5351e-40
6.4303e-40
1.1675e-39
2.1158e-39
3.82723e-39
6.91017e-39
1.24533e-38
2.24011e-38
4.02204e-38
7.20794e-38
1.28933e-37
2.302e-37
4.10235e-37
7.29704e-37
1.29552e-36
2.29577e-36
4.06063e-36
7.16873e-36
1.2632e-35
2.22169e-35
3.9001e-35
6.83356e-35
1.19508e-34
2.08604e-34
3.63436e-34
6.31987e-34
1.09689e-33
1.90018e-33
3.28548e-33
5.66991e-33
9.76619e-33
1.67898e-32
2.88096e-32
4.93399e-32
8.43389e-32
1.43889e-31
2.45015e-31
4.16413e-31
7.06354e-31
1.19587e-30
2.02075e-30
3.40804e-30
5.73665e-30
9.63771e-30
1.61604e-29
2.70451e-29
4.51737e-29
7.53081e-29
1.25301e-28
2.08078e-28
3.4487e-28
5.70478e-28
9.41841e-28
1.55193e-27
2.55222e-27
4.18907e-27
6.86229e-27
1.12195e-26
1.83073e-26
2.98146e-26
4.84597e-26
7.86106e-26
1.27271e-25
2.05648e-25
3.31639e-25
5.33768e-25
8.574e-25
1.37454e-24
2.19926e-24
3.51186e-24
5.59681e-24
8.90192e-24
1.41308e-23
2.23868e-23
3.5396e-23
5.5854e-23
8.79615e-23
1.38251e-22
2.1686e-22
3.39488e-22
5.30403e-22
8.2703e-22
1.28697e-21
1.99871e-21
3.09788e-21
4.79191e-21
7.39747e-21
1.13969e-20
1.75236e-20
2.68897e-20
4.1179e-20
6.29353e-20
9.59929e-20
1.4612e-19
2.21976e-19
3.36532e-19
5.0918e-19
7.68846e-19
1.15859e-18
1.74238e-18
2.61504e-18
3.91683e-18
5.85478e-18
8.73385e-18
1.30023e-17
1.93176e-17
2.86421e-17
4.23812e-17
6.25833e-17
9.22273e-17
1.35636e-16
1.99071e-16
2.91577e-16
4.262e-16
6.21708e-16
9.0505e-16
1.31483e-15
1.90625e-15
2.75804e-15
3.98227e-15
5.73815e-15
8.25129e-15
1.18408e-14
1.6957e-14
2.42339e-14
3.45626e-14
4.91922e-14
6.98702e-14
9.90362e-14
1.40088e-13
1.97748e-13
2.78567e-13
3.91607e-13
5.49382e-13
7.69132e-13
1.07456e-12
1.49817e-12
2.08447e-12
2.89421e-12
4.0102e-12
5.54501e-12
7.65136e-12
1.0536e-11
1.4478e-11
1.98538e-11
2.71691e-11
3.71028e-11
5.05632e-11
6.87639e-11
9.33218e-11
1.26387e-10
1.70812e-10
2.30373e-10
3.10055e-10
4.1643e-10
5.58136e-10
7.46506e-10
9.96372e-10
1.3271e-09
1.76392e-09
2.33965e-09
3.09681e-09
4.09045e-09
5.39165e-09
7.09194e-09
9.30895e-09
1.21935e-08
1.59386e-08
2.07904e-08
2.70626e-08
3.51533e-08
4.55675e-08
5.89436e-08
7.60867e-08
9.80106e-08
1.25988e-07
1.61613e-07
2.06878e-07
2.64267e-07
3.36871e-07
4.28525e-07
5.43976e-07
6.89088e-07
8.71085e-07
1.09885e-06
1.38327e-06
1.73767e-06
2.17831e-06
2.72499e-06
3.40174e-06
4.23769e-06
5.26805e-06
6.53527e-06
8.09039e-06
9.99467e-06
1.23214e-05
1.51582e-05
1.86091e-05
2.27982e-05
2.7872e-05
3.40042e-05
4.13991e-05
5.02973e-05
6.09811e-05
7.37807e-05
8.90814e-05
0.000107332
0.000129053
0.000154849
0.000185416
0.000221557
0.000264196
0.000314388
0.000373345
0.000442442
0.000523247
0.000617535
0.000727314
0.000854849
0.00100268
0.00117367
0.00137101
0.00159825
0.00185934
0.00215868
0.00250109
0.00289193
0.00333706
0.00384288
0.00441642
0.0050653
0.0057978
0.00662286
0.00755012
0.00858994
0.0097534
0.0110523
0.0124993
0.0141076
0.0158912
0.0178649
0.0200442
0.022445
0.0250841
0.0279787
0.0311464
0.0346054
0.038374
0.0424708
0.0469146
0.051724
0.0569176
0.0625136
0.0685298
0.0749834
0.0818907
0.0892673
0.0971276
0.105485
0.11435
0.123734
0.133644
0.144087
0.155068
0.166587
0.178645
0.191238
0.204362
0.218008
0.232165
0.24682
0.261956
0.277555
0.293595
0.310051
0.326897
0.344103
0.361639
0.379471
0.397563
0.415878
0.434377
0.453022
0.471771
0.490582
0.509415
0.528226
0.546975
0.565619
0.584118
0.602433
0.620524
0.638354
0.655888
0.673093
0.689937
0.70639
0.722426
0.738021
0.753152
0.767801
0.781951
0.795588
0.808701
0.821282
0.833324
0.844825
0.855784
0.866201
0.876081
0.885429
0.894251
0.902558
0.910359
0.917667
0.924493
0.930853
0.936759
0.942228
0.947273
0.951912
0.956158
0.960028
0.963535
0.966695
0.96952
0.972024
0.974218
0.976113
0.977719
0.979043
0.980095
0.980878
0.981398
0.981657
0.981657
0.981398
0.980878
0.980095
0.979043
0.977719
0.976113
0.974218
0.972024
0.96952
0.966695
0.963535
0.960028
0.956158
0.951912
0.947273
0.942228
0.936759
0.930853
0.924493
0.917667
0.910359
0.902558
0.894251
0.885429
0.876081
0.866201
0.855784
0.844825
0.833324
0.821282
0.808701
0.795588
0.781951
0.767801
0.753152
0.738021
0.722426
0.70639
0.689937
0.673093
0.655888
0.638354
0.620524
0.602433
0.584118
0.565619
0.546975
0.528226
0.509415
0.490582
0.471771
0.453022
0.434377
0.415878
0.397563
0.379471
0.361639
0.344103
0.326897
0.310051
0.293595
0.277555
0.261956
0.24682
0.232165
0.218008
0.204362
0.191238
0.178645
0.166587
0.155068
0.144087
0.133644
0.123734
0.11435
0.105485
0.0971276
0.0892673
0.0818907
0.0749834
0.0685298
0.0625136
0.0569176
0.051724
0.0469146
0.0424708
0.038374
0.0346054
0.0311464
0.0279787
0.0250841
0.022445
0.0200442
0.0178649
0.0158912
0.0141076
0.0124993
0.0110523
0.0097534
0.00858994
0.00755012
0.00662286
0.0057978
0.0050653
0.00441642
0.00384288
0.00333706
0.00289193
0.00250109
0.00215868
0.00185934
0.00159825
0.00137101
0.00117367
0.00100268
0.000854849
0.000727314
0.000617535
0.000523247
0.000442442
0.000373345
0.000314388
0.000264196
0.000221557
0.000185416
0.000154849
0.000129053
0.000107332
8.90814e-05
7.37807e-05
6.09811e-05
5.02973e-05
4.13991e-05
3.40042e-05
2.7872e-05
2.27982e-05
1.86091e-05
1.51582e-05
1.23214e-05
9.99467e-06
8.09039e-06
6.53527e-06
5.26805e-06
4.23769e-06
3.40174e-06
2.72499e-06
2.17831e-06
1.73767e-06
1.38327e-06
1.09885e-06
8.71085e-07
6.89088e-07
5.43976e-07
4.28525e-07
3.36871e-07
2.64267e-07
2.06878e-07
1.61613e-07
1.25988e-07
9.80106e-08
7.60867e-08
5.89436e-08
4.55675e-08
3.51533e-08
2.70626e-08
2.07904e-08
1.59386e-08
1.21935e-08
9.30895e-09
7.09194e-09
5.39165e-09
4.09045e-09
3.09681e-09
2.33965e-09
1.76392e-09
1.3271e-09
9.96372e-10
7.46506e-10
5.58136e-10
4.1643e-10
3.10055e-10
2.30373e-10
1.70812e-10
1.26387e-10
9.33218e-11
6.87639e-11
5.05632e-11
3.71028e-11
2.71691e-11
1.98538e-11
1.4478e-11
1.0536e-11
7.65136e-12
5.54501e-12
4.0102e-12
2.89421e-12
2.08447e-12
1.49817e-12
1.07456e-12
7.69132e-13
5.49382e-13
3.91607e-13
2.78567e-13
1.97748e-13
1.40088e-13
9.90362e-14
6.98702e-14
4.91922e-14
3.45626e-14
2.42339e-14
1.6957e-14
1.18408e-14
8.25129e-15
5.73815e-15
3.98227e-15
2.75804e-15
1.90625e-15
1.31483e-15
9.0505e-16
6.21708e-16
4.262e-16
2.91577e-16
1.99071e-16
1.35636e-16
9.22273e-17
6.25833e-17
4.23812e-17
2.86421e-17
1.93176e-17
1.30023e-17
8.73385e-18
5.85478e-18
3.91683e-18
2.61504e-18
1.74238e-18
1.15859e-18
7.68846e-19
5.0918e-19
3.36532e-19
2.21976e-19
1.4612e-19
9.59929e-20
6.29353e-20
4.1179e-20
2.68897e-20
1.75236e-20
1.13969e-20
7.39747e-21
4.79191e-21
3.09788e-21
1.99871e-21
1.28697e-21
8.2703e-22
5.30403e-22
3.39488e-22
2.1686e-22
1.38251e-22
8.79615e-23
5.5854e-23
3.5396e-23
2.23868e-23
1.41308e-23
8.90192e-24
5.59681e-24
3.51186e-24
2.19926e-24
1.37454e-24
8.574e-25
5.33768e-25
3.31639e-25
2.05648e-25
1.27271e-25
7.86106e-26
4.84597e-26
2.98146e-26
1.83073e-26
1.12195e-26
6.86229e-27
4.18907e-27
2.55222e-27
1.55193e-27
9.41841e-28
5.70478e-28
3.4487e-28
2.08078e-28
1.25301e-28
7.53081e-29
4.51737e-29
2.70451e-29
1.61604e-29
9.63771e-30
5.73665e-30
3.40804e-30
2.02075e-30
1.19587e-30
7.06354e-31
4.16413e-31
2.45015e-31
1.43889e-31
8.43389e-32
4.93399e-32
2.88096e-32
1.67898e-32
9.76619e-33
5.66991e-33
3.28548e-33
1.90018e-33
1.09689e-33
6.31987e-34
3.63436e-34
2.08604e-34
1.19508e-34
6.83356e-35
3.9001e-35
2.22169e-35
1.2632e-35
7.16873e-36
4.06063e-36
2.29577e-36
1.29552e-36
7.29704e-37
4.10235e-37
2.302e-37
1.28933e-37
7.20794e-38
4.02204e-38
2.24011e-38
1.24533e-38
6.91017e-39
3.82723e-39
2.1158e-39
1.1675e-39
6.4303e-40
3.5351e-40
1.93985e-40
1.06251e-40
5.80887e-41
3.16993e-41
1.72666e-41
9.38781e-42
5.09474e-42
2.75982e-42
1.49225e-42
8.05392e-43
4.33886e-43
2.33318e-43
1.25236e-43
6.70986e-44
3.58844e-44
1.91561e-44
1.02074e-44
5.4292e-45
2.88248e-45
1.52759e-45
8.08092e-46
4.26705e-46
2.2491e-46
1.18332e-46
6.21462e-47
3.25793e-47
1.70485e-47
8.90532e-48
4.64335e-48
2.41675e-48
1.25561e-48
6.51176e-49
3.37104e-49
1.74202e-49
8.98599e-50
4.62705e-50
2.3783e-50
1.22027e-50
6.24991e-51
3.19536e-51
1.63077e-51
8.30802e-52
4.22506e-52
2.14486e-52
1.08692e-52
5.49831e-53
2.77648e-53
1.39957e-53
7.04258e-54
3.53756e-54
1.77384e-54
8.87898e-55
4.4366e-55
2.21298e-55
1.10191e-55
5.47715e-56
2.71773e-56
1.34618e-56
6.65643e-57
3.28568e-57
1.61903e-57
7.964e-58
3.91071e-58
1.91702e-58
9.38098e-59
4.58268e-59
2.23481e-59
1.08796e-59
5.28738e-60
2.56519e-60
1.24237e-60
6.00676e-61
2.89924e-61
1.39696e-61
6.71958e-62
3.2267e-62
1.5468e-62
7.40233e-63
3.53642e-63
1.68664e-63
8.03048e-64
3.81702e-64
1.81122e-64
8.57993e-65
4.05753e-65
1.9156e-65
9.02854e-66
4.24812e-66
1.99547e-66
9.35761e-67
4.38081e-67
2.04746e-67
9.5532e-68
4.44995e-68
2.06936e-68
9.60708e-69
4.45269e-69
2.0603e-69
9.51732e-70
4.38912e-70
2.02078e-70
9.2884e-71
4.26229e-71
1.95266e-71
8.93085e-72
4.07795e-72
1.85898e-72
8.46041e-73
3.8441e-73
1.74375e-73
7.89696e-74
3.57046e-74
1.61167e-74
7.26306e-75
3.26778e-75
1.46783e-75
6.58253e-76
2.94715e-76
1.31736e-76
5.87898e-77
2.61935e-77
1.16515e-77
5.17449e-78
2.2943e-78
1.01562e-78
4.48862e-79
1.98058e-79
8.72519e-80
3.83759e-80
1.68517e-80
7.38811e-81
3.2339e-81
1.41327e-81
6.16636e-82
2.68621e-82
1.16831e-82
5.07321e-83
2.19947e-83
9.52055e-84
4.1145e-84
1.77535e-84
7.64824e-85
3.28967e-85
1.41272e-85
6.05727e-86
2.59305e-86
1.10831e-86
4.72966e-87
2.01518e-87
8.57271e-88
3.64117e-88
1.54413e-88
6.53803e-89
2.76396e-89
1.16665e-89
4.91666e-90
2.06883e-90
8.69169e-91
3.64597e-91
1.5271e-91
6.38786e-92
2.67178e-92
1.12514e-92
4.95693e-93
2.72056e-93
)
;

boundaryField
{
    sides
    {
        type            zeroGradient;
    }
    empty
    {
        type            empty;
    }
}


// ************************************************************************* //
