/*--------------------------------*- C++ -*----------------------------------*\
  =========                 |
  \\      /  F ield         | OpenFOAM: The Open Source CFD Toolbox
   \\    /   O peration     | Website:  https://openfoam.org
    \\  /    A nd           | Version:  13
     \\/     M anipulation  |
\*---------------------------------------------------------------------------*/
FoamFile
{
    format      ascii;
    class       volScalarField;
    location    "0.65";
    object      T;
}
// * * * * * * * * * * * * * * * * * * * * * * * * * * * * * * * * * * * * * //

dimensions      [0 0 0 1 0 0 0];

internalField   nonuniform List<scalar> 
1000
(
9.21923e-234
5.42685e-233
3.637e-232
2.44017e-231
1.63401e-230
1.09199e-229
7.28298e-229
4.84755e-228
3.22002e-227
2.13459e-226
1.41217e-225
9.32348e-225
6.14302e-224
4.03923e-223
2.65048e-222
1.73564e-221
1.13423e-220
7.39683e-220
4.81385e-219
3.12637e-218
2.02621e-217
1.31047e-216
8.45789e-216
5.4474e-215
3.50111e-214
2.24549e-213
1.43715e-212
9.17857e-212
5.84966e-211
3.72019e-210
2.3609e-209
1.49508e-208
9.44766e-208
5.95737e-207
3.74847e-206
2.35353e-205
1.47452e-204
9.2181e-204
5.75034e-203
3.57934e-202
2.22315e-201
1.3778e-200
8.52031e-200
5.25743e-199
3.23696e-198
1.98859e-197
1.21898e-196
7.45568e-196
4.55003e-195
2.77062e-194
1.68334e-193
1.02047e-192
6.17238e-192
3.72505e-191
2.24303e-190
1.3476e-189
8.07797e-189
4.83127e-188
2.88293e-187
1.7164e-186
1.01956e-185
6.04244e-185
3.57287e-184
2.10777e-183
1.24059e-182
7.28502e-182
4.26803e-181
2.49468e-180
1.45477e-179
8.46366e-179
4.91255e-178
2.84471e-177
1.64342e-176
9.47184e-176
5.44622e-175
3.12412e-174
1.78784e-173
1.0207e-172
5.81336e-172
3.30309e-171
1.87228e-170
1.05871e-169
5.97223e-169
3.36083e-168
1.88671e-167
1.05659e-166
5.90273e-166
3.28956e-165
1.82877e-164
1.01418e-163
5.61052e-163
3.09613e-162
1.70436e-161
9.35891e-161
5.12637e-160
2.801e-159
1.52661e-158
8.29961e-158
4.50085e-157
2.43466e-156
1.31366e-155
7.07018e-155
3.79554e-154
2.03241e-153
1.08553e-152
5.78306e-152
3.07299e-151
1.62872e-150
8.61013e-150
4.53995e-149
2.38762e-148
1.25242e-147
6.5524e-147
3.41913e-146
1.77948e-145
9.23692e-145
4.78207e-144
2.4692e-143
1.27159e-142
6.53102e-142
3.34548e-141
1.70912e-140
8.70814e-140
4.42496e-139
2.24245e-138
1.13334e-137
5.71246e-137
2.87147e-136
1.43947e-135
7.19635e-135
3.58783e-134
1.78384e-133
8.84474e-133
4.37334e-132
2.15643e-131
1.06036e-130
5.19944e-130
2.54242e-129
1.23971e-128
6.02796e-128
2.92278e-127
1.41317e-126
6.81332e-126
3.27558e-125
1.57029e-124
7.50632e-124
3.5779e-123
1.70051e-122
8.05893e-122
3.80818e-121
1.7943e-120
8.42967e-120
3.94872e-119
1.84429e-118
8.58868e-118
3.98789e-117
1.84619e-116
8.52164e-116
3.92173e-115
1.79944e-114
8.23185e-114
3.75452e-113
1.70728e-112
7.74005e-112
3.49839e-111
1.57642e-110
7.08199e-110
3.17184e-109
1.41623e-108
6.30412e-108
2.79753e-107
1.2376e-106
5.45808e-106
2.39965e-105
1.05172e-104
4.59506e-104
2.00133e-103
8.68914e-103
3.76065e-102
1.62245e-101
6.97748e-101
2.99116e-100
1.27818e-99
5.44438e-99
2.31156e-98
9.78273e-98
4.12673e-97
1.73516e-96
7.27206e-96
3.03776e-95
1.2648e-94
5.24883e-94
2.17103e-93
8.95014e-93
3.67747e-92
1.50598e-91
6.14662e-91
2.50031e-90
1.01365e-89
4.09557e-89
1.64918e-88
6.61824e-88
2.64689e-87
1.05497e-86
4.19037e-86
1.6587e-85
6.54304e-85
2.57208e-84
1.00757e-83
3.93325e-83
1.53004e-82
5.93099e-82
2.29096e-81
8.81803e-81
3.38206e-80
1.29253e-79
4.92209e-79
1.86766e-78
7.06125e-78
2.66008e-77
9.98468e-77
3.73416e-76
1.39144e-75
5.16589e-75
1.91086e-74
7.04223e-74
2.58573e-73
9.45895e-73
3.44733e-72
1.25169e-71
4.52775e-71
1.63166e-70
5.85783e-70
2.09505e-69
7.46448e-69
2.64938e-68
9.3675e-68
3.29937e-67
1.15761e-66
4.04585e-66
1.40854e-65
4.88462e-65
1.6873e-64
5.80558e-64
1.98969e-63
6.79213e-63
2.30941e-62
7.821e-62
2.63806e-61
8.86265e-61
2.96545e-60
9.88233e-60
3.27993e-59
1.08417e-58
3.56908e-58
1.17012e-57
3.82043e-57
1.24222e-56
4.02237e-56
1.29705e-55
4.16496e-55
1.33181e-54
4.24078e-54
1.34465e-53
4.24552e-53
1.33475e-52
4.17842e-52
1.30244e-51
4.04234e-51
1.24919e-50
3.8436e-50
1.17748e-49
3.59145e-49
1.09063e-48
3.2974e-48
9.92527e-48
2.97429e-47
8.87337e-47
2.63541e-46
7.79215e-46
2.29354e-45
6.72032e-45
1.96019e-44
5.69148e-44
1.64499e-43
4.73262e-43
1.3553e-42
3.86331e-42
1.09613e-41
3.09553e-41
8.70106e-41
2.43425e-40
6.77808e-40
1.8784e-39
5.18086e-39
1.42213e-38
3.88501e-38
1.05622e-37
2.85767e-37
7.6942e-37
2.06157e-36
5.49676e-36
1.45842e-35
3.85049e-35
1.01158e-34
2.64437e-34
6.87826e-34
1.78016e-33
4.58412e-33
1.17452e-32
2.99406e-32
7.59366e-32
1.91612e-31
4.81025e-31
1.20136e-30
2.98495e-30
7.37811e-30
1.81422e-29
4.43775e-29
1.07983e-28
2.61371e-28
6.29303e-28
1.50715e-27
3.59032e-27
8.50717e-27
2.00494e-26
4.69975e-26
1.0957e-25
2.54068e-25
5.85914e-25
1.34381e-24
3.06513e-24
6.95283e-24
1.56843e-23
3.51844e-23
7.84887e-23
1.74111e-22
3.84061e-22
8.42399e-22
1.83726e-21
3.98425e-21
8.59091e-21
1.84178e-20
3.92585e-20
8.31986e-20
1.75298e-19
3.67202e-19
7.64702e-19
1.58317e-18
3.2584e-18
6.66671e-18
1.35593e-17
2.74143e-17
5.50956e-17
1.10065e-16
2.18557e-16
4.31374e-16
8.46265e-16
1.65011e-15
3.1979e-15
6.15961e-15
1.17915e-14
2.24336e-14
4.24169e-14
7.97035e-14
1.48835e-13
2.76193e-13
5.09321e-13
9.33324e-13
1.69952e-12
3.07514e-12
5.5289e-12
9.87732e-12
1.7533e-11
3.09231e-11
5.4189e-11
9.43474e-11
1.63205e-10
2.80486e-10
4.78911e-10
8.12379e-10
1.36903e-09
2.29197e-09
3.8119e-09
6.29798e-09
1.03367e-08
1.68528e-08
2.72941e-08
4.391e-08
7.01696e-08
1.11383e-07
1.75617e-07
2.75035e-07
4.27831e-07
6.61022e-07
1.01441e-06
1.54617e-06
2.3407e-06
3.51942e-06
5.25568e-06
7.79499e-06
1.14822e-05
1.67979e-05
2.44063e-05
3.52177e-05
5.04696e-05
7.18301e-05
0.000101529
0.000142519
0.000198683
0.000275073
0.000378214
0.000516448
0.000700353
0.000943212
0.00126155
0.00167574
0.00221064
0.00289628
0.0037686
0.00487013
0.0062507
0.00796801
0.0100882
0.012686
0.0158451
0.0196578
0.0242245
0.029653
0.036057
0.0435544
0.0522652
0.0623089
0.0738011
0.0868507
0.101555
0.117999
0.136245
0.156338
0.178295
0.202105
0.227725
0.255082
0.284071
0.314551
0.346353
0.37928
0.413108
0.447597
0.482487
0.517513
0.552403
0.586892
0.62072
0.653647
0.685449
0.715929
0.744918
0.772275
0.797895
0.821705
0.843662
0.863755
0.882001
0.898445
0.913149
0.926199
0.937691
0.947735
0.956446
0.963943
0.970347
0.975775
0.980342
0.984155
0.987314
0.989912
0.992032
0.993749
0.99513
0.996231
0.997104
0.997789
0.998324
0.998738
0.999057
0.9993
0.999484
0.999622
0.999725
0.999801
0.999857
0.999898
0.999928
0.999949
0.999964
0.999974
0.999981
0.999985
0.999987
0.999987
0.999985
0.999981
0.999974
0.999964
0.999949
0.999928
0.999898
0.999857
0.999801
0.999725
0.999622
0.999484
0.9993
0.999057
0.998738
0.998324
0.997789
0.997104
0.996231
0.99513
0.993749
0.992032
0.989912
0.987314
0.984155
0.980342
0.975775
0.970347
0.963943
0.956446
0.947735
0.937691
0.926199
0.913149
0.898445
0.882001
0.863755
0.843662
0.821705
0.797895
0.772275
0.744918
0.715929
0.685449
0.653647
0.62072
0.586892
0.552403
0.517513
0.482487
0.447597
0.413108
0.37928
0.346353
0.314551
0.284071
0.255082
0.227725
0.202105
0.178295
0.156338
0.136245
0.117999
0.101555
0.0868507
0.0738011
0.0623089
0.0522652
0.0435544
0.036057
0.029653
0.0242245
0.0196578
0.0158451
0.012686
0.0100882
0.00796801
0.0062507
0.00487013
0.0037686
0.00289628
0.00221064
0.00167574
0.00126155
0.000943212
0.000700353
0.000516448
0.000378214
0.000275073
0.000198683
0.000142519
0.000101529
7.18301e-05
5.04696e-05
3.52177e-05
2.44063e-05
1.67979e-05
1.14822e-05
7.79499e-06
5.25568e-06
3.51942e-06
2.3407e-06
1.54617e-06
1.01441e-06
6.61022e-07
4.27831e-07
2.75035e-07
1.75617e-07
1.11383e-07
7.01696e-08
4.391e-08
2.72941e-08
1.68528e-08
1.03367e-08
6.29798e-09
3.8119e-09
2.29197e-09
1.36903e-09
8.12379e-10
4.78911e-10
2.80486e-10
1.63205e-10
9.43474e-11
5.4189e-11
3.09231e-11
1.7533e-11
9.87732e-12
5.5289e-12
3.07514e-12
1.69952e-12
9.33324e-13
5.09321e-13
2.76193e-13
1.48835e-13
7.97035e-14
4.24169e-14
2.24336e-14
1.17915e-14
6.15961e-15
3.1979e-15
1.65011e-15
8.46265e-16
4.31374e-16
2.18557e-16
1.10065e-16
5.50956e-17
2.74143e-17
1.35593e-17
6.66671e-18
3.2584e-18
1.58317e-18
7.64702e-19
3.67202e-19
1.75298e-19
8.31986e-20
3.92585e-20
1.84178e-20
8.59091e-21
3.98425e-21
1.83726e-21
8.42399e-22
3.84061e-22
1.74111e-22
7.84887e-23
3.51844e-23
1.56843e-23
6.95283e-24
3.06513e-24
1.34381e-24
5.85914e-25
2.54068e-25
1.0957e-25
4.69975e-26
2.00494e-26
8.50717e-27
3.59032e-27
1.50715e-27
6.29303e-28
2.61371e-28
1.07983e-28
4.43775e-29
1.81422e-29
7.37811e-30
2.98495e-30
1.20136e-30
4.81025e-31
1.91612e-31
7.59366e-32
2.99406e-32
1.17452e-32
4.58412e-33
1.78016e-33
6.87826e-34
2.64437e-34
1.01158e-34
3.85049e-35
1.45842e-35
5.49676e-36
2.06157e-36
7.6942e-37
2.85767e-37
1.05622e-37
3.88501e-38
1.42213e-38
5.18086e-39
1.8784e-39
6.77808e-40
2.43425e-40
8.70106e-41
3.09553e-41
1.09613e-41
3.86331e-42
1.3553e-42
4.73262e-43
1.64499e-43
5.69148e-44
1.96019e-44
6.72032e-45
2.29354e-45
7.79215e-46
2.63541e-46
8.87337e-47
2.97429e-47
9.92527e-48
3.2974e-48
1.09063e-48
3.59145e-49
1.17748e-49
3.8436e-50
1.24919e-50
4.04234e-51
1.30244e-51
4.17842e-52
1.33475e-52
4.24552e-53
1.34465e-53
4.24078e-54
1.33181e-54
4.16496e-55
1.29705e-55
4.02237e-56
1.24222e-56
3.82043e-57
1.17012e-57
3.56908e-58
1.08417e-58
3.27993e-59
9.88233e-60
2.96545e-60
8.86265e-61
2.63806e-61
7.821e-62
2.30941e-62
6.79213e-63
1.98969e-63
5.80558e-64
1.6873e-64
4.88462e-65
1.40854e-65
4.04585e-66
1.15761e-66
3.29937e-67
9.3675e-68
2.64938e-68
7.46448e-69
2.09505e-69
5.85783e-70
1.63166e-70
4.52775e-71
1.25169e-71
3.44733e-72
9.45895e-73
2.58573e-73
7.04223e-74
1.91086e-74
5.16589e-75
1.39144e-75
3.73416e-76
9.98468e-77
2.66008e-77
7.06125e-78
1.86766e-78
4.92209e-79
1.29253e-79
3.38206e-80
8.81803e-81
2.29096e-81
5.93099e-82
1.53004e-82
3.93325e-83
1.00757e-83
2.57208e-84
6.54304e-85
1.6587e-85
4.19037e-86
1.05497e-86
2.64689e-87
6.61824e-88
1.64918e-88
4.09557e-89
1.01365e-89
2.50031e-90
6.14662e-91
1.50598e-91
3.67747e-92
8.95014e-93
2.17103e-93
5.24883e-94
1.2648e-94
3.03776e-95
7.27206e-96
1.73516e-96
4.12673e-97
9.78273e-98
2.31156e-98
5.44438e-99
1.27818e-99
2.99116e-100
6.97748e-101
1.62245e-101
3.76065e-102
8.68914e-103
2.00133e-103
4.59506e-104
1.05172e-104
2.39965e-105
5.45808e-106
1.2376e-106
2.79753e-107
6.30412e-108
1.41623e-108
3.17184e-109
7.08199e-110
1.57642e-110
3.49839e-111
7.74005e-112
1.70728e-112
3.75452e-113
8.23185e-114
1.79944e-114
3.92173e-115
8.52164e-116
1.84619e-116
3.98789e-117
8.58868e-118
1.84429e-118
3.94872e-119
8.42967e-120
1.7943e-120
3.80818e-121
8.05893e-122
1.70051e-122
3.5779e-123
7.50632e-124
1.57029e-124
3.27558e-125
6.81332e-126
1.41317e-126
2.92278e-127
6.02796e-128
1.23971e-128
2.54242e-129
5.19944e-130
1.06036e-130
2.15643e-131
4.37334e-132
8.84474e-133
1.78384e-133
3.58783e-134
7.19635e-135
1.43947e-135
2.87147e-136
5.71246e-137
1.13334e-137
2.24245e-138
4.42496e-139
8.70814e-140
1.70912e-140
3.34548e-141
6.53102e-142
1.27159e-142
2.4692e-143
4.78207e-144
9.23692e-145
1.77948e-145
3.41913e-146
6.5524e-147
1.25242e-147
2.38762e-148
4.53995e-149
8.61013e-150
1.62872e-150
3.07299e-151
5.78306e-152
1.08553e-152
2.03241e-153
3.79554e-154
7.07018e-155
1.31366e-155
2.43466e-156
4.50085e-157
8.29961e-158
1.52661e-158
2.801e-159
5.12637e-160
9.35891e-161
1.70436e-161
3.09613e-162
5.61052e-163
1.01418e-163
1.82877e-164
3.28956e-165
5.90273e-166
1.05659e-166
1.88671e-167
3.36083e-168
5.97223e-169
1.05871e-169
1.87228e-170
3.30309e-171
5.81336e-172
1.0207e-172
1.78784e-173
3.12412e-174
5.44622e-175
9.47184e-176
1.64342e-176
2.84471e-177
4.91255e-178
8.46366e-179
1.45477e-179
2.49468e-180
4.26803e-181
7.28502e-182
1.24059e-182
2.10777e-183
3.57287e-184
6.04244e-185
1.01956e-185
1.7164e-186
2.88293e-187
4.83127e-188
8.07797e-189
1.3476e-189
2.24303e-190
3.72505e-191
6.17238e-192
1.02047e-192
1.68334e-193
2.77062e-194
4.55003e-195
7.45568e-196
1.21898e-196
1.98859e-197
3.23696e-198
5.25743e-199
8.52031e-200
1.3778e-200
2.22315e-201
3.57934e-202
5.75034e-203
9.2181e-204
1.47452e-204
2.35353e-205
3.74847e-206
5.95737e-207
9.44766e-208
1.49508e-208
2.3609e-209
3.72019e-210
5.84966e-211
9.17857e-212
1.43715e-212
2.24549e-213
3.50111e-214
5.4474e-215
8.45789e-216
1.31047e-216
2.02621e-217
3.12637e-218
4.81385e-219
7.39683e-220
1.13423e-220
1.73564e-221
2.65048e-222
4.03923e-223
6.14302e-224
9.32348e-225
1.41217e-225
2.13459e-226
3.22002e-227
4.84755e-228
7.28298e-229
1.09199e-229
1.63401e-230
2.44017e-231
3.637e-232
5.42685e-233
9.21923e-234
)
;

boundaryField
{
    sides
    {
        type            zeroGradient;
    }
    empty
    {
        type            empty;
    }
}


// ************************************************************************* //
