/*--------------------------------*- C++ -*----------------------------------*\
  =========                 |
  \\      /  F ield         | OpenFOAM: The Open Source CFD Toolbox
   \\    /   O peration     | Website:  https://openfoam.org
    \\  /    A nd           | Version:  13
     \\/     M anipulation  |
\*---------------------------------------------------------------------------*/
FoamFile
{
    format      ascii;
    class       volScalarField;
    location    "1.115";
    object      T;
}
// * * * * * * * * * * * * * * * * * * * * * * * * * * * * * * * * * * * * * //

dimensions      [0 0 0 1 0 0 0];

internalField   nonuniform List<scalar> 
1000
(
3.25635e-163
1.11378e-162
4.588e-162
1.90911e-161
7.93426e-161
3.29126e-160
1.36265e-159
5.63074e-159
2.32224e-158
9.55891e-158
3.92705e-157
1.6102e-156
6.5894e-156
2.69132e-155
1.09707e-154
4.46326e-154
1.81225e-153
7.34393e-153
2.97019e-152
1.1989e-151
4.82969e-151
1.94176e-150
7.79132e-150
3.12005e-149
1.24694e-148
4.97351e-148
1.97975e-147
7.86479e-147
3.11811e-146
1.23373e-145
4.87164e-145
1.91978e-144
7.55001e-144
2.96321e-143
1.16063e-142
4.53674e-142
1.76972e-141
6.88936e-141
2.67647e-140
1.03766e-139
4.01471e-139
1.55009e-138
5.97263e-138
2.29654e-137
8.81215e-137
3.37434e-136
1.28941e-135
4.91685e-135
1.87101e-134
7.10486e-134
2.6923e-133
1.01807e-132
3.84167e-132
1.44659e-131
5.43564e-131
2.03815e-130
7.62605e-130
2.84734e-129
1.06085e-128
3.94401e-128
1.46317e-127
5.41651e-127
2.00084e-126
7.3751e-126
2.71261e-125
9.9556e-125
3.64592e-124
1.3323e-123
4.85798e-123
1.7675e-122
6.41678e-122
2.32447e-121
8.40188e-121
3.03023e-120
1.09048e-119
3.91564e-119
1.4029e-118
5.0152e-118
1.7889e-117
6.36674e-117
2.26089e-116
8.01074e-116
2.832e-115
9.98938e-115
3.51567e-114
1.23452e-113
4.32524e-113
1.51196e-112
5.27331e-112
1.83502e-111
6.37102e-111
2.20692e-110
7.62733e-110
2.63005e-109
9.04809e-109
3.10564e-108
1.06352e-107
3.63358e-107
1.23857e-106
4.21209e-106
1.42911e-105
4.8375e-105
1.63367e-104
5.50414e-104
1.85011e-103
6.20418e-103
2.07563e-102
6.92771e-102
2.30676e-101
7.66279e-101
2.53945e-100
8.39574e-100
2.76912e-99
9.11146e-99
2.99084e-98
9.79391e-98
3.19944e-97
1.04267e-96
3.38975e-96
1.09936e-95
3.55676e-95
1.14793e-94
3.69588e-94
1.18703e-93
3.80311e-93
1.21549e-92
3.87524e-92
1.23247e-91
3.91002e-91
1.2374e-90
3.90626e-90
1.23008e-89
3.8639e-89
1.21069e-88
3.78403e-88
1.17974e-87
3.66884e-87
1.13809e-86
3.52151e-86
1.08688e-85
3.34606e-85
1.0275e-84
3.14722e-84
9.61529e-84
2.93013e-83
8.90633e-83
2.70019e-82
8.16531e-82
2.46281e-81
7.40909e-81
2.22318e-80
6.65357e-80
1.98612e-79
5.9132e-79
1.75592e-78
5.20053e-78
1.53621e-77
4.52595e-77
1.32991e-76
3.89753e-76
1.13921e-75
3.32096e-75
9.65536e-75
2.79972e-74
8.09652e-74
2.33517e-73
6.71695e-73
1.92689e-72
5.51275e-72
1.57292e-71
4.47576e-71
1.27013e-70
3.59455e-70
1.01451e-69
2.8555e-69
8.01522e-69
2.24365e-68
6.26326e-68
1.74359e-67
4.84049e-67
1.34007e-66
3.69965e-66
1.01855e-65
2.79636e-65
7.65574e-65
2.09008e-64
5.69009e-64
1.54472e-63
4.18172e-63
1.12884e-62
3.0386e-62
8.15609e-62
2.18299e-61
5.82616e-61
1.55049e-60
4.11441e-60
1.08867e-59
2.87234e-59
7.55647e-59
1.98218e-58
5.18451e-58
1.3521e-57
3.51594e-57
9.11603e-57
2.35666e-56
6.07454e-56
1.56117e-55
4.00043e-55
1.02206e-54
2.60353e-54
6.61236e-54
1.67439e-53
4.22729e-53
1.06406e-52
2.67036e-52
6.6814e-52
1.6667e-51
4.1451e-51
1.02778e-50
2.54065e-50
6.26138e-50
1.53841e-49
3.76832e-49
9.20223e-49
2.2403e-48
5.4373e-48
1.31559e-47
3.17335e-47
7.63077e-47
1.82924e-46
4.37142e-46
1.0414e-45
2.4732e-45
5.85514e-45
1.38182e-44
3.25087e-44
7.62388e-44
1.7823e-43
4.15344e-43
9.6484e-43
2.23419e-42
5.15702e-42
1.18655e-41
2.72135e-41
6.22137e-41
1.41771e-40
3.22024e-40
7.29093e-40
1.64539e-39
3.70121e-39
8.29857e-39
1.85458e-38
4.13109e-38
9.1719e-38
2.02967e-37
4.47674e-37
9.84155e-37
2.15639e-36
4.70922e-36
1.02501e-35
2.22361e-35
4.8077e-35
1.03601e-34
2.225e-34
4.76253e-34
1.01597e-33
2.16002e-33
4.57681e-33
9.66482e-33
2.03399e-32
4.26601e-32
8.91684e-32
1.85744e-31
3.8559e-31
7.97708e-31
1.64462e-30
3.37898e-30
6.91835e-30
1.4116e-29
2.8702e-29
5.81565e-29
1.17427e-28
2.36274e-28
4.7374e-28
9.46539e-28
1.88454e-27
3.73887e-27
7.39158e-27
1.45611e-26
2.8583e-26
5.5908e-26
1.08966e-25
2.11618e-25
4.09505e-25
7.89596e-25
1.51701e-24
2.90405e-24
5.53923e-24
1.05274e-23
1.99351e-23
3.76127e-23
7.07079e-23
1.32439e-22
2.47157e-22
4.59554e-22
8.51344e-22
1.57135e-21
2.88962e-21
5.29421e-21
9.6639e-21
1.75748e-20
3.18431e-20
5.74805e-20
1.03372e-19
1.85209e-19
3.30592e-19
5.87883e-19
1.04149e-18
1.83815e-18
3.23197e-18
5.66121e-18
9.87879e-18
1.71731e-17
2.974e-17
5.13069e-17
8.81764e-17
1.50962e-16
2.57463e-16
4.37417e-16
7.40295e-16
1.24807e-15
2.09603e-15
3.50651e-15
5.84345e-15
9.70015e-15
1.60398e-14
2.64196e-14
4.33471e-14
7.0843e-14
1.15328e-13
1.87011e-13
3.02062e-13
4.85977e-13
7.78797e-13
1.24314e-12
1.97651e-12
3.13011e-12
4.9374e-12
7.75735e-12
1.21395e-11
1.89217e-11
2.93758e-11
4.54238e-11
6.99587e-11
1.07315e-10
1.63961e-10
2.49502e-10
3.78151e-10
5.7083e-10
8.58222e-10
1.28511e-09
1.91658e-09
2.84681e-09
4.21144e-09
6.20503e-09
9.10531e-09
1.33071e-08
1.93689e-08
2.80775e-08
4.05364e-08
5.82855e-08
8.34649e-08
1.19035e-07
1.69071e-07
2.39159e-07
3.36921e-07
4.72705e-07
6.60499e-07
9.1912e-07
1.27377e-06
1.75803e-06
2.41644e-06
3.30782e-06
4.50943e-06
6.12232e-06
8.27795e-06
1.11466e-05
1.49477e-05
1.99627e-05
2.65506e-05
3.51675e-05
4.63897e-05
6.09416e-05
7.97293e-05
0.000103881
0.000134792
0.000174185
0.000224165
0.000287305
0.000366721
0.000466171
0.000590167
0.00074409
0.000934328
0.00116842
0.0014552
0.001805
0.00222979
0.00274337
0.00336157
0.00410242
0.00498635
0.00603633
0.00727804
0.00874001
0.0104537
0.0124535
0.014777
0.0174644
0.0205591
0.0241068
0.028156
0.0327569
0.0379614
0.0438226
0.0503939
0.0577284
0.0658784
0.0748942
0.0848232
0.0957091
0.107591
0.120502
0.134468
0.149508
0.165632
0.182842
0.201128
0.220469
0.240837
0.262188
0.284471
0.307621
0.331565
0.356218
0.381489
0.407276
0.433472
0.459963
0.486634
0.513366
0.540037
0.566528
0.592724
0.618511
0.643782
0.668435
0.692379
0.715529
0.737812
0.759163
0.779531
0.798872
0.817158
0.834368
0.850492
0.865532
0.879498
0.892409
0.904291
0.915177
0.925106
0.934121
0.942271
0.949606
0.956177
0.962038
0.967242
0.971843
0.975892
0.979439
0.982533
0.98522
0.987542
0.98954
0.991252
0.992711
0.993949
0.994994
0.995871
0.996603
0.99721
0.997709
0.998115
0.998441
0.998697
0.998891
0.999032
0.999123
0.999167
0.999167
0.999123
0.999032
0.998891
0.998697
0.998441
0.998115
0.997709
0.99721
0.996603
0.995871
0.994994
0.993949
0.992711
0.991252
0.98954
0.987542
0.98522
0.982533
0.979439
0.975892
0.971843
0.967242
0.962038
0.956177
0.949606
0.942271
0.934121
0.925106
0.915177
0.904291
0.892409
0.879498
0.865532
0.850492
0.834368
0.817158
0.798872
0.779531
0.759163
0.737812
0.715529
0.692379
0.668435
0.643782
0.618511
0.592724
0.566528
0.540037
0.513366
0.486634
0.459963
0.433472
0.407276
0.381489
0.356218
0.331565
0.307621
0.284471
0.262188
0.240837
0.220469
0.201128
0.182842
0.165632
0.149508
0.134468
0.120502
0.107591
0.0957091
0.0848232
0.0748942
0.0658784
0.0577284
0.0503939
0.0438226
0.0379614
0.0327569
0.028156
0.0241068
0.0205591
0.0174644
0.014777
0.0124535
0.0104537
0.00874001
0.00727804
0.00603633
0.00498635
0.00410242
0.00336157
0.00274337
0.00222979
0.001805
0.0014552
0.00116842
0.000934328
0.00074409
0.000590167
0.000466171
0.000366721
0.000287305
0.000224165
0.000174185
0.000134792
0.000103881
7.97293e-05
6.09416e-05
4.63897e-05
3.51675e-05
2.65506e-05
1.99627e-05
1.49477e-05
1.11466e-05
8.27795e-06
6.12232e-06
4.50943e-06
3.30782e-06
2.41644e-06
1.75803e-06
1.27377e-06
9.1912e-07
6.60499e-07
4.72705e-07
3.36921e-07
2.39159e-07
1.69071e-07
1.19035e-07
8.34649e-08
5.82855e-08
4.05364e-08
2.80775e-08
1.93689e-08
1.33071e-08
9.10531e-09
6.20503e-09
4.21144e-09
2.84681e-09
1.91658e-09
1.28511e-09
8.58222e-10
5.7083e-10
3.78151e-10
2.49502e-10
1.63961e-10
1.07315e-10
6.99587e-11
4.54238e-11
2.93758e-11
1.89217e-11
1.21395e-11
7.75735e-12
4.9374e-12
3.13011e-12
1.97651e-12
1.24314e-12
7.78797e-13
4.85977e-13
3.02062e-13
1.87011e-13
1.15328e-13
7.0843e-14
4.33471e-14
2.64196e-14
1.60398e-14
9.70015e-15
5.84345e-15
3.50651e-15
2.09603e-15
1.24807e-15
7.40295e-16
4.37417e-16
2.57463e-16
1.50962e-16
8.81764e-17
5.13069e-17
2.974e-17
1.71731e-17
9.87879e-18
5.66121e-18
3.23197e-18
1.83815e-18
1.04149e-18
5.87883e-19
3.30592e-19
1.85209e-19
1.03372e-19
5.74805e-20
3.18431e-20
1.75748e-20
9.6639e-21
5.29421e-21
2.88962e-21
1.57135e-21
8.51344e-22
4.59554e-22
2.47157e-22
1.32439e-22
7.07079e-23
3.76127e-23
1.99351e-23
1.05274e-23
5.53923e-24
2.90405e-24
1.51701e-24
7.89596e-25
4.09505e-25
2.11618e-25
1.08966e-25
5.5908e-26
2.8583e-26
1.45611e-26
7.39158e-27
3.73887e-27
1.88454e-27
9.46539e-28
4.7374e-28
2.36274e-28
1.17427e-28
5.81565e-29
2.8702e-29
1.4116e-29
6.91835e-30
3.37898e-30
1.64462e-30
7.97708e-31
3.8559e-31
1.85744e-31
8.91684e-32
4.26601e-32
2.03399e-32
9.66482e-33
4.57681e-33
2.16002e-33
1.01597e-33
4.76253e-34
2.225e-34
1.03601e-34
4.8077e-35
2.22361e-35
1.02501e-35
4.70922e-36
2.15639e-36
9.84155e-37
4.47674e-37
2.02967e-37
9.1719e-38
4.13109e-38
1.85458e-38
8.29857e-39
3.70121e-39
1.64539e-39
7.29093e-40
3.22024e-40
1.41771e-40
6.22137e-41
2.72135e-41
1.18655e-41
5.15702e-42
2.23419e-42
9.6484e-43
4.15344e-43
1.7823e-43
7.62388e-44
3.25087e-44
1.38182e-44
5.85514e-45
2.4732e-45
1.0414e-45
4.37142e-46
1.82924e-46
7.63077e-47
3.17335e-47
1.31559e-47
5.4373e-48
2.2403e-48
9.20223e-49
3.76832e-49
1.53841e-49
6.26138e-50
2.54065e-50
1.02778e-50
4.1451e-51
1.6667e-51
6.6814e-52
2.67036e-52
1.06406e-52
4.22729e-53
1.67439e-53
6.61236e-54
2.60353e-54
1.02206e-54
4.00043e-55
1.56117e-55
6.07454e-56
2.35666e-56
9.11603e-57
3.51594e-57
1.3521e-57
5.18451e-58
1.98218e-58
7.55647e-59
2.87234e-59
1.08867e-59
4.11441e-60
1.55049e-60
5.82616e-61
2.18299e-61
8.15609e-62
3.0386e-62
1.12884e-62
4.18172e-63
1.54472e-63
5.69009e-64
2.09008e-64
7.65574e-65
2.79636e-65
1.01855e-65
3.69965e-66
1.34007e-66
4.84049e-67
1.74359e-67
6.26326e-68
2.24365e-68
8.01522e-69
2.8555e-69
1.01451e-69
3.59455e-70
1.27013e-70
4.47576e-71
1.57292e-71
5.51275e-72
1.92689e-72
6.71695e-73
2.33517e-73
8.09652e-74
2.79972e-74
9.65536e-75
3.32096e-75
1.13921e-75
3.89753e-76
1.32991e-76
4.52595e-77
1.53621e-77
5.20053e-78
1.75592e-78
5.9132e-79
1.98612e-79
6.65357e-80
2.22318e-80
7.40909e-81
2.46281e-81
8.16531e-82
2.70019e-82
8.90633e-83
2.93013e-83
9.61529e-84
3.14722e-84
1.0275e-84
3.34606e-85
1.08688e-85
3.52151e-86
1.13809e-86
3.66884e-87
1.17974e-87
3.78403e-88
1.21069e-88
3.8639e-89
1.23008e-89
3.90626e-90
1.2374e-90
3.91002e-91
1.23247e-91
3.87524e-92
1.21549e-92
3.80311e-93
1.18703e-93
3.69588e-94
1.14793e-94
3.55676e-95
1.09936e-95
3.38975e-96
1.04267e-96
3.19944e-97
9.79391e-98
2.99084e-98
9.11146e-99
2.76912e-99
8.39574e-100
2.53945e-100
7.66279e-101
2.30676e-101
6.92771e-102
2.07563e-102
6.20418e-103
1.85011e-103
5.50414e-104
1.63367e-104
4.8375e-105
1.42911e-105
4.21209e-106
1.23857e-106
3.63358e-107
1.06352e-107
3.10564e-108
9.04809e-109
2.63005e-109
7.62733e-110
2.20692e-110
6.37102e-111
1.83502e-111
5.27331e-112
1.51196e-112
4.32524e-113
1.23452e-113
3.51567e-114
9.98938e-115
2.832e-115
8.01074e-116
2.26089e-116
6.36674e-117
1.7889e-117
5.0152e-118
1.4029e-118
3.91564e-119
1.09048e-119
3.03023e-120
8.40188e-121
2.32447e-121
6.41678e-122
1.7675e-122
4.85798e-123
1.3323e-123
3.64592e-124
9.9556e-125
2.71261e-125
7.3751e-126
2.00084e-126
5.41651e-127
1.46317e-127
3.94401e-128
1.06085e-128
2.84734e-129
7.62605e-130
2.03815e-130
5.43564e-131
1.44659e-131
3.84167e-132
1.01807e-132
2.6923e-133
7.10486e-134
1.87101e-134
4.91685e-135
1.28941e-135
3.37434e-136
8.81215e-137
2.29654e-137
5.97263e-138
1.55009e-138
4.01471e-139
1.03766e-139
2.67647e-140
6.88936e-141
1.76972e-141
4.53674e-142
1.16063e-142
2.96321e-143
7.55001e-144
1.91978e-144
4.87164e-145
1.23373e-145
3.11811e-146
7.86479e-147
1.97975e-147
4.97351e-148
1.24694e-148
3.12005e-149
7.79132e-150
1.94176e-150
4.82969e-151
1.1989e-151
2.97019e-152
7.34393e-153
1.81225e-153
4.46326e-154
1.09707e-154
2.69132e-155
6.5894e-156
1.6102e-156
3.92705e-157
9.55891e-158
2.32224e-158
5.63074e-159
1.36265e-159
3.29126e-160
7.93426e-161
1.90911e-161
4.588e-162
1.11378e-162
3.25635e-163
)
;

boundaryField
{
    sides
    {
        type            zeroGradient;
    }
    empty
    {
        type            empty;
    }
}


// ************************************************************************* //
