/*--------------------------------*- C++ -*----------------------------------*\
  =========                 |
  \\      /  F ield         | OpenFOAM: The Open Source CFD Toolbox
   \\    /   O peration     | Website:  https://openfoam.org
    \\  /    A nd           | Version:  13
     \\/     M anipulation  |
\*---------------------------------------------------------------------------*/
FoamFile
{
    format      ascii;
    class       volScalarField;
    location    "4.275";
    object      T;
}
// * * * * * * * * * * * * * * * * * * * * * * * * * * * * * * * * * * * * * //

dimensions      [0 0 0 1 0 0 0];

internalField   nonuniform List<scalar> 
1000
(
2.78805e-52
3.51288e-52
5.14783e-52
8.11e-52
1.31529e-51
2.15546e-51
3.54367e-51
5.82896e-51
9.58361e-51
1.57438e-50
2.5839e-50
4.23651e-50
6.93901e-50
1.13538e-49
1.85583e-49
3.03032e-49
4.94301e-49
8.05463e-49
1.31115e-48
2.13211e-48
3.46353e-48
5.62056e-48
9.11153e-48
1.47555e-47
2.38708e-47
3.85771e-47
6.22793e-47
1.0044e-46
1.61816e-46
2.60425e-46
4.18693e-46
6.72445e-46
1.07886e-45
1.72912e-45
2.76843e-45
4.42781e-45
7.07444e-45
1.12913e-44
1.80029e-44
2.86741e-44
4.5623e-44
7.25144e-44
1.15136e-43
1.82619e-43
2.89353e-43
4.57988e-43
7.24148e-43
1.14379e-42
1.80472e-42
2.84459e-42
4.47894e-42
7.0449e-42
1.10693e-41
1.73743e-41
2.72422e-41
4.26697e-41
6.67639e-41
1.04353e-40
1.62936e-40
2.54137e-40
3.95971e-40
6.16314e-40
9.5826e-40
1.48836e-39
2.30926e-39
3.57916e-39
5.54155e-39
8.57084e-39
1.32421e-38
2.04377e-38
3.151e-38
4.85294e-38
7.46625e-38
1.14747e-37
1.76165e-37
2.70171e-37
4.13902e-37
6.33426e-37
9.68354e-37
1.47881e-36
2.25595e-36
3.43783e-36
5.23334e-36
7.95816e-36
1.20888e-35
1.8344e-35
2.78062e-35
4.21045e-35
6.36872e-35
9.62306e-35
1.45248e-34
2.19001e-34
3.29852e-34
4.96282e-34
7.45889e-34
1.11984e-33
1.67948e-33
2.5161e-33
3.76547e-33
5.62917e-33
8.40631e-33
1.25401e-32
1.86867e-32
2.78163e-32
4.13619e-32
6.14378e-32
9.11602e-32
1.35117e-31
2.00054e-31
2.95882e-31
4.37144e-31
6.45153e-31
9.51119e-31
1.40068e-30
2.06052e-30
3.02795e-30
4.4448e-30
6.51759e-30
9.54674e-30
1.39687e-29
2.04167e-29
2.98092e-29
4.34755e-29
6.33389e-29
9.21781e-29
1.34003e-28
1.94597e-28
2.82283e-28
4.09039e-28
5.92073e-28
8.56083e-28
1.23648e-27
1.78397e-27
2.57109e-27
3.70148e-27
5.3231e-27
7.64684e-27
1.09731e-26
1.57291e-26
2.25221e-26
3.22137e-26
4.60259e-26
6.56888e-26
9.36501e-26
1.33368e-25
1.89726e-25
2.69604e-25
3.82695e-25
5.42635e-25
7.6858e-25
1.08742e-24
1.53686e-24
2.16968e-24
3.05973e-24
4.3102e-24
6.0651e-24
8.52519e-24
1.19701e-23
1.67886e-23
2.35211e-23
3.29175e-23
4.60172e-23
6.42598e-23
8.96362e-23
1.24897e-22
1.73838e-22
2.41692e-22
3.35664e-22
4.65662e-22
6.453e-22
8.93255e-22
1.23513e-21
1.70598e-21
2.35375e-21
3.24391e-21
4.4658e-21
6.14121e-21
8.43591e-21
1.15753e-20
1.58655e-20
2.1722e-20
2.97076e-20
4.05843e-20
5.53822e-20
7.54926e-20
1.02792e-19
1.3981e-19
1.89949e-19
2.57785e-19
3.49462e-19
4.73221e-19
6.401e-19
8.64875e-19
1.16729e-18
1.57372e-18
2.11931e-18
2.8509e-18
3.83081e-18
5.14186e-18
6.89396e-18
9.23289e-18
1.23517e-17
1.65057e-17
2.20325e-17
2.93773e-17
3.91272e-17
5.20554e-17
6.91785e-17
9.18325e-17
1.2177e-16
1.61289e-16
2.13396e-16
2.82024e-16
3.7231e-16
4.90956e-16
6.46694e-16
8.5089e-16
1.11832e-15
1.46817e-15
1.92533e-15
2.52204e-15
3.30002e-15
4.3132e-15
5.63118e-15
7.34373e-15
9.56647e-15
1.24481e-14
1.61798e-14
2.10069e-14
2.72436e-14
3.52928e-14
4.56693e-14
5.90309e-14
7.6217e-14
9.8297e-14
1.26633e-13
1.62955e-13
2.09462e-13
2.68944e-13
3.44931e-13
4.41896e-13
5.65489e-13
7.22844e-13
9.22956e-13
1.17715e-12
1.49969e-12
1.90848e-12
2.42598e-12
3.08037e-12
3.90693e-12
4.94975e-12
6.26392e-12
7.91818e-12
9.99817e-12
1.26105e-11
1.58875e-11
1.99939e-11
2.51336e-11
3.15593e-11
3.95835e-11
4.95926e-11
6.20634e-11
7.75834e-11
9.68763e-11
1.20832e-10
1.50543e-10
1.87351e-10
2.32897e-10
2.89194e-10
3.58698e-10
4.4441e-10
5.49989e-10
6.79891e-10
8.39536e-10
1.03551e-09
1.27581e-09
1.57011e-09
1.93015e-09
2.3701e-09
2.90708e-09
3.56175e-09
4.35897e-09
5.32869e-09
6.50686e-09
7.93666e-09
9.66985e-09
1.17684e-08
1.43063e-08
1.73722e-08
2.10717e-08
2.55303e-08
3.0898e-08
3.73524e-08
4.51049e-08
5.44056e-08
6.55509e-08
7.88915e-08
9.48412e-08
1.13888e-07
1.36609e-07
1.63679e-07
1.95895e-07
2.3419e-07
2.7966e-07
3.33587e-07
3.9747e-07
4.7306e-07
5.62398e-07
6.67864e-07
7.92226e-07
9.387e-07
1.11102e-06
1.31351e-06
1.55118e-06
1.82982e-06
2.15611e-06
2.53777e-06
2.98366e-06
3.50402e-06
4.11055e-06
4.81673e-06
5.63797e-06
6.59191e-06
7.69872e-06
8.98141e-06
1.04662e-05
1.2183e-05
1.41656e-05
1.64528e-05
1.9088e-05
2.21209e-05
2.56074e-05
2.96106e-05
3.42018e-05
3.94614e-05
4.54797e-05
5.2358e-05
6.02101e-05
6.91637e-05
7.93613e-05
9.09623e-05
0.000104145
0.000119106
0.000136068
0.000155274
0.000176998
0.000201539
0.000229232
0.000260445
0.000295584
0.000335098
0.00037948
0.000429271
0.000485065
0.000547515
0.000617332
0.000695295
0.000782253
0.000879131
0.000986937
0.00110676
0.00123979
0.00138731
0.0015507
0.00173147
0.00193123
0.00215171
0.00239479
0.00266246
0.00295688
0.00328033
0.00363528
0.00402432
0.00445024
0.004916
0.00542472
0.00597972
0.00658451
0.00724278
0.00795843
0.00873555
0.00957845
0.0104916
0.0114798
0.0125478
0.0137008
0.0149441
0.0162833
0.017724
0.0192721
0.0209337
0.0227149
0.0246224
0.0266624
0.0288418
0.0311674
0.033646
0.0362847
0.0390904
0.0420703
0.0452315
0.0485812
0.0521263
0.055874
0.0598312
0.0640047
0.0684011
0.0730271
0.0778889
0.0829925
0.0883437
0.093948
0.0998104
0.105936
0.112328
0.118992
0.12593
0.133145
0.14064
0.148416
0.156475
0.164817
0.173441
0.182347
0.191534
0.200999
0.210738
0.220749
0.231027
0.241567
0.252362
0.263406
0.274691
0.286209
0.297951
0.309907
0.322067
0.33442
0.346954
0.359657
0.372516
0.385516
0.398646
0.411889
0.425231
0.438656
0.45215
0.465697
0.479279
0.492882
0.506488
0.520081
0.533645
0.547163
0.560619
0.573997
0.58728
0.600453
0.6135
0.626406
0.639157
0.651737
0.664132
0.676329
0.688316
0.700078
0.711605
0.722885
0.733906
0.744659
0.755134
0.765321
0.775212
0.784799
0.794075
0.803032
0.811665
0.819968
0.827935
0.835562
0.842844
0.849778
0.85636
0.862588
0.868458
0.873969
0.879119
0.883905
0.888327
0.892383
0.896073
0.899395
0.90235
0.904936
0.907153
0.909001
0.91048
0.911589
0.912328
0.912698
0.912698
0.912328
0.911589
0.91048
0.909001
0.907153
0.904936
0.90235
0.899395
0.896073
0.892383
0.888327
0.883905
0.879119
0.873969
0.868458
0.862588
0.85636
0.849778
0.842844
0.835562
0.827935
0.819968
0.811665
0.803032
0.794075
0.784799
0.775212
0.765321
0.755134
0.744659
0.733906
0.722885
0.711605
0.700078
0.688316
0.676329
0.664132
0.651737
0.639157
0.626406
0.6135
0.600453
0.58728
0.573997
0.560619
0.547163
0.533645
0.520081
0.506488
0.492882
0.479279
0.465697
0.45215
0.438656
0.425231
0.411889
0.398646
0.385516
0.372516
0.359657
0.346954
0.33442
0.322067
0.309907
0.297951
0.286209
0.274691
0.263406
0.252362
0.241567
0.231027
0.220749
0.210738
0.200999
0.191534
0.182347
0.173441
0.164817
0.156475
0.148416
0.14064
0.133145
0.12593
0.118992
0.112328
0.105936
0.0998104
0.093948
0.0883437
0.0829925
0.0778889
0.0730271
0.0684011
0.0640047
0.0598312
0.055874
0.0521263
0.0485812
0.0452315
0.0420703
0.0390904
0.0362847
0.033646
0.0311674
0.0288418
0.0266624
0.0246224
0.0227149
0.0209337
0.0192721
0.017724
0.0162833
0.0149441
0.0137008
0.0125478
0.0114798
0.0104916
0.00957845
0.00873555
0.00795843
0.00724278
0.00658451
0.00597972
0.00542472
0.004916
0.00445024
0.00402432
0.00363528
0.00328033
0.00295688
0.00266246
0.00239479
0.00215171
0.00193123
0.00173147
0.0015507
0.00138731
0.00123979
0.00110676
0.000986937
0.000879131
0.000782253
0.000695295
0.000617332
0.000547515
0.000485065
0.000429271
0.00037948
0.000335098
0.000295584
0.000260445
0.000229232
0.000201539
0.000176998
0.000155274
0.000136068
0.000119106
0.000104145
9.09623e-05
7.93613e-05
6.91637e-05
6.02101e-05
5.2358e-05
4.54797e-05
3.94614e-05
3.42018e-05
2.96106e-05
2.56074e-05
2.21209e-05
1.9088e-05
1.64528e-05
1.41656e-05
1.2183e-05
1.04662e-05
8.98141e-06
7.69872e-06
6.59191e-06
5.63797e-06
4.81673e-06
4.11055e-06
3.50402e-06
2.98366e-06
2.53777e-06
2.15611e-06
1.82982e-06
1.55118e-06
1.31351e-06
1.11102e-06
9.387e-07
7.92226e-07
6.67864e-07
5.62398e-07
4.7306e-07
3.9747e-07
3.33587e-07
2.7966e-07
2.3419e-07
1.95895e-07
1.63679e-07
1.36609e-07
1.13888e-07
9.48412e-08
7.88915e-08
6.55509e-08
5.44056e-08
4.51049e-08
3.73524e-08
3.0898e-08
2.55303e-08
2.10717e-08
1.73722e-08
1.43063e-08
1.17684e-08
9.66985e-09
7.93666e-09
6.50686e-09
5.32869e-09
4.35897e-09
3.56175e-09
2.90708e-09
2.3701e-09
1.93015e-09
1.57011e-09
1.27581e-09
1.03551e-09
8.39536e-10
6.79891e-10
5.49989e-10
4.4441e-10
3.58698e-10
2.89194e-10
2.32897e-10
1.87351e-10
1.50543e-10
1.20832e-10
9.68763e-11
7.75834e-11
6.20634e-11
4.95926e-11
3.95835e-11
3.15593e-11
2.51336e-11
1.99939e-11
1.58875e-11
1.26105e-11
9.99817e-12
7.91818e-12
6.26392e-12
4.94975e-12
3.90693e-12
3.08037e-12
2.42598e-12
1.90848e-12
1.49969e-12
1.17715e-12
9.22956e-13
7.22844e-13
5.65489e-13
4.41896e-13
3.44931e-13
2.68944e-13
2.09462e-13
1.62955e-13
1.26633e-13
9.8297e-14
7.6217e-14
5.90309e-14
4.56693e-14
3.52928e-14
2.72436e-14
2.10069e-14
1.61798e-14
1.24481e-14
9.56647e-15
7.34373e-15
5.63118e-15
4.3132e-15
3.30002e-15
2.52204e-15
1.92533e-15
1.46817e-15
1.11832e-15
8.5089e-16
6.46694e-16
4.90956e-16
3.7231e-16
2.82024e-16
2.13396e-16
1.61289e-16
1.2177e-16
9.18325e-17
6.91785e-17
5.20554e-17
3.91272e-17
2.93773e-17
2.20325e-17
1.65057e-17
1.23517e-17
9.23289e-18
6.89396e-18
5.14186e-18
3.83081e-18
2.8509e-18
2.11931e-18
1.57372e-18
1.16729e-18
8.64875e-19
6.401e-19
4.73221e-19
3.49462e-19
2.57785e-19
1.89949e-19
1.3981e-19
1.02792e-19
7.54926e-20
5.53822e-20
4.05843e-20
2.97076e-20
2.1722e-20
1.58655e-20
1.15753e-20
8.43591e-21
6.14121e-21
4.4658e-21
3.24391e-21
2.35375e-21
1.70598e-21
1.23513e-21
8.93255e-22
6.453e-22
4.65662e-22
3.35664e-22
2.41692e-22
1.73838e-22
1.24897e-22
8.96362e-23
6.42598e-23
4.60172e-23
3.29175e-23
2.35211e-23
1.67886e-23
1.19701e-23
8.52519e-24
6.0651e-24
4.3102e-24
3.05973e-24
2.16968e-24
1.53686e-24
1.08742e-24
7.6858e-25
5.42635e-25
3.82695e-25
2.69604e-25
1.89726e-25
1.33368e-25
9.36501e-26
6.56888e-26
4.60259e-26
3.22137e-26
2.25221e-26
1.57291e-26
1.09731e-26
7.64684e-27
5.3231e-27
3.70148e-27
2.57109e-27
1.78397e-27
1.23648e-27
8.56083e-28
5.92073e-28
4.09039e-28
2.82283e-28
1.94597e-28
1.34003e-28
9.21781e-29
6.33389e-29
4.34755e-29
2.98092e-29
2.04167e-29
1.39687e-29
9.54674e-30
6.51759e-30
4.4448e-30
3.02795e-30
2.06052e-30
1.40068e-30
9.51119e-31
6.45153e-31
4.37144e-31
2.95882e-31
2.00054e-31
1.35117e-31
9.11602e-32
6.14378e-32
4.13619e-32
2.78163e-32
1.86867e-32
1.25401e-32
8.40631e-33
5.62917e-33
3.76547e-33
2.5161e-33
1.67948e-33
1.11984e-33
7.45889e-34
4.96282e-34
3.29852e-34
2.19001e-34
1.45248e-34
9.62306e-35
6.36872e-35
4.21045e-35
2.78062e-35
1.8344e-35
1.20888e-35
7.95816e-36
5.23334e-36
3.43783e-36
2.25595e-36
1.47881e-36
9.68354e-37
6.33426e-37
4.13902e-37
2.70171e-37
1.76165e-37
1.14747e-37
7.46625e-38
4.85294e-38
3.151e-38
2.04377e-38
1.32421e-38
8.57084e-39
5.54155e-39
3.57916e-39
2.30926e-39
1.48836e-39
9.5826e-40
6.16314e-40
3.95971e-40
2.54137e-40
1.62936e-40
1.04353e-40
6.67639e-41
4.26697e-41
2.72422e-41
1.73743e-41
1.10693e-41
7.0449e-42
4.47894e-42
2.84459e-42
1.80472e-42
1.14379e-42
7.24148e-43
4.57988e-43
2.89353e-43
1.82619e-43
1.15136e-43
7.25144e-44
4.5623e-44
2.86741e-44
1.80029e-44
1.12913e-44
7.07444e-45
4.42781e-45
2.76843e-45
1.72912e-45
1.07886e-45
6.72445e-46
4.18693e-46
2.60425e-46
1.61816e-46
1.0044e-46
6.22793e-47
3.85771e-47
2.38708e-47
1.47555e-47
9.11153e-48
5.62056e-48
3.46353e-48
2.13211e-48
1.31115e-48
8.05463e-49
4.94301e-49
3.03032e-49
1.85583e-49
1.13538e-49
6.93901e-50
4.23651e-50
2.5839e-50
1.57438e-50
9.58361e-51
5.82896e-51
3.54367e-51
2.15546e-51
1.31529e-51
8.11e-52
5.14783e-52
3.51288e-52
2.78805e-52
)
;

boundaryField
{
    sides
    {
        type            zeroGradient;
    }
    empty
    {
        type            empty;
    }
}


// ************************************************************************* //
