/*--------------------------------*- C++ -*----------------------------------*\
  =========                 |
  \\      /  F ield         | OpenFOAM: The Open Source CFD Toolbox
   \\    /   O peration     | Website:  https://openfoam.org
    \\  /    A nd           | Version:  13
     \\/     M anipulation  |
\*---------------------------------------------------------------------------*/
FoamFile
{
    format      ascii;
    class       volScalarField;
    location    "0.31";
    object      T;
}
// * * * * * * * * * * * * * * * * * * * * * * * * * * * * * * * * * * * * * //

dimensions      [0 0 0 1 0 0 0];

internalField   nonuniform List<scalar> 
1000
(
0
0
0
0
0
0
0
0
0
0
0
0
0
0
0
0
0
0
0
0
0
1.58101e-322
2.28258e-321
2.86607e-320
3.56261e-319
4.41454e-318
5.45855e-317
6.7356e-316
8.29439e-315
1.01929e-313
1.25002e-312
1.5298e-311
1.86833e-310
2.27703e-309
2.76936e-308
3.3611e-307
4.07074e-306
4.91986e-305
5.93357e-304
7.14106e-303
8.57609e-302
1.02776e-300
1.22906e-299
1.46664e-298
1.74641e-297
2.07508e-296
2.46031e-295
2.91077e-294
3.43625e-293
4.04781e-292
4.75784e-291
5.58023e-290
6.53046e-289
7.62576e-288
8.8852e-287
1.03298e-285
1.19828e-284
1.38695e-283
1.60176e-282
1.84571e-281
2.12207e-280
2.43434e-279
2.7863e-278
3.18195e-277
3.62557e-276
4.12169e-275
4.67505e-274
5.29062e-273
5.97356e-272
6.72922e-271
7.56304e-270
8.4806e-269
9.48751e-268
1.05894e-266
1.17917e-265
1.31e-264
1.45194e-263
1.60549e-262
1.77111e-261
1.9492e-260
2.14013e-259
2.34419e-258
2.5616e-257
2.7925e-256
3.03693e-255
3.29483e-254
3.56603e-253
3.85024e-252
4.14703e-251
4.45587e-250
4.77604e-249
5.10672e-248
5.44693e-247
5.79552e-246
6.15123e-245
6.51263e-244
6.87818e-243
7.24618e-242
7.61484e-241
7.98223e-240
8.34636e-239
8.70513e-238
9.05641e-237
9.39801e-236
9.72771e-235
1.00433e-233
1.03427e-232
1.06237e-231
1.08842e-230
1.11224e-229
1.13364e-228
1.15245e-227
1.16853e-226
1.18173e-225
1.19195e-224
1.1991e-223
1.20311e-222
1.20394e-221
1.20158e-220
1.19603e-219
1.18732e-218
1.17552e-217
1.16071e-216
1.143e-215
1.12251e-214
1.0994e-213
1.07383e-212
1.04599e-211
1.01608e-210
9.84317e-210
9.50912e-209
9.161e-208
8.80111e-207
8.43181e-206
8.05542e-205
7.67425e-204
7.29055e-203
6.90649e-202
6.52412e-201
6.1454e-200
5.77217e-199
5.40609e-198
5.04869e-197
4.70133e-196
4.36522e-195
4.04139e-194
3.73068e-193
3.43381e-192
3.1513e-191
2.88353e-190
2.63072e-189
2.39298e-188
2.17025e-187
1.96238e-186
1.76911e-185
1.59009e-184
1.42488e-183
1.27297e-182
1.13381e-181
1.00678e-180
8.91256e-180
7.86565e-179
6.92036e-178
6.06986e-177
5.30737e-176
4.62623e-175
4.01991e-174
3.48211e-173
3.00677e-172
2.58812e-171
2.2207e-170
1.89938e-169
1.61937e-168
1.37622e-167
1.16581e-166
9.84383e-166
8.28498e-165
6.9503e-164
5.81161e-163
4.84354e-162
4.02346e-161
3.33119e-160
2.74889e-159
2.26083e-158
1.85322e-157
1.514e-156
1.23271e-155
1.00029e-154
8.08941e-154
6.51967e-153
5.23658e-152
4.19157e-151
3.34355e-150
2.65787e-149
2.10547e-148
1.66206e-147
1.30744e-146
1.02487e-145
8.00538e-145
6.23093e-144
4.83256e-143
3.73463e-142
2.87579e-141
2.20649e-140
1.68684e-139
1.28489e-138
9.75152e-138
7.37373e-137
5.55524e-136
4.16978e-135
3.11825e-134
2.32322e-133
1.72443e-132
1.27516e-131
9.39392e-131
6.89417e-130
5.04039e-129
3.671e-128
2.66341e-127
1.92494e-126
1.38584e-125
9.93849e-125
7.09955e-124
5.05169e-123
3.5804e-122
2.52759e-121
1.77728e-120
1.24471e-119
8.68244e-119
6.03204e-118
4.17377e-117
2.87626e-116
1.97403e-115
1.34926e-114
9.18439e-114
6.22596e-113
4.20297e-112
2.82548e-111
1.89149e-110
1.26092e-109
8.37005e-109
5.5325e-108
3.64131e-107
2.38632e-106
1.55713e-105
1.01167e-104
6.54424e-104
4.21481e-103
2.70263e-102
1.72535e-101
1.09657e-100
6.93839e-100
4.37052e-99
2.74063e-98
1.71081e-97
1.0631e-96
6.57602e-96
4.04907e-95
2.48165e-94
1.51395e-93
9.19293e-93
5.55599e-92
3.34212e-91
2.0009e-90
1.19223e-89
7.07e-89
4.17243e-88
2.45052e-87
1.43224e-86
8.33019e-86
4.82125e-85
2.77665e-84
1.59121e-83
9.07334e-83
5.14789e-82
2.90604e-81
1.6322e-80
9.12075e-80
5.07065e-79
2.80453e-78
1.54314e-77
8.44677e-77
4.5994e-76
2.4913e-75
1.3423e-74
7.19388e-74
3.83487e-73
2.0333e-72
1.07226e-71
5.62384e-71
2.93352e-70
1.52178e-69
7.85077e-69
4.02765e-68
2.05475e-67
1.04236e-66
5.25795e-66
2.63717e-65
1.31513e-64
6.52073e-64
3.21442e-63
1.57533e-62
7.67526e-62
3.71747e-61
1.78987e-60
8.56637e-60
4.07531e-59
1.92706e-58
9.057e-58
4.2307e-57
1.96409e-56
9.06187e-56
4.15491e-55
1.89312e-54
8.5713e-54
3.85614e-53
1.72376e-52
7.65604e-52
3.37842e-51
1.48111e-50
6.45073e-50
2.79098e-49
1.19954e-48
5.12109e-48
2.1716e-47
9.1464e-47
3.82605e-46
1.58951e-45
6.55793e-45
2.68684e-44
1.09312e-43
4.41593e-43
1.77127e-42
7.054e-42
2.78902e-41
1.09474e-40
4.26573e-40
1.64996e-39
6.33478e-39
2.41403e-38
9.13032e-38
3.42717e-37
1.27664e-36
4.71915e-36
1.73099e-35
6.29992e-35
2.2749e-34
8.1499e-34
2.89653e-33
1.02121e-32
3.57137e-32
1.23884e-31
4.26212e-31
1.45426e-30
4.92081e-30
1.65113e-29
5.49351e-29
1.81223e-28
5.9271e-28
1.92181e-27
6.17711e-27
1.96807e-26
6.21506e-26
1.94523e-25
6.0337e-25
1.85462e-24
5.6488e-24
1.70472e-23
5.09698e-23
1.50975e-22
4.42996e-22
1.28754e-21
3.70643e-21
1.0567e-20
2.98343e-20
8.34089e-20
2.30891e-19
6.32802e-19
1.71695e-18
4.61147e-18
1.22597e-17
3.22585e-17
8.40026e-17
2.16467e-16
5.51952e-16
1.39247e-15
3.47545e-15
8.58092e-15
2.09565e-14
5.06208e-14
1.20927e-13
2.85671e-13
6.67291e-13
1.54111e-12
3.51871e-12
7.94186e-12
1.77179e-11
3.90674e-11
8.51313e-11
1.83314e-10
3.90029e-10
8.19881e-10
1.70263e-09
3.49271e-09
7.07688e-09
1.41618e-08
2.79868e-08
5.46146e-08
1.05232e-07
2.00184e-07
3.7594e-07
6.96917e-07
1.2752e-06
2.30292e-06
4.10436e-06
7.21848e-06
1.2527e-05
2.14498e-05
3.62358e-05
6.03903e-05
9.92849e-05
0.000161013
0.00025756
0.000406362
0.000632336
0.000970432
0.00146876
0.00219229
0.00322696
0.00468422
0.00670542
0.00946597
0.0131784
0.0180937
0.024501
0.0327227
0.0431077
0.0560193
0.0718192
0.0908475
0.1134
0.139706
0.169898
0.203997
0.241891
0.283327
0.327908
0.375099
0.424249
0.474612
0.525388
0.575751
0.624901
0.672092
0.716673
0.758109
0.796003
0.830102
0.860294
0.8866
0.909152
0.928181
0.943981
0.956892
0.967277
0.975499
0.981906
0.986822
0.990534
0.993295
0.995316
0.996773
0.997808
0.998531
0.99903
0.999368
0.999594
0.999742
0.999839
0.999901
0.99994
0.999964
0.999979
0.999987
0.999993
0.999996
0.999998
0.999999
0.999999
1
1
1
1
1
1
1
1
1
1
1
1
1
1
1
1
1
1
1
1
1
1
0.999999
0.999999
0.999998
0.999996
0.999993
0.999987
0.999979
0.999964
0.99994
0.999901
0.999839
0.999742
0.999594
0.999368
0.99903
0.998531
0.997808
0.996773
0.995316
0.993295
0.990534
0.986822
0.981906
0.975499
0.967277
0.956892
0.943981
0.928181
0.909152
0.8866
0.860294
0.830102
0.796003
0.758109
0.716673
0.672092
0.624901
0.575751
0.525388
0.474612
0.424249
0.375099
0.327908
0.283327
0.241891
0.203997
0.169898
0.139706
0.1134
0.0908475
0.0718192
0.0560193
0.0431077
0.0327227
0.024501
0.0180937
0.0131784
0.00946597
0.00670542
0.00468422
0.00322696
0.00219229
0.00146876
0.000970432
0.000632336
0.000406362
0.00025756
0.000161013
9.92849e-05
6.03903e-05
3.62358e-05
2.14498e-05
1.2527e-05
7.21848e-06
4.10436e-06
2.30292e-06
1.2752e-06
6.96917e-07
3.7594e-07
2.00184e-07
1.05232e-07
5.46146e-08
2.79868e-08
1.41618e-08
7.07688e-09
3.49271e-09
1.70263e-09
8.19881e-10
3.90029e-10
1.83314e-10
8.51313e-11
3.90674e-11
1.77179e-11
7.94186e-12
3.51871e-12
1.54111e-12
6.67291e-13
2.85671e-13
1.20927e-13
5.06208e-14
2.09565e-14
8.58092e-15
3.47545e-15
1.39247e-15
5.51952e-16
2.16467e-16
8.40026e-17
3.22585e-17
1.22597e-17
4.61147e-18
1.71695e-18
6.32802e-19
2.30891e-19
8.34089e-20
2.98343e-20
1.0567e-20
3.70643e-21
1.28754e-21
4.42996e-22
1.50975e-22
5.09698e-23
1.70472e-23
5.6488e-24
1.85462e-24
6.0337e-25
1.94523e-25
6.21506e-26
1.96807e-26
6.17711e-27
1.92181e-27
5.9271e-28
1.81223e-28
5.49351e-29
1.65113e-29
4.92081e-30
1.45426e-30
4.26212e-31
1.23884e-31
3.57137e-32
1.02121e-32
2.89653e-33
8.1499e-34
2.2749e-34
6.29992e-35
1.73099e-35
4.71915e-36
1.27664e-36
3.42717e-37
9.13032e-38
2.41403e-38
6.33478e-39
1.64996e-39
4.26573e-40
1.09474e-40
2.78902e-41
7.054e-42
1.77127e-42
4.41593e-43
1.09312e-43
2.68684e-44
6.55793e-45
1.58951e-45
3.82605e-46
9.1464e-47
2.1716e-47
5.12109e-48
1.19954e-48
2.79098e-49
6.45073e-50
1.48111e-50
3.37842e-51
7.65604e-52
1.72376e-52
3.85614e-53
8.5713e-54
1.89312e-54
4.15491e-55
9.06187e-56
1.96409e-56
4.2307e-57
9.057e-58
1.92706e-58
4.07531e-59
8.56637e-60
1.78987e-60
3.71747e-61
7.67526e-62
1.57533e-62
3.21442e-63
6.52073e-64
1.31513e-64
2.63717e-65
5.25795e-66
1.04236e-66
2.05475e-67
4.02765e-68
7.85077e-69
1.52178e-69
2.93352e-70
5.62384e-71
1.07226e-71
2.0333e-72
3.83487e-73
7.19388e-74
1.3423e-74
2.4913e-75
4.5994e-76
8.44677e-77
1.54314e-77
2.80453e-78
5.07065e-79
9.12075e-80
1.6322e-80
2.90604e-81
5.14789e-82
9.07334e-83
1.59121e-83
2.77665e-84
4.82125e-85
8.33019e-86
1.43224e-86
2.45052e-87
4.17243e-88
7.07e-89
1.19223e-89
2.0009e-90
3.34212e-91
5.55599e-92
9.19293e-93
1.51395e-93
2.48165e-94
4.04907e-95
6.57602e-96
1.0631e-96
1.71081e-97
2.74063e-98
4.37052e-99
6.93839e-100
1.09657e-100
1.72535e-101
2.70263e-102
4.21481e-103
6.54424e-104
1.01167e-104
1.55713e-105
2.38632e-106
3.64131e-107
5.5325e-108
8.37005e-109
1.26092e-109
1.89149e-110
2.82548e-111
4.20297e-112
6.22596e-113
9.18439e-114
1.34926e-114
1.97403e-115
2.87626e-116
4.17377e-117
6.03204e-118
8.68244e-119
1.24471e-119
1.77728e-120
2.52759e-121
3.5804e-122
5.05169e-123
7.09955e-124
9.93849e-125
1.38584e-125
1.92494e-126
2.66341e-127
3.671e-128
5.04039e-129
6.89417e-130
9.39392e-131
1.27516e-131
1.72443e-132
2.32322e-133
3.11825e-134
4.16978e-135
5.55524e-136
7.37373e-137
9.75152e-138
1.28489e-138
1.68684e-139
2.20649e-140
2.87579e-141
3.73463e-142
4.83256e-143
6.23093e-144
8.00538e-145
1.02487e-145
1.30744e-146
1.66206e-147
2.10547e-148
2.65787e-149
3.34355e-150
4.19157e-151
5.23658e-152
6.51967e-153
8.08941e-154
1.00029e-154
1.23271e-155
1.514e-156
1.85322e-157
2.26083e-158
2.74889e-159
3.33119e-160
4.02346e-161
4.84354e-162
5.81161e-163
6.9503e-164
8.28498e-165
9.84383e-166
1.16581e-166
1.37622e-167
1.61937e-168
1.89938e-169
2.2207e-170
2.58812e-171
3.00677e-172
3.48211e-173
4.01991e-174
4.62623e-175
5.30737e-176
6.06986e-177
6.92036e-178
7.86565e-179
8.91256e-180
1.00678e-180
1.13381e-181
1.27297e-182
1.42488e-183
1.59009e-184
1.76911e-185
1.96238e-186
2.17025e-187
2.39298e-188
2.63072e-189
2.88353e-190
3.1513e-191
3.43381e-192
3.73068e-193
4.04139e-194
4.36522e-195
4.70133e-196
5.04869e-197
5.40609e-198
5.77217e-199
6.1454e-200
6.52412e-201
6.90649e-202
7.29055e-203
7.67425e-204
8.05542e-205
8.43181e-206
8.80111e-207
9.161e-208
9.50912e-209
9.84317e-210
1.01608e-210
1.04599e-211
1.07383e-212
1.0994e-213
1.12251e-214
1.143e-215
1.16071e-216
1.17552e-217
1.18732e-218
1.19603e-219
1.20158e-220
1.20394e-221
1.20311e-222
1.1991e-223
1.19195e-224
1.18173e-225
1.16853e-226
1.15245e-227
1.13364e-228
1.11224e-229
1.08842e-230
1.06237e-231
1.03427e-232
1.00433e-233
9.72771e-235
9.39801e-236
9.05641e-237
8.70513e-238
8.34636e-239
7.98223e-240
7.61484e-241
7.24618e-242
6.87818e-243
6.51263e-244
6.15123e-245
5.79552e-246
5.44693e-247
5.10672e-248
4.77604e-249
4.45587e-250
4.14703e-251
3.85024e-252
3.56603e-253
3.29483e-254
3.03693e-255
2.7925e-256
2.5616e-257
2.34419e-258
2.14013e-259
1.9492e-260
1.77111e-261
1.60549e-262
1.45194e-263
1.31e-264
1.17917e-265
1.05894e-266
9.48751e-268
8.4806e-269
7.56304e-270
6.72922e-271
5.97356e-272
5.29062e-273
4.67505e-274
4.12169e-275
3.62557e-276
3.18195e-277
2.7863e-278
2.43434e-279
2.12207e-280
1.84571e-281
1.60176e-282
1.38695e-283
1.19828e-284
1.03298e-285
8.8852e-287
7.62576e-288
6.53046e-289
5.58023e-290
4.75784e-291
4.04781e-292
3.43625e-293
2.91077e-294
2.46031e-295
2.07508e-296
1.74641e-297
1.46664e-298
1.22906e-299
1.02776e-300
8.57609e-302
7.14106e-303
5.93357e-304
4.91986e-305
4.07074e-306
3.3611e-307
2.76936e-308
2.27703e-309
1.86833e-310
1.5298e-311
1.25002e-312
1.01929e-313
8.29439e-315
6.7356e-316
5.45855e-317
4.41457e-318
3.56261e-319
2.86657e-320
2.28258e-321
1.58101e-322
0
0
0
0
0
0
0
0
0
0
0
0
0
0
0
0
0
0
0
0
0
)
;

boundaryField
{
    sides
    {
        type            zeroGradient;
    }
    empty
    {
        type            empty;
    }
}


// ************************************************************************* //
