/*--------------------------------*- C++ -*----------------------------------*\
  =========                 |
  \\      /  F ield         | OpenFOAM: The Open Source CFD Toolbox
   \\    /   O peration     | Website:  https://openfoam.org
    \\  /    A nd           | Version:  13
     \\/     M anipulation  |
\*---------------------------------------------------------------------------*/
FoamFile
{
    format      ascii;
    class       volScalarField;
    location    "1.845";
    object      T;
}
// * * * * * * * * * * * * * * * * * * * * * * * * * * * * * * * * * * * * * //

dimensions      [0 0 0 1 0 0 0];

internalField   nonuniform List<scalar> 
1000
(
3.68066e-110
7.85914e-110
2.09238e-109
5.75532e-109
1.58762e-108
4.3747e-108
1.20351e-107
3.30541e-107
9.06286e-107
2.48067e-106
6.77857e-106
1.84913e-105
5.0357e-105
1.36903e-104
3.71556e-104
1.00669e-103
2.72284e-103
7.352e-103
1.98173e-102
5.33258e-102
1.43246e-101
3.84134e-101
1.02833e-100
2.74809e-100
7.33128e-100
1.95243e-99
5.19063e-99
1.37756e-98
3.64958e-98
9.65209e-98
2.54825e-97
6.7159e-97
1.76688e-96
4.64033e-96
1.21655e-95
3.18381e-95
8.31768e-95
2.16916e-94
5.64697e-94
1.46748e-93
3.80681e-93
9.85783e-93
2.54818e-92
6.57521e-92
1.69362e-91
4.3546e-91
1.11765e-90
2.86345e-90
7.32312e-90
1.8695e-89
4.76403e-89
1.21184e-88
3.07704e-88
7.79901e-88
1.97316e-87
4.98313e-87
1.25619e-86
3.16099e-86
7.93968e-86
1.99065e-85
4.9819e-85
1.24453e-84
3.1033e-84
7.72411e-84
1.91902e-83
4.75899e-83
1.17802e-82
2.91068e-82
7.17856e-82
1.76718e-81
4.34232e-81
1.06503e-80
2.60734e-80
6.37131e-80
1.55401e-79
3.78334e-79
9.19362e-79
2.22992e-78
5.39862e-78
1.30456e-77
3.14654e-77
7.57512e-77
1.82025e-76
4.36572e-76
1.04512e-75
2.49721e-75
5.95561e-75
1.41768e-74
3.36827e-74
7.98755e-74
1.89059e-73
4.46637e-73
1.05314e-72
2.47851e-72
5.82193e-72
1.36494e-71
3.19395e-71
7.45954e-71
1.73885e-70
4.04556e-70
9.39419e-70
2.17723e-69
5.03628e-69
1.16272e-68
2.67919e-68
6.16154e-68
1.41427e-67
3.2399e-67
7.40776e-67
1.69042e-66
3.84996e-66
8.75124e-66
1.98533e-65
4.49516e-65
1.01579e-64
2.29093e-64
5.15662e-64
1.15841e-63
2.59719e-63
5.81147e-63
1.2978e-62
2.89249e-62
6.43389e-62
1.42828e-61
3.16437e-61
6.99675e-61
1.54397e-60
3.40029e-60
7.47347e-60
1.6393e-59
3.5886e-59
7.84004e-59
1.70938e-58
3.71949e-58
8.07703e-58
1.75043e-57
3.78579e-57
8.17129e-57
1.76012e-56
3.78367e-56
8.1171e-56
1.73782e-55
3.71296e-55
7.91682e-55
1.68458e-54
3.57722e-54
7.58066e-54
1.60316e-53
3.38341e-53
7.12585e-53
1.4977e-52
3.14134e-52
6.57517e-52
1.37341e-51
2.86281e-51
5.95503e-51
1.23615e-50
2.56069e-50
5.29341e-50
1.09196e-49
2.24788e-49
4.61773e-49
9.46615e-49
1.93645e-48
3.95301e-48
8.05259e-48
1.63692e-47
3.3205e-47
6.72142e-47
1.35769e-46
2.73665e-46
5.50448e-46
1.10482e-45
2.2128e-45
4.42251e-45
8.82001e-45
1.75526e-44
3.48566e-44
6.90715e-44
1.36578e-43
2.69483e-43
5.30576e-43
1.04239e-42
2.0435e-42
3.99744e-42
7.80282e-42
1.51978e-41
2.95372e-41
5.72816e-41
1.10845e-40
2.1403e-40
4.1237e-40
7.92778e-40
1.52078e-39
2.91095e-39
5.55968e-39
1.05953e-38
2.01476e-38
3.82277e-38
7.23731e-38
1.36716e-37
2.57694e-37
4.8465e-37
9.09477e-37
1.70292e-36
3.1815e-36
5.9307e-36
1.1031e-35
2.04718e-35
3.79079e-35
7.00381e-35
1.29112e-34
2.37482e-34
4.35832e-34
7.98058e-34
1.45806e-33
2.65789e-33
4.83417e-33
8.7726e-33
1.58838e-32
2.86945e-32
5.17203e-32
9.30121e-32
1.66891e-31
2.98772e-31
5.33654e-31
9.51022e-31
1.69095e-30
2.99973e-30
5.30933e-30
9.37572e-30
1.65187e-29
2.90368e-29
5.09245e-29
8.91058e-29
1.55556e-28
2.70935e-28
4.70808e-28
8.16242e-28
1.41186e-27
2.43645e-27
4.19485e-27
7.20558e-27
1.23485e-26
2.11129e-26
3.60139e-26
6.12888e-26
1.04059e-25
1.76264e-25
2.97873e-25
5.02207e-25
8.44727e-25
1.41753e-24
2.37315e-24
3.96369e-24
6.60467e-24
1.09794e-23
1.82088e-23
3.01273e-23
4.97292e-23
8.18908e-23
1.34533e-22
2.20493e-22
3.60518e-22
5.8807e-22
9.56966e-22
1.55357e-21
2.5161e-21
4.06528e-21
6.55261e-21
1.05366e-20
1.69023e-20
2.7049e-20
4.31831e-20
6.87757e-20
1.09273e-19
1.73198e-19
2.7386e-19
4.31985e-19
6.79766e-19
1.06709e-18
1.67107e-18
2.61057e-18
4.0684e-18
6.325e-18
9.80941e-18
1.51765e-17
2.3423e-17
3.60626e-17
5.53878e-17
8.48618e-17
1.29703e-16
1.97755e-16
3.00777e-16
4.56351e-16
6.907e-16
1.04284e-15
1.57064e-15
2.35978e-15
3.53671e-15
5.28761e-15
7.88589e-15
1.1732e-14
1.7411e-14
2.57753e-14
3.80638e-14
5.60721e-14
8.23963e-14
1.2078e-13
1.76606e-13
2.57596e-13
3.74798e-13
5.43973e-13
7.87552e-13
1.13737e-12
1.63849e-12
2.35453e-12
3.37508e-12
4.82594e-12
6.8833e-12
9.79328e-12
1.38987e-11
1.9676e-11
2.77851e-11
3.91384e-11
5.49928e-11
7.70763e-11
1.07758e-10
1.50275e-10
2.09043e-10
2.90065e-10
4.0148e-10
5.54296e-10
7.63357e-10
1.04863e-09
1.43689e-09
1.96396e-09
2.67761e-09
3.64139e-09
4.93963e-09
6.68384e-09
9.02116e-09
1.21452e-08
1.63098e-08
2.18472e-08
2.91909e-08
3.89047e-08
5.17202e-08
6.85835e-08
9.07155e-08
1.19686e-07
1.57511e-07
2.06765e-07
2.70736e-07
3.53602e-07
4.60665e-07
5.98626e-07
7.75939e-07
1.00323e-06
1.29382e-06
1.66436e-06
2.13561e-06
2.73337e-06
3.48959e-06
4.44377e-06
5.64455e-06
7.1517e-06
9.03836e-06
1.13939e-05
1.4327e-05
1.79698e-05
2.24818e-05
2.80558e-05
3.49235e-05
4.33627e-05
5.37055e-05
6.63477e-05
8.17595e-05
0.000100498
0.00012322
0.0001507
0.000183845
0.000223717
0.000271554
0.000328793
0.000397101
0.0004784
0.000574903
0.000689148
0.000824034
0.000982867
0.0011694
0.00138787
0.00164307
0.00194037
0.00228579
0.00268605
0.0031486
0.00368172
0.00429451
0.004997
0.00580015
0.00671592
0.0077573
0.00893833
0.0102741
0.011781
0.0134761
0.015378
0.017506
0.0198808
0.0225237
0.0254571
0.0287041
0.0322887
0.0362352
0.0405684
0.0453134
0.0504953
0.056139
0.0622692
0.0689098
0.0760838
0.0838131
0.0921182
0.101018
0.110529
0.120666
0.131441
0.142863
0.154938
0.167669
0.181055
0.195091
0.209771
0.225081
0.241005
0.257524
0.274612
0.292242
0.310381
0.328995
0.348042
0.367481
0.387266
0.407349
0.427678
0.448202
0.468865
0.489612
0.510388
0.531135
0.551798
0.572321
0.592651
0.612733
0.632518
0.651957
0.671004
0.689617
0.707756
0.725386
0.742474
0.758991
0.774915
0.790223
0.804901
0.818936
0.83232
0.845048
0.857119
0.868537
0.879306
0.889436
0.898939
0.907828
0.916121
0.923834
0.93099
0.937608
0.94371
0.949321
0.954463
0.95916
0.963436
0.967314
0.970817
0.973968
0.976787
0.979295
0.981511
0.983453
0.985136
0.986576
0.987785
0.988776
0.989557
0.990135
0.990518
0.990708
0.990708
0.990518
0.990135
0.989557
0.988776
0.987785
0.986576
0.985136
0.983453
0.981511
0.979295
0.976787
0.973968
0.970817
0.967314
0.963436
0.95916
0.954463
0.949321
0.94371
0.937608
0.93099
0.923834
0.916121
0.907828
0.898939
0.889436
0.879306
0.868537
0.857119
0.845048
0.83232
0.818936
0.804901
0.790223
0.774915
0.758991
0.742474
0.725386
0.707756
0.689617
0.671004
0.651957
0.632518
0.612733
0.592651
0.572321
0.551798
0.531135
0.510388
0.489612
0.468865
0.448202
0.427678
0.407349
0.387266
0.367481
0.348042
0.328995
0.310381
0.292242
0.274612
0.257524
0.241005
0.225081
0.209771
0.195091
0.181055
0.167669
0.154938
0.142863
0.131441
0.120666
0.110529
0.101018
0.0921182
0.0838131
0.0760838
0.0689098
0.0622692
0.056139
0.0504953
0.0453134
0.0405684
0.0362352
0.0322887
0.0287041
0.0254571
0.0225237
0.0198808
0.017506
0.015378
0.0134761
0.011781
0.0102741
0.00893833
0.0077573
0.00671592
0.00580015
0.004997
0.00429451
0.00368172
0.0031486
0.00268605
0.00228579
0.00194037
0.00164307
0.00138787
0.0011694
0.000982867
0.000824034
0.000689148
0.000574903
0.0004784
0.000397101
0.000328793
0.000271554
0.000223717
0.000183845
0.0001507
0.00012322
0.000100498
8.17595e-05
6.63477e-05
5.37055e-05
4.33627e-05
3.49235e-05
2.80558e-05
2.24818e-05
1.79698e-05
1.4327e-05
1.13939e-05
9.03836e-06
7.1517e-06
5.64455e-06
4.44377e-06
3.48959e-06
2.73337e-06
2.13561e-06
1.66436e-06
1.29382e-06
1.00323e-06
7.75939e-07
5.98626e-07
4.60665e-07
3.53602e-07
2.70736e-07
2.06765e-07
1.57511e-07
1.19686e-07
9.07155e-08
6.85835e-08
5.17202e-08
3.89047e-08
2.91909e-08
2.18472e-08
1.63098e-08
1.21452e-08
9.02116e-09
6.68384e-09
4.93963e-09
3.64139e-09
2.67761e-09
1.96396e-09
1.43689e-09
1.04863e-09
7.63357e-10
5.54296e-10
4.0148e-10
2.90065e-10
2.09043e-10
1.50275e-10
1.07758e-10
7.70763e-11
5.49928e-11
3.91384e-11
2.77851e-11
1.9676e-11
1.38987e-11
9.79328e-12
6.8833e-12
4.82594e-12
3.37508e-12
2.35453e-12
1.63849e-12
1.13737e-12
7.87552e-13
5.43973e-13
3.74798e-13
2.57596e-13
1.76606e-13
1.2078e-13
8.23963e-14
5.60721e-14
3.80638e-14
2.57753e-14
1.7411e-14
1.1732e-14
7.88589e-15
5.28761e-15
3.53671e-15
2.35978e-15
1.57064e-15
1.04284e-15
6.907e-16
4.56351e-16
3.00777e-16
1.97755e-16
1.29703e-16
8.48618e-17
5.53878e-17
3.60626e-17
2.3423e-17
1.51765e-17
9.80941e-18
6.325e-18
4.0684e-18
2.61057e-18
1.67107e-18
1.06709e-18
6.79766e-19
4.31985e-19
2.7386e-19
1.73198e-19
1.09273e-19
6.87757e-20
4.31831e-20
2.7049e-20
1.69023e-20
1.05366e-20
6.55261e-21
4.06528e-21
2.5161e-21
1.55357e-21
9.56966e-22
5.8807e-22
3.60518e-22
2.20493e-22
1.34533e-22
8.18908e-23
4.97292e-23
3.01273e-23
1.82088e-23
1.09794e-23
6.60467e-24
3.96369e-24
2.37315e-24
1.41753e-24
8.44727e-25
5.02207e-25
2.97873e-25
1.76264e-25
1.04059e-25
6.12888e-26
3.60139e-26
2.11129e-26
1.23485e-26
7.20558e-27
4.19485e-27
2.43645e-27
1.41186e-27
8.16242e-28
4.70808e-28
2.70935e-28
1.55556e-28
8.91058e-29
5.09245e-29
2.90368e-29
1.65187e-29
9.37572e-30
5.30933e-30
2.99973e-30
1.69095e-30
9.51022e-31
5.33654e-31
2.98772e-31
1.66891e-31
9.30121e-32
5.17203e-32
2.86945e-32
1.58838e-32
8.7726e-33
4.83417e-33
2.65789e-33
1.45806e-33
7.98058e-34
4.35832e-34
2.37482e-34
1.29112e-34
7.00381e-35
3.79079e-35
2.04718e-35
1.1031e-35
5.9307e-36
3.1815e-36
1.70292e-36
9.09477e-37
4.8465e-37
2.57694e-37
1.36716e-37
7.23731e-38
3.82277e-38
2.01476e-38
1.05953e-38
5.55968e-39
2.91095e-39
1.52078e-39
7.92778e-40
4.1237e-40
2.1403e-40
1.10845e-40
5.72816e-41
2.95372e-41
1.51978e-41
7.80282e-42
3.99744e-42
2.0435e-42
1.04239e-42
5.30576e-43
2.69483e-43
1.36578e-43
6.90715e-44
3.48566e-44
1.75526e-44
8.82001e-45
4.42251e-45
2.2128e-45
1.10482e-45
5.50448e-46
2.73665e-46
1.35769e-46
6.72142e-47
3.3205e-47
1.63692e-47
8.05259e-48
3.95301e-48
1.93645e-48
9.46615e-49
4.61773e-49
2.24788e-49
1.09196e-49
5.29341e-50
2.56069e-50
1.23615e-50
5.95503e-51
2.86281e-51
1.37341e-51
6.57517e-52
3.14134e-52
1.4977e-52
7.12585e-53
3.38341e-53
1.60316e-53
7.58066e-54
3.57722e-54
1.68458e-54
7.91682e-55
3.71296e-55
1.73782e-55
8.1171e-56
3.78367e-56
1.76012e-56
8.17129e-57
3.78579e-57
1.75043e-57
8.07703e-58
3.71949e-58
1.70938e-58
7.84004e-59
3.5886e-59
1.6393e-59
7.47347e-60
3.40029e-60
1.54397e-60
6.99675e-61
3.16437e-61
1.42828e-61
6.43389e-62
2.89249e-62
1.2978e-62
5.81147e-63
2.59719e-63
1.15841e-63
5.15662e-64
2.29093e-64
1.01579e-64
4.49516e-65
1.98533e-65
8.75124e-66
3.84996e-66
1.69042e-66
7.40776e-67
3.2399e-67
1.41427e-67
6.16154e-68
2.67919e-68
1.16272e-68
5.03628e-69
2.17723e-69
9.39419e-70
4.04556e-70
1.73885e-70
7.45954e-71
3.19395e-71
1.36494e-71
5.82193e-72
2.47851e-72
1.05314e-72
4.46637e-73
1.89059e-73
7.98755e-74
3.36827e-74
1.41768e-74
5.95561e-75
2.49721e-75
1.04512e-75
4.36572e-76
1.82025e-76
7.57512e-77
3.14654e-77
1.30456e-77
5.39862e-78
2.22992e-78
9.19362e-79
3.78334e-79
1.55401e-79
6.37131e-80
2.60734e-80
1.06503e-80
4.34232e-81
1.76718e-81
7.17856e-82
2.91068e-82
1.17802e-82
4.75899e-83
1.91902e-83
7.72411e-84
3.1033e-84
1.24453e-84
4.9819e-85
1.99065e-85
7.93968e-86
3.16099e-86
1.25619e-86
4.98313e-87
1.97316e-87
7.79901e-88
3.07704e-88
1.21184e-88
4.76403e-89
1.8695e-89
7.32312e-90
2.86345e-90
1.11765e-90
4.3546e-91
1.69362e-91
6.57521e-92
2.54818e-92
9.85783e-93
3.80681e-93
1.46748e-93
5.64697e-94
2.16916e-94
8.31768e-95
3.18381e-95
1.21655e-95
4.64033e-96
1.76688e-96
6.7159e-97
2.54825e-97
9.65209e-98
3.64958e-98
1.37756e-98
5.19063e-99
1.95243e-99
7.33128e-100
2.74809e-100
1.02833e-100
3.84134e-101
1.43246e-101
5.33258e-102
1.98173e-102
7.352e-103
2.72284e-103
1.00669e-103
3.71556e-104
1.36903e-104
5.0357e-105
1.84913e-105
6.77857e-106
2.48067e-106
9.06286e-107
3.30541e-107
1.20351e-107
4.3747e-108
1.58762e-108
5.75532e-109
2.09238e-109
7.85914e-110
3.68066e-110
)
;

boundaryField
{
    sides
    {
        type            zeroGradient;
    }
    empty
    {
        type            empty;
    }
}


// ************************************************************************* //
