/*--------------------------------*- C++ -*----------------------------------*\
  =========                 |
  \\      /  F ield         | OpenFOAM: The Open Source CFD Toolbox
   \\    /   O peration     | Website:  https://openfoam.org
    \\  /    A nd           | Version:  13
     \\/     M anipulation  |
\*---------------------------------------------------------------------------*/
FoamFile
{
    format      ascii;
    class       volScalarField;
    location    "0.3";
    object      T;
}
// * * * * * * * * * * * * * * * * * * * * * * * * * * * * * * * * * * * * * //

dimensions      [0 0 0 1 0 0 0];

internalField   nonuniform List<scalar> 
1000
(
0
0
0
0
0
0
0
0
0
0
0
0
0
0
0
0
0
0
0
0
0
0
0
0
0
3.95253e-323
7.16395e-322
9.46136e-321
1.20246e-319
1.52068e-318
1.91886e-317
2.41624e-316
3.03624e-315
3.80744e-314
4.76462e-313
5.95e-312
7.4148e-311
9.22086e-310
1.14428e-308
1.41702e-307
1.75108e-306
2.1593e-305
2.65706e-304
3.26259e-303
3.99759e-302
4.8877e-301
5.96318e-300
7.25968e-299
8.81901e-298
1.06901e-296
1.29301e-295
1.56056e-294
1.87935e-293
2.25833e-292
2.70778e-291
3.23954e-290
3.8672e-289
4.60627e-288
5.47444e-287
6.49177e-286
7.68102e-285
9.06782e-284
1.0681e-282
1.2553e-281
1.47198e-280
1.72216e-279
2.0103e-278
2.34131e-277
2.72062e-276
3.15416e-275
3.64841e-274
4.2104e-273
4.84777e-272
5.56873e-271
6.38208e-270
7.29722e-269
8.32415e-268
9.47339e-267
1.0756e-265
1.21836e-264
1.37681e-263
1.55219e-262
1.74576e-261
1.95879e-260
2.19258e-259
2.4484e-258
2.72751e-257
3.03112e-256
3.36039e-255
3.71641e-254
4.10017e-253
4.51254e-252
4.95425e-251
5.42586e-250
5.92777e-249
6.46013e-248
7.0229e-247
7.61576e-246
8.23812e-245
8.8891e-244
9.56751e-243
1.02718e-241
1.10003e-240
1.17506e-239
1.25203e-238
1.33064e-237
1.41059e-236
1.49152e-235
1.57305e-234
1.65476e-233
1.73623e-232
1.81698e-231
1.89655e-230
1.97445e-229
2.05018e-228
2.12322e-227
2.19308e-226
2.25927e-225
2.32128e-224
2.37867e-223
2.43097e-222
2.47779e-221
2.51873e-220
2.55346e-219
2.58169e-218
2.60315e-217
2.61766e-216
2.62508e-215
2.62532e-214
2.61835e-213
2.60422e-212
2.583e-211
2.55486e-210
2.52e-209
2.47868e-208
2.43121e-207
2.37796e-206
2.31932e-205
2.25573e-204
2.18766e-203
2.1156e-202
2.04007e-201
1.9616e-200
1.88073e-199
1.79799e-198
1.71391e-197
1.62901e-196
1.54381e-195
1.45878e-194
1.37439e-193
1.29107e-192
1.20921e-191
1.12918e-190
1.05131e-189
9.75888e-189
9.03158e-188
8.33335e-187
7.66588e-186
7.0305e-185
6.42818e-184
5.85952e-183
5.32481e-182
4.82402e-181
4.35684e-180
3.92273e-179
3.52089e-178
3.15036e-177
2.81001e-176
2.49855e-175
2.2146e-174
1.95671e-173
1.72336e-172
1.513e-171
1.32407e-170
1.15501e-169
1.00428e-168
8.70399e-168
7.51914e-167
6.4744e-166
5.55658e-165
4.75319e-164
4.05256e-163
3.44375e-162
2.91668e-161
2.46204e-160
2.07131e-159
1.73672e-158
1.45127e-157
1.20863e-156
1.00313e-155
8.29724e-155
6.83943e-154
5.61835e-153
4.59933e-152
3.75207e-151
3.05022e-150
2.47099e-149
1.99472e-148
1.60457e-147
1.28617e-146
1.02728e-145
8.17573e-145
6.48345e-144
5.12296e-143
4.03332e-142
3.16393e-141
2.4729e-140
1.92573e-139
1.49412e-138
1.15497e-137
8.89495e-137
6.82494e-136
5.2171e-135
3.97308e-134
3.0143e-133
2.27824e-132
1.71538e-131
1.28665e-130
9.61375e-130
7.15568e-129
5.30551e-128
3.91845e-127
2.88274e-126
2.11247e-125
1.54194e-124
1.12104e-123
8.11804e-123
5.85526e-122
4.20628e-121
3.00954e-120
2.14459e-119
1.52203e-118
1.07579e-117
7.57269e-117
5.30863e-116
3.7061e-115
2.57658e-114
1.78384e-113
1.22983e-112
8.4431e-112
5.77189e-111
3.92903e-110
2.66315e-109
1.79737e-108
1.20783e-107
8.08141e-107
5.38365e-106
3.57078e-105
2.35797e-104
1.55021e-103
1.01465e-102
6.61149e-102
4.28878e-101
2.76955e-100
1.78039e-99
1.13932e-98
7.25747e-98
4.6018e-97
2.90444e-96
1.82465e-95
1.14095e-94
7.10094e-94
4.39861e-93
2.71179e-92
1.6639e-91
1.01605e-90
6.17467e-90
3.7343e-89
2.24745e-88
1.34601e-87
8.02175e-87
4.75711e-86
2.80711e-85
1.64818e-84
9.62874e-84
5.5968e-83
3.23672e-82
1.86232e-81
1.06604e-80
6.07087e-80
3.43934e-79
1.93835e-78
1.0867e-77
6.06037e-77
3.36188e-76
1.85502e-75
1.01808e-74
5.55745e-74
3.01725e-73
1.62921e-72
8.74898e-72
4.67241e-71
2.48149e-70
1.31057e-69
6.88282e-69
3.59434e-68
1.86639e-67
9.63617e-67
4.94661e-66
2.52463e-65
1.28103e-64
6.46219e-64
3.24071e-63
1.61557e-62
8.00615e-62
3.9438e-61
1.93101e-60
9.39755e-60
4.5456e-59
2.18523e-58
1.04403e-57
4.95709e-57
2.33893e-56
1.09665e-55
5.10931e-55
2.36527e-54
1.08795e-53
4.97192e-53
2.25741e-52
1.01824e-51
4.56272e-51
2.03101e-50
8.98038e-50
3.94415e-49
1.72056e-48
7.45456e-48
3.20768e-47
1.37074e-46
5.81697e-46
2.45128e-45
1.0257e-44
4.26152e-44
1.75792e-43
7.19948e-43
2.92719e-42
1.18148e-41
4.73374e-41
1.88262e-40
7.4315e-40
2.91155e-39
1.13209e-38
4.36843e-38
1.67275e-37
6.35583e-37
2.39622e-36
8.96332e-36
3.32639e-35
1.22465e-34
4.47263e-34
1.62031e-33
5.82224e-33
2.07498e-32
7.33397e-32
2.57064e-31
8.93492e-31
3.07936e-30
1.05226e-29
3.56487e-29
1.19729e-28
3.98621e-28
1.31551e-27
4.30298e-27
1.39495e-26
4.48156e-26
1.42676e-25
4.5008e-25
1.40675e-24
4.35608e-24
1.33628e-23
4.06057e-23
1.22217e-22
3.64331e-22
1.07559e-21
3.14449e-21
9.1027e-21
2.60898e-20
7.40317e-20
2.07957e-19
5.78232e-19
1.59136e-18
4.33442e-18
1.1683e-17
3.11605e-17
8.22313e-17
2.14692e-16
5.54503e-16
1.41664e-15
3.57967e-15
8.94573e-15
2.21074e-14
5.40215e-14
1.30516e-13
3.11736e-13
7.36031e-13
1.71771e-12
3.9619e-12
9.03067e-12
2.03402e-11
4.52654e-11
9.95205e-11
2.16148e-10
4.63705e-10
9.82517e-10
2.05592e-09
4.2481e-09
8.66699e-09
1.74575e-08
3.47134e-08
6.81353e-08
1.31997e-07
2.5237e-07
4.76157e-07
8.8647e-07
1.62832e-06
2.95082e-06
5.27514e-06
9.30206e-06
1.61787e-05
2.77522e-05
4.69469e-05
7.83144e-05
0.000128817
0.000208919
0.000334065
0.000526634
0.000818453
0.00125392
0.00189374
0.00281927
0.00413725
0.00598472
0.00853361
0.0119946
0.0166192
0.0227001
0.0305672
0.040581
0.0531211
0.0685691
0.0872889
0.109602
0.135761
0.165924
0.200129
0.238277
0.280114
0.325237
0.373094
0.423005
0.474191
0.525809
0.576995
0.626906
0.674763
0.719886
0.761723
0.799871
0.834076
0.864239
0.890398
0.912711
0.931431
0.946879
0.959419
0.969433
0.9773
0.983381
0.988005
0.991466
0.994015
0.995863
0.997181
0.998106
0.998746
0.999182
0.999473
0.999666
0.999791
0.999871
0.999922
0.999953
0.999972
0.999984
0.999991
0.999995
0.999997
0.999998
0.999999
1
1
1
1
1
1
1
1
1
1
1
1
1
1
1
1
1
1
1
1
1
1
1
1
0.999999
0.999998
0.999997
0.999995
0.999991
0.999984
0.999972
0.999953
0.999922
0.999871
0.999791
0.999666
0.999473
0.999182
0.998746
0.998106
0.997181
0.995863
0.994015
0.991466
0.988005
0.983381
0.9773
0.969433
0.959419
0.946879
0.931431
0.912711
0.890398
0.864239
0.834076
0.799871
0.761723
0.719886
0.674763
0.626906
0.576995
0.525809
0.474191
0.423005
0.373094
0.325237
0.280114
0.238277
0.200129
0.165924
0.135761
0.109602
0.0872889
0.0685691
0.0531211
0.040581
0.0305672
0.0227001
0.0166192
0.0119946
0.00853361
0.00598472
0.00413725
0.00281927
0.00189374
0.00125392
0.000818453
0.000526634
0.000334065
0.000208919
0.000128817
7.83144e-05
4.69469e-05
2.77522e-05
1.61787e-05
9.30206e-06
5.27514e-06
2.95082e-06
1.62832e-06
8.8647e-07
4.76157e-07
2.5237e-07
1.31997e-07
6.81353e-08
3.47134e-08
1.74575e-08
8.66699e-09
4.2481e-09
2.05592e-09
9.82517e-10
4.63705e-10
2.16148e-10
9.95205e-11
4.52654e-11
2.03402e-11
9.03067e-12
3.9619e-12
1.71771e-12
7.36031e-13
3.11736e-13
1.30516e-13
5.40215e-14
2.21074e-14
8.94573e-15
3.57967e-15
1.41664e-15
5.54503e-16
2.14692e-16
8.22313e-17
3.11605e-17
1.1683e-17
4.33442e-18
1.59136e-18
5.78232e-19
2.07957e-19
7.40317e-20
2.60898e-20
9.1027e-21
3.14449e-21
1.07559e-21
3.64331e-22
1.22217e-22
4.06057e-23
1.33628e-23
4.35608e-24
1.40675e-24
4.5008e-25
1.42676e-25
4.48156e-26
1.39495e-26
4.30298e-27
1.31551e-27
3.98621e-28
1.19729e-28
3.56487e-29
1.05226e-29
3.07936e-30
8.93492e-31
2.57064e-31
7.33397e-32
2.07498e-32
5.82224e-33
1.62031e-33
4.47263e-34
1.22465e-34
3.32639e-35
8.96332e-36
2.39622e-36
6.35583e-37
1.67275e-37
4.36843e-38
1.13209e-38
2.91155e-39
7.4315e-40
1.88262e-40
4.73374e-41
1.18148e-41
2.92719e-42
7.19948e-43
1.75792e-43
4.26152e-44
1.0257e-44
2.45128e-45
5.81697e-46
1.37074e-46
3.20768e-47
7.45456e-48
1.72056e-48
3.94415e-49
8.98038e-50
2.03101e-50
4.56272e-51
1.01824e-51
2.25741e-52
4.97192e-53
1.08795e-53
2.36527e-54
5.10931e-55
1.09665e-55
2.33893e-56
4.95709e-57
1.04403e-57
2.18523e-58
4.5456e-59
9.39755e-60
1.93101e-60
3.9438e-61
8.00615e-62
1.61557e-62
3.24071e-63
6.46219e-64
1.28103e-64
2.52463e-65
4.94661e-66
9.63617e-67
1.86639e-67
3.59434e-68
6.88282e-69
1.31057e-69
2.48149e-70
4.67241e-71
8.74898e-72
1.62921e-72
3.01725e-73
5.55745e-74
1.01808e-74
1.85502e-75
3.36188e-76
6.06037e-77
1.0867e-77
1.93835e-78
3.43934e-79
6.07087e-80
1.06604e-80
1.86232e-81
3.23672e-82
5.5968e-83
9.62874e-84
1.64818e-84
2.80711e-85
4.75711e-86
8.02175e-87
1.34601e-87
2.24745e-88
3.7343e-89
6.17467e-90
1.01605e-90
1.6639e-91
2.71179e-92
4.39861e-93
7.10094e-94
1.14095e-94
1.82465e-95
2.90444e-96
4.6018e-97
7.25747e-98
1.13932e-98
1.78039e-99
2.76955e-100
4.28878e-101
6.61149e-102
1.01465e-102
1.55021e-103
2.35797e-104
3.57078e-105
5.38365e-106
8.08141e-107
1.20783e-107
1.79737e-108
2.66315e-109
3.92903e-110
5.77189e-111
8.4431e-112
1.22983e-112
1.78384e-113
2.57658e-114
3.7061e-115
5.30863e-116
7.57269e-117
1.07579e-117
1.52203e-118
2.14459e-119
3.00954e-120
4.20628e-121
5.85526e-122
8.11804e-123
1.12104e-123
1.54194e-124
2.11247e-125
2.88274e-126
3.91845e-127
5.30551e-128
7.15568e-129
9.61375e-130
1.28665e-130
1.71538e-131
2.27824e-132
3.0143e-133
3.97308e-134
5.2171e-135
6.82494e-136
8.89495e-137
1.15497e-137
1.49412e-138
1.92573e-139
2.4729e-140
3.16393e-141
4.03332e-142
5.12296e-143
6.48345e-144
8.17573e-145
1.02728e-145
1.28617e-146
1.60457e-147
1.99472e-148
2.47099e-149
3.05022e-150
3.75207e-151
4.59933e-152
5.61835e-153
6.83943e-154
8.29724e-155
1.00313e-155
1.20863e-156
1.45127e-157
1.73672e-158
2.07131e-159
2.46204e-160
2.91668e-161
3.44375e-162
4.05256e-163
4.75319e-164
5.55658e-165
6.4744e-166
7.51914e-167
8.70399e-168
1.00428e-168
1.15501e-169
1.32407e-170
1.513e-171
1.72336e-172
1.95671e-173
2.2146e-174
2.49855e-175
2.81001e-176
3.15036e-177
3.52089e-178
3.92273e-179
4.35684e-180
4.82402e-181
5.32481e-182
5.85952e-183
6.42818e-184
7.0305e-185
7.66588e-186
8.33335e-187
9.03158e-188
9.75888e-189
1.05131e-189
1.12918e-190
1.20921e-191
1.29107e-192
1.37439e-193
1.45878e-194
1.54381e-195
1.62901e-196
1.71391e-197
1.79799e-198
1.88073e-199
1.9616e-200
2.04007e-201
2.1156e-202
2.18766e-203
2.25573e-204
2.31932e-205
2.37796e-206
2.43121e-207
2.47868e-208
2.52e-209
2.55486e-210
2.583e-211
2.60422e-212
2.61835e-213
2.62532e-214
2.62508e-215
2.61766e-216
2.60315e-217
2.58169e-218
2.55346e-219
2.51873e-220
2.47779e-221
2.43097e-222
2.37867e-223
2.32128e-224
2.25927e-225
2.19308e-226
2.12322e-227
2.05018e-228
1.97445e-229
1.89655e-230
1.81698e-231
1.73623e-232
1.65476e-233
1.57305e-234
1.49152e-235
1.41059e-236
1.33064e-237
1.25203e-238
1.17506e-239
1.10003e-240
1.02718e-241
9.56751e-243
8.8891e-244
8.23812e-245
7.61576e-246
7.0229e-247
6.46013e-248
5.92777e-249
5.42586e-250
4.95425e-251
4.51254e-252
4.10017e-253
3.71641e-254
3.36039e-255
3.03112e-256
2.72751e-257
2.4484e-258
2.19258e-259
1.95879e-260
1.74576e-261
1.55219e-262
1.37681e-263
1.21836e-264
1.0756e-265
9.47339e-267
8.32415e-268
7.29722e-269
6.38208e-270
5.56873e-271
4.84777e-272
4.2104e-273
3.64841e-274
3.15416e-275
2.72062e-276
2.34131e-277
2.0103e-278
1.72216e-279
1.47198e-280
1.2553e-281
1.0681e-282
9.06782e-284
7.68102e-285
6.49177e-286
5.47444e-287
4.60627e-288
3.8672e-289
3.23954e-290
2.70778e-291
2.25833e-292
1.87935e-293
1.56056e-294
1.29301e-295
1.06901e-296
8.81901e-298
7.25968e-299
5.96318e-300
4.8877e-301
3.99759e-302
3.26259e-303
2.65706e-304
2.1593e-305
1.75108e-306
1.41702e-307
1.14428e-308
9.22086e-310
7.4148e-311
5.95e-312
4.76462e-313
3.80744e-314
3.03624e-315
2.41624e-316
1.91886e-317
1.52069e-318
1.20241e-319
9.46136e-321
7.16395e-322
3.95253e-323
0
0
0
0
0
0
0
0
0
0
0
0
0
0
0
0
0
0
0
0
0
0
0
0
0
)
;

boundaryField
{
    sides
    {
        type            zeroGradient;
    }
    empty
    {
        type            empty;
    }
}


// ************************************************************************* //
