/*--------------------------------*- C++ -*----------------------------------*\
  =========                 |
  \\      /  F ield         | OpenFOAM: The Open Source CFD Toolbox
   \\    /   O peration     | Website:  https://openfoam.org
    \\  /    A nd           | Version:  13
     \\/     M anipulation  |
\*---------------------------------------------------------------------------*/
FoamFile
{
    format      ascii;
    class       volScalarField;
    location    "4.035";
    object      T;
}
// * * * * * * * * * * * * * * * * * * * * * * * * * * * * * * * * * * * * * //

dimensions      [0 0 0 1 0 0 0];

internalField   nonuniform List<scalar> 
1000
(
3.81474e-55
4.91941e-55
7.44357e-55
1.21051e-54
2.02258e-54
3.41001e-54
5.76326e-54
9.74191e-54
1.64564e-53
2.7773e-53
4.68238e-53
7.88587e-53
1.32669e-52
2.22957e-52
3.74287e-52
6.27656e-52
1.0514e-51
1.75934e-51
2.94077e-51
4.91024e-51
8.18985e-51
1.36452e-50
2.27098e-50
3.77552e-50
6.27003e-50
1.04014e-49
1.72363e-49
2.85316e-49
4.71777e-49
7.79247e-49
1.28571e-48
2.11903e-48
3.48867e-48
5.73734e-48
9.42515e-48
1.54665e-47
2.53527e-47
4.15129e-47
6.78997e-47
1.10938e-46
1.81057e-46
2.95174e-46
4.80691e-46
7.8195e-46
1.27062e-45
2.06243e-45
3.344e-45
5.41599e-45
8.76221e-45
1.41603e-44
2.28589e-44
3.68605e-44
5.93731e-44
9.55304e-44
1.53538e-43
2.46498e-43
3.95304e-43
6.33246e-43
1.01329e-42
1.61964e-42
2.58597e-42
4.12428e-42
6.57045e-42
1.04559e-41
1.66207e-41
2.6391e-41
4.18584e-41
6.63177e-41
1.04953e-40
1.65913e-40
2.61989e-40
4.13244e-40
6.51099e-40
1.02472e-39
1.61095e-39
2.52975e-39
3.96816e-39
6.21753e-39
9.73116e-39
1.52134e-38
2.37578e-38
3.70598e-38
5.77451e-38
8.98759e-38
1.39729e-37
2.16993e-37
3.36605e-37
5.21567e-37
8.07261e-37
1.24805e-36
1.92737e-36
2.97312e-36
4.58114e-36
7.05097e-36
1.08402e-35
1.66471e-35
2.5536e-35
3.91273e-35
5.98853e-35
9.15529e-35
1.39809e-34
2.13262e-34
3.24938e-34
4.94539e-34
7.51816e-34
1.14165e-33
1.73167e-33
2.62367e-33
3.97067e-33
6.00244e-33
9.06362e-33
1.36705e-32
2.05958e-32
3.09943e-32
4.65902e-32
6.99545e-32
1.04917e-31
1.57175e-31
2.35196e-31
3.51549e-31
5.24866e-31
7.82742e-31
1.16599e-30
1.73493e-30
2.57854e-30
3.82802e-30
5.67649e-30
8.408e-30
1.24397e-29
1.83838e-29
2.71373e-29
4.00133e-29
5.89313e-29
8.66949e-29
1.27393e-28
1.86984e-28
2.74136e-28
4.01451e-28
5.87223e-28
8.57982e-28
1.25215e-27
1.82532e-27
2.65783e-27
3.86559e-27
5.61577e-27
8.14901e-27
1.18115e-26
1.71003e-26
2.47291e-26
3.57202e-26
5.15374e-26
7.42732e-26
1.06916e-25
1.53729e-25
2.20786e-25
3.16728e-25
4.5384e-25
6.4956e-25
9.28618e-25
1.32603e-24
1.89136e-24
2.69458e-24
3.83451e-24
5.45038e-24
7.73828e-24
1.09739e-23
1.55445e-23
2.19933e-23
3.10817e-23
4.3875e-23
6.18625e-23
8.71237e-23
1.22558e-22
1.72206e-22
2.41686e-22
3.38806e-22
4.74405e-22
6.63505e-22
9.26907e-22
1.29338e-21
1.80265e-21
2.50954e-21
3.48958e-21
4.84672e-21
6.72387e-21
9.31723e-21
1.28959e-20
1.78283e-20
2.46186e-20
3.39558e-20
4.67798e-20
6.43723e-20
8.84777e-20
1.21468e-19
1.66567e-19
2.28143e-19
3.12119e-19
4.26508e-19
5.82142e-19
7.93641e-19
1.08072e-18
1.46993e-18
1.99697e-18
2.70982e-18
3.67285e-18
4.97232e-18
6.72369e-18
9.08131e-18
1.22513e-17
1.65085e-17
2.22192e-17
2.98702e-17
4.0109e-17
5.37943e-17
7.20648e-17
9.64277e-17
1.28876e-16
1.72042e-16
2.29397e-16
3.05514e-16
4.06412e-16
5.39999e-16
7.16655e-16
9.49988e-16
1.25781e-15
1.66343e-15
2.19728e-15
2.89905e-15
3.82046e-15
5.02881e-15
6.61159e-15
8.68232e-15
1.13882e-14
1.49199e-14
1.95238e-14
2.55184e-14
3.33143e-14
4.34408e-14
5.65789e-14
7.36038e-14
9.5639e-14
1.24125e-13
1.60905e-13
2.0834e-13
2.6944e-13
3.48049e-13
4.49062e-13
5.78711e-13
7.44913e-13
9.57717e-13
1.22986e-12
1.57749e-12
2.02098e-12
2.5861e-12
3.30535e-12
4.21966e-12
5.38054e-12
6.85269e-12
8.71734e-12
1.10763e-11
1.4057e-11
1.78188e-11
2.25607e-11
2.85307e-11
3.6038e-11
4.54669e-11
5.72952e-11
7.21154e-11
9.06619e-11
1.13844e-10
1.42784e-10
1.7887e-10
2.23812e-10
2.79715e-10
3.49169e-10
4.35353e-10
5.42169e-10
6.74396e-10
8.37881e-10
1.03977e-09
1.28877e-09
1.59553e-09
1.97297e-09
2.43681e-09
3.00614e-09
3.70412e-09
4.55877e-09
5.60398e-09
6.8807e-09
8.43832e-09
1.03363e-08
1.26463e-08
1.54542e-08
1.88633e-08
2.29973e-08
2.80041e-08
3.40607e-08
4.13784e-08
5.02088e-08
6.08519e-08
7.36641e-08
8.90686e-08
1.07567e-07
1.29755e-07
1.56335e-07
1.88137e-07
2.26142e-07
2.71504e-07
3.2558e-07
3.89967e-07
4.66538e-07
5.57485e-07
6.65377e-07
7.93215e-07
9.44501e-07
1.12332e-06
1.33442e-06
1.58332e-06
1.87644e-06
2.22122e-06
2.62625e-06
3.10149e-06
3.65842e-06
4.31029e-06
5.07236e-06
5.96215e-06
6.99981e-06
8.20842e-06
9.61443e-06
1.12481e-05
1.31439e-05
1.53412e-05
1.7885e-05
2.08261e-05
2.42225e-05
2.81399e-05
3.26526e-05
3.78447e-05
4.38112e-05
5.06592e-05
5.85093e-05
6.7497e-05
7.77746e-05
8.95128e-05
0.000102903
0.000118158
0.000135517
0.000155246
0.000177641
0.00020303
0.000231779
0.000264293
0.000301019
0.000342451
0.000389135
0.000441674
0.000500727
0.000567021
0.000641352
0.000724592
0.000817695
0.000921699
0.00103774
0.00116705
0.00131097
0.00147095
0.00164857
0.00184553
0.00206366
0.00230494
0.0025715
0.00286563
0.00318977
0.00354656
0.00393879
0.00436944
0.00484172
0.00535898
0.00592483
0.00654306
0.00721769
0.00795295
0.00875331
0.00962345
0.0105683
0.011593
0.0127029
0.0139036
0.0152009
0.016601
0.01811
0.0197345
0.021481
0.0233565
0.025368
0.0275226
0.0298278
0.0322909
0.0349196
0.0377216
0.0407044
0.0438759
0.0472439
0.0508161
0.0546001
0.0586037
0.0628343
0.0672991
0.0720055
0.0769603
0.0821701
0.0876413
0.0933799
0.0993915
0.105681
0.112254
0.119114
0.126265
0.133709
0.141451
0.14949
0.157829
0.166467
0.175405
0.184642
0.194175
0.204002
0.214119
0.224523
0.235207
0.246166
0.257393
0.26888
0.280619
0.2926
0.304813
0.317247
0.32989
0.342731
0.355754
0.368948
0.382297
0.395786
0.4094
0.423122
0.436936
0.450826
0.464774
0.478762
0.492774
0.506791
0.520796
0.53477
0.548696
0.562556
0.576334
0.59001
0.603569
0.616994
0.630269
0.643377
0.656304
0.669034
0.681553
0.693848
0.705905
0.717712
0.729257
0.740528
0.751516
0.76221
0.772602
0.782683
0.792445
0.80188
0.810984
0.819749
0.82817
0.836243
0.843964
0.851329
0.858336
0.86498
0.871261
0.877176
0.882725
0.887905
0.892716
0.897157
0.901228
0.904929
0.90826
0.91122
0.913809
0.916028
0.917877
0.919356
0.920465
0.921204
0.921574
0.921574
0.921204
0.920465
0.919356
0.917877
0.916028
0.913809
0.91122
0.90826
0.904929
0.901228
0.897157
0.892716
0.887905
0.882725
0.877176
0.871261
0.86498
0.858336
0.851329
0.843964
0.836243
0.82817
0.819749
0.810984
0.80188
0.792445
0.782683
0.772602
0.76221
0.751516
0.740528
0.729257
0.717712
0.705905
0.693848
0.681553
0.669034
0.656304
0.643377
0.630269
0.616994
0.603569
0.59001
0.576334
0.562556
0.548696
0.53477
0.520796
0.506791
0.492774
0.478762
0.464774
0.450826
0.436936
0.423122
0.4094
0.395786
0.382297
0.368948
0.355754
0.342731
0.32989
0.317247
0.304813
0.2926
0.280619
0.26888
0.257393
0.246166
0.235207
0.224523
0.214119
0.204002
0.194175
0.184642
0.175405
0.166467
0.157829
0.14949
0.141451
0.133709
0.126265
0.119114
0.112254
0.105681
0.0993915
0.0933799
0.0876413
0.0821701
0.0769603
0.0720055
0.0672991
0.0628343
0.0586037
0.0546001
0.0508161
0.0472439
0.0438759
0.0407044
0.0377216
0.0349196
0.0322909
0.0298278
0.0275226
0.025368
0.0233565
0.021481
0.0197345
0.01811
0.016601
0.0152009
0.0139036
0.0127029
0.011593
0.0105683
0.00962345
0.00875331
0.00795295
0.00721769
0.00654306
0.00592483
0.00535898
0.00484172
0.00436944
0.00393879
0.00354656
0.00318977
0.00286563
0.0025715
0.00230494
0.00206366
0.00184553
0.00164857
0.00147095
0.00131097
0.00116705
0.00103774
0.000921699
0.000817695
0.000724592
0.000641352
0.000567021
0.000500727
0.000441674
0.000389135
0.000342451
0.000301019
0.000264293
0.000231779
0.00020303
0.000177641
0.000155246
0.000135517
0.000118158
0.000102903
8.95128e-05
7.77746e-05
6.7497e-05
5.85093e-05
5.06592e-05
4.38112e-05
3.78447e-05
3.26526e-05
2.81399e-05
2.42225e-05
2.08261e-05
1.7885e-05
1.53412e-05
1.31439e-05
1.12481e-05
9.61443e-06
8.20842e-06
6.99981e-06
5.96215e-06
5.07236e-06
4.31029e-06
3.65842e-06
3.10149e-06
2.62625e-06
2.22122e-06
1.87644e-06
1.58332e-06
1.33442e-06
1.12332e-06
9.44501e-07
7.93215e-07
6.65377e-07
5.57485e-07
4.66538e-07
3.89967e-07
3.2558e-07
2.71504e-07
2.26142e-07
1.88137e-07
1.56335e-07
1.29755e-07
1.07567e-07
8.90686e-08
7.36641e-08
6.08519e-08
5.02088e-08
4.13784e-08
3.40607e-08
2.80041e-08
2.29973e-08
1.88633e-08
1.54542e-08
1.26463e-08
1.03363e-08
8.43832e-09
6.8807e-09
5.60398e-09
4.55877e-09
3.70412e-09
3.00614e-09
2.43681e-09
1.97297e-09
1.59553e-09
1.28877e-09
1.03977e-09
8.37881e-10
6.74396e-10
5.42169e-10
4.35353e-10
3.49169e-10
2.79715e-10
2.23812e-10
1.7887e-10
1.42784e-10
1.13844e-10
9.06619e-11
7.21154e-11
5.72952e-11
4.54669e-11
3.6038e-11
2.85307e-11
2.25607e-11
1.78188e-11
1.4057e-11
1.10763e-11
8.71734e-12
6.85269e-12
5.38054e-12
4.21966e-12
3.30535e-12
2.5861e-12
2.02098e-12
1.57749e-12
1.22986e-12
9.57717e-13
7.44913e-13
5.78711e-13
4.49062e-13
3.48049e-13
2.6944e-13
2.0834e-13
1.60905e-13
1.24125e-13
9.5639e-14
7.36038e-14
5.65789e-14
4.34408e-14
3.33143e-14
2.55184e-14
1.95238e-14
1.49199e-14
1.13882e-14
8.68232e-15
6.61159e-15
5.02881e-15
3.82046e-15
2.89905e-15
2.19728e-15
1.66343e-15
1.25781e-15
9.49988e-16
7.16655e-16
5.39999e-16
4.06412e-16
3.05514e-16
2.29397e-16
1.72042e-16
1.28876e-16
9.64277e-17
7.20648e-17
5.37943e-17
4.0109e-17
2.98702e-17
2.22192e-17
1.65085e-17
1.22513e-17
9.08131e-18
6.72369e-18
4.97232e-18
3.67285e-18
2.70982e-18
1.99697e-18
1.46993e-18
1.08072e-18
7.93641e-19
5.82142e-19
4.26508e-19
3.12119e-19
2.28143e-19
1.66567e-19
1.21468e-19
8.84777e-20
6.43723e-20
4.67798e-20
3.39558e-20
2.46186e-20
1.78283e-20
1.28959e-20
9.31723e-21
6.72387e-21
4.84672e-21
3.48958e-21
2.50954e-21
1.80265e-21
1.29338e-21
9.26907e-22
6.63505e-22
4.74405e-22
3.38806e-22
2.41686e-22
1.72206e-22
1.22558e-22
8.71237e-23
6.18625e-23
4.3875e-23
3.10817e-23
2.19933e-23
1.55445e-23
1.09739e-23
7.73828e-24
5.45038e-24
3.83451e-24
2.69458e-24
1.89136e-24
1.32603e-24
9.28618e-25
6.4956e-25
4.5384e-25
3.16728e-25
2.20786e-25
1.53729e-25
1.06916e-25
7.42732e-26
5.15374e-26
3.57202e-26
2.47291e-26
1.71003e-26
1.18115e-26
8.14901e-27
5.61577e-27
3.86559e-27
2.65783e-27
1.82532e-27
1.25215e-27
8.57982e-28
5.87223e-28
4.01451e-28
2.74136e-28
1.86984e-28
1.27393e-28
8.66949e-29
5.89313e-29
4.00133e-29
2.71373e-29
1.83838e-29
1.24397e-29
8.408e-30
5.67649e-30
3.82802e-30
2.57854e-30
1.73493e-30
1.16599e-30
7.82742e-31
5.24866e-31
3.51549e-31
2.35196e-31
1.57175e-31
1.04917e-31
6.99545e-32
4.65902e-32
3.09943e-32
2.05958e-32
1.36705e-32
9.06362e-33
6.00244e-33
3.97067e-33
2.62367e-33
1.73167e-33
1.14165e-33
7.51816e-34
4.94539e-34
3.24938e-34
2.13262e-34
1.39809e-34
9.15529e-35
5.98853e-35
3.91273e-35
2.5536e-35
1.66471e-35
1.08402e-35
7.05097e-36
4.58114e-36
2.97312e-36
1.92737e-36
1.24805e-36
8.07261e-37
5.21567e-37
3.36605e-37
2.16993e-37
1.39729e-37
8.98759e-38
5.77451e-38
3.70598e-38
2.37578e-38
1.52134e-38
9.73116e-39
6.21753e-39
3.96816e-39
2.52975e-39
1.61095e-39
1.02472e-39
6.51099e-40
4.13244e-40
2.61989e-40
1.65913e-40
1.04953e-40
6.63177e-41
4.18584e-41
2.6391e-41
1.66207e-41
1.04559e-41
6.57045e-42
4.12428e-42
2.58597e-42
1.61964e-42
1.01329e-42
6.33246e-43
3.95304e-43
2.46498e-43
1.53538e-43
9.55304e-44
5.93731e-44
3.68605e-44
2.28589e-44
1.41603e-44
8.76221e-45
5.41599e-45
3.344e-45
2.06243e-45
1.27062e-45
7.8195e-46
4.80691e-46
2.95174e-46
1.81057e-46
1.10938e-46
6.78997e-47
4.15129e-47
2.53527e-47
1.54665e-47
9.42515e-48
5.73734e-48
3.48867e-48
2.11903e-48
1.28571e-48
7.79247e-49
4.71777e-49
2.85316e-49
1.72363e-49
1.04014e-49
6.27003e-50
3.77552e-50
2.27098e-50
1.36452e-50
8.18985e-51
4.91024e-51
2.94077e-51
1.75934e-51
1.0514e-51
6.27656e-52
3.74287e-52
2.22957e-52
1.32669e-52
7.88587e-53
4.68238e-53
2.7773e-53
1.64564e-53
9.74191e-54
5.76326e-54
3.41001e-54
2.02258e-54
1.21051e-54
7.44357e-55
4.91941e-55
3.81474e-55
)
;

boundaryField
{
    sides
    {
        type            zeroGradient;
    }
    empty
    {
        type            empty;
    }
}


// ************************************************************************* //
