/*--------------------------------*- C++ -*----------------------------------*\
  =========                 |
  \\      /  F ield         | OpenFOAM: The Open Source CFD Toolbox
   \\    /   O peration     | Website:  https://openfoam.org
    \\  /    A nd           | Version:  13
     \\/     M anipulation  |
\*---------------------------------------------------------------------------*/
FoamFile
{
    format      ascii;
    class       volScalarField;
    location    "0.52";
    object      T;
}
// * * * * * * * * * * * * * * * * * * * * * * * * * * * * * * * * * * * * * //

dimensions      [0 0 0 1 0 0 0];

internalField   nonuniform List<scalar> 
1000
(
4.18864e-266
3.07973e-265
2.52501e-264
2.06965e-263
1.69306e-262
1.38223e-261
1.12619e-260
9.15735e-260
7.43106e-259
6.01801e-258
4.86378e-257
3.92295e-256
3.15766e-255
2.53648e-254
2.03333e-253
1.62665e-252
1.29863e-251
1.03462e-250
8.22587e-250
6.52651e-249
5.16748e-248
4.08293e-247
3.21928e-246
2.53302e-245
1.98887e-244
1.55834e-243
1.21844e-242
9.50667e-242
7.40174e-241
5.75065e-240
4.45838e-239
3.44914e-238
2.66267e-237
2.05113e-236
1.57665e-235
1.20933e-234
9.25583e-234
7.06882e-233
5.38687e-232
4.09621e-231
3.108e-230
2.35305e-229
1.77759e-228
1.33992e-227
1.00778e-226
7.5631e-226
5.66332e-225
4.23136e-224
3.15445e-223
2.34638e-222
1.74142e-221
1.28955e-220
9.52783e-220
7.02383e-219
5.16623e-218
3.79133e-217
2.77603e-216
2.028e-215
1.47817e-214
1.07494e-213
7.79925e-213
5.64576e-212
4.07748e-211
2.93804e-210
2.11212e-209
1.51486e-208
1.08396e-207
7.73827e-207
5.51134e-206
3.91608e-205
2.77604e-204
1.96325e-203
1.38515e-202
9.74971e-202
6.84626e-201
4.79602e-200
3.35174e-199
2.33679e-198
1.62527e-197
1.12768e-196
7.80547e-196
5.38964e-195
3.7125e-194
2.55103e-193
1.74866e-192
1.19573e-191
8.15631e-191
5.54992e-190
3.76711e-189
2.55067e-188
1.72276e-187
1.16069e-186
7.80047e-186
5.22927e-185
3.49681e-184
2.33244e-183
1.55187e-182
1.02991e-181
6.8178e-181
4.50178e-180
2.96495e-179
1.94778e-178
1.27628e-177
8.34139e-177
5.43764e-176
3.53556e-175
2.29288e-174
1.48311e-173
9.56828e-173
6.15684e-172
3.95133e-171
2.52922e-170
1.61467e-169
1.02809e-168
6.5287e-168
4.13492e-167
2.61185e-166
1.64538e-165
1.03376e-164
6.47744e-164
4.04776e-163
2.52261e-162
1.56786e-161
9.71806e-161
6.00712e-160
3.70308e-159
2.27649e-158
1.39564e-157
8.53255e-157
5.20212e-156
3.16282e-155
1.9176e-154
1.15938e-153
6.98995e-153
4.20243e-152
2.51943e-151
1.50616e-150
8.97863e-150
5.33716e-149
3.16351e-148
1.86975e-147
1.10192e-146
6.47533e-146
3.79418e-145
2.21674e-144
1.29136e-143
7.50085e-143
4.34413e-142
2.50852e-141
1.44429e-140
8.29098e-140
4.74536e-139
2.70795e-138
1.54069e-137
8.73957e-137
4.94266e-136
2.7869e-135
1.56664e-134
8.78014e-134
4.90582e-133
2.73273e-132
1.51758e-131
8.40178e-131
4.63717e-130
2.55148e-129
1.39954e-128
7.65288e-128
4.17166e-127
2.2669e-126
1.22798e-125
6.63102e-125
3.5694e-124
1.91528e-123
1.02444e-122
5.46199e-122
2.90285e-121
1.5378e-120
8.12034e-120
4.27407e-119
2.24232e-118
1.17257e-117
6.11163e-117
3.17505e-116
1.64404e-115
8.48477e-115
4.36442e-114
2.23753e-113
1.1433e-112
5.8223e-112
2.95508e-111
1.49479e-110
7.5356e-110
3.786e-109
1.89567e-108
9.45929e-108
4.70395e-107
2.33115e-106
1.15127e-105
5.66597e-105
2.77881e-104
1.35808e-103
6.61409e-103
3.20985e-102
1.55226e-101
7.48006e-101
3.59169e-100
1.71847e-99
8.19272e-99
3.89181e-98
1.84207e-97
8.68735e-97
4.08214e-96
1.91119e-95
8.91512e-95
4.14337e-94
1.91856e-93
8.85094e-93
4.06806e-92
1.86279e-91
8.4979e-91
3.86213e-90
1.74864e-89
7.88734e-89
3.54411e-88
1.58644e-87
7.07419e-87
3.14238e-86
1.39047e-85
6.12887e-85
2.69097e-84
1.1769e-83
5.12703e-83
2.22475e-82
9.61568e-82
4.13957e-81
1.775e-80
7.58062e-80
3.22453e-79
1.36608e-78
5.76405e-78
2.42222e-77
1.01374e-76
4.22535e-76
1.75392e-75
7.25043e-75
2.98481e-74
1.22366e-73
4.99561e-73
2.03092e-72
8.22182e-72
3.3144e-71
1.33044e-70
5.3178e-70
2.11645e-69
8.38719e-69
3.30939e-68
1.30016e-67
5.0857e-67
1.98064e-66
7.67985e-66
2.96472e-65
1.13944e-64
4.3598e-64
1.66074e-63
6.29778e-63
2.37748e-62
8.9347e-62
3.34249e-61
1.24474e-60
4.61418e-60
1.7026e-59
6.25348e-59
2.2862e-58
8.31921e-58
3.01311e-57
1.08619e-56
3.8971e-56
1.39161e-55
4.94565e-55
1.74924e-54
6.15725e-54
2.15688e-53
7.51897e-53
2.6084e-52
9.00456e-52
3.09325e-51
1.05736e-50
3.59646e-50
1.2172e-49
4.09898e-49
1.37342e-48
4.57866e-48
1.51869e-47
5.01167e-47
1.6454e-46
5.37437e-46
1.74637e-45
5.64535e-45
1.81543e-44
5.80752e-44
1.84805e-43
5.8498e-43
1.84187e-42
5.76842e-42
1.7969e-41
5.56739e-41
1.71564e-40
5.2582e-40
1.60278e-39
4.85876e-39
1.4648e-38
4.39162e-38
1.30933e-37
3.8819e-37
1.14445e-36
3.355e-36
9.77963e-36
2.83449e-35
8.16838e-35
2.34043e-34
6.66714e-34
1.88824e-33
5.31665e-33
1.48822e-32
4.14126e-32
1.14557e-31
3.15009e-31
8.61041e-31
2.33944e-30
6.31789e-30
1.69587e-29
4.52442e-29
1.19969e-28
3.16151e-28
8.28001e-28
2.15508e-27
5.57413e-27
1.43272e-26
3.65931e-26
9.28712e-26
2.34203e-25
5.86837e-25
1.46098e-24
3.61378e-24
8.88078e-24
2.16821e-23
5.25894e-23
1.26715e-22
3.03302e-22
7.21154e-22
1.70322e-21
3.99567e-21
9.31045e-21
2.15476e-20
4.95292e-20
1.13069e-19
2.56347e-19
5.77172e-19
1.2905e-18
2.86531e-18
6.3173e-18
1.38301e-17
3.00631e-17
6.48855e-17
1.39043e-16
2.95818e-16
6.24827e-16
1.31021e-15
2.7274e-15
5.63603e-15
1.15611e-14
2.35402e-14
4.75766e-14
9.54407e-14
1.90027e-13
3.75514e-13
7.36462e-13
1.43342e-12
2.76873e-12
5.30711e-12
1.00947e-11
1.90532e-11
3.56839e-11
6.63116e-11
1.22267e-10
2.23672e-10
4.05966e-10
7.31014e-10
1.30589e-09
2.31432e-09
4.06872e-09
7.09576e-09
1.22754e-08
2.10645e-08
3.5854e-08
6.05315e-08
1.01361e-07
1.68343e-07
2.77294e-07
4.53e-07
7.33933e-07
1.17925e-06
1.87904e-06
2.96919e-06
4.65266e-06
7.22967e-06
1.11399e-05
1.70207e-05
2.57873e-05
3.87398e-05
5.77064e-05
8.52318e-05
0.00012482
0.000181246
0.000260946
0.0003725
0.000527222
0.000739863
0.00102944
0.00142016
0.00194253
0.00263446
0.00354253
0.00472321
0.00624409
0.00818495
0.0106387
0.0137118
0.0175245
0.0222103
0.0279152
0.0347951
0.0430136
0.0527383
0.0641362
0.0773681
0.0925832
0.109912
0.12946
0.1513
0.175469
0.201958
0.230712
0.261626
0.294543
0.329256
0.365512
0.403015
0.441434
0.480415
0.519585
0.558566
0.596985
0.634488
0.670744
0.705457
0.738374
0.769288
0.798042
0.824531
0.8487
0.87054
0.890088
0.907417
0.922632
0.935864
0.947262
0.956986
0.965205
0.972085
0.97779
0.982476
0.986288
0.989361
0.991815
0.993756
0.995277
0.996457
0.997366
0.998057
0.99858
0.998971
0.99926
0.999473
0.999628
0.999739
0.999819
0.999875
0.999915
0.999942
0.999961
0.999974
0.999983
0.999989
0.999993
0.999995
0.999997
0.999998
0.999999
0.999999
0.999999
0.999999
0.999998
0.999997
0.999995
0.999993
0.999989
0.999983
0.999974
0.999961
0.999942
0.999915
0.999875
0.999819
0.999739
0.999628
0.999473
0.99926
0.998971
0.99858
0.998057
0.997366
0.996457
0.995277
0.993756
0.991815
0.989361
0.986288
0.982476
0.97779
0.972085
0.965205
0.956986
0.947262
0.935864
0.922632
0.907417
0.890088
0.87054
0.8487
0.824531
0.798042
0.769288
0.738374
0.705457
0.670744
0.634488
0.596985
0.558566
0.519585
0.480415
0.441434
0.403015
0.365512
0.329256
0.294543
0.261626
0.230712
0.201958
0.175469
0.1513
0.12946
0.109912
0.0925832
0.0773681
0.0641362
0.0527383
0.0430136
0.0347951
0.0279152
0.0222103
0.0175245
0.0137118
0.0106387
0.00818495
0.00624409
0.00472321
0.00354253
0.00263446
0.00194253
0.00142016
0.00102944
0.000739863
0.000527222
0.0003725
0.000260946
0.000181246
0.00012482
8.52318e-05
5.77064e-05
3.87398e-05
2.57873e-05
1.70207e-05
1.11399e-05
7.22967e-06
4.65266e-06
2.96919e-06
1.87904e-06
1.17925e-06
7.33933e-07
4.53e-07
2.77294e-07
1.68343e-07
1.01361e-07
6.05315e-08
3.5854e-08
2.10645e-08
1.22754e-08
7.09576e-09
4.06872e-09
2.31432e-09
1.30589e-09
7.31014e-10
4.05966e-10
2.23672e-10
1.22267e-10
6.63116e-11
3.56839e-11
1.90532e-11
1.00947e-11
5.30711e-12
2.76873e-12
1.43342e-12
7.36462e-13
3.75514e-13
1.90027e-13
9.54407e-14
4.75766e-14
2.35402e-14
1.15611e-14
5.63603e-15
2.7274e-15
1.31021e-15
6.24827e-16
2.95818e-16
1.39043e-16
6.48855e-17
3.00631e-17
1.38301e-17
6.3173e-18
2.86531e-18
1.2905e-18
5.77172e-19
2.56347e-19
1.13069e-19
4.95292e-20
2.15476e-20
9.31045e-21
3.99567e-21
1.70322e-21
7.21154e-22
3.03302e-22
1.26715e-22
5.25894e-23
2.16821e-23
8.88078e-24
3.61378e-24
1.46098e-24
5.86837e-25
2.34203e-25
9.28712e-26
3.65931e-26
1.43272e-26
5.57413e-27
2.15508e-27
8.28001e-28
3.16151e-28
1.19969e-28
4.52442e-29
1.69587e-29
6.31789e-30
2.33944e-30
8.61041e-31
3.15009e-31
1.14557e-31
4.14126e-32
1.48822e-32
5.31665e-33
1.88824e-33
6.66714e-34
2.34043e-34
8.16838e-35
2.83449e-35
9.77963e-36
3.355e-36
1.14445e-36
3.8819e-37
1.30933e-37
4.39162e-38
1.4648e-38
4.85876e-39
1.60278e-39
5.2582e-40
1.71564e-40
5.56739e-41
1.7969e-41
5.76842e-42
1.84187e-42
5.8498e-43
1.84805e-43
5.80752e-44
1.81543e-44
5.64535e-45
1.74637e-45
5.37437e-46
1.6454e-46
5.01167e-47
1.51869e-47
4.57866e-48
1.37342e-48
4.09898e-49
1.2172e-49
3.59646e-50
1.05736e-50
3.09325e-51
9.00456e-52
2.6084e-52
7.51897e-53
2.15688e-53
6.15725e-54
1.74924e-54
4.94565e-55
1.39161e-55
3.8971e-56
1.08619e-56
3.01311e-57
8.31921e-58
2.2862e-58
6.25348e-59
1.7026e-59
4.61418e-60
1.24474e-60
3.34249e-61
8.9347e-62
2.37748e-62
6.29778e-63
1.66074e-63
4.3598e-64
1.13944e-64
2.96472e-65
7.67985e-66
1.98064e-66
5.0857e-67
1.30016e-67
3.30939e-68
8.38719e-69
2.11645e-69
5.3178e-70
1.33044e-70
3.3144e-71
8.22182e-72
2.03092e-72
4.99561e-73
1.22366e-73
2.98481e-74
7.25043e-75
1.75392e-75
4.22535e-76
1.01374e-76
2.42222e-77
5.76405e-78
1.36608e-78
3.22453e-79
7.58062e-80
1.775e-80
4.13957e-81
9.61568e-82
2.22475e-82
5.12703e-83
1.1769e-83
2.69097e-84
6.12887e-85
1.39047e-85
3.14238e-86
7.07419e-87
1.58644e-87
3.54411e-88
7.88734e-89
1.74864e-89
3.86213e-90
8.4979e-91
1.86279e-91
4.06806e-92
8.85094e-93
1.91856e-93
4.14337e-94
8.91512e-95
1.91119e-95
4.08214e-96
8.68735e-97
1.84207e-97
3.89181e-98
8.19272e-99
1.71847e-99
3.59169e-100
7.48006e-101
1.55226e-101
3.20985e-102
6.61409e-103
1.35808e-103
2.77881e-104
5.66597e-105
1.15127e-105
2.33115e-106
4.70395e-107
9.45929e-108
1.89567e-108
3.786e-109
7.5356e-110
1.49479e-110
2.95508e-111
5.8223e-112
1.1433e-112
2.23753e-113
4.36442e-114
8.48477e-115
1.64404e-115
3.17505e-116
6.11163e-117
1.17257e-117
2.24232e-118
4.27407e-119
8.12034e-120
1.5378e-120
2.90285e-121
5.46199e-122
1.02444e-122
1.91528e-123
3.5694e-124
6.63102e-125
1.22798e-125
2.2669e-126
4.17166e-127
7.65288e-128
1.39954e-128
2.55148e-129
4.63717e-130
8.40178e-131
1.51758e-131
2.73273e-132
4.90582e-133
8.78014e-134
1.56664e-134
2.7869e-135
4.94266e-136
8.73957e-137
1.54069e-137
2.70795e-138
4.74536e-139
8.29098e-140
1.44429e-140
2.50852e-141
4.34413e-142
7.50085e-143
1.29136e-143
2.21674e-144
3.79418e-145
6.47533e-146
1.10192e-146
1.86975e-147
3.16351e-148
5.33716e-149
8.97863e-150
1.50616e-150
2.51943e-151
4.20243e-152
6.98995e-153
1.15938e-153
1.9176e-154
3.16282e-155
5.20212e-156
8.53255e-157
1.39564e-157
2.27649e-158
3.70308e-159
6.00712e-160
9.71806e-161
1.56786e-161
2.52261e-162
4.04776e-163
6.47744e-164
1.03376e-164
1.64538e-165
2.61185e-166
4.13492e-167
6.5287e-168
1.02809e-168
1.61467e-169
2.52922e-170
3.95133e-171
6.15684e-172
9.56828e-173
1.48311e-173
2.29288e-174
3.53556e-175
5.43764e-176
8.34139e-177
1.27628e-177
1.94778e-178
2.96495e-179
4.50178e-180
6.8178e-181
1.02991e-181
1.55187e-182
2.33244e-183
3.49681e-184
5.22927e-185
7.80047e-186
1.16069e-186
1.72276e-187
2.55067e-188
3.76711e-189
5.54992e-190
8.15631e-191
1.19573e-191
1.74866e-192
2.55103e-193
3.7125e-194
5.38964e-195
7.80547e-196
1.12768e-196
1.62527e-197
2.33679e-198
3.35174e-199
4.79602e-200
6.84626e-201
9.74971e-202
1.38515e-202
1.96325e-203
2.77604e-204
3.91608e-205
5.51134e-206
7.73827e-207
1.08396e-207
1.51486e-208
2.11212e-209
2.93804e-210
4.07748e-211
5.64576e-212
7.79925e-213
1.07494e-213
1.47817e-214
2.028e-215
2.77603e-216
3.79133e-217
5.16623e-218
7.02383e-219
9.52783e-220
1.28955e-220
1.74142e-221
2.34638e-222
3.15445e-223
4.23136e-224
5.66332e-225
7.5631e-226
1.00778e-226
1.33992e-227
1.77759e-228
2.35305e-229
3.108e-230
4.09621e-231
5.38687e-232
7.06882e-233
9.25583e-234
1.20933e-234
1.57665e-235
2.05113e-236
2.66267e-237
3.44914e-238
4.45838e-239
5.75065e-240
7.40174e-241
9.50667e-242
1.21844e-242
1.55834e-243
1.98887e-244
2.53302e-245
3.21928e-246
4.08293e-247
5.16748e-248
6.52651e-249
8.22587e-250
1.03462e-250
1.29863e-251
1.62665e-252
2.03333e-253
2.53648e-254
3.15766e-255
3.92295e-256
4.86378e-257
6.01801e-258
7.43106e-259
9.15735e-260
1.12619e-260
1.38223e-261
1.69306e-262
2.06965e-263
2.52501e-264
3.07973e-265
4.18864e-266
)
;

boundaryField
{
    sides
    {
        type            zeroGradient;
    }
    empty
    {
        type            empty;
    }
}


// ************************************************************************* //
