/*--------------------------------*- C++ -*----------------------------------*\
  =========                 |
  \\      /  F ield         | OpenFOAM: The Open Source CFD Toolbox
   \\    /   O peration     | Website:  https://openfoam.org
    \\  /    A nd           | Version:  13
     \\/     M anipulation  |
\*---------------------------------------------------------------------------*/
FoamFile
{
    format      ascii;
    class       volScalarField;
    location    "1.395";
    object      T;
}
// * * * * * * * * * * * * * * * * * * * * * * * * * * * * * * * * * * * * * //

dimensions      [0 0 0 1 0 0 0];

internalField   nonuniform List<scalar> 
1000
(
6.39471e-138
1.75892e-137
5.94576e-137
2.04649e-136
7.04277e-136
2.41958e-135
8.29737e-135
2.84015e-134
9.70376e-134
3.3093e-133
1.12649e-132
3.82745e-132
1.29804e-131
4.39394e-131
1.48461e-130
5.00676e-130
1.68535e-129
5.66248e-129
1.89893e-128
6.35614e-128
2.12354e-127
7.08118e-127
2.35684e-126
7.82946e-126
2.59603e-125
8.59134e-125
2.83782e-124
9.35581e-124
3.07856e-123
1.01107e-122
3.31424e-122
1.08431e-121
3.54066e-121
1.15393e-120
3.75349e-120
1.21857e-119
3.94845e-119
1.2769e-118
4.12141e-118
1.32766e-117
4.26856e-117
1.36971e-116
4.38654e-116
1.40206e-115
4.47256e-115
1.42394e-114
4.52451e-114
1.4348e-113
4.54104e-113
1.43436e-112
4.52164e-112
1.42257e-111
4.46666e-111
1.39967e-110
4.37726e-110
1.36618e-109
4.25542e-109
1.32283e-108
4.10384e-108
1.27058e-107
3.92586e-107
1.21057e-106
3.72532e-106
1.14408e-105
3.50642e-105
1.07247e-104
3.27357e-104
9.97171e-104
3.03129e-103
9.19587e-103
2.78398e-102
8.41092e-102
2.53586e-101
7.62972e-101
2.29083e-100
6.86397e-100
2.05237e-99
6.12394e-99
1.82348e-98
5.41829e-98
1.60663e-97
4.75397e-97
1.40374e-96
4.1362e-96
1.21619e-95
3.56847e-95
1.04483e-94
3.05272e-94
8.90033e-94
2.58941e-93
7.51746e-93
2.17778e-92
6.29545e-92
1.81597e-91
5.22708e-91
1.50132e-90
4.30283e-90
1.23054e-89
3.51156e-89
9.99913e-89
2.84107e-88
8.05484e-88
2.27869e-87
6.43231e-87
1.81175e-86
5.09189e-86
1.42793e-85
3.99558e-85
1.11557e-84
3.10781e-84
8.63877e-84
2.39601e-83
6.63073e-83
1.83092e-82
5.0444e-82
1.3867e-81
3.80349e-81
1.04091e-80
2.84228e-80
7.74365e-80
2.10498e-79
5.70912e-79
1.54493e-78
4.17126e-78
1.12367e-77
3.02013e-77
8.09884e-77
2.16686e-76
5.78422e-76
1.54051e-75
4.09346e-75
1.08522e-74
2.87042e-74
7.57483e-74
1.99433e-73
5.23859e-73
1.37286e-72
3.58946e-72
9.36312e-72
2.43669e-71
6.32653e-71
1.63876e-70
4.23492e-70
1.09183e-69
2.80831e-69
7.20627e-69
1.8448e-68
4.71153e-68
1.20045e-67
3.05138e-67
7.73774e-67
1.95748e-66
4.94017e-66
1.24379e-65
3.12402e-65
7.82775e-65
1.95666e-64
4.87916e-64
1.21375e-63
3.01203e-63
7.45656e-63
1.84146e-62
4.5366e-62
1.11491e-61
2.73331e-61
6.6846e-61
1.63079e-60
3.96875e-60
9.63477e-60
2.33323e-59
5.63642e-59
1.35823e-58
3.26489e-58
7.8286e-58
1.87249e-57
4.46759e-57
1.06327e-56
2.52421e-56
5.9775e-56
1.41196e-55
3.32687e-55
7.81903e-55
1.83305e-54
4.28644e-54
9.99813e-54
2.32615e-53
5.39825e-53
1.24957e-52
2.88511e-52
6.64433e-52
1.52626e-51
3.49695e-51
7.99161e-51
1.82163e-50
4.14157e-50
9.39176e-50
2.12424e-49
4.79219e-49
1.07829e-48
2.41993e-48
5.41676e-48
1.20932e-47
2.69279e-47
5.98034e-47
1.32467e-46
2.92647e-46
6.44817e-46
1.41703e-45
3.1058e-45
6.78914e-45
1.48014e-44
3.21835e-44
6.97919e-44
1.50944e-43
3.25586e-43
7.00405e-43
1.50268e-42
3.21524e-42
6.86105e-42
1.46014e-41
3.099e-41
6.55952e-41
1.38466e-40
2.91495e-40
6.11978e-40
1.28131e-39
2.67538e-39
5.5709e-39
1.15684e-38
2.39567e-38
4.94747e-38
1.01892e-37
2.09265e-37
4.28598e-37
8.75384e-37
1.78295e-36
3.62135e-36
7.33483e-36
1.48148e-35
2.98391e-35
5.99318e-35
1.20035e-34
2.39738e-34
4.77466e-34
9.48244e-34
1.87789e-33
3.70841e-33
7.30251e-33
1.43391e-32
2.8076e-32
5.4816e-32
1.06718e-31
2.0717e-31
4.01022e-31
7.74038e-31
1.48972e-30
2.85889e-30
5.47059e-30
1.04379e-29
1.9858e-29
3.76701e-29
7.12516e-29
1.34378e-28
2.52693e-28
4.73795e-28
8.85759e-28
1.65108e-27
3.06862e-27
5.68646e-27
1.05066e-26
1.93552e-26
3.55509e-26
6.51054e-26
1.18876e-25
2.16413e-25
3.92808e-25
7.10856e-25
1.28259e-24
2.30724e-24
4.13808e-24
7.3995e-24
1.31917e-23
2.34473e-23
4.15505e-23
7.34087e-23
1.29302e-22
2.27065e-22
3.97538e-22
6.93883e-22
1.20746e-21
2.09478e-21
3.62307e-21
6.24726e-21
1.07392e-20
1.84045e-20
3.14445e-20
5.35585e-20
9.09444e-20
1.53952e-19
2.59808e-19
4.37097e-19
7.33092e-19
1.22572e-18
2.04304e-18
3.39479e-18
5.62336e-18
9.28592e-18
1.52861e-17
2.50849e-17
4.10363e-17
6.69209e-17
1.08791e-16
1.76302e-16
2.8481e-16
4.58653e-16
7.3628e-16
1.17823e-15
1.87949e-15
2.98866e-15
4.73735e-15
7.4854e-15
1.179e-14
1.85109e-14
2.89707e-14
4.51965e-14
7.02848e-14
1.08951e-13
1.68347e-13
2.59293e-13
3.98089e-13
6.0922e-13
9.29333e-13
1.41309e-12
2.14174e-12
3.23566e-12
4.87254e-12
7.31379e-12
1.09427e-11
1.63192e-11
2.42584e-11
3.59432e-11
5.30834e-11
7.81425e-11
1.14657e-10
1.67688e-10
2.44446e-10
3.55178e-10
5.14387e-10
7.42529e-10
1.06835e-09
1.53212e-09
2.19002e-09
3.12016e-09
4.43078e-09
6.27127e-09
8.84714e-09
1.244e-08
1.74345e-08
2.43537e-08
3.39071e-08
4.70525e-08
6.5079e-08
8.9715e-08
1.23269e-07
1.68814e-07
2.30422e-07
3.13476e-07
4.25056e-07
5.74448e-07
7.73777e-07
1.03883e-06
1.39005e-06
1.85386e-06
2.46425e-06
3.26476e-06
4.311e-06
5.67366e-06
7.44232e-06
9.73e-06
1.26787e-05
1.64664e-05
2.13148e-05
2.74994e-05
3.53611e-05
4.53198e-05
5.78911e-05
7.37048e-05
9.35281e-05
0.000118291
0.000149116
0.000187352
0.000234617
0.000292837
0.0003643
0.000451711
0.000558254
0.00068766
0.000844282
0.00103318
0.0012602
0.00153207
0.00185651
0.00224232
0.00269949
0.00323931
0.00387445
0.00461912
0.00548911
0.00650191
0.00767679
0.00903486
0.0105991
0.0123945
0.0144477
0.0167877
0.0194447
0.0224513
0.0258411
0.0296495
0.0339129
0.0386687
0.0439549
0.0498096
0.0562709
0.0633763
0.0711619
0.0796625
0.0889107
0.0989361
0.109765
0.121421
0.133922
0.14728
0.161504
0.176596
0.192552
0.20936
0.227002
0.245454
0.264684
0.284652
0.305313
0.326615
0.348498
0.370898
0.393744
0.416963
0.440475
0.4642
0.488052
0.511948
0.5358
0.559525
0.583037
0.606256
0.629102
0.651502
0.673385
0.694687
0.715348
0.735316
0.754546
0.772998
0.79064
0.807448
0.823403
0.838495
0.852719
0.866078
0.878578
0.890234
0.901062
0.911087
0.920335
0.928835
0.936619
0.943723
0.950183
0.956035
0.961319
0.966071
0.970329
0.974131
0.977513
0.98051
0.983154
0.985479
0.987512
0.989283
0.990816
0.992136
0.993263
0.994218
0.995017
0.995674
0.996202
0.996613
0.996913
0.99711
0.997208
0.997208
0.99711
0.996913
0.996613
0.996202
0.995674
0.995017
0.994218
0.993263
0.992136
0.990816
0.989283
0.987512
0.985479
0.983154
0.98051
0.977513
0.974131
0.970329
0.966071
0.961319
0.956035
0.950183
0.943723
0.936619
0.928835
0.920335
0.911087
0.901062
0.890234
0.878578
0.866078
0.852719
0.838495
0.823403
0.807448
0.79064
0.772998
0.754546
0.735316
0.715348
0.694687
0.673385
0.651502
0.629102
0.606256
0.583037
0.559525
0.5358
0.511948
0.488052
0.4642
0.440475
0.416963
0.393744
0.370898
0.348498
0.326615
0.305313
0.284652
0.264684
0.245454
0.227002
0.20936
0.192552
0.176596
0.161504
0.14728
0.133922
0.121421
0.109765
0.0989361
0.0889107
0.0796625
0.0711619
0.0633763
0.0562709
0.0498096
0.0439549
0.0386687
0.0339129
0.0296495
0.0258411
0.0224513
0.0194447
0.0167877
0.0144477
0.0123945
0.0105991
0.00903486
0.00767679
0.00650191
0.00548911
0.00461912
0.00387445
0.00323931
0.00269949
0.00224232
0.00185651
0.00153207
0.0012602
0.00103318
0.000844282
0.00068766
0.000558254
0.000451711
0.0003643
0.000292837
0.000234617
0.000187352
0.000149116
0.000118291
9.35281e-05
7.37048e-05
5.78911e-05
4.53198e-05
3.53611e-05
2.74994e-05
2.13148e-05
1.64664e-05
1.26787e-05
9.73e-06
7.44232e-06
5.67366e-06
4.311e-06
3.26476e-06
2.46425e-06
1.85386e-06
1.39005e-06
1.03883e-06
7.73777e-07
5.74448e-07
4.25056e-07
3.13476e-07
2.30422e-07
1.68814e-07
1.23269e-07
8.9715e-08
6.5079e-08
4.70525e-08
3.39071e-08
2.43537e-08
1.74345e-08
1.244e-08
8.84714e-09
6.27127e-09
4.43078e-09
3.12016e-09
2.19002e-09
1.53212e-09
1.06835e-09
7.42529e-10
5.14387e-10
3.55178e-10
2.44446e-10
1.67688e-10
1.14657e-10
7.81425e-11
5.30834e-11
3.59432e-11
2.42584e-11
1.63192e-11
1.09427e-11
7.31379e-12
4.87254e-12
3.23566e-12
2.14174e-12
1.41309e-12
9.29333e-13
6.0922e-13
3.98089e-13
2.59293e-13
1.68347e-13
1.08951e-13
7.02848e-14
4.51965e-14
2.89707e-14
1.85109e-14
1.179e-14
7.4854e-15
4.73735e-15
2.98866e-15
1.87949e-15
1.17823e-15
7.3628e-16
4.58653e-16
2.8481e-16
1.76302e-16
1.08791e-16
6.69209e-17
4.10363e-17
2.50849e-17
1.52861e-17
9.28592e-18
5.62336e-18
3.39479e-18
2.04304e-18
1.22572e-18
7.33092e-19
4.37097e-19
2.59808e-19
1.53952e-19
9.09444e-20
5.35585e-20
3.14445e-20
1.84045e-20
1.07392e-20
6.24726e-21
3.62307e-21
2.09478e-21
1.20746e-21
6.93883e-22
3.97538e-22
2.27065e-22
1.29302e-22
7.34087e-23
4.15505e-23
2.34473e-23
1.31917e-23
7.3995e-24
4.13808e-24
2.30724e-24
1.28259e-24
7.10856e-25
3.92808e-25
2.16413e-25
1.18876e-25
6.51054e-26
3.55509e-26
1.93552e-26
1.05066e-26
5.68646e-27
3.06862e-27
1.65108e-27
8.85759e-28
4.73795e-28
2.52693e-28
1.34378e-28
7.12516e-29
3.76701e-29
1.9858e-29
1.04379e-29
5.47059e-30
2.85889e-30
1.48972e-30
7.74038e-31
4.01022e-31
2.0717e-31
1.06718e-31
5.4816e-32
2.8076e-32
1.43391e-32
7.30251e-33
3.70841e-33
1.87789e-33
9.48244e-34
4.77466e-34
2.39738e-34
1.20035e-34
5.99318e-35
2.98391e-35
1.48148e-35
7.33483e-36
3.62135e-36
1.78295e-36
8.75384e-37
4.28598e-37
2.09265e-37
1.01892e-37
4.94747e-38
2.39567e-38
1.15684e-38
5.5709e-39
2.67538e-39
1.28131e-39
6.11978e-40
2.91495e-40
1.38466e-40
6.55952e-41
3.099e-41
1.46014e-41
6.86105e-42
3.21524e-42
1.50268e-42
7.00405e-43
3.25586e-43
1.50944e-43
6.97919e-44
3.21835e-44
1.48014e-44
6.78914e-45
3.1058e-45
1.41703e-45
6.44817e-46
2.92647e-46
1.32467e-46
5.98034e-47
2.69279e-47
1.20932e-47
5.41676e-48
2.41993e-48
1.07829e-48
4.79219e-49
2.12424e-49
9.39176e-50
4.14157e-50
1.82163e-50
7.99161e-51
3.49695e-51
1.52626e-51
6.64433e-52
2.88511e-52
1.24957e-52
5.39825e-53
2.32615e-53
9.99813e-54
4.28644e-54
1.83305e-54
7.81903e-55
3.32687e-55
1.41196e-55
5.9775e-56
2.52421e-56
1.06327e-56
4.46759e-57
1.87249e-57
7.8286e-58
3.26489e-58
1.35823e-58
5.63642e-59
2.33323e-59
9.63477e-60
3.96875e-60
1.63079e-60
6.6846e-61
2.73331e-61
1.11491e-61
4.5366e-62
1.84146e-62
7.45656e-63
3.01203e-63
1.21375e-63
4.87916e-64
1.95666e-64
7.82775e-65
3.12402e-65
1.24379e-65
4.94017e-66
1.95748e-66
7.73774e-67
3.05138e-67
1.20045e-67
4.71153e-68
1.8448e-68
7.20627e-69
2.80831e-69
1.09183e-69
4.23492e-70
1.63876e-70
6.32653e-71
2.43669e-71
9.36312e-72
3.58946e-72
1.37286e-72
5.23859e-73
1.99433e-73
7.57483e-74
2.87042e-74
1.08522e-74
4.09346e-75
1.54051e-75
5.78422e-76
2.16686e-76
8.09884e-77
3.02013e-77
1.12367e-77
4.17126e-78
1.54493e-78
5.70912e-79
2.10498e-79
7.74365e-80
2.84228e-80
1.04091e-80
3.80349e-81
1.3867e-81
5.0444e-82
1.83092e-82
6.63073e-83
2.39601e-83
8.63877e-84
3.10781e-84
1.11557e-84
3.99558e-85
1.42793e-85
5.09189e-86
1.81175e-86
6.43231e-87
2.27869e-87
8.05484e-88
2.84107e-88
9.99913e-89
3.51156e-89
1.23054e-89
4.30283e-90
1.50132e-90
5.22708e-91
1.81597e-91
6.29545e-92
2.17778e-92
7.51746e-93
2.58941e-93
8.90033e-94
3.05272e-94
1.04483e-94
3.56847e-95
1.21619e-95
4.1362e-96
1.40374e-96
4.75397e-97
1.60663e-97
5.41829e-98
1.82348e-98
6.12394e-99
2.05237e-99
6.86397e-100
2.29083e-100
7.62972e-101
2.53586e-101
8.41092e-102
2.78398e-102
9.19587e-103
3.03129e-103
9.97171e-104
3.27357e-104
1.07247e-104
3.50642e-105
1.14408e-105
3.72532e-106
1.21057e-106
3.92586e-107
1.27058e-107
4.10384e-108
1.32283e-108
4.25542e-109
1.36618e-109
4.37726e-110
1.39967e-110
4.46666e-111
1.42257e-111
4.52164e-112
1.43436e-112
4.54104e-113
1.4348e-113
4.52451e-114
1.42394e-114
4.47256e-115
1.40206e-115
4.38654e-116
1.36971e-116
4.26856e-117
1.32766e-117
4.12141e-118
1.2769e-118
3.94845e-119
1.21857e-119
3.75349e-120
1.15393e-120
3.54066e-121
1.08431e-121
3.31424e-122
1.01107e-122
3.07856e-123
9.35581e-124
2.83782e-124
8.59134e-125
2.59603e-125
7.82946e-126
2.35684e-126
7.08118e-127
2.12354e-127
6.35614e-128
1.89893e-128
5.66248e-129
1.68535e-129
5.00676e-130
1.48461e-130
4.39394e-131
1.29804e-131
3.82745e-132
1.12649e-132
3.3093e-133
9.70376e-134
2.84015e-134
8.29737e-135
2.41958e-135
7.04277e-136
2.04649e-136
5.94576e-137
1.75892e-137
6.39471e-138
)
;

boundaryField
{
    sides
    {
        type            zeroGradient;
    }
    empty
    {
        type            empty;
    }
}


// ************************************************************************* //
