/*--------------------------------*- C++ -*----------------------------------*\
  =========                 |
  \\      /  F ield         | OpenFOAM: The Open Source CFD Toolbox
   \\    /   O peration     | Website:  https://openfoam.org
    \\  /    A nd           | Version:  13
     \\/     M anipulation  |
\*---------------------------------------------------------------------------*/
FoamFile
{
    format      ascii;
    class       volScalarField;
    location    "1.2";
    object      T;
}
// * * * * * * * * * * * * * * * * * * * * * * * * * * * * * * * * * * * * * //

dimensions      [0 0 0 1 0 0 0];

internalField   nonuniform List<scalar> 
1000
(
1.23917e-154
3.94212e-154
1.52123e-153
5.94332e-153
2.31975e-152
9.03766e-152
3.51436e-151
1.36398e-150
5.28374e-150
2.04289e-149
7.88343e-149
3.03635e-148
1.16722e-147
4.47835e-147
1.71492e-146
6.55438e-146
2.50021e-145
9.51873e-145
3.6169e-144
1.37167e-143
5.19174e-143
1.96123e-142
7.39422e-142
2.7823e-141
1.04487e-140
3.9162e-140
1.46491e-139
5.46886e-139
2.03762e-138
7.57682e-138
2.81182e-137
1.04141e-136
3.84939e-136
1.42001e-135
5.22785e-135
1.9208e-134
7.04315e-134
2.57737e-133
9.41263e-133
3.43057e-132
1.24779e-131
4.52935e-131
1.64076e-130
5.93159e-130
2.13998e-129
7.70479e-129
2.76835e-128
9.92635e-128
3.55193e-127
1.26837e-126
4.51989e-126
1.60736e-125
5.70422e-125
2.02012e-124
7.13931e-124
2.51784e-123
8.86123e-123
3.11208e-122
1.09068e-121
3.81442e-121
1.33121e-120
4.63607e-120
1.61114e-119
5.58726e-119
1.93349e-118
6.67671e-118
2.30069e-117
7.9109e-117
2.71435e-116
9.29339e-116
3.17505e-115
1.08241e-114
3.68213e-114
1.24988e-113
4.23348e-113
1.43082e-112
4.82535e-112
1.62378e-111
5.45229e-111
1.82676e-110
6.10707e-110
2.03719e-109
6.78073e-109
2.25198e-108
7.46265e-108
2.46753e-107
8.14083e-107
2.67985e-106
8.80213e-106
2.88467e-105
9.43266e-105
3.07752e-104
1.00183e-103
3.25394e-103
1.0545e-102
3.40963e-102
1.09998e-101
3.54061e-101
1.13707e-100
3.64339e-100
1.16476e-99
3.71514e-99
1.18228e-98
3.75378e-98
1.18911e-97
3.75813e-97
1.18501e-96
3.72793e-96
1.17006e-95
3.66387e-95
1.14462e-94
3.56757e-94
1.10935e-93
3.44151e-93
1.06515e-92
3.28891e-92
1.01314e-91
3.11361e-91
9.54622e-91
2.91991e-90
8.91e-90
2.71239e-89
8.23743e-89
2.49571e-88
7.54321e-88
2.27445e-87
6.84155e-87
2.05298e-86
6.14566e-86
1.83528e-85
5.46742e-85
1.62483e-84
4.817e-84
1.42458e-83
4.20277e-83
1.23686e-82
3.63111e-82
1.06339e-81
3.10651e-81
9.05277e-81
2.63158e-80
7.63086e-80
2.20725e-79
6.36867e-79
1.833e-78
5.26246e-78
1.50705e-77
4.30503e-77
1.22668e-76
3.48652e-76
9.8845e-76
2.79523e-75
7.88459e-75
2.21838e-74
6.22566e-74
1.74271e-73
4.86581e-73
1.3551e-72
3.76418e-72
1.04292e-71
2.88211e-71
7.94415e-71
2.18403e-70
5.98882e-70
1.63792e-69
4.46799e-69
1.21562e-68
3.2987e-68
8.9279e-68
2.40998e-67
6.48831e-67
1.74222e-66
4.66577e-66
1.24621e-65
3.31976e-65
8.81989e-65
2.33701e-64
6.17582e-64
1.62766e-63
4.27826e-63
1.1215e-62
2.93198e-62
7.64445e-62
1.98772e-61
5.15446e-61
1.333e-60
3.43788e-60
8.84229e-60
2.26803e-59
5.80149e-59
1.47991e-58
3.76474e-58
9.55065e-58
2.41617e-57
6.09562e-57
1.53356e-56
3.84743e-56
9.62563e-56
2.40144e-55
5.97441e-55
1.48217e-54
3.66671e-54
9.04543e-54
2.22512e-53
5.45814e-53
1.33506e-52
3.25629e-52
7.91961e-52
1.92062e-51
4.64447e-51
1.11991e-50
2.69264e-50
6.45536e-50
1.54315e-49
3.67821e-49
8.74186e-49
2.07161e-48
4.89491e-48
1.15322e-47
2.709e-47
6.34497e-47
1.48174e-46
3.45014e-46
8.00972e-46
1.85401e-45
4.27876e-45
9.8454e-45
2.25868e-44
5.16629e-44
1.17816e-43
2.67871e-43
6.07217e-43
1.37231e-42
3.09209e-42
6.94604e-42
1.55563e-41
3.47342e-41
7.73188e-41
1.71589e-40
3.79634e-40
8.37357e-40
1.84129e-39
4.03645e-39
8.8214e-39
1.92191e-38
4.17432e-38
9.03837e-38
1.95094e-37
4.19803e-37
9.00516e-37
1.92565e-36
4.10491e-36
8.72298e-36
1.84782e-35
3.90196e-35
8.21359e-35
1.72349e-34
3.60499e-34
7.51656e-34
1.56225e-33
3.23663e-33
6.68415e-33
1.37596e-32
2.82338e-32
5.77478e-32
1.17733e-31
2.39254e-31
4.8463e-31
9.7848e-31
1.96916e-30
3.94996e-30
7.89745e-30
1.57383e-29
3.12612e-29
6.18908e-29
1.22128e-28
2.40199e-28
4.7086e-28
9.19969e-28
1.79148e-27
3.47702e-27
6.72596e-27
1.29673e-26
2.49169e-26
4.77179e-26
9.10773e-26
1.73251e-25
3.28457e-25
6.20601e-25
1.16863e-24
2.19314e-24
4.10187e-24
7.6457e-24
1.42027e-23
2.62931e-23
4.85091e-23
8.91899e-23
1.63424e-22
2.98413e-22
5.4303e-22
9.84753e-22
1.77962e-21
3.20494e-21
5.75179e-21
1.02866e-20
1.83328e-20
3.25587e-20
5.76215e-20
1.0162e-19
1.78586e-19
3.12742e-19
5.4575e-19
9.49002e-19
1.64439e-18
2.83924e-18
4.88491e-18
8.37467e-18
1.43064e-17
2.43525e-17
4.13052e-17
6.98089e-17
1.1756e-16
1.97263e-16
3.29815e-16
5.49452e-16
9.12056e-16
1.50849e-15
2.48594e-15
4.08191e-15
6.67817e-15
1.08861e-14
1.76809e-14
2.86122e-14
4.61328e-14
7.41105e-14
1.1862e-13
1.89165e-13
3.00556e-13
4.75787e-13
7.50409e-13
1.17918e-12
1.84611e-12
2.87955e-12
4.4749e-12
6.92834e-12
1.06871e-11
1.64239e-11
2.51462e-11
3.83573e-11
5.82911e-11
8.82533e-11
1.33117e-10
2.00036e-10
2.99469e-10
4.46647e-10
6.63656e-10
9.82394e-10
1.44874e-09
2.12842e-09
3.11518e-09
4.5422e-09
6.59791e-09
9.54774e-09
1.37641e-08
1.97673e-08
2.82811e-08
4.03083e-08
5.72321e-08
8.09528e-08
1.14069e-07
1.60122e-07
2.2391e-07
3.11918e-07
4.32859e-07
5.98402e-07
8.24098e-07
1.13058e-06
1.54513e-06
2.1036e-06
2.85297e-06
3.85449e-06
5.18766e-06
6.95523e-06
9.28937e-06
1.23593e-05
1.63809e-05
2.16279e-05
2.84462e-05
3.72709e-05
4.86462e-05
6.32504e-05
8.19242e-05
0.000105705
0.000135868
0.00017397
0.000221907
0.000281971
0.000356926
0.000450084
0.000565394
0.000707543
0.000882063
0.00109545
0.00135531
0.00167045
0.00205108
0.00250892
0.00305739
0.00371173
0.00448918
0.0054091
0.00649314
0.00776533
0.00925218
0.0109828
0.0129887
0.0153043
0.0179664
0.021014
0.0244886
0.0284338
0.0328948
0.037918
0.043551
0.0498417
0.0568377
0.0645859
0.0731315
0.0825177
0.0927842
0.103967
0.116098
0.129201
0.143297
0.158398
0.174508
0.191623
0.209729
0.228806
0.24882
0.269731
0.291489
0.314032
0.337292
0.361192
0.385648
0.410567
0.435853
0.461405
0.487117
0.512883
0.538595
0.564147
0.589433
0.614352
0.638808
0.662708
0.685968
0.708511
0.730269
0.75118
0.771194
0.790271
0.808377
0.825492
0.841602
0.856703
0.870799
0.883902
0.896033
0.907216
0.917482
0.926868
0.935414
0.943162
0.950157
0.956448
0.96208
0.967103
0.971563
0.975508
0.978981
0.982027
0.984686
0.986999
0.989001
0.990726
0.992206
0.99347
0.994542
0.995448
0.996206
0.996837
0.997355
0.997775
0.998108
0.998363
0.998548
0.998668
0.998727
0.998727
0.998668
0.998548
0.998363
0.998108
0.997775
0.997355
0.996837
0.996206
0.995448
0.994542
0.99347
0.992206
0.990726
0.989001
0.986999
0.984686
0.982027
0.978981
0.975508
0.971563
0.967103
0.96208
0.956448
0.950157
0.943162
0.935414
0.926868
0.917482
0.907216
0.896033
0.883902
0.870799
0.856703
0.841602
0.825492
0.808377
0.790271
0.771194
0.75118
0.730269
0.708511
0.685968
0.662708
0.638808
0.614352
0.589433
0.564147
0.538595
0.512883
0.487117
0.461405
0.435853
0.410567
0.385648
0.361192
0.337292
0.314032
0.291489
0.269731
0.24882
0.228806
0.209729
0.191623
0.174508
0.158398
0.143297
0.129201
0.116098
0.103967
0.0927842
0.0825177
0.0731315
0.0645859
0.0568377
0.0498417
0.043551
0.037918
0.0328948
0.0284338
0.0244886
0.021014
0.0179664
0.0153043
0.0129887
0.0109828
0.00925218
0.00776533
0.00649314
0.0054091
0.00448918
0.00371173
0.00305739
0.00250892
0.00205108
0.00167045
0.00135531
0.00109545
0.000882063
0.000707543
0.000565394
0.000450084
0.000356926
0.000281971
0.000221907
0.00017397
0.000135868
0.000105705
8.19242e-05
6.32504e-05
4.86462e-05
3.72709e-05
2.84462e-05
2.16279e-05
1.63809e-05
1.23593e-05
9.28937e-06
6.95523e-06
5.18766e-06
3.85449e-06
2.85297e-06
2.1036e-06
1.54513e-06
1.13058e-06
8.24098e-07
5.98402e-07
4.32859e-07
3.11918e-07
2.2391e-07
1.60122e-07
1.14069e-07
8.09528e-08
5.72321e-08
4.03083e-08
2.82811e-08
1.97673e-08
1.37641e-08
9.54774e-09
6.59791e-09
4.5422e-09
3.11518e-09
2.12842e-09
1.44874e-09
9.82394e-10
6.63656e-10
4.46647e-10
2.99469e-10
2.00036e-10
1.33117e-10
8.82533e-11
5.82911e-11
3.83573e-11
2.51462e-11
1.64239e-11
1.06871e-11
6.92834e-12
4.4749e-12
2.87955e-12
1.84611e-12
1.17918e-12
7.50409e-13
4.75787e-13
3.00556e-13
1.89165e-13
1.1862e-13
7.41105e-14
4.61328e-14
2.86122e-14
1.76809e-14
1.08861e-14
6.67817e-15
4.08191e-15
2.48594e-15
1.50849e-15
9.12056e-16
5.49452e-16
3.29815e-16
1.97263e-16
1.1756e-16
6.98089e-17
4.13052e-17
2.43525e-17
1.43064e-17
8.37467e-18
4.88491e-18
2.83924e-18
1.64439e-18
9.49002e-19
5.4575e-19
3.12742e-19
1.78586e-19
1.0162e-19
5.76215e-20
3.25587e-20
1.83328e-20
1.02866e-20
5.75179e-21
3.20494e-21
1.77962e-21
9.84753e-22
5.4303e-22
2.98413e-22
1.63424e-22
8.91899e-23
4.85091e-23
2.62931e-23
1.42027e-23
7.6457e-24
4.10187e-24
2.19314e-24
1.16863e-24
6.20601e-25
3.28457e-25
1.73251e-25
9.10773e-26
4.77179e-26
2.49169e-26
1.29673e-26
6.72596e-27
3.47702e-27
1.79148e-27
9.19969e-28
4.7086e-28
2.40199e-28
1.22128e-28
6.18908e-29
3.12612e-29
1.57383e-29
7.89745e-30
3.94996e-30
1.96916e-30
9.7848e-31
4.8463e-31
2.39254e-31
1.17733e-31
5.77478e-32
2.82338e-32
1.37596e-32
6.68415e-33
3.23663e-33
1.56225e-33
7.51656e-34
3.60499e-34
1.72349e-34
8.21359e-35
3.90196e-35
1.84782e-35
8.72298e-36
4.10491e-36
1.92565e-36
9.00516e-37
4.19803e-37
1.95094e-37
9.03837e-38
4.17432e-38
1.92191e-38
8.8214e-39
4.03645e-39
1.84129e-39
8.37357e-40
3.79634e-40
1.71589e-40
7.73188e-41
3.47342e-41
1.55563e-41
6.94604e-42
3.09209e-42
1.37231e-42
6.07217e-43
2.67871e-43
1.17816e-43
5.16629e-44
2.25868e-44
9.8454e-45
4.27876e-45
1.85401e-45
8.00972e-46
3.45014e-46
1.48174e-46
6.34497e-47
2.709e-47
1.15322e-47
4.89491e-48
2.07161e-48
8.74186e-49
3.67821e-49
1.54315e-49
6.45536e-50
2.69264e-50
1.11991e-50
4.64447e-51
1.92062e-51
7.91961e-52
3.25629e-52
1.33506e-52
5.45814e-53
2.22512e-53
9.04543e-54
3.66671e-54
1.48217e-54
5.97441e-55
2.40144e-55
9.62563e-56
3.84743e-56
1.53356e-56
6.09562e-57
2.41617e-57
9.55065e-58
3.76474e-58
1.47991e-58
5.80149e-59
2.26803e-59
8.84229e-60
3.43788e-60
1.333e-60
5.15446e-61
1.98772e-61
7.64445e-62
2.93198e-62
1.1215e-62
4.27826e-63
1.62766e-63
6.17582e-64
2.33701e-64
8.81989e-65
3.31976e-65
1.24621e-65
4.66577e-66
1.74222e-66
6.48831e-67
2.40998e-67
8.9279e-68
3.2987e-68
1.21562e-68
4.46799e-69
1.63792e-69
5.98882e-70
2.18403e-70
7.94415e-71
2.88211e-71
1.04292e-71
3.76418e-72
1.3551e-72
4.86581e-73
1.74271e-73
6.22566e-74
2.21838e-74
7.88459e-75
2.79523e-75
9.8845e-76
3.48652e-76
1.22668e-76
4.30503e-77
1.50705e-77
5.26246e-78
1.833e-78
6.36867e-79
2.20725e-79
7.63086e-80
2.63158e-80
9.05277e-81
3.10651e-81
1.06339e-81
3.63111e-82
1.23686e-82
4.20277e-83
1.42458e-83
4.817e-84
1.62483e-84
5.46742e-85
1.83528e-85
6.14566e-86
2.05298e-86
6.84155e-87
2.27445e-87
7.54321e-88
2.49571e-88
8.23743e-89
2.71239e-89
8.91e-90
2.91991e-90
9.54622e-91
3.11361e-91
1.01314e-91
3.28891e-92
1.06515e-92
3.44151e-93
1.10935e-93
3.56757e-94
1.14462e-94
3.66387e-95
1.17006e-95
3.72793e-96
1.18501e-96
3.75813e-97
1.18911e-97
3.75378e-98
1.18228e-98
3.71514e-99
1.16476e-99
3.64339e-100
1.13707e-100
3.54061e-101
1.09998e-101
3.40963e-102
1.0545e-102
3.25394e-103
1.00183e-103
3.07752e-104
9.43266e-105
2.88467e-105
8.80213e-106
2.67985e-106
8.14083e-107
2.46753e-107
7.46265e-108
2.25198e-108
6.78073e-109
2.03719e-109
6.10707e-110
1.82676e-110
5.45229e-111
1.62378e-111
4.82535e-112
1.43082e-112
4.23348e-113
1.24988e-113
3.68213e-114
1.08241e-114
3.17505e-115
9.29339e-116
2.71435e-116
7.9109e-117
2.30069e-117
6.67671e-118
1.93349e-118
5.58726e-119
1.61114e-119
4.63607e-120
1.33121e-120
3.81442e-121
1.09068e-121
3.11208e-122
8.86123e-123
2.51784e-123
7.13931e-124
2.02012e-124
5.70422e-125
1.60736e-125
4.51989e-126
1.26837e-126
3.55193e-127
9.92635e-128
2.76835e-128
7.70479e-129
2.13998e-129
5.93159e-130
1.64076e-130
4.52935e-131
1.24779e-131
3.43057e-132
9.41263e-133
2.57737e-133
7.04315e-134
1.9208e-134
5.22785e-135
1.42001e-135
3.84939e-136
1.04141e-136
2.81182e-137
7.57682e-138
2.03762e-138
5.46886e-139
1.46491e-139
3.9162e-140
1.04487e-140
2.7823e-141
7.39422e-142
1.96123e-142
5.19174e-143
1.37167e-143
3.6169e-144
9.51873e-145
2.50021e-145
6.55438e-146
1.71492e-146
4.47835e-147
1.16722e-147
3.03635e-148
7.88343e-149
2.04289e-149
5.28374e-150
1.36398e-150
3.51436e-151
9.03766e-152
2.31975e-152
5.94332e-153
1.52123e-153
3.94212e-154
1.23917e-154
)
;

boundaryField
{
    sides
    {
        type            zeroGradient;
    }
    empty
    {
        type            empty;
    }
}


// ************************************************************************* //
