/*--------------------------------*- C++ -*----------------------------------*\
  =========                 |
  \\      /  F ield         | OpenFOAM: The Open Source CFD Toolbox
   \\    /   O peration     | Website:  https://openfoam.org
    \\  /    A nd           | Version:  13
     \\/     M anipulation  |
\*---------------------------------------------------------------------------*/
FoamFile
{
    format      ascii;
    class       volScalarField;
    location    "3.18";
    object      T;
}
// * * * * * * * * * * * * * * * * * * * * * * * * * * * * * * * * * * * * * //

dimensions      [0 0 0 1 0 0 0];

internalField   nonuniform List<scalar> 
1000
(
1.50798e-68
2.18338e-68
3.83287e-68
7.18423e-68
1.37113e-67
2.62739e-67
5.03545e-67
9.64195e-67
1.8441e-66
3.52259e-66
6.72033e-66
1.28046e-65
2.43662e-65
4.6308e-65
8.78958e-65
1.66619e-64
3.15448e-64
5.96448e-64
1.12632e-63
2.12419e-63
4.001e-63
7.52636e-63
1.41398e-62
2.65304e-62
4.97146e-62
9.30391e-62
1.73895e-61
3.246e-61
6.0513e-61
1.12665e-60
2.09491e-60
3.89028e-60
7.21497e-60
1.33636e-59
2.47202e-59
4.56684e-59
8.42588e-59
1.55257e-58
2.85707e-58
5.2508e-58
9.63749e-58
1.76659e-57
3.23402e-57
5.91265e-57
1.07958e-56
1.9686e-56
3.58504e-56
6.5202e-56
1.18429e-55
2.14826e-55
3.89176e-55
7.04101e-55
1.27219e-54
2.29561e-54
4.13689e-54
7.44521e-54
1.33816e-53
2.40196e-53
4.30576e-53
7.70833e-53
1.37815e-52
2.46071e-52
4.38781e-52
7.81375e-52
1.38962e-51
2.46807e-51
4.37765e-51
7.75439e-51
1.37176e-50
2.42343e-50
4.27566e-50
7.53354e-50
1.32561e-49
2.32944e-49
4.08799e-49
7.16451e-49
1.25396e-48
2.19179e-48
3.82589e-48
6.66937e-48
1.16106e-47
2.01856e-47
3.50467e-47
6.0767e-47
1.05222e-46
1.81952e-46
3.14214e-46
5.41888e-46
9.33269e-46
1.60516e-45
2.75705e-45
4.72915e-45
8.10094e-45
1.3858e-44
2.36743e-44
4.03892e-44
6.88121e-44
1.17078e-43
1.98928e-43
3.37542e-43
5.71964e-43
9.67875e-43
1.63561e-42
2.76024e-42
4.65182e-42
7.829e-42
1.31582e-41
2.20849e-41
3.7017e-41
6.19601e-41
1.03569e-40
1.72883e-40
2.8819e-40
4.79745e-40
7.97529e-40
1.324e-39
2.19498e-39
3.63393e-39
6.00794e-39
9.91921e-39
1.63542e-38
2.69269e-38
4.42733e-38
7.2694e-38
1.19194e-37
1.9517e-37
3.19132e-37
5.21106e-37
8.4973e-37
1.38368e-36
2.25002e-36
3.65372e-36
5.9249e-36
9.59455e-36
1.55155e-35
2.50554e-35
4.04048e-35
6.50669e-35
1.04636e-34
1.68035e-34
2.69471e-34
4.31536e-34
6.90107e-34
1.10207e-33
1.75749e-33
2.7988e-33
4.45083e-33
7.0681e-33
1.12087e-32
1.775e-32
2.80694e-32
4.4326e-32
6.98993e-32
1.10072e-31
1.73089e-31
2.71802e-31
4.2621e-31
6.67394e-31
1.04359e-30
1.62953e-30
2.54088e-30
3.95632e-30
6.15156e-30
9.55136e-30
1.48092e-29
2.29288e-29
3.54501e-29
5.47316e-29
8.43806e-29
1.29907e-28
1.99712e-28
3.0659e-28
4.69998e-28
7.19477e-28
1.09982e-27
1.67882e-27
2.559e-27
3.89509e-27
5.92032e-27
8.98574e-27
1.36189e-26
2.06115e-26
3.115e-26
4.70095e-26
7.0842e-26
1.06604e-25
1.60191e-25
2.40369e-25
3.6016e-25
5.38878e-25
8.05123e-25
1.20119e-24
1.78951e-24
2.66216e-24
3.95467e-24
5.86627e-24
8.68936e-24
1.28525e-23
1.89829e-23
2.79971e-23
4.1232e-23
6.0636e-23
8.9043e-23
1.30569e-22
1.91186e-22
2.79539e-22
4.08132e-22
5.95018e-22
8.66226e-22
1.25922e-21
1.82787e-21
2.64947e-21
3.83479e-21
5.54236e-21
7.99866e-21
1.15268e-20
1.6587e-20
2.38341e-20
3.41976e-20
4.89961e-20
7.00962e-20
1.00137e-19
1.42844e-19
2.03469e-19
2.89401e-19
4.11024e-19
5.8291e-19
8.25471e-19
1.16726e-18
1.64816e-18
2.32378e-18
3.27156e-18
4.59918e-18
6.4561e-18
9.0495e-18
1.26661e-17
1.7702e-17
2.4704e-17
3.44251e-17
4.79011e-17
6.65546e-17
9.23365e-17
1.27918e-16
1.7695e-16
2.44416e-16
3.37111e-16
4.64275e-16
6.38469e-16
8.76727e-16
1.20213e-15
1.64587e-15
2.2501e-15
3.07161e-15
4.18689e-15
5.6987e-15
7.74497e-15
1.05105e-14
1.42424e-14
1.9271e-14
2.60365e-14
3.51252e-14
4.73165e-14
6.36451e-14
8.54821e-14
1.14642e-13
1.53521e-13
2.05281e-13
2.74086e-13
3.65411e-13
4.86445e-13
6.46609e-13
8.58235e-13
1.13743e-12
1.50523e-12
1.989e-12
2.62435e-12
3.45752e-12
4.54845e-12
5.9747e-12
7.83654e-12
1.02633e-11
1.34216e-11
1.75258e-11
2.2851e-11
2.97499e-11
3.86742e-11
5.02008e-11
6.5066e-11
8.42077e-11
1.08819e-10
1.40413e-10
1.80911e-10
2.32744e-10
2.98981e-10
3.83497e-10
4.91172e-10
6.28143e-10
8.02114e-10
1.02274e-09
1.30212e-09
1.65534e-09
2.10125e-09
2.6633e-09
3.37066e-09
4.25954e-09
5.37481e-09
6.77199e-09
8.51966e-09
1.07024e-08
1.34243e-08
1.68134e-08
2.10267e-08
2.62566e-08
3.27386e-08
4.076e-08
5.0671e-08
6.28983e-08
7.79597e-08
9.64837e-08
1.19231e-07
1.47123e-07
1.81269e-07
2.23007e-07
2.73947e-07
3.36022e-07
4.11549e-07
5.03302e-07
6.14596e-07
7.49383e-07
9.12371e-07
1.10916e-06
1.34638e-06
1.63191e-06
1.97505e-06
2.3868e-06
2.8801e-06
3.47019e-06
4.17497e-06
5.01543e-06
6.01615e-06
7.20583e-06
8.61797e-06
1.02916e-05
1.2272e-05
1.46118e-05
1.73719e-05
2.06229e-05
2.4446e-05
2.8935e-05
3.41977e-05
4.03579e-05
4.75574e-05
5.59584e-05
6.57464e-05
7.71326e-05
9.03573e-05
0.000105694
0.000123451
0.000143979
0.000167675
0.000194983
0.000226406
0.000262508
0.000303919
0.000351349
0.000405586
0.000467511
0.000538103
0.000618451
0.00070976
0.000813363
0.000930732
0.00106349
0.00121342
0.00138248
0.00157281
0.00178675
0.00202686
0.00229592
0.00259694
0.0029332
0.00330824
0.00372587
0.00419021
0.00470567
0.00527698
0.00590921
0.00660776
0.00737837
0.00822716
0.00916058
0.0101855
0.011309
0.0125389
0.0138829
0.0153494
0.016947
0.0186848
0.020572
0.0226184
0.0248338
0.0272286
0.029813
0.0325978
0.0355938
0.038812
0.0422635
0.0459592
0.0499104
0.054128
0.0586229
0.063406
0.0684875
0.0738778
0.0795865
0.085623
0.0919961
0.0987141
0.105784
0.113214
0.121008
0.129173
0.137712
0.146629
0.155925
0.165602
0.175659
0.186095
0.196906
0.20809
0.21964
0.23155
0.243812
0.256416
0.269352
0.282607
0.296167
0.310019
0.324146
0.33853
0.353154
0.367998
0.383042
0.398264
0.413642
0.429154
0.444775
0.460482
0.47625
0.492055
0.507871
0.523674
0.539438
0.555139
0.570752
0.586253
0.601618
0.616824
0.631849
0.646671
0.661269
0.675623
0.689714
0.703525
0.717039
0.73024
0.743114
0.755648
0.76783
0.779649
0.791096
0.802162
0.812841
0.823127
0.833015
0.842502
0.851584
0.860261
0.868531
0.876395
0.883853
0.890907
0.89756
0.903814
0.909671
0.915136
0.920213
0.924905
0.929216
0.93315
0.936711
0.939904
0.942732
0.945198
0.947305
0.949057
0.950455
0.951502
0.952199
0.952548
0.952548
0.952199
0.951502
0.950455
0.949057
0.947305
0.945198
0.942732
0.939904
0.936711
0.93315
0.929216
0.924905
0.920213
0.915136
0.909671
0.903814
0.89756
0.890907
0.883853
0.876395
0.868531
0.860261
0.851584
0.842502
0.833015
0.823127
0.812841
0.802162
0.791096
0.779649
0.76783
0.755648
0.743114
0.73024
0.717039
0.703525
0.689714
0.675623
0.661269
0.646671
0.631849
0.616824
0.601618
0.586253
0.570752
0.555139
0.539438
0.523674
0.507871
0.492055
0.47625
0.460482
0.444775
0.429154
0.413642
0.398264
0.383042
0.367998
0.353154
0.33853
0.324146
0.310019
0.296167
0.282607
0.269352
0.256416
0.243812
0.23155
0.21964
0.20809
0.196906
0.186095
0.175659
0.165602
0.155925
0.146629
0.137712
0.129173
0.121008
0.113214
0.105784
0.0987141
0.0919961
0.085623
0.0795865
0.0738778
0.0684875
0.063406
0.0586229
0.054128
0.0499104
0.0459592
0.0422635
0.038812
0.0355938
0.0325978
0.029813
0.0272286
0.0248338
0.0226184
0.020572
0.0186848
0.016947
0.0153494
0.0138829
0.0125389
0.011309
0.0101855
0.00916058
0.00822716
0.00737837
0.00660776
0.00590921
0.00527698
0.00470567
0.00419021
0.00372587
0.00330824
0.0029332
0.00259694
0.00229592
0.00202686
0.00178675
0.00157281
0.00138248
0.00121342
0.00106349
0.000930732
0.000813363
0.00070976
0.000618451
0.000538103
0.000467511
0.000405586
0.000351349
0.000303919
0.000262508
0.000226406
0.000194983
0.000167675
0.000143979
0.000123451
0.000105694
9.03573e-05
7.71326e-05
6.57464e-05
5.59584e-05
4.75574e-05
4.03579e-05
3.41977e-05
2.8935e-05
2.4446e-05
2.06229e-05
1.73719e-05
1.46118e-05
1.2272e-05
1.02916e-05
8.61797e-06
7.20583e-06
6.01615e-06
5.01543e-06
4.17497e-06
3.47019e-06
2.8801e-06
2.3868e-06
1.97505e-06
1.63191e-06
1.34638e-06
1.10916e-06
9.12371e-07
7.49383e-07
6.14596e-07
5.03302e-07
4.11549e-07
3.36022e-07
2.73947e-07
2.23007e-07
1.81269e-07
1.47123e-07
1.19231e-07
9.64837e-08
7.79597e-08
6.28983e-08
5.0671e-08
4.076e-08
3.27386e-08
2.62566e-08
2.10267e-08
1.68134e-08
1.34243e-08
1.07024e-08
8.51966e-09
6.77199e-09
5.37481e-09
4.25954e-09
3.37066e-09
2.6633e-09
2.10125e-09
1.65534e-09
1.30212e-09
1.02274e-09
8.02114e-10
6.28143e-10
4.91172e-10
3.83497e-10
2.98981e-10
2.32744e-10
1.80911e-10
1.40413e-10
1.08819e-10
8.42077e-11
6.5066e-11
5.02008e-11
3.86742e-11
2.97499e-11
2.2851e-11
1.75258e-11
1.34216e-11
1.02633e-11
7.83654e-12
5.9747e-12
4.54845e-12
3.45752e-12
2.62435e-12
1.989e-12
1.50523e-12
1.13743e-12
8.58235e-13
6.46609e-13
4.86445e-13
3.65411e-13
2.74086e-13
2.05281e-13
1.53521e-13
1.14642e-13
8.54821e-14
6.36451e-14
4.73165e-14
3.51252e-14
2.60365e-14
1.9271e-14
1.42424e-14
1.05105e-14
7.74497e-15
5.6987e-15
4.18689e-15
3.07161e-15
2.2501e-15
1.64587e-15
1.20213e-15
8.76727e-16
6.38469e-16
4.64275e-16
3.37111e-16
2.44416e-16
1.7695e-16
1.27918e-16
9.23365e-17
6.65546e-17
4.79011e-17
3.44251e-17
2.4704e-17
1.7702e-17
1.26661e-17
9.0495e-18
6.4561e-18
4.59918e-18
3.27156e-18
2.32378e-18
1.64816e-18
1.16726e-18
8.25471e-19
5.8291e-19
4.11024e-19
2.89401e-19
2.03469e-19
1.42844e-19
1.00137e-19
7.00962e-20
4.89961e-20
3.41976e-20
2.38341e-20
1.6587e-20
1.15268e-20
7.99866e-21
5.54236e-21
3.83479e-21
2.64947e-21
1.82787e-21
1.25922e-21
8.66226e-22
5.95018e-22
4.08132e-22
2.79539e-22
1.91186e-22
1.30569e-22
8.9043e-23
6.0636e-23
4.1232e-23
2.79971e-23
1.89829e-23
1.28525e-23
8.68936e-24
5.86627e-24
3.95467e-24
2.66216e-24
1.78951e-24
1.20119e-24
8.05123e-25
5.38878e-25
3.6016e-25
2.40369e-25
1.60191e-25
1.06604e-25
7.0842e-26
4.70095e-26
3.115e-26
2.06115e-26
1.36189e-26
8.98574e-27
5.92032e-27
3.89509e-27
2.559e-27
1.67882e-27
1.09982e-27
7.19477e-28
4.69998e-28
3.0659e-28
1.99712e-28
1.29907e-28
8.43806e-29
5.47316e-29
3.54501e-29
2.29288e-29
1.48092e-29
9.55136e-30
6.15156e-30
3.95632e-30
2.54088e-30
1.62953e-30
1.04359e-30
6.67394e-31
4.2621e-31
2.71802e-31
1.73089e-31
1.10072e-31
6.98993e-32
4.4326e-32
2.80694e-32
1.775e-32
1.12087e-32
7.0681e-33
4.45083e-33
2.7988e-33
1.75749e-33
1.10207e-33
6.90107e-34
4.31536e-34
2.69471e-34
1.68035e-34
1.04636e-34
6.50669e-35
4.04048e-35
2.50554e-35
1.55155e-35
9.59455e-36
5.9249e-36
3.65372e-36
2.25002e-36
1.38368e-36
8.4973e-37
5.21106e-37
3.19132e-37
1.9517e-37
1.19194e-37
7.2694e-38
4.42733e-38
2.69269e-38
1.63542e-38
9.91921e-39
6.00794e-39
3.63393e-39
2.19498e-39
1.324e-39
7.97529e-40
4.79745e-40
2.8819e-40
1.72883e-40
1.03569e-40
6.19601e-41
3.7017e-41
2.20849e-41
1.31582e-41
7.829e-42
4.65182e-42
2.76024e-42
1.63561e-42
9.67875e-43
5.71964e-43
3.37542e-43
1.98928e-43
1.17078e-43
6.88121e-44
4.03892e-44
2.36743e-44
1.3858e-44
8.10094e-45
4.72915e-45
2.75705e-45
1.60516e-45
9.33269e-46
5.41888e-46
3.14214e-46
1.81952e-46
1.05222e-46
6.0767e-47
3.50467e-47
2.01856e-47
1.16106e-47
6.66937e-48
3.82589e-48
2.19179e-48
1.25396e-48
7.16451e-49
4.08799e-49
2.32944e-49
1.32561e-49
7.53354e-50
4.27566e-50
2.42343e-50
1.37176e-50
7.75439e-51
4.37765e-51
2.46807e-51
1.38962e-51
7.81375e-52
4.38781e-52
2.46071e-52
1.37815e-52
7.70833e-53
4.30576e-53
2.40196e-53
1.33816e-53
7.44521e-54
4.13689e-54
2.29561e-54
1.27219e-54
7.04101e-55
3.89176e-55
2.14826e-55
1.18429e-55
6.5202e-56
3.58504e-56
1.9686e-56
1.07958e-56
5.91265e-57
3.23402e-57
1.76659e-57
9.63749e-58
5.2508e-58
2.85707e-58
1.55257e-58
8.42588e-59
4.56684e-59
2.47202e-59
1.33636e-59
7.21497e-60
3.89028e-60
2.09491e-60
1.12665e-60
6.0513e-61
3.246e-61
1.73895e-61
9.30391e-62
4.97146e-62
2.65304e-62
1.41398e-62
7.52636e-63
4.001e-63
2.12419e-63
1.12632e-63
5.96448e-64
3.15448e-64
1.66619e-64
8.78958e-65
4.6308e-65
2.43662e-65
1.28046e-65
6.72033e-66
3.52259e-66
1.8441e-66
9.64195e-67
5.03545e-67
2.62739e-67
1.37113e-67
7.18423e-68
3.83287e-68
2.18338e-68
1.50798e-68
)
;

boundaryField
{
    sides
    {
        type            zeroGradient;
    }
    empty
    {
        type            empty;
    }
}


// ************************************************************************* //
