/*--------------------------------*- C++ -*----------------------------------*\
  =========                 |
  \\      /  F ield         | OpenFOAM: The Open Source CFD Toolbox
   \\    /   O peration     | Website:  https://openfoam.org
    \\  /    A nd           | Version:  13
     \\/     M anipulation  |
\*---------------------------------------------------------------------------*/
FoamFile
{
    format      ascii;
    class       volScalarField;
    location    "0.7";
    object      T;
}
// * * * * * * * * * * * * * * * * * * * * * * * * * * * * * * * * * * * * * //

dimensions      [0 0 0 1 0 0 0];

internalField   nonuniform List<scalar> 
1000
(
2.23251e-223
1.21973e-222
7.64372e-222
4.79858e-221
3.00672e-220
1.8802e-219
1.17339e-218
7.30812e-218
4.54247e-217
2.81774e-216
1.74433e-215
1.07764e-214
6.64411e-214
4.08802e-213
2.51015e-212
1.53815e-211
9.40596e-211
5.74004e-210
3.49567e-209
2.12446e-208
1.28844e-207
7.79796e-207
4.70969e-206
2.83856e-205
1.70724e-204
1.02467e-203
6.13703e-203
3.66791e-202
2.18758e-201
1.30194e-200
7.73207e-200
4.58225e-199
2.7098e-198
1.59908e-197
9.41614e-197
5.5328e-196
3.24402e-195
1.89796e-194
1.10803e-193
6.45476e-193
3.75202e-192
2.17623e-191
1.25951e-190
7.27356e-190
4.19124e-189
2.40983e-188
1.38253e-187
7.91416e-187
4.52039e-186
2.57624e-185
1.46498e-184
8.3121e-184
4.70567e-183
2.65804e-182
1.49806e-181
8.42403e-181
4.72644e-180
2.64586e-179
1.47781e-178
8.2354e-178
4.57893e-177
2.54012e-176
1.40589e-175
7.76345e-175
4.27722e-174
2.35109e-173
1.28936e-172
7.05468e-172
3.85099e-171
2.0973e-170
1.13955e-169
6.17727e-169
3.34073e-168
1.80247e-167
9.70228e-167
5.21021e-166
2.79132e-165
1.49189e-164
7.95483e-164
4.23147e-163
2.24551e-162
1.18878e-161
6.27832e-161
3.30782e-160
1.73858e-159
9.11582e-159
4.7681e-158
2.48794e-157
1.29502e-156
6.72442e-156
3.48312e-155
1.79977e-154
9.27676e-154
4.76985e-153
2.44647e-152
1.25169e-151
6.38818e-151
3.25217e-150
1.65152e-149
8.36583e-149
4.2271e-148
2.1305e-147
1.07109e-146
5.37118e-146
2.68666e-145
1.34045e-144
6.67083e-144
3.31131e-143
1.63948e-142
8.09644e-142
3.98808e-141
1.95934e-140
9.60135e-140
4.69273e-139
2.28764e-138
1.11228e-137
5.39393e-137
2.60888e-136
1.25852e-135
6.05508e-135
2.90556e-134
1.39055e-133
6.63723e-133
3.15958e-132
1.50006e-131
7.10268e-131
3.35404e-130
1.57958e-129
7.41892e-129
3.47505e-128
1.62331e-127
7.56231e-127
3.51335e-126
1.62778e-125
7.52103e-125
3.46545e-124
1.59236e-123
7.29657e-123
3.33417e-122
1.51931e-121
6.90381e-121
3.12834e-120
1.41357e-119
6.36936e-119
2.86184e-118
1.28222e-117
5.72858e-117
2.55206e-116
1.13368e-115
5.02166e-115
2.21796e-114
9.76799e-114
4.28944e-113
1.87818e-112
8.19988e-112
3.56953e-111
1.54933e-110
6.70502e-110
2.8932e-109
1.24473e-108
5.3393e-108
2.28351e-107
9.73709e-107
4.13959e-106
1.75462e-105
7.4149e-105
3.12405e-104
1.31225e-103
5.4954e-103
2.29436e-102
9.54988e-102
3.96283e-101
1.63939e-100
6.76113e-100
2.77982e-99
1.13939e-98
4.65559e-98
1.89638e-97
7.70053e-97
3.11712e-96
1.25783e-95
5.05964e-95
2.02883e-94
8.10946e-94
3.23115e-93
1.28332e-92
5.0807e-92
2.00501e-91
7.88697e-91
3.09244e-90
1.2086e-89
4.70818e-89
1.82813e-88
7.07521e-88
2.72927e-87
1.04936e-86
4.02129e-86
1.53592e-85
5.84693e-85
2.2184e-84
8.38877e-84
3.16155e-83
1.18751e-82
4.44541e-82
1.65849e-81
6.16649e-81
2.28498e-80
8.43804e-80
3.10535e-79
1.1389e-78
4.16253e-78
1.51609e-77
5.50281e-77
1.99035e-76
7.17387e-76
2.57664e-75
9.22199e-75
3.28898e-74
1.16885e-73
4.13913e-73
1.46053e-72
5.13522e-72
1.79906e-71
6.28013e-71
2.18434e-70
7.57002e-70
2.61392e-69
8.99295e-69
3.08262e-68
1.05279e-67
3.58229e-67
1.21443e-66
4.10177e-66
1.38023e-65
4.62709e-65
1.54538e-64
5.14195e-64
1.70443e-63
5.62841e-63
1.85157e-62
6.06789e-62
1.98094e-61
6.44224e-61
2.08703e-60
6.73502e-60
2.16503e-59
6.93262e-59
2.21123e-58
7.02531e-58
2.22325e-57
7.00803e-57
2.2003e-56
6.88083e-56
2.14322e-55
6.64894e-55
2.05444e-54
6.3224e-54
1.93782e-53
5.91535e-53
1.79836e-52
5.445e-52
1.64186e-51
4.93043e-51
1.47448e-50
4.39127e-50
1.30237e-49
3.84648e-49
1.13128e-48
3.31323e-48
9.6627e-48
2.80611e-47
8.11452e-47
2.33651e-46
6.69904e-46
1.91245e-45
5.43617e-45
1.53857e-44
4.33562e-44
1.21644e-43
3.39807e-43
9.45072e-43
2.61687e-42
7.21402e-42
1.97991e-41
5.40973e-41
1.47151e-40
3.98476e-40
1.0742e-39
2.88271e-39
7.701e-39
2.04793e-38
5.42123e-38
1.42852e-37
3.74693e-37
9.78268e-37
2.54229e-36
6.57612e-36
1.69311e-35
4.33874e-35
1.10662e-34
2.80918e-34
7.09745e-34
1.78467e-33
4.46621e-33
1.11234e-32
2.75707e-32
6.80079e-32
1.66942e-31
4.07812e-31
9.91366e-31
2.39817e-30
5.77283e-30
1.38278e-29
3.29585e-29
7.81667e-29
1.84463e-28
4.33132e-28
1.01192e-27
2.35226e-27
5.4403e-27
1.25185e-26
2.86595e-26
6.52772e-26
1.47919e-25
3.33461e-25
7.47858e-25
1.66855e-24
3.70334e-24
8.17669e-24
1.7959e-23
3.92372e-23
8.52742e-23
1.84346e-22
3.96402e-22
8.47848e-22
1.80373e-21
3.8167e-21
8.03264e-21
1.68142e-20
3.50051e-20
7.24797e-20
1.49253e-19
3.05664e-19
6.22544e-19
1.26094e-18
2.53983e-18
5.08741e-18
1.01336e-17
2.0072e-17
3.95344e-17
7.74299e-17
1.50793e-16
2.92002e-16
5.62229e-16
1.07636e-15
2.04883e-15
3.87753e-15
7.29619e-15
1.36496e-14
2.53875e-14
4.69446e-14
8.63002e-14
1.57721e-13
2.86556e-13
5.17568e-13
9.29293e-13
1.65866e-12
2.94291e-12
5.19041e-12
9.09964e-12
1.58576e-11
2.74684e-11
4.72938e-11
8.09366e-11
1.37672e-10
2.32757e-10
3.91117e-10
6.53206e-10
1.08425e-09
1.78868e-09
2.93264e-09
4.77856e-09
7.73828e-09
1.24535e-08
1.99175e-08
3.16569e-08
5.00017e-08
7.84835e-08
1.22418e-07
1.89748e-07
2.92261e-07
4.47324e-07
6.80337e-07
1.02819e-06
1.54406e-06
2.30406e-06
3.41631e-06
5.03328e-06
7.36837e-06
1.0718e-05
1.54909e-05
2.22463e-05
3.17433e-05
4.50049e-05
6.33982e-05
8.87366e-05
0.000123406
0.00017052
0.00023411
0.000319352
0.000432839
0.000582892
0.000779934
0.0010369
0.0013697
0.00179774
0.00234448
0.00303798
0.00391154
0.00500426
0.00636161
0.00803591
0.0100868
0.0125812
0.0155941
0.0192075
0.0235107
0.0285994
0.0345745
0.041541
0.049606
0.0588769
0.0694583
0.0814503
0.0949443
0.110021
0.126746
0.145168
0.165314
0.18719
0.210775
0.236021
0.262852
0.291165
0.320828
0.351684
0.383552
0.416229
0.449498
0.483126
0.516874
0.550502
0.583771
0.616448
0.648316
0.679172
0.708835
0.737148
0.763979
0.789225
0.81281
0.834686
0.854832
0.873254
0.889979
0.905056
0.91855
0.930542
0.941123
0.950394
0.958459
0.965426
0.971401
0.976489
0.980793
0.984406
0.987419
0.989913
0.991964
0.993638
0.994996
0.996088
0.996962
0.997656
0.998202
0.99863
0.998963
0.99922
0.999417
0.999567
0.99968
0.999765
0.999829
0.999876
0.99991
0.999934
0.999952
0.999963
0.99997
0.999974
0.999974
0.99997
0.999963
0.999952
0.999934
0.99991
0.999876
0.999829
0.999765
0.99968
0.999567
0.999417
0.99922
0.998963
0.99863
0.998202
0.997656
0.996962
0.996088
0.994996
0.993638
0.991964
0.989913
0.987419
0.984406
0.980793
0.976489
0.971401
0.965426
0.958459
0.950394
0.941123
0.930542
0.91855
0.905056
0.889979
0.873254
0.854832
0.834686
0.81281
0.789225
0.763979
0.737148
0.708835
0.679172
0.648316
0.616448
0.583771
0.550502
0.516874
0.483126
0.449498
0.416229
0.383552
0.351684
0.320828
0.291165
0.262852
0.236021
0.210775
0.18719
0.165314
0.145168
0.126746
0.110021
0.0949443
0.0814503
0.0694583
0.0588769
0.049606
0.041541
0.0345745
0.0285994
0.0235107
0.0192075
0.0155941
0.0125812
0.0100868
0.00803591
0.00636161
0.00500426
0.00391154
0.00303798
0.00234448
0.00179774
0.0013697
0.0010369
0.000779934
0.000582892
0.000432839
0.000319352
0.00023411
0.00017052
0.000123406
8.87366e-05
6.33982e-05
4.50049e-05
3.17433e-05
2.22463e-05
1.54909e-05
1.0718e-05
7.36837e-06
5.03328e-06
3.41631e-06
2.30406e-06
1.54406e-06
1.02819e-06
6.80337e-07
4.47324e-07
2.92261e-07
1.89748e-07
1.22418e-07
7.84835e-08
5.00017e-08
3.16569e-08
1.99175e-08
1.24535e-08
7.73828e-09
4.77856e-09
2.93264e-09
1.78868e-09
1.08425e-09
6.53206e-10
3.91117e-10
2.32757e-10
1.37672e-10
8.09366e-11
4.72938e-11
2.74684e-11
1.58576e-11
9.09964e-12
5.19041e-12
2.94291e-12
1.65866e-12
9.29293e-13
5.17568e-13
2.86556e-13
1.57721e-13
8.63002e-14
4.69446e-14
2.53875e-14
1.36496e-14
7.29619e-15
3.87753e-15
2.04883e-15
1.07636e-15
5.62229e-16
2.92002e-16
1.50793e-16
7.74299e-17
3.95344e-17
2.0072e-17
1.01336e-17
5.08741e-18
2.53983e-18
1.26094e-18
6.22544e-19
3.05664e-19
1.49253e-19
7.24797e-20
3.50051e-20
1.68142e-20
8.03264e-21
3.8167e-21
1.80373e-21
8.47848e-22
3.96402e-22
1.84346e-22
8.52742e-23
3.92372e-23
1.7959e-23
8.17669e-24
3.70334e-24
1.66855e-24
7.47858e-25
3.33461e-25
1.47919e-25
6.52772e-26
2.86595e-26
1.25185e-26
5.4403e-27
2.35226e-27
1.01192e-27
4.33132e-28
1.84463e-28
7.81667e-29
3.29585e-29
1.38278e-29
5.77283e-30
2.39817e-30
9.91366e-31
4.07812e-31
1.66942e-31
6.80079e-32
2.75707e-32
1.11234e-32
4.46621e-33
1.78467e-33
7.09745e-34
2.80918e-34
1.10662e-34
4.33874e-35
1.69311e-35
6.57612e-36
2.54229e-36
9.78268e-37
3.74693e-37
1.42852e-37
5.42123e-38
2.04793e-38
7.701e-39
2.88271e-39
1.0742e-39
3.98476e-40
1.47151e-40
5.40973e-41
1.97991e-41
7.21402e-42
2.61687e-42
9.45072e-43
3.39807e-43
1.21644e-43
4.33562e-44
1.53857e-44
5.43617e-45
1.91245e-45
6.69904e-46
2.33651e-46
8.11452e-47
2.80611e-47
9.6627e-48
3.31323e-48
1.13128e-48
3.84648e-49
1.30237e-49
4.39127e-50
1.47448e-50
4.93043e-51
1.64186e-51
5.445e-52
1.79836e-52
5.91535e-53
1.93782e-53
6.3224e-54
2.05444e-54
6.64894e-55
2.14322e-55
6.88083e-56
2.2003e-56
7.00803e-57
2.22325e-57
7.02531e-58
2.21123e-58
6.93262e-59
2.16503e-59
6.73502e-60
2.08703e-60
6.44224e-61
1.98094e-61
6.06789e-62
1.85157e-62
5.62841e-63
1.70443e-63
5.14195e-64
1.54538e-64
4.62709e-65
1.38023e-65
4.10177e-66
1.21443e-66
3.58229e-67
1.05279e-67
3.08262e-68
8.99295e-69
2.61392e-69
7.57002e-70
2.18434e-70
6.28013e-71
1.79906e-71
5.13522e-72
1.46053e-72
4.13913e-73
1.16885e-73
3.28898e-74
9.22199e-75
2.57664e-75
7.17387e-76
1.99035e-76
5.50281e-77
1.51609e-77
4.16253e-78
1.1389e-78
3.10535e-79
8.43804e-80
2.28498e-80
6.16649e-81
1.65849e-81
4.44541e-82
1.18751e-82
3.16155e-83
8.38877e-84
2.2184e-84
5.84693e-85
1.53592e-85
4.02129e-86
1.04936e-86
2.72927e-87
7.07521e-88
1.82813e-88
4.70818e-89
1.2086e-89
3.09244e-90
7.88697e-91
2.00501e-91
5.0807e-92
1.28332e-92
3.23115e-93
8.10946e-94
2.02883e-94
5.05964e-95
1.25783e-95
3.11712e-96
7.70053e-97
1.89638e-97
4.65559e-98
1.13939e-98
2.77982e-99
6.76113e-100
1.63939e-100
3.96283e-101
9.54988e-102
2.29436e-102
5.4954e-103
1.31225e-103
3.12405e-104
7.4149e-105
1.75462e-105
4.13959e-106
9.73709e-107
2.28351e-107
5.3393e-108
1.24473e-108
2.8932e-109
6.70502e-110
1.54933e-110
3.56953e-111
8.19988e-112
1.87818e-112
4.28944e-113
9.76799e-114
2.21796e-114
5.02166e-115
1.13368e-115
2.55206e-116
5.72858e-117
1.28222e-117
2.86184e-118
6.36936e-119
1.41357e-119
3.12834e-120
6.90381e-121
1.51931e-121
3.33417e-122
7.29657e-123
1.59236e-123
3.46545e-124
7.52103e-125
1.62778e-125
3.51335e-126
7.56231e-127
1.62331e-127
3.47505e-128
7.41892e-129
1.57958e-129
3.35404e-130
7.10268e-131
1.50006e-131
3.15958e-132
6.63723e-133
1.39055e-133
2.90556e-134
6.05508e-135
1.25852e-135
2.60888e-136
5.39393e-137
1.11228e-137
2.28764e-138
4.69273e-139
9.60135e-140
1.95934e-140
3.98808e-141
8.09644e-142
1.63948e-142
3.31131e-143
6.67083e-144
1.34045e-144
2.68666e-145
5.37118e-146
1.07109e-146
2.1305e-147
4.2271e-148
8.36583e-149
1.65152e-149
3.25217e-150
6.38818e-151
1.25169e-151
2.44647e-152
4.76985e-153
9.27676e-154
1.79977e-154
3.48312e-155
6.72442e-156
1.29502e-156
2.48794e-157
4.7681e-158
9.11582e-159
1.73858e-159
3.30782e-160
6.27832e-161
1.18878e-161
2.24551e-162
4.23147e-163
7.95483e-164
1.49189e-164
2.79132e-165
5.21021e-166
9.70228e-167
1.80247e-167
3.34073e-168
6.17727e-169
1.13955e-169
2.0973e-170
3.85099e-171
7.05468e-172
1.28936e-172
2.35109e-173
4.27722e-174
7.76345e-175
1.40589e-175
2.54012e-176
4.57893e-177
8.2354e-178
1.47781e-178
2.64586e-179
4.72644e-180
8.42403e-181
1.49806e-181
2.65804e-182
4.70567e-183
8.3121e-184
1.46498e-184
2.57624e-185
4.52039e-186
7.91416e-187
1.38253e-187
2.40983e-188
4.19124e-189
7.27356e-190
1.25951e-190
2.17623e-191
3.75202e-192
6.45476e-193
1.10803e-193
1.89796e-194
3.24402e-195
5.5328e-196
9.41614e-197
1.59908e-197
2.7098e-198
4.58225e-199
7.73207e-200
1.30194e-200
2.18758e-201
3.66791e-202
6.13703e-203
1.02467e-203
1.70724e-204
2.83856e-205
4.70969e-206
7.79796e-207
1.28844e-207
2.12446e-208
3.49567e-209
5.74004e-210
9.40596e-211
1.53815e-211
2.51015e-212
4.08802e-213
6.64411e-214
1.07764e-214
1.74433e-215
2.81774e-216
4.54247e-217
7.30812e-218
1.17339e-218
1.8802e-219
3.00672e-220
4.79858e-221
7.64372e-222
1.21973e-222
2.23251e-223
)
;

boundaryField
{
    sides
    {
        type            zeroGradient;
    }
    empty
    {
        type            empty;
    }
}


// ************************************************************************* //
