/*--------------------------------*- C++ -*----------------------------------*\
  =========                 |
  \\      /  F ield         | OpenFOAM: The Open Source CFD Toolbox
   \\    /   O peration     | Website:  https://openfoam.org
    \\  /    A nd           | Version:  13
     \\/     M anipulation  |
\*---------------------------------------------------------------------------*/
FoamFile
{
    format      ascii;
    class       volScalarField;
    location    "2.5";
    object      rho;
}
// * * * * * * * * * * * * * * * * * * * * * * * * * * * * * * * * * * * * * //

dimensions      [1 -3 0 0 0 0 0];

internalField   nonuniform List<scalar> 
5250
(
1.40001
1.40002
1.40006
1.40013
1.40036
1.40082
1.40214
1.40505
1.41273
1.43054
1.47364
1.56953
1.77532
2.22295
3.95602
6.02982
5.77669
5.63356
5.65605
5.74624
5.83813
5.89983
5.94678
5.98764
5.99455
1.40001
1.40002
1.40005
1.40014
1.40033
1.40085
1.40199
1.4052
1.41204
1.43078
1.47138
1.56786
1.76879
2.20962
3.89958
6.03847
5.77991
5.63218
5.65492
5.74531
5.83765
5.89978
5.94747
5.98929
5.99725
1.40001
1.40002
1.40006
1.40013
1.40034
1.40077
1.40202
1.40479
1.41203
1.42896
1.4698
1.56127
1.75778
2.18126
3.77395
6.05666
5.78731
5.62696
5.64833
5.73705
5.82823
5.89029
5.93897
5.98109
5.98922
1.40001
1.40002
1.40005
1.40012
1.40033
1.4007
1.40202
1.40425
1.41199
1.42627
1.46767
1.55151
1.74192
2.14006
3.58534
6.08296
5.802
5.61826
5.63508
5.7192
5.81204
5.8724
5.91621
5.95708
5.96648
1.40001
1.40002
1.40005
1.40011
1.40031
1.40065
1.40187
1.404
1.41107
1.42462
1.46285
1.54174
1.72049
2.09272
3.34439
6.09623
5.81969
5.61136
5.62281
5.69795
5.78615
5.84376
5.88718
5.92598
5.93435
1.40001
1.40002
1.40005
1.4001
1.40029
1.40061
1.40171
1.40375
1.41013
1.42294
1.45791
1.53173
1.69815
2.04012
3.10744
6.05738
5.81608
5.59203
5.59883
5.66208
5.74811
5.79531
5.83508
5.87481
5.89035
1.40001
1.40002
1.40004
1.4001
1.40025
1.40059
1.40155
1.40351
1.40933
1.42123
1.45372
1.52248
1.67821
1.99468
2.9369
5.8929
5.75422
5.55943
5.562
5.60934
5.68986
5.73718
5.76625
5.79922
5.81632
1.40001
1.40002
1.40004
1.40009
1.40024
1.40052
1.40148
1.40313
1.40878
1.41923
1.45007
1.51271
1.65913
1.95319
2.77741
5.64239
5.6418
5.53682
5.52585
5.54755
5.61233
5.65224
5.67383
5.69223
5.70852
1.40001
1.40001
1.40004
1.40008
1.40021
1.4005
1.40126
1.40306
1.40752
1.41845
1.44428
1.50494
1.63698
1.91431
2.62405
5.31751
5.57224
5.50938
5.46852
5.47825
5.51883
5.54291
5.5443
5.53856
5.53293
1.40001
1.40001
1.40003
1.40008
1.40019
1.40045
1.40114
1.40268
1.40693
1.41613
1.44049
1.49393
1.61568
1.86877
2.47756
4.91585
5.52906
5.47822
5.40273
5.40352
5.41746
5.41467
5.39008
5.327
5.25705
1.40001
1.40001
1.40003
1.40007
1.40016
1.40042
1.40093
1.40255
1.40559
1.41517
1.43398
1.48498
1.58997
1.82081
2.33359
4.43573
5.5033
5.45346
5.33329
5.31091
5.29998
5.26763
5.17689
4.95596
4.29302
1.40001
1.40001
1.40002
1.40006
1.40013
1.40037
1.40078
1.4022
1.40472
1.41304
1.42888
1.47336
1.56399
1.76715
2.19503
3.88014
5.50209
5.44079
5.28643
5.22654
5.18997
5.11721
4.96256
4.64043
3.91979
1.40001
1.40001
1.40002
1.40005
1.40012
1.40028
1.40072
1.40163
1.40437
1.4098
1.42568
1.45843
1.54009
1.70807
2.06474
3.25843
5.47856
5.42273
5.26035
5.15175
5.08432
4.97393
4.76818
4.42999
3.84394
1.40001
1.40001
1.40002
1.40004
1.40009
1.40024
1.40054
1.40148
1.4032
1.40881
1.41937
1.45009
1.51271
1.6584
1.95114
2.75392
5.30511
5.34448
5.24474
5.08973
4.98763
4.85668
4.63317
4.31209
3.85332
1.40001
1.40001
1.40002
1.40004
1.40008
1.4002
1.40045
1.4012
1.40262
1.40721
1.41586
1.44134
1.49327
1.61686
1.86704
2.47211
4.80262
5.23629
5.17783
5.02963
4.89642
4.75771
4.53731
4.24311
3.86688
1.40001
1.40001
1.40002
1.40003
1.40007
1.40015
1.4004
1.40084
1.40242
1.40509
1.41425
1.43111
1.47921
1.57568
1.79152
2.25122
4.10371
5.14624
5.11103
4.99243
4.82393
4.67484
4.4699
4.19465
3.86926
1.40001
1.40001
1.40001
1.40002
1.40006
1.40012
1.4003
1.40071
1.40177
1.40431
1.41046
1.42563
1.46083
1.5418
1.71446
2.06849
3.34624
5.08593
5.06881
4.98329
4.78037
4.60764
4.41733
4.17009
3.87491
1.40001
1.40001
1.40001
1.40002
1.40004
1.40009
1.40024
1.40051
1.40143
1.40304
1.40843
1.41836
1.44785
1.50664
1.64621
1.91717
2.64165
4.88418
5.04377
4.96601
4.77398
4.56445
4.37116
4.14682
3.8845
1.40001
1.40001
1.40001
1.40002
1.40003
1.40008
1.40016
1.40045
1.40094
1.40265
1.40567
1.41553
1.43425
1.48599
1.59031
1.81941
2.32386
4.29033
4.94797
4.90357
4.76669
4.54447
4.34225
4.12922
3.88834
1.40001
1.40001
1.40001
1.40001
1.40003
1.40006
1.40013
1.40031
1.40079
1.40178
1.40472
1.4106
1.42751
1.46254
1.5486
1.72472
2.08831
3.46639
4.85942
4.84121
4.75382
4.55065
4.33064
4.12316
3.89935
1.40001
1.40001
1.40001
1.40001
1.40002
1.40004
1.40009
1.40024
1.40051
1.40142
1.40303
1.40835
1.4182
1.44726
1.50509
1.64234
1.89884
2.59419
4.6401
4.82766
4.75566
4.57722
4.33499
4.12146
3.91221
1.40001
1.40001
1.40001
1.40001
1.40002
1.40003
1.40008
1.40015
1.40043
1.40089
1.40251
1.40533
1.41459
1.43209
1.48066
1.57844
1.79256
2.24716
4.0116
4.74645
4.71125
4.59558
4.35896
4.13532
3.9298
1.40001
1.40001
1.40001
1.40001
1.40001
1.40002
1.40005
1.40012
1.40027
1.40071
1.40158
1.40424
1.40935
1.42459
1.45526
1.53268
1.68987
2.00512
3.10944
4.59796
4.64994
4.58361
4.40018
4.16737
3.95349
1.40001
1.40001
1.40001
1.40001
1.40001
1.40002
1.40004
1.40008
1.40021
1.40044
1.40121
1.40259
1.40712
1.41545
1.44035
1.48951
1.60864
1.83019
2.37888
4.20922
4.61457
4.56868
4.43632
4.21016
3.99038
1.40001
1.40001
1.40001
1.40001
1.40001
1.40001
1.40003
1.40006
1.40013
1.40035
1.40073
1.40201
1.40431
1.41171
1.42577
1.46513
1.54471
1.72206
2.06542
3.3778
4.5042
4.50877
4.44789
4.27483
4.03339
1.40001
1.40001
1.40001
1.40001
1.40001
1.40001
1.40002
1.40004
1.40009
1.40021
1.40052
1.40126
1.40296
1.40748
1.41719
1.44277
1.49705
1.62089
1.84503
2.43838
4.21108
4.49804
4.45261
4.33178
4.09698
1.40001
1.40001
1.40001
1.40001
1.40001
1.40001
1.40002
1.40003
1.40007
1.40014
1.40036
1.40079
1.40205
1.40473
1.41186
1.42786
1.46673
1.55201
1.72988
2.08905
3.46458
4.40461
4.40564
4.34978
4.19764
1.40001
1.40001
1.40001
1.40001
1.40001
1.40001
1.40001
1.40002
1.40004
1.4001
1.40022
1.40052
1.4013
1.403
1.40767
1.41734
1.44356
1.49764
1.62242
1.84041
2.43512
4.13506
4.39629
4.35919
4.25909
1.40001
1.40001
1.40001
1.40001
1.40001
1.40001
1.40001
1.40001
1.40003
1.40006
1.40015
1.40032
1.40088
1.40186
1.40507
1.41099
1.42879
1.46387
1.55187
1.72099
2.07412
3.40945
4.29348
4.32282
4.27444
1.40001
1.40001
1.40001
1.40001
1.40001
1.40001
1.40001
1.40001
1.40002
1.40004
1.40009
1.40021
1.40053
1.40118
1.40314
1.40676
1.41807
1.4394
1.497
1.6099
1.82261
2.37743
3.998
4.3007
4.27493
1.40001
1.40001
1.40001
1.40001
1.40001
1.40001
1.40001
1.40001
1.40002
1.40003
1.40006
1.40013
1.40034
1.40074
1.40192
1.4044
1.411
1.4257
1.46156
1.53984
1.70235
2.02266
3.22509
4.16253
4.23657
1.40001
1.40001
1.40001
1.40001
1.40001
1.40001
1.40001
1.40001
1.40001
1.40002
1.40004
1.40008
1.4002
1.40045
1.40119
1.40256
1.40693
1.41491
1.43874
1.48483
1.59637
1.78597
2.2798
3.79524
4.19564
1.40001
1.40001
1.40001
1.40001
1.40001
1.40001
1.40001
1.40001
1.40001
1.40001
1.40002
1.40006
1.40012
1.4003
1.40066
1.4017
1.40389
1.40969
1.42267
1.45426
1.52358
1.66863
1.94258
2.91252
3.9976
1.40001
1.40001
1.40001
1.40001
1.40001
1.40001
1.40001
1.40001
1.40001
1.40001
1.40002
1.40003
1.40007
1.40018
1.40039
1.40103
1.40221
1.40599
1.41278
1.43352
1.47305
1.57124
1.7412
2.15049
3.50846
1.40001
1.40001
1.40001
1.40001
1.40001
1.40001
1.40001
1.40001
1.40001
1.40001
1.40001
1.40002
1.40005
1.4001
1.40025
1.40054
1.40144
1.40309
1.40828
1.41783
1.44571
1.49963
1.62439
1.835
2.48774
1.40001
1.40001
1.40001
1.40001
1.40001
1.40001
1.40001
1.40001
1.40001
1.40001
1.40001
1.40002
1.40003
1.40007
1.40013
1.40035
1.40077
1.40194
1.40449
1.41096
1.42589
1.46072
1.53821
1.68937
2.00154
1.40001
1.40001
1.40001
1.40001
1.40001
1.40001
1.40001
1.40001
1.40001
1.40001
1.40001
1.40001
1.40002
1.40004
1.40009
1.40018
1.40047
1.40103
1.40265
1.40598
1.41492
1.4341
1.48077
1.57686
1.75108
1.40001
1.40001
1.40001
1.40001
1.40001
1.40001
1.40001
1.40001
1.40001
1.40001
1.40001
1.40001
1.40001
1.40002
1.40005
1.40011
1.40025
1.40061
1.40146
1.4034
1.40844
1.41919
1.44695
1.50461
1.62903
1.40001
1.40001
1.40001
1.40001
1.40001
1.40001
1.40001
1.40001
1.40001
1.40001
1.40001
1.40001
1.40001
1.40002
1.40003
1.40007
1.40014
1.40036
1.40076
1.40204
1.40436
1.41144
1.4251
1.46205
1.53534
1.40001
1.40001
1.40001
1.40001
1.40001
1.40001
1.40001
1.40001
1.40001
1.40001
1.40001
1.40001
1.40001
1.40001
1.40002
1.40004
1.40009
1.40018
1.40047
1.40099
1.40264
1.40567
1.41471
1.43232
1.47837
1.40001
1.40001
1.40001
1.40001
1.40001
1.40001
1.40001
1.40001
1.40001
1.40001
1.40001
1.40001
1.40001
1.40001
1.40001
1.40002
1.40005
1.4001
1.40025
1.40055
1.40138
1.4032
1.40764
1.41824
1.44212
1.40001
1.40001
1.40001
1.40001
1.40001
1.40001
1.40001
1.40001
1.40001
1.40001
1.40001
1.40001
1.40001
1.40001
1.40001
1.40001
1.40003
1.40006
1.40013
1.40033
1.40069
1.40184
1.40389
1.41033
1.42215
1.40001
1.40001
1.40001
1.40001
1.40001
1.40001
1.40001
1.40001
1.40001
1.40001
1.40001
1.40001
1.40001
1.40001
1.40001
1.40001
1.40002
1.40003
1.40008
1.40016
1.4004
1.40091
1.40217
1.40526
1.41204
1.40001
1.40001
1.40001
1.40001
1.40001
1.40001
1.40001
1.40001
1.40001
1.40001
1.40001
1.40001
1.40001
1.40001
1.40001
1.40001
1.40001
1.40002
1.40004
1.40008
1.40022
1.40045
1.40119
1.40257
1.40655
1.40001
1.40001
1.40001
1.40001
1.40001
1.40001
1.40001
1.40001
1.40001
1.40001
1.40001
1.40001
1.40001
1.40001
1.40001
1.40001
1.40001
1.40001
1.40002
1.40005
1.40011
1.40024
1.40062
1.40132
1.40349
1.40001
1.40001
1.40001
1.40001
1.40001
1.40001
1.40001
1.40001
1.40001
1.40001
1.40001
1.40001
1.40001
1.40001
1.40001
1.40001
1.40001
1.40001
1.40001
1.40003
1.40006
1.40013
1.40031
1.40071
1.40178
1.40001
1.40001
1.40001
1.40001
1.40001
1.40001
1.40001
1.40001
1.40001
1.40001
1.40001
1.40001
1.40001
1.40001
1.40001
1.40001
1.40001
1.40001
1.40001
1.40002
1.40003
1.40007
1.40015
1.4004
1.40084
1.40001
1.40001
1.40001
1.40001
1.40001
1.40001
1.40001
1.40001
1.40001
1.40001
1.40001
1.40001
1.40001
1.40001
1.40001
1.40001
1.40001
1.40001
1.40001
1.40001
1.40002
1.40004
1.40009
1.4002
1.40049
1.40001
1.40001
1.40001
1.40001
1.40001
1.40001
1.40001
1.40001
1.40001
1.40001
1.40001
1.40001
1.40001
1.40001
1.40001
1.40001
1.40001
1.40001
1.40001
1.40001
1.40002
1.40003
1.40006
1.40012
1.40031
1.40001
1.40001
1.40001
1.40001
1.40001
1.40001
1.40001
1.40001
1.40001
1.40001
1.40001
1.40001
1.40001
1.40001
1.40001
1.40001
1.40001
1.40001
1.40001
1.40001
1.40001
1.40002
1.40004
1.40011
1.40023
1.86914
1.01425
0.700169
0.625913
0.625662
0.659048
0.750152
0.824146
0.846944
0.846563
0.843387
0.841449
0.8416
0.842745
0.846684
0.850683
0.852525
0.852529
0.85228
0.851667
0.850507
0.84952
0.848798
0.848076
0.847138
0.845921
0.844722
0.843753
0.84365
0.844014
0.845524
0.849824
0.860769
0.886818
0.946319
1.08284
1.40807
1.71202
1.70695
1.71195
1.72847
1.75179
1.79364
1.84952
1.89877
1.94423
1.98089
2.0084
2.02885
2.04184
2.0522
2.06152
2.06722
2.06843
2.0679
2.06468
2.06242
2.05643
2.05167
2.04296
2.03474
2.02278
2.01175
1.99802
1.9857
1.97069
1.95714
1.94052
1.9255
1.9073
1.89088
1.8714
1.85387
1.83351
1.8152
1.79421
1.77542
1.75392
1.7348
1.71292
1.69362
1.67156
1.65221
1.63017
1.61091
1.58909
1.57018
1.54876
1.53033
1.50938
1.49175
1.47155
1.45465
1.4351
1.41895
1.40017
1.385
1.36762
1.3547
1.34245
2.31468
1.50656
1.14913
1.00195
0.942222
0.899527
0.892658
0.897133
0.908046
0.93355
0.958376
0.967901
0.967729
0.966837
0.964253
0.964228
0.964421
0.964973
0.966175
0.966269
0.966135
0.965678
0.964665
0.962903
0.96117
0.959695
0.958245
0.956778
0.956764
0.957168
0.958439
0.962273
0.971876
0.994783
1.04715
1.15576
1.44662
1.79711
1.78217
1.75563
1.75502
1.79261
1.85351
1.9242
1.99608
2.05826
2.11362
2.15525
2.1896
2.21545
2.23819
2.25457
2.27076
2.28026
2.2868
2.28842
2.29028
2.28909
2.28806
2.28299
2.27775
2.26833
2.25938
2.24637
2.23497
2.21956
2.20656
2.18911
2.17462
2.15524
2.13946
2.11859
2.10179
2.0799
2.06218
2.03952
2.02098
1.9977
1.97853
1.95482
1.93519
1.91126
1.89132
1.86738
1.84713
1.82332
1.80308
1.77957
1.75927
1.73608
1.71568
1.69274
1.67251
1.65011
1.6303
1.60864
1.58963
1.56936
1.55281
1.53626
2.84136
2.10841
1.63762
1.33791
1.14499
1.02563
0.949187
0.942486
0.946454
0.957351
0.984685
1.00986
1.02665
1.03463
1.03486
1.03456
1.03375
1.03289
1.03288
1.03282
1.03272
1.03248
1.03199
1.03096
1.02947
1.0278
1.02604
1.02436
1.02416
1.02427
1.02509
1.02805
1.03551
1.05377
1.09615
1.18626
1.39821
1.82475
1.96319
1.95276
1.94586
1.97256
2.02065
2.07222
2.13231
2.18541
2.24009
2.28423
2.32349
2.34933
2.37279
2.38769
2.40564
2.41693
2.42749
2.42739
2.42883
2.42422
2.42196
2.41321
2.40765
2.39573
2.38764
2.37261
2.36173
2.34407
2.33072
2.31097
2.29515
2.27324
2.25536
2.23202
2.21323
2.18953
2.17054
2.14684
2.12768
2.10385
2.08443
2.06053
2.04084
2.0168
1.99703
1.97295
1.95307
1.92894
1.90873
1.88477
1.86454
1.84095
1.82081
1.79754
1.7776
1.75461
1.73495
1.71235
1.69333
1.67171
1.65478
1.63706
3.14335
2.49679
2.00348
1.65155
1.41289
1.24968
1.14779
1.08255
1.04321
1.03343
1.03553
1.04151
1.05667
1.07401
1.0867
1.09239
1.09244
1.09177
1.09012
1.08759
1.08605
1.08524
1.08486
1.08441
1.08373
1.08212
1.08031
1.07826
1.07615
1.07617
1.07676
1.07865
1.08383
1.09685
1.12744
1.19688
1.3352
1.70924
2.10858
2.21151
2.20469
2.20864
2.21929
2.22831
2.2575
2.29059
2.33727
2.38388
2.42874
2.46305
2.49285
2.51045
2.52962
2.53968
2.55118
2.54997
2.55138
2.54501
2.54247
2.53193
2.52447
2.50938
2.49763
2.47881
2.46375
2.44239
2.42559
2.40313
2.38544
2.36205
2.34305
2.31823
2.29772
2.27177
2.25049
2.22432
2.20305
2.17706
2.15609
2.13057
2.10997
2.08471
2.06422
2.03912
2.01885
1.99393
1.9738
1.94909
1.92924
1.90487
1.88539
1.86138
1.84229
1.81857
1.79994
1.77654
1.75853
1.736
1.7195
1.70147
3.32892
2.77787
2.30992
1.94608
1.67452
1.47437
1.32731
1.22114
1.14562
1.09709
1.07066
1.07083
1.07295
1.07832
1.09207
1.10443
1.11354
1.11918
1.11984
1.11959
1.1188
1.11721
1.11561
1.11442
1.11345
1.11263
1.11191
1.11086
1.10907
1.10905
1.10939
1.11047
1.11421
1.12366
1.14649
1.19929
1.31203
1.56159
2.11257
2.50682
2.50529
2.49165
2.45631
2.39833
2.38053
2.40185
2.43555
2.46991
2.513
2.55217
2.58747
2.61047
2.63005
2.63967
2.64921
2.64758
2.64564
2.63686
2.63094
2.61773
2.60787
2.59167
2.57872
2.55881
2.54195
2.51884
2.49974
2.47509
2.45481
2.42901
2.40755
2.3806
2.3583
2.33084
2.30843
2.28104
2.25888
2.23178
2.20976
2.18254
2.16061
2.13358
2.11193
2.08519
2.06396
2.03755
2.0167
1.9906
1.9702
1.94457
1.92476
1.89975
1.88051
1.85625
1.83746
1.81406
1.79572
1.77354
1.75642
1.73864
3.44421
2.98517
2.5628
2.20804
1.92354
1.70045
1.52728
1.39526
1.29493
1.22278
1.1694
1.13513
1.1152
1.11455
1.11595
1.11978
1.12977
1.14035
1.14885
1.15443
1.15469
1.15443
1.15348
1.15137
1.14884
1.14648
1.14482
1.14338
1.14156
1.14136
1.14152
1.14234
1.14539
1.15303
1.17167
1.21447
1.30985
1.49193
2.00622
2.7943
2.83128
2.8227
2.75774
2.63174
2.55666
2.52844
2.53193
2.55324
2.57412
2.59961
2.63343
2.66199
2.68346
2.69497
2.70469
2.70736
2.70865
2.69762
2.68861
2.67216
2.65924
2.6409
2.62592
2.60467
2.58692
2.5635
2.54432
2.51955
2.49892
2.47259
2.45034
2.42248
2.39911
2.37039
2.34678
2.3182
2.2949
2.26651
2.24342
2.21507
2.19227
2.16426
2.14205
2.1146
2.09308
2.0662
2.04524
2.01889
1.99839
1.97272
1.95267
1.92789
1.90832
1.88448
1.86535
1.84245
1.82375
1.8021
1.78449
1.76674
3.51849
3.13244
2.75975
2.42584
2.14388
1.91004
1.72116
1.56845
1.44696
1.35071
1.27492
1.21879
1.17664
1.15174
1.13867
1.13893
1.14033
1.14376
1.1524
1.16039
1.16656
1.17043
1.17065
1.17051
1.17
1.16871
1.16681
1.1652
1.16344
1.16346
1.16385
1.16513
1.16846
1.17656
1.19529
1.23663
1.32778
1.50415
1.9594
2.85833
3.16906
3.16293
3.08528
2.94574
2.81184
2.71478
2.65764
2.6306
2.6295
2.63632
2.64574
2.66091
2.68557
2.70498
2.71874
2.72321
2.7271
2.72442
2.71825
2.70217
2.68808
2.6686
2.65269
2.63123
2.61357
2.59009
2.57057
2.54512
2.52379
2.49677
2.47424
2.44616
2.42304
2.39472
2.37158
2.3432
2.32017
2.29173
2.26875
2.24019
2.21733
2.18894
2.16645
2.13856
2.11655
2.08933
2.06767
2.04115
2.01975
1.99397
1.97294
1.94803
1.92751
1.90357
1.88354
1.86055
1.84111
1.81923
1.80111
1.78267
3.57709
3.24366
2.91332
2.60572
2.33332
2.09932
1.90156
1.73727
1.6007
1.48926
1.39808
1.32527
1.26777
1.22462
1.19231
1.17358
1.16315
1.16338
1.16464
1.16768
1.17532
1.18269
1.18926
1.1934
1.19346
1.19316
1.19227
1.1901
1.18731
1.18732
1.18776
1.18947
1.19413
1.20537
1.23052
1.2837
1.39219
1.62703
2.05646
2.5779
3.05445
3.20376
3.20002
3.14478
3.01842
2.9085
2.80807
2.7335
2.68909
2.66733
2.6638
2.66656
2.67393
2.68471
2.70339
2.71719
2.72483
2.72607
2.72586
2.71906
2.70697
2.68803
2.67154
2.64951
2.63206
2.60897
2.58989
2.56482
2.54397
2.51743
2.49548
2.46812
2.44564
2.41766
2.39484
2.3665
2.34352
2.31493
2.29183
2.26306
2.23997
2.21137
2.18862
2.16059
2.13829
2.11094
2.08897
2.06225
2.04057
2.01443
1.99316
1.96774
1.947
1.9225
1.90234
1.87872
1.85922
1.83655
1.81836
1.79874
3.61886
3.32697
3.03242
2.75084
2.49296
2.2641
2.06477
1.89387
1.74838
1.62544
1.52223
1.43591
1.36467
1.30652
1.26049
1.22539
1.1996
1.18509
1.17794
1.17818
1.1793
1.18183
1.18832
1.19372
1.19803
1.20095
1.20171
1.2017
1.20143
1.2016
1.20257
1.20571
1.21384
1.23276
1.27344
1.35288
1.52992
1.90392
2.17888
2.39559
2.63907
2.91482
3.1057
3.13176
3.11901
3.05597
2.95487
2.87295
2.79482
2.73509
2.70125
2.68534
2.68086
2.68153
2.68711
2.69432
2.70755
2.7172
2.71894
2.7189
2.71706
2.70591
2.69104
2.6686
2.65031
2.62623
2.60652
2.58116
2.56063
2.53453
2.51329
2.48635
2.46439
2.43671
2.41423
2.38602
2.36325
2.33478
2.31193
2.2834
2.26054
2.2321
2.20933
2.18128
2.15873
2.13128
2.10903
2.08214
2.06028
2.03391
2.01249
1.98673
1.96573
1.94068
1.92018
1.89587
1.87607
1.8527
1.83434
1.81382
3.65513
3.39423
3.12863
2.87056
2.6281
2.40773
2.21065
2.03769
1.88689
1.75678
1.64468
1.54901
1.46737
1.39868
1.34134
1.29444
1.25757
1.22933
1.20839
1.19683
1.19113
1.19135
1.19235
1.19471
1.20038
1.20576
1.2104
1.21303
1.21405
1.21575
1.21929
1.22699
1.24366
1.27885
1.34475
1.49156
1.83765
2.12822
2.26093
2.3447
2.44739
2.58341
2.76924
2.93922
3.03903
3.04438
3.02854
2.97874
2.90149
2.84107
2.78666
2.73734
2.70893
2.69524
2.68721
2.68494
2.68837
2.69402
2.70373
2.70707
2.7084
2.70616
2.7004
2.68116
2.66343
2.63877
2.61846
2.59268
2.57233
2.54664
2.52604
2.49943
2.47775
2.45005
2.4277
2.39956
2.37705
2.34876
2.32608
2.29763
2.27471
2.24636
2.22347
2.19572
2.17318
2.14609
2.12385
2.09705
2.07496
2.04838
2.02661
2.00063
1.97948
1.95434
1.9339
1.90952
1.88977
1.86619
1.8478
1.8268
3.68657
3.45011
3.20766
2.96964
2.74296
2.53203
2.34032
2.16802
2.01509
1.88057
1.76254
1.65989
1.5705
1.49345
1.42707
1.3707
1.32335
1.28438
1.2538
1.23031
1.2133
1.20376
1.19961
1.19983
1.20076
1.20298
1.20755
1.21272
1.21807
1.22322
1.23123
1.24718
1.27944
1.33989
1.46903
1.76705
2.10595
2.2568
2.31064
2.34015
2.3778
2.43204
2.50615
2.60545
2.75041
2.87711
2.96076
2.96883
2.96055
2.92898
2.86637
2.81643
2.77415
2.73196
2.70635
2.69281
2.68414
2.67953
2.6822
2.68622
2.68965
2.6901
2.68908
2.68343
2.67252
2.65003
2.62995
2.60413
2.58367
2.55762
2.53693
2.51023
2.48879
2.46136
2.43948
2.41171
2.38956
2.36157
2.33907
2.31095
2.28805
2.25995
2.23678
2.20898
2.186
2.1588
2.13635
2.10969
2.08767
2.06132
2.03958
2.01362
1.99233
1.96705
1.94646
1.92196
1.90212
1.87836
1.85989
1.83834
3.72027
3.50003
3.27712
3.0557
2.84258
2.64261
2.45643
2.28811
2.13468
1.99852
1.87636
1.7689
1.67358
1.59011
1.51676
1.45302
1.39776
1.35064
1.31089
1.27828
1.25265
1.23308
1.21911
1.21091
1.20861
1.20901
1.21052
1.21389
1.2217
1.23224
1.24769
1.2779
1.33573
1.4482
1.7052
2.0782
2.26762
2.32527
2.34376
2.35167
2.35856
2.36675
2.3836
2.41747
2.4837
2.57884
2.70346
2.81184
2.88705
2.90661
2.90186
2.88137
2.83781
2.79199
2.75817
2.7256
2.70126
2.68627
2.67657
2.66981
2.6704
2.67166
2.67323
2.67268
2.67006
2.65807
2.64168
2.61685
2.59636
2.5697
2.54853
2.52154
2.50009
2.47277
2.45109
2.42369
2.40174
2.37397
2.35116
2.32285
2.29941
2.27126
2.24799
2.22055
2.19784
2.171
2.1487
2.12211
2.10002
2.07355
2.05171
2.02556
2.00415
1.97862
1.95787
1.93314
1.91328
1.88932
1.871
1.84904
3.74921
3.54429
3.33693
3.13192
2.93044
2.73989
2.56075
2.39553
2.24449
2.10727
1.98372
1.87247
1.77325
1.68443
1.60584
1.53585
1.4746
1.4204
1.37395
1.33336
1.30002
1.27175
1.25031
1.23377
1.22191
1.21854
1.21916
1.22165
1.22792
1.24126
1.26795
1.31995
1.4172
1.6349
2.01535
2.26032
2.34079
2.35937
2.3664
2.36829
2.35861
2.33823
2.33125
2.33666
2.3527
2.38477
2.4482
2.53437
2.64231
2.74311
2.81752
2.85344
2.85229
2.84201
2.81589
2.77312
2.7417
2.71318
2.69219
2.67581
2.66504
2.6582
2.65707
2.65666
2.65541
2.65075
2.64178
2.62323
2.60609
2.58114
2.56063
2.5339
2.51257
2.48526
2.4632
2.43542
2.41306
2.38552
2.36315
2.33571
2.31289
2.28517
2.26193
2.2343
2.21137
2.18431
2.16196
2.13527
2.11321
2.08653
2.0646
2.03815
2.01666
1.99088
1.97011
1.94506
1.92521
1.90081
1.88253
1.86005
3.78644
3.59172
3.39535
3.20182
3.01329
2.83045
2.65807
2.49664
2.34747
2.21051
2.08582
1.97231
1.87005
1.77745
1.69464
1.61976
1.55364
1.49363
1.44175
1.39472
1.35502
1.31987
1.29109
1.26714
1.24874
1.23698
1.23742
1.24024
1.24855
1.26804
1.30904
1.38711
1.55498
1.92974
2.22772
2.34526
2.37551
2.38372
2.38825
2.38128
2.35423
2.32743
2.30643
2.29369
2.29559
2.30311
2.3191
2.34939
2.40701
2.48391
2.57594
2.67066
2.74557
2.79562
2.80776
2.80499
2.79321
2.76082
2.72844
2.70029
2.67928
2.66012
2.64765
2.64
2.63771
2.6356
2.63264
2.62246
2.6105
2.58956
2.57036
2.54384
2.52201
2.49483
2.47335
2.44655
2.42492
2.39777
2.37545
2.34789
2.32502
2.2973
2.27422
2.24652
2.22366
2.19638
2.17416
2.14738
2.1257
2.09905
2.07739
2.05079
2.02925
2.00311
1.98231
1.95696
1.93719
1.91256
1.89428
1.87135
3.82851
3.63888
3.45255
3.26792
3.0876
2.91441
2.74691
2.59009
2.44295
2.30686
2.18153
2.06723
1.96216
1.86754
1.78102
1.70273
1.63261
1.56811
1.5118
1.45968
1.41486
1.37402
1.33938
1.30936
1.28447
1.2677
1.26818
1.27227
1.28503
1.31578
1.3771
1.51122
1.83377
2.16834
2.33798
2.38761
2.39814
2.40436
2.39968
2.37526
2.34668
2.32187
2.30035
2.28268
2.26955
2.25987
2.26144
2.26697
2.27953
2.30443
2.35205
2.42002
2.50384
2.59458
2.67645
2.73665
2.76976
2.76971
2.76173
2.74316
2.71332
2.68148
2.65882
2.63965
2.62767
2.61884
2.61439
2.60815
2.60113
2.58684
2.57292
2.55066
2.53134
2.50492
2.48318
2.45594
2.43408
2.40703
2.38504
2.35775
2.33529
2.30775
2.28512
2.25759
2.23508
2.20771
2.18555
2.15854
2.13685
2.1103
2.08887
2.06247
2.04108
2.01492
1.994
1.96848
1.94861
1.92397
1.90585
1.88272
3.88505
3.6945
3.51344
3.33616
3.16072
2.99253
2.8324
2.67781
2.53424
2.3993
2.27323
2.15879
2.05143
1.95471
1.86558
1.78416
1.71099
1.64298
1.583
1.52682
1.47802
1.43248
1.39317
1.35914
1.32743
1.31377
1.31484
1.32212
1.34386
1.39428
1.49982
1.75916
2.12037
2.3289
2.40266
2.41278
2.42052
2.41503
2.39053
2.36193
2.3381
2.31701
2.29839
2.28012
2.26208
2.24542
2.2308
2.22086
2.21823
2.22449
2.23408
2.25437
2.29186
2.3509
2.42501
2.51137
2.60004
2.67124
2.72192
2.73753
2.7345
2.72276
2.69722
2.66061
2.63467
2.61311
2.60093
2.59026
2.58317
2.57335
2.56367
2.54763
2.53242
2.5097
2.49009
2.46388
2.44239
2.41528
2.3933
2.36596
2.34364
2.31601
2.29353
2.266
2.24382
2.21669
2.19489
2.16806
2.14643
2.11983
2.09842
2.07215
2.05097
2.02507
2.00423
1.97875
1.95879
1.93405
1.91596
1.89286
3.95748
3.75509
3.57236
3.39955
3.23133
3.06634
2.90985
2.76194
2.61706
2.48736
2.35995
2.24577
2.13841
2.03862
1.94926
1.86359
1.78918
1.71704
1.65472
1.59488
1.5425
1.494
1.44983
1.41447
1.37689
1.37609
1.37907
1.39281
1.43193
1.51514
1.71694
2.09786
2.33567
2.42572
2.43944
2.44538
2.44069
2.40812
2.37761
2.3514
2.33098
2.31176
2.2928
2.274
2.25505
2.23691
2.21946
2.20346
2.18919
2.17864
2.17227
2.17667
2.18352
2.19951
2.22775
2.27899
2.34727
2.43194
2.52218
2.60846
2.67074
2.71027
2.70846
2.69949
2.68406
2.64942
2.61971
2.59238
2.57426
2.55813
2.54799
2.53516
2.52435
2.50744
2.49199
2.46923
2.44964
2.42345
2.40175
2.37441
2.35214
2.32457
2.30208
2.27447
2.2522
2.22508
2.2034
2.17685
2.1555
2.12914
2.1077
2.08149
2.06009
2.03425
2.01344
1.98805
1.96812
1.94338
1.92508
1.9019
4.03749
3.82525
3.63857
3.46565
3.30084
3.14259
2.98412
2.84146
2.70009
2.56818
2.44657
2.32775
2.22317
2.12047
2.02993
1.9433
1.8646
1.79246
1.72458
1.66449
1.60698
1.55692
1.51056
1.46961
1.44718
1.44792
1.45761
1.48834
1.55562
1.71238
2.10201
2.36727
2.4726
2.48338
2.49245
2.48053
2.44211
2.40577
2.37627
2.34815
2.32472
2.30333
2.28552
2.26751
2.24986
2.23112
2.21245
2.19341
2.17552
2.15877
2.14387
2.13317
2.12439
2.12783
2.13154
2.14271
2.16438
2.20589
2.26805
2.34787
2.44259
2.54155
2.6192
2.68168
2.6827
2.67753
2.66151
2.62476
2.59383
2.56415
2.54294
2.52384
2.51138
2.496
2.48404
2.46621
2.45037
2.42756
2.4077
2.3814
2.35935
2.33193
2.30951
2.28217
2.25989
2.23291
2.21115
2.18481
2.16356
2.13768
2.11648
2.09056
2.06926
2.04331
2.02237
1.99691
1.97689
1.95226
1.93401
1.91056
4.14071
3.90866
3.70861
3.53214
3.3661
3.2122
3.05959
2.91388
2.77916
2.64729
2.5257
2.41094
2.30166
2.20284
2.10683
2.02197
1.93934
1.86597
1.79616
1.73241
1.67442
1.62007
1.57463
1.53396
1.53259
1.53783
1.56252
1.62103
1.75821
2.11199
2.41573
2.54109
2.55456
2.55959
2.54489
2.49663
2.45531
2.41739
2.38722
2.35757
2.33297
2.30858
2.2861
2.26494
2.24443
2.22482
2.20469
2.18553
2.16612
2.14789
2.13016
2.11341
2.09801
2.08451
2.07383
2.07064
2.07398
2.08276
2.10084
2.13553
2.19238
2.26941
2.36362
2.47112
2.56557
2.6389
2.65069
2.64648
2.63063
2.59578
2.56504
2.53454
2.51126
2.48931
2.47403
2.45606
2.44196
2.42275
2.40588
2.3828
2.3627
2.33661
2.31474
2.28784
2.26596
2.23937
2.21772
2.19148
2.17016
2.14442
2.12346
2.09798
2.07711
2.05157
2.03074
2.00537
1.98524
1.96045
1.94233
1.91882
4.19143
3.9998
3.7882
3.60622
3.43785
3.28316
3.13558
2.99145
2.85455
2.72657
2.60375
2.48906
2.38176
2.27952
2.1862
2.09618
2.0156
1.93714
1.86795
1.80075
1.74106
1.68798
1.6374
1.62621
1.62819
1.64624
1.70186
1.82163
2.14185
2.48701
2.63687
2.64967
2.6566
2.63373
2.57327
2.51662
2.47327
2.43444
2.40374
2.37456
2.34864
2.32066
2.29453
2.26766
2.24361
2.22112
2.20005
2.17943
2.15985
2.13984
2.12017
2.09983
2.08041
2.06142
2.04544
2.0313
2.02189
2.01648
2.02029
2.02684
2.04142
2.06787
2.11769
2.18944
2.28549
2.39959
2.50962
2.59739
2.61658
2.61292
2.59783
2.56429
2.53315
2.50176
2.47666
2.45203
2.43413
2.41393
2.3982
2.37788
2.36037
2.33713
2.31706
2.29132
2.26981
2.24347
2.22215
2.19627
2.1752
2.14963
2.12878
2.10352
2.08293
2.05787
2.03747
2.01244
1.9925
1.96773
1.94946
1.92592
4.19929
4.09321
3.87246
3.68156
3.50883
3.353
3.20593
3.0658
2.93203
2.8025
2.68304
2.56699
2.4594
2.3581
2.2617
2.17348
2.08833
2.0114
1.93726
1.87125
1.80951
1.7551
1.72628
1.72657
1.74083
1.79049
1.90056
2.18406
2.57813
2.75561
2.77075
2.77447
2.74823
2.67292
2.60745
2.55049
2.5054
2.46346
2.42953
2.39446
2.36501
2.33462
2.30673
2.2777
2.25087
2.22394
2.19949
2.17617
2.15353
2.13132
2.10944
2.0885
2.06797
2.04885
2.03006
2.01292
1.9968
1.98235
1.97169
1.96277
1.9655
1.97025
1.98171
2.00376
2.04802
2.11734
2.21306
2.33234
2.45836
2.55447
2.5786
2.5749
2.56049
2.52773
2.49723
2.46621
2.44024
2.41389
2.39418
2.37219
2.35474
2.33321
2.31482
2.29131
2.27129
2.24601
2.22515
2.19974
2.17917
2.1541
2.1336
2.10861
2.0882
2.0633
2.04319
2.01847
1.99877
1.97428
1.95598
1.9322
4.1798
4.12229
3.9749
3.76944
3.58906
3.42815
3.28065
3.14001
3.0071
2.87986
2.7583
2.6448
2.53585
2.43403
2.33802
2.24707
2.16321
2.08243
2.0099
1.94083
1.88103
1.8377
1.83584
1.84579
1.8875
1.9912
2.24056
2.68281
2.89389
2.90855
2.91473
2.88137
2.79673
2.71743
2.65358
2.5967
2.5493
2.50393
2.46445
2.42435
2.38987
2.3545
2.32454
2.29434
2.26467
2.23477
2.20585
2.17839
2.15256
2.12806
2.10449
2.08192
2.06014
2.03902
2.01864
1.99883
1.9799
1.96209
1.94586
1.93123
1.92026
1.91065
1.9116
1.91428
1.92356
1.94276
1.98063
2.0463
2.14307
2.26734
2.4066
2.5072
2.53706
2.53367
2.52042
2.48905
2.45867
2.4275
2.40065
2.37278
2.35162
2.32806
2.3096
2.28741
2.26892
2.24565
2.22624
2.20182
2.18202
2.15763
2.13785
2.11333
2.09329
2.06858
2.04852
2.02398
2.00436
1.98009
1.96211
1.93812
4.15338
4.12666
4.04472
3.85953
3.67129
3.50572
3.35688
3.21738
3.0843
2.95785
2.83676
2.72075
2.6125
2.50951
2.41204
2.32134
2.23512
2.15539
2.0804
2.01619
1.95819
1.95426
1.9604
1.99552
2.09688
2.31613
2.80315
3.04664
3.06641
3.06899
3.03215
2.93411
2.84684
2.77129
2.70891
2.65108
2.60031
2.55029
2.50562
2.46098
2.42198
2.38191
2.34752
2.3111
2.28053
2.24786
2.2171
2.18556
2.1558
2.12764
2.10193
2.07722
2.0538
2.03104
2.00925
1.98819
1.96811
1.94893
1.93048
1.91323
1.89656
1.8816
1.86901
1.85836
1.85601
1.85804
1.86616
1.88358
1.91834
1.98248
2.0838
2.21204
2.36208
2.46189
2.49465
2.49105
2.47742
2.44681
2.41703
2.38528
2.35823
2.32977
2.30791
2.28371
2.26511
2.2428
2.22457
2.20173
2.18287
2.15929
2.14019
2.11648
2.09714
2.07306
2.05335
2.029
2.00956
1.98519
1.96747
1.94342
4.07296
4.10287
4.06441
3.96344
3.76646
3.58982
3.43403
3.29321
3.15973
3.03299
2.91285
2.7974
2.68756
2.58466
2.48644
2.39368
2.30806
2.22652
2.15653
2.08856
2.08052
2.08261
2.11101
2.20433
2.39374
2.91709
3.20285
3.23365
3.23798
3.19707
3.09026
2.98928
2.90689
2.83349
2.7703
2.70918
2.65479
2.60052
2.55194
2.50291
2.45909
2.41469
2.37557
2.33532
2.29979
2.26299
2.23084
2.19711
2.16556
2.13461
2.10524
2.07774
2.05143
2.02658
2.00285
1.98036
1.95882
1.93807
1.91812
1.89875
1.8801
1.86239
1.84543
1.83023
1.81727
1.80663
1.80306
1.80488
1.81238
1.82871
1.86156
1.92449
2.02971
2.16166
2.32061
2.41618
2.45014
2.44645
2.43214
2.40188
2.37321
2.3415
2.31475
2.28623
2.26419
2.23996
2.22134
2.19911
2.18124
2.15892
2.14065
2.11779
2.09915
2.07593
2.05695
2.03321
2.01416
1.98996
1.97241
1.94821
3.79664
4.07208
4.05961
4.00673
3.87778
3.68937
3.52262
3.3749
3.2398
3.1116
2.99019
2.87535
2.76453
2.65986
2.56149
2.46843
2.38095
2.30403
2.23119
2.21047
2.21116
2.2378
2.3232
2.5234
3.04412
3.37022
3.41773
3.42028
3.37792
3.25683
3.1469
3.05269
2.97374
2.90046
2.83471
2.77095
2.71266
2.6547
2.60147
2.54823
2.50025
2.45202
2.40879
2.36436
2.32489
2.2842
2.24825
2.212
2.17936
2.14534
2.1136
2.08237
2.05373
2.02659
2.00102
1.97646
1.95303
1.93057
1.90889
1.88808
1.86777
1.84835
1.8294
1.81167
1.79462
1.77939
1.76638
1.75562
1.75162
1.75341
1.76062
1.77654
1.80915
1.87349
1.97985
2.11465
2.28074
2.36837
2.40194
2.3985
2.38489
2.35491
2.32697
2.29631
2.27034
2.24223
2.22048
2.19653
2.1781
2.15623
2.13874
2.11695
2.0991
2.0767
2.05851
2.03561
2.01732
1.99362
1.97658
1.95243
3.10015
3.92099
4.03718
4.01388
3.9455
3.78803
3.61188
3.4575
3.31857
3.19039
3.06861
2.9527
2.843
2.73741
2.63771
2.5439
2.45992
2.38125
2.34963
2.34832
2.37261
2.45477
2.66556
3.19037
3.56162
3.62024
3.62271
3.57037
3.43815
3.31375
3.21282
3.12358
3.04498
2.96934
2.90098
2.83359
2.77167
2.70956
2.65256
2.59566
2.54388
2.4919
2.44484
2.39695
2.35399
2.30955
2.27014
2.2296
2.19361
2.15812
2.12486
2.09157
2.05997
2.02976
2.00144
1.97462
1.94894
1.92453
1.90108
1.87863
1.85714
1.83638
1.81665
1.79747
1.77936
1.76204
1.74571
1.73096
1.71806
1.70764
1.70301
1.70463
1.71141
1.7275
1.75973
1.82831
1.93382
2.07299
2.24097
2.32149
2.35265
2.34938
2.33695
2.30798
2.2813
2.25143
2.22614
2.19869
2.17718
2.15348
2.13518
2.11361
2.09653
2.07515
2.05782
2.03578
2.01847
1.99557
1.97942
1.9559
2.18243
3.51728
3.97031
4.00181
3.96763
3.88283
3.70802
3.54358
3.39924
3.26705
3.1448
3.02824
2.91763
2.81323
2.71399
2.62384
2.53964
2.49755
2.49392
2.5156
2.5969
2.80984
3.33096
3.7615
3.8371
3.83869
3.78002
3.63107
3.49699
3.38391
3.28837
3.1989
3.11806
3.04018
2.96879
2.89793
2.83193
2.76583
2.70508
2.64468
2.58972
2.53473
2.48428
2.43308
2.38621
2.33841
2.29569
2.25181
2.21323
2.17354
2.13862
2.10352
2.07052
2.03763
2.00676
1.97734
1.94958
1.9229
1.89757
1.87327
1.8501
1.82792
1.80667
1.78641
1.7669
1.74838
1.73043
1.7137
1.69747
1.68287
1.67014
1.65956
1.65529
1.657
1.66394
1.68086
1.71502
1.78627
1.89301
2.04068
2.20307
2.27658
2.30433
2.30101
2.28862
2.26044
2.23506
2.20592
2.18153
2.15479
2.13385
2.11076
2.09297
2.07198
2.05544
2.0345
2.01804
1.99611
1.98063
1.95827
1.85095
2.56866
3.70289
3.96407
3.95754
3.91791
3.81644
3.64499
3.48839
3.35021
3.22389
3.10568
2.99451
2.88881
2.79315
2.70453
2.65401
2.64843
2.66821
2.74764
2.96583
3.49881
3.97624
4.06715
4.06821
4.00003
3.83936
3.68987
3.56829
3.46086
3.36542
3.27462
3.19208
3.11152
3.03652
2.96152
2.89158
2.8221
2.75833
2.69491
2.63668
2.57792
2.52386
2.46917
2.41924
2.36874
2.32316
2.27661
2.23534
2.19273
2.15525
2.11669
2.08268
2.0477
2.01494
1.9826
1.95255
1.92378
1.89648
1.87052
1.84581
1.82232
1.79993
1.77848
1.75796
1.73816
1.71906
1.70074
1.68283
1.66612
1.64998
1.63514
1.62287
1.61212
1.60909
1.61097
1.61836
1.63644
1.67443
1.74783
1.85217
2.00994
2.16449
2.23037
2.25526
2.25212
2.24034
2.21285
2.18856
2.16055
2.13736
2.11159
2.09151
2.06921
2.05221
2.03177
2.01615
1.99542
1.9807
1.95967
1.68422
1.99076
3.04301
3.8024
3.9328
3.91929
3.86894
3.74688
3.58288
3.43546
3.30424
3.18449
3.07211
2.96968
2.87525
2.81728
2.80982
2.82818
2.90884
3.13321
3.6871
4.21493
4.31404
4.31052
4.23445
4.0562
3.89575
3.76066
3.64637
3.54048
3.44451
3.35215
3.26682
3.18247
3.10338
3.02466
2.95146
2.87886
2.8117
2.74477
2.68292
2.62104
2.56401
2.50675
2.45411
2.40114
2.35276
2.30388
2.25978
2.2146
2.17444
2.13293
2.09606
2.0587
2.0249
1.99048
1.95854
1.92776
1.89896
1.87123
1.84497
1.81975
1.79564
1.7725
1.75023
1.72885
1.70823
1.68845
1.66945
1.65136
1.63409
1.61784
1.60291
1.58877
1.57761
1.56764
1.56674
1.5688
1.57663
1.59666
1.63874
1.71527
1.82196
1.98056
2.12637
2.18479
2.20628
2.20274
2.19226
2.16643
2.14361
2.11686
2.09498
2.07046
2.0515
2.02978
2.01395
1.99367
1.97956
1.95984
1.56783
1.73387
2.1365
3.38007
3.84867
3.90787
3.88395
3.82223
3.68081
3.52588
3.38855
3.26556
3.15594
3.0545
2.98929
2.97957
2.99684
3.08054
3.31195
3.8983
4.47844
4.57921
4.57161
4.48114
4.28827
4.10984
3.96501
3.83917
3.72819
3.6226
3.52504
3.42955
3.34007
3.25138
3.16823
3.08578
3.00899
2.93295
2.86259
2.79284
2.7284
2.66408
2.60456
2.54482
2.4897
2.43427
2.38336
2.33202
2.28515
2.23751
2.19465
2.15058
2.11166
2.0715
2.03623
2.00041
1.96753
1.93446
1.90406
1.87437
1.84631
1.81921
1.79333
1.76843
1.74459
1.72174
1.69985
1.67899
1.65897
1.64
1.62175
1.60448
1.58806
1.57229
1.55817
1.54446
1.53385
1.52421
1.52476
1.52803
1.5357
1.55836
1.60132
1.68109
1.79671
1.95363
2.08706
2.1406
2.1595
2.15574
2.14575
2.12186
2.10116
2.07534
2.05526
2.03138
2.014
1.99264
1.97823
1.95923
1.4974
1.60744
1.80838
2.40777
3.54924
3.85224
3.87242
3.84308
3.77087
3.62033
3.47721
3.35198
3.24202
3.16998
3.1583
3.17482
3.2616
3.50697
4.13861
4.76127
4.8573
4.84213
4.74134
4.53064
4.34088
4.18149
4.04797
3.92553
3.81374
3.70517
3.60374
3.50386
3.41005
3.31716
3.23013
3.1441
3.06422
2.98544
2.91266
2.84042
2.77351
2.70653
2.64442
2.58202
2.52432
2.46627
2.41284
2.35899
2.30969
2.25996
2.21486
2.16905
2.12822
2.08611
2.04913
2.01072
1.97711
1.94194
1.91008
1.8782
1.84863
1.81958
1.79215
1.76563
1.74038
1.71619
1.69313
1.67108
1.65012
1.63006
1.61101
1.59281
1.57549
1.55896
1.54339
1.52839
1.51491
1.50216
1.49219
1.48378
1.48459
1.48908
1.49891
1.52331
1.56988
1.65216
1.77351
1.92891
2.0486
2.09741
2.11507
2.11141
2.10227
2.0802
2.06145
2.03686
2.01827
1.99534
1.97956
1.95927
1.4557
1.5197
1.65648
1.91832
2.81402
3.63916
3.83595
3.83383
3.8051
3.72783
3.5821
3.44913
3.35884
3.34476
3.36106
3.45416
3.71668
4.39432
5.05658
5.14599
5.12663
5.0125
4.78652
4.5795
4.41089
4.26491
4.13585
4.01262
3.89738
3.78445
3.67836
3.57399
3.47605
3.37949
3.28931
3.20061
3.11827
3.03711
2.96173
2.88682
2.81706
2.74729
2.68243
2.61739
2.55723
2.4968
2.44122
2.38528
2.33418
2.28264
2.23581
2.1884
2.14563
2.10186
2.0629
2.02247
1.98692
1.95001
1.917
1.88292
1.85224
1.82134
1.79281
1.76477
1.73842
1.71294
1.68876
1.6656
1.64352
1.62247
1.60234
1.58316
1.56482
1.54731
1.53067
1.51464
1.49977
1.48535
1.47236
1.46052
1.45111
1.44474
1.44579
1.45075
1.4635
1.48881
1.53891
1.62831
1.75394
1.90513
2.01281
2.05726
2.07387
2.07029
2.06153
2.04145
2.02458
2.00129
1.98489
1.96258
1.42932
1.46586
1.5488
1.69279
2.03355
3.1189
3.70083
3.81499
3.80618
3.77497
3.69456
3.56634
3.5475
3.56
3.65418
3.94062
4.68228
5.39112
5.4526
5.42345
5.29676
5.04937
4.83081
4.64788
4.49461
4.35415
4.22462
4.09798
3.97831
3.86065
3.75005
3.64158
3.54012
3.44061
3.34789
3.25668
3.17163
3.08738
3.00868
2.93035
2.85738
2.78467
2.71724
2.64993
2.58775
2.52546
2.46814
2.41054
2.3578
2.3046
2.25607
2.20694
2.16226
2.11683
2.07582
2.03378
1.99638
1.95759
1.92367
1.88779
1.8564
1.82378
1.79462
1.76506
1.73797
1.71125
1.68623
1.66198
1.63896
1.61683
1.5957
1.57547
1.55613
1.53766
1.52002
1.50318
1.48727
1.47198
1.45777
1.44438
1.43195
1.42126
1.41251
1.40879
1.41012
1.41588
1.43095
1.45949
1.51478
1.60637
1.73565
1.88197
1.9783
2.01926
2.03526
2.03206
2.02383
2.00555
1.99119
1.96917
1.41457
1.43558
1.47893
1.57344
1.73094
2.1421
3.31986
3.73036
3.80527
3.79489
3.77044
3.75346
3.76495
3.87042
4.19346
5.01594
5.751
5.77363
5.73413
5.58819
5.32627
5.09148
4.89927
4.73248
4.58433
4.44257
4.30944
4.17868
4.05515
3.93371
3.81953
3.70742
3.60239
3.49921
3.4028
3.30779
3.2191
3.13139
3.0497
2.96878
2.89362
2.81896
2.74972
2.68066
2.61668
2.55266
2.49355
2.43432
2.37977
2.32489
2.27453
2.22366
2.17724
2.13019
2.08756
2.0442
2.00522
1.96527
1.92987
1.89305
1.86067
1.82669
1.79697
1.76587
1.73837
1.71013
1.68449
1.65889
1.635
1.61169
1.58957
1.56829
1.54795
1.52853
1.50997
1.49234
1.47561
1.4597
1.44475
1.4306
1.41724
1.40513
1.39369
1.38431
1.37609
1.37595
1.37771
1.38372
1.40057
1.43036
1.49448
1.58793
1.71968
1.8612
1.94694
1.98408
1.99995
1.9973
1.99059
1.97447
1.40737
1.41926
1.44113
1.49962
1.60279
1.80731
2.4167
3.43297
3.74583
3.8086
3.84226
3.91367
4.08351
4.47103
5.45152
6.14252
6.14148
6.06831
5.88413
5.61058
5.36792
5.16269
4.98901
4.8283
4.67868
4.53204
4.39299
4.25629
4.12698
4.00011
3.88101
3.7646
3.65589
3.54946
3.45003
3.35216
3.26073
3.17049
3.08641
3.0032
2.92587
2.84913
2.77792
2.70698
2.64131
2.57572
2.51506
2.4542
2.39802
2.34149
2.28953
2.23713
2.18925
2.14086
2.09695
2.05239
2.01224
1.97127
1.93456
1.89697
1.86339
1.82863
1.79786
1.76579
1.73753
1.70799
1.6819
1.65483
1.63054
1.60593
1.58322
1.5609
1.53983
1.51961
1.50032
1.48208
1.46469
1.44827
1.43273
1.41805
1.40419
1.39129
1.379
1.36791
1.35766
1.34956
1.34275
1.34342
1.34701
1.35523
1.37215
1.40798
1.47601
1.57017
1.70616
1.84197
1.91658
1.95484
1.96788
1.97274
1.40386
1.41003
1.42143
1.45381
1.5144
1.64373
1.89114
2.70985
3.52335
3.78641
3.93062
4.19748
4.74341
5.93392
6.56811
6.55403
6.44465
6.18466
5.89578
5.64643
5.4376
5.25169
5.08248
4.91777
4.76109
4.60718
4.46166
4.31909
4.18506
4.05415
3.93147
3.8117
3.69983
3.59031
3.48804
3.38758
3.29387
3.20158
3.11552
3.03049
2.95126
2.87259
2.79949
2.72674
2.65932
2.59203
2.5298
2.46749
2.40999
2.35223
2.29912
2.24564
2.19671
2.14732
2.10242
2.05693
2.01586
1.97404
1.93651
1.89803
1.86361
1.82815
1.79658
1.76392
1.7349
1.70474
1.67801
1.65015
1.62547
1.59978
1.57693
1.55343
1.53222
1.51095
1.49142
1.47227
1.45445
1.43736
1.42136
1.40621
1.39196
1.37861
1.36595
1.35424
1.34322
1.33316
1.32416
1.31712
1.31321
1.3141
1.31863
1.32878
1.34759
1.39158
1.45564
1.56148
1.69269
1.8294
1.8845
1.94676
1.40221
1.40468
1.41219
1.42627
1.46443
1.53726
1.67692
1.99271
2.96432
3.6705
4.07635
4.84639
6.38749
7.06375
7.03541
6.88156
6.51073
6.17297
5.91524
5.70529
5.51963
5.33845
5.16371
4.99046
4.82587
4.66548
4.51487
4.36827
4.23056
4.09611
3.97007
3.84705
3.73214
3.61989
3.51521
3.41261
3.31692
3.22269
3.13482
3.04793
2.96699
2.88673
2.81212
2.73794
2.66916
2.60061
2.53718
2.47378
2.41521
2.35651
2.30244
2.24812
2.19834
2.14822
2.10258
2.05647
2.01475
1.97236
1.93419
1.89526
1.86031
1.82445
1.79232
1.75929
1.72972
1.69917
1.67192
1.64359
1.61849
1.59222
1.56905
1.54485
1.52347
1.50145
1.48176
1.46202
1.44406
1.42651
1.4103
1.39479
1.38029
1.36663
1.35374
1.34173
1.33039
1.31982
1.31013
1.30122
1.29373
1.28729
1.28718
1.28843
1.29307
1.30522
1.32956
1.3756
1.44037
1.56553
1.65928
1.85314
1.40111
1.40266
1.4063
1.41461
1.4348
1.4784
1.57338
1.73702
2.16666
3.24488
4.38316
6.63858
7.44498
7.38812
7.1675
6.74067
6.41923
6.1733
5.96932
5.77266
5.58156
5.39015
5.20604
5.0256
4.85557
4.69061
4.53575
4.38489
4.24294
4.10442
3.97474
3.84873
3.73161
3.61791
3.51245
3.40951
3.31377
3.21959
3.13174
3.04478
2.9636
2.88292
2.80778
2.73297
2.66352
2.59428
2.53017
2.46615
2.40698
2.34777
2.29324
2.23858
2.18853
2.13825
2.0925
2.04636
2.00461
1.96224
1.92404
1.88508
1.85003
1.81416
1.7818
1.74864
1.71872
1.68802
1.66041
1.63191
1.60651
1.58001
1.55675
1.53221
1.51096
1.48847
1.46914
1.44884
1.43134
1.41332
1.39752
1.3817
1.3675
1.35369
1.34098
1.3289
1.31763
1.30701
1.29718
1.28791
1.27958
1.27194
1.26605
1.26166
1.2622
1.26479
1.27134
1.28504
1.31336
1.36375
1.43674
1.62176
1.40069
1.40169
1.40404
1.40952
1.42325
1.45378
1.5261
1.67967
1.98593
2.88401
5.04198
7.44418
7.43664
7.19518
6.80723
6.50733
6.27731
6.07265
5.8731
5.66678
5.46684
5.27229
5.08974
4.91367
4.74901
4.58965
4.4406
4.29626
4.16172
4.0314
3.91003
3.79183
3.68135
3.57291
3.47123
3.37087
3.27668
3.18336
3.09582
3.00886
2.92749
2.84659
2.77127
2.69641
2.62708
2.55817
2.49459
2.43131
2.37309
2.31503
2.26179
2.20854
2.15991
2.11107
2.06666
2.02175
1.98105
1.93959
1.90209
1.86366
1.82895
1.79333
1.7611
1.72807
1.69814
1.66755
1.63988
1.61154
1.58613
1.55991
1.53676
1.51264
1.49175
1.46975
1.45106
1.4312
1.41458
1.3968
1.38202
1.3662
1.35299
1.33899
1.32711
1.31472
1.30411
1.29311
1.28375
1.27414
1.26584
1.25787
1.25072
1.24472
1.23958
1.239
1.23966
1.24327
1.252
1.26918
1.30589
1.40404
1.40059
1.40136
1.40343
1.40817
1.42008
1.44817
1.51386
1.66212
1.91165
2.8408
5.3293
6.63628
6.61612
6.49132
6.35174
6.19057
6.00406
5.79408
5.58276
5.37478
5.17875
4.99054
4.81663
4.65098
4.49797
4.35124
4.21491
4.08286
3.95932
3.83872
3.72566
3.61499
3.51144
3.40996
3.31516
3.22191
3.13475
3.04853
2.96787
2.88774
2.81289
2.73839
2.66906
2.6
2.536
2.47219
2.41327
2.35444
2.3003
2.24614
2.19646
2.14659
2.10099
2.05496
2.01301
1.97036
1.93163
1.89201
1.85614
1.81931
1.78604
1.75191
1.72105
1.6895
1.66091
1.63179
1.60544
1.57857
1.55448
1.52974
1.50797
1.48533
1.46583
1.44527
1.42792
1.40936
1.39396
1.37722
1.36353
1.34838
1.33616
1.32245
1.31146
1.29912
1.28921
1.27819
1.26939
1.2596
1.25197
1.2435
1.23694
1.23011
1.22483
1.21997
1.21906
1.21989
1.22305
1.23052
1.24642
1.29456
)
;

boundaryField
{
    inlet
    {
        type            calculated;
        value           uniform 1.40001;
    }
    outlet
    {
        type            calculated;
        value           nonuniform List<scalar> 
40
(
1.33908
1.53241
1.63297
1.69722
1.73431
1.76235
1.77826
1.7943
1.80936
1.82233
1.83387
1.84457
1.85557
1.86687
1.87824
1.88838
1.89741
1.90607
1.91432
1.92141
1.92768
1.9336
1.9389
1.9437
1.94793
1.95139
1.95373
1.95509
1.95525
1.95472
1.95498
1.95856
1.96532
1.97087
1.96819
1.93896
1.83808
1.59785
1.38863
1.28573
)
;
    }
    bottom
    {
        type            symmetryPlane;
    }
    top
    {
        type            symmetryPlane;
    }
    obstacle
    {
        type            calculated;
        value           nonuniform List<scalar> 
110
(
5.99455
5.99725
5.98922
5.96648
5.93435
5.89035
5.81632
5.70852
5.53293
5.25705
1.86914
1.01425
0.700169
0.625913
0.625662
0.659048
0.750152
0.824146
0.846944
0.846563
0.843387
0.841449
0.8416
0.842745
0.846684
0.850683
0.852525
0.852529
0.85228
0.851667
0.850507
0.84952
0.848798
0.848076
0.847138
0.845921
0.844722
0.843753
0.84365
0.844014
0.845524
0.849824
0.860769
0.886818
0.946319
1.08284
1.40807
1.71202
1.70695
1.71195
1.72847
1.75179
1.79364
1.84952
1.89877
1.94423
1.98089
2.0084
2.02885
2.04184
2.0522
2.06152
2.06722
2.06843
2.0679
2.06468
2.06242
2.05643
2.05167
2.04296
2.03474
2.02278
2.01175
1.99802
1.9857
1.97069
1.95714
1.94052
1.9255
1.9073
1.89088
1.8714
1.85387
1.83351
1.8152
1.79421
1.77542
1.75392
1.7348
1.71292
1.69362
1.67156
1.65221
1.63017
1.61091
1.58909
1.57018
1.54876
1.53033
1.50938
1.49175
1.47155
1.45465
1.4351
1.41895
1.40017
1.385
1.36762
1.3547
1.34245
)
;
    }
    defaultFaces
    {
        type            empty;
    }
}


// ************************************************************************* //
