/*--------------------------------*- C++ -*----------------------------------*\
  =========                 |
  \\      /  F ield         | OpenFOAM: The Open Source CFD Toolbox
   \\    /   O peration     | Website:  https://openfoam.org
    \\  /    A nd           | Version:  13
     \\/     M anipulation  |
\*---------------------------------------------------------------------------*/
FoamFile
{
    format      ascii;
    class       volScalarField;
    location    "3.89";
    object      T;
}
// * * * * * * * * * * * * * * * * * * * * * * * * * * * * * * * * * * * * * //

dimensions      [0 0 0 1 0 0 0];

internalField   nonuniform List<scalar> 
1000
(
4.92145e-57
6.44677e-57
9.96293e-57
1.65408e-56
2.81776e-56
4.83937e-56
8.32812e-56
1.4331e-55
2.4642e-55
4.23299e-55
7.26364e-55
1.24505e-54
2.13177e-54
3.64598e-54
6.22885e-54
1.06297e-53
1.81197e-53
3.08532e-53
5.24767e-53
8.91561e-53
1.51305e-52
2.56491e-52
4.34319e-52
7.34618e-52
1.24117e-51
2.09467e-51
3.53116e-51
5.94613e-51
1.00015e-50
1.6804e-50
2.82017e-50
4.72773e-50
7.91668e-50
1.32418e-49
2.21241e-49
3.69231e-49
6.15522e-49
1.02495e-48
1.7048e-48
2.83241e-48
4.70058e-48
7.79217e-48
1.29026e-47
2.13407e-47
3.52573e-47
5.81837e-47
9.59101e-47
1.5792e-46
2.59729e-46
4.26691e-46
7.00191e-46
1.1477e-45
1.8791e-45
3.07312e-45
5.02016e-45
8.1915e-45
1.33511e-44
2.1736e-44
3.53468e-44
5.74152e-44
9.3156e-44
1.50974e-43
2.44398e-43
3.95186e-43
6.38279e-43
1.02974e-42
1.65938e-42
2.67099e-42
4.29439e-42
6.89663e-42
1.10631e-41
1.77264e-41
2.83706e-41
4.53544e-41
7.24226e-41
1.15513e-40
1.84032e-40
2.92858e-40
4.65503e-40
7.39078e-40
1.17209e-39
1.85666e-39
2.93769e-39
4.6428e-39
7.32918e-39
1.15566e-38
1.82015e-38
2.86341e-38
4.49946e-38
7.06215e-38
1.10717e-37
1.73376e-37
2.71183e-37
4.23677e-37
6.61159e-37
1.03057e-36
1.60451e-36
2.49522e-36
3.87589e-36
6.01355e-36
9.31941e-36
1.44259e-35
2.23045e-35
3.44461e-35
5.31353e-35
8.18695e-35
1.25996e-34
1.93681e-34
2.9738e-34
4.5607e-34
6.98628e-34
1.06895e-33
1.63365e-33
2.49377e-33
3.80231e-33
5.79072e-33
8.80867e-33
1.33839e-32
2.03117e-32
3.07895e-32
4.66177e-32
7.05005e-32
1.06494e-31
1.60676e-31
2.4214e-31
3.6448e-31
5.4799e-31
8.22928e-31
1.23436e-30
1.84932e-30
2.7674e-30
4.1364e-30
6.17537e-30
9.20858e-30
1.37155e-29
2.04042e-29
3.03191e-29
4.49988e-29
6.67075e-29
9.87727e-29
1.46079e-28
2.15786e-28
3.18383e-28
4.69204e-28
6.90655e-28
1.01542e-27
1.49115e-27
2.18716e-27
3.20425e-27
4.68876e-27
6.85292e-27
1.00041e-26
1.45871e-26
2.12443e-26
3.0903e-26
4.48998e-26
6.51587e-26
9.44464e-26
1.36736e-25
1.97726e-25
2.8558e-25
4.11981e-25
5.9362e-25
8.54326e-25
1.22807e-24
1.7632e-24
2.52852e-24
3.62169e-24
5.18131e-24
7.40372e-24
1.05668e-23
1.50631e-23
2.14472e-23
3.05005e-23
4.33236e-23
6.14642e-23
8.70966e-23
1.23271e-22
1.74261e-22
2.46048e-22
3.46993e-22
4.88765e-22
6.87637e-22
9.66269e-22
1.35618e-21
1.90114e-21
2.66188e-21
3.72258e-21
5.19968e-21
7.25418e-21
1.01083e-20
1.40684e-20
1.95565e-20
2.71528e-20
3.76544e-20
5.21547e-20
7.2152e-20
9.96967e-20
1.37591e-19
1.8966e-19
2.61118e-19
3.59067e-19
4.93163e-19
6.76521e-19
9.26933e-19
1.2685e-18
1.73384e-18
2.36702e-18
3.22753e-18
4.39555e-18
5.97905e-18
8.12317e-18
1.10228e-17
1.49395e-17
2.02233e-17
2.73429e-17
3.6924e-17
4.98021e-17
6.70905e-17
9.02708e-17
1.21313e-16
1.62832e-16
2.18297e-16
2.92298e-16
3.90912e-16
5.22161e-16
6.9663e-16
9.28267e-16
1.23542e-15
1.64222e-15
2.18031e-15
2.8912e-15
3.82922e-15
5.0654e-15
6.69251e-15
8.83152e-15
1.164e-14
1.5323e-14
2.01467e-14
2.64567e-14
3.47008e-14
4.54583e-14
5.94782e-14
7.77273e-14
1.01452e-13
1.32256e-13
1.72204e-13
2.23945e-13
2.90876e-13
3.77351e-13
4.88938e-13
6.32749e-13
8.1786e-13
1.05584e-12
1.36139e-12
1.75323e-12
2.2551e-12
2.89709e-12
3.71729e-12
4.76388e-12
6.09768e-12
7.79538e-12
9.95358e-12
1.26938e-11
1.61685e-11
2.05693e-11
2.61358e-11
3.31683e-11
4.20415e-11
5.32233e-11
6.72968e-11
8.49876e-11
1.07198e-10
1.35047e-10
1.69922e-10
2.13543e-10
2.68033e-10
3.36016e-10
4.20727e-10
5.2615e-10
6.57182e-10
8.19844e-10
1.02151e-09
1.27124e-09
1.58007e-09
1.96152e-09
2.43209e-09
3.01186e-09
3.72526e-09
4.60201e-09
5.67815e-09
6.99735e-09
8.6125e-09
1.05875e-08
1.29994e-08
1.59414e-08
1.95251e-08
2.38853e-08
2.91834e-08
3.56131e-08
4.34062e-08
5.28399e-08
6.42453e-08
7.8017e-08
9.46249e-08
1.14628e-07
1.3869e-07
1.67597e-07
2.02283e-07
2.43848e-07
2.93595e-07
3.53059e-07
4.24049e-07
5.0869e-07
6.0948e-07
7.2935e-07
8.7173e-07
1.04063e-06
1.24075e-06
1.47754e-06
1.75737e-06
2.08766e-06
2.477e-06
2.93537e-06
3.47432e-06
4.10723e-06
4.84951e-06
5.71898e-06
6.73612e-06
7.92453e-06
9.31126e-06
1.09274e-05
1.28084e-05
1.4995e-05
1.75335e-05
2.0477e-05
2.38855e-05
2.78277e-05
3.23813e-05
3.76343e-05
4.36865e-05
5.06507e-05
5.8654e-05
6.78398e-05
7.83694e-05
9.04241e-05
0.000104207
0.000119946
0.000137896
0.000158341
0.000181598
0.000208022
0.000238003
0.000271978
0.000310431
0.000353894
0.00040296
0.000458279
0.000520569
0.000590618
0.000669293
0.000757543
0.000856407
0.00096702
0.00109062
0.00122856
0.0013823
0.00155343
0.00174368
0.00195491
0.00218914
0.00244854
0.00273545
0.00305237
0.00340201
0.00378724
0.00421115
0.00467702
0.00518835
0.00574885
0.00636248
0.0070334
0.00776603
0.00856501
0.00943525
0.0103819
0.0114103
0.0125261
0.0137352
0.0150438
0.0164581
0.0179847
0.0196306
0.0214026
0.0233082
0.0253545
0.0275494
0.0299004
0.0324156
0.0351028
0.0379703
0.0410261
0.0442785
0.0477357
0.0514058
0.0552969
0.0594171
0.0637743
0.0683762
0.0732302
0.0783436
0.0837235
0.0893763
0.0953083
0.101525
0.108033
0.114835
0.121937
0.129342
0.137053
0.145072
0.153402
0.162042
0.170993
0.180255
0.189825
0.199702
0.209881
0.220359
0.231131
0.24219
0.25353
0.265143
0.277019
0.289151
0.301526
0.314133
0.326961
0.339997
0.353226
0.366634
0.380206
0.393927
0.407779
0.421746
0.435811
0.449956
0.464163
0.478413
0.492689
0.506971
0.521241
0.535479
0.549668
0.563788
0.577822
0.59175
0.605557
0.619223
0.632732
0.646067
0.659213
0.672154
0.684876
0.697363
0.709603
0.721583
0.733291
0.744716
0.755846
0.766672
0.777186
0.787378
0.797241
0.806769
0.815954
0.824792
0.833278
0.841408
0.849177
0.856583
0.863623
0.870296
0.876599
0.882531
0.888092
0.893281
0.898097
0.902541
0.906612
0.910312
0.913639
0.916595
0.91918
0.921395
0.92324
0.924715
0.925821
0.926558
0.926927
0.926927
0.926558
0.925821
0.924715
0.92324
0.921395
0.91918
0.916595
0.913639
0.910312
0.906612
0.902541
0.898097
0.893281
0.888092
0.882531
0.876599
0.870296
0.863623
0.856583
0.849177
0.841408
0.833278
0.824792
0.815954
0.806769
0.797241
0.787378
0.777186
0.766672
0.755846
0.744716
0.733291
0.721583
0.709603
0.697363
0.684876
0.672154
0.659213
0.646067
0.632732
0.619223
0.605557
0.59175
0.577822
0.563788
0.549668
0.535479
0.521241
0.506971
0.492689
0.478413
0.464163
0.449956
0.435811
0.421746
0.407779
0.393927
0.380206
0.366634
0.353226
0.339997
0.326961
0.314133
0.301526
0.289151
0.277019
0.265143
0.25353
0.24219
0.231131
0.220359
0.209881
0.199702
0.189825
0.180255
0.170993
0.162042
0.153402
0.145072
0.137053
0.129342
0.121937
0.114835
0.108033
0.101525
0.0953083
0.0893763
0.0837235
0.0783436
0.0732302
0.0683762
0.0637743
0.0594171
0.0552969
0.0514058
0.0477357
0.0442785
0.0410261
0.0379703
0.0351028
0.0324156
0.0299004
0.0275494
0.0253545
0.0233082
0.0214026
0.0196306
0.0179847
0.0164581
0.0150438
0.0137352
0.0125261
0.0114103
0.0103819
0.00943525
0.00856501
0.00776603
0.0070334
0.00636248
0.00574885
0.00518835
0.00467702
0.00421115
0.00378724
0.00340201
0.00305237
0.00273545
0.00244854
0.00218914
0.00195491
0.00174368
0.00155343
0.0013823
0.00122856
0.00109062
0.00096702
0.000856407
0.000757543
0.000669293
0.000590618
0.000520569
0.000458279
0.00040296
0.000353894
0.000310431
0.000271978
0.000238003
0.000208022
0.000181598
0.000158341
0.000137896
0.000119946
0.000104207
9.04241e-05
7.83694e-05
6.78398e-05
5.8654e-05
5.06507e-05
4.36865e-05
3.76343e-05
3.23813e-05
2.78277e-05
2.38855e-05
2.0477e-05
1.75335e-05
1.4995e-05
1.28084e-05
1.09274e-05
9.31126e-06
7.92453e-06
6.73612e-06
5.71898e-06
4.84951e-06
4.10723e-06
3.47432e-06
2.93537e-06
2.477e-06
2.08766e-06
1.75737e-06
1.47754e-06
1.24075e-06
1.04063e-06
8.7173e-07
7.2935e-07
6.0948e-07
5.0869e-07
4.24049e-07
3.53059e-07
2.93595e-07
2.43848e-07
2.02283e-07
1.67597e-07
1.3869e-07
1.14628e-07
9.46249e-08
7.8017e-08
6.42453e-08
5.28399e-08
4.34062e-08
3.56131e-08
2.91834e-08
2.38853e-08
1.95251e-08
1.59414e-08
1.29994e-08
1.05875e-08
8.6125e-09
6.99735e-09
5.67815e-09
4.60201e-09
3.72526e-09
3.01186e-09
2.43209e-09
1.96152e-09
1.58007e-09
1.27124e-09
1.02151e-09
8.19844e-10
6.57182e-10
5.2615e-10
4.20727e-10
3.36016e-10
2.68033e-10
2.13543e-10
1.69922e-10
1.35047e-10
1.07198e-10
8.49876e-11
6.72968e-11
5.32233e-11
4.20415e-11
3.31683e-11
2.61358e-11
2.05693e-11
1.61685e-11
1.26938e-11
9.95358e-12
7.79538e-12
6.09768e-12
4.76388e-12
3.71729e-12
2.89709e-12
2.2551e-12
1.75323e-12
1.36139e-12
1.05584e-12
8.1786e-13
6.32749e-13
4.88938e-13
3.77351e-13
2.90876e-13
2.23945e-13
1.72204e-13
1.32256e-13
1.01452e-13
7.77273e-14
5.94782e-14
4.54583e-14
3.47008e-14
2.64567e-14
2.01467e-14
1.5323e-14
1.164e-14
8.83152e-15
6.69251e-15
5.0654e-15
3.82922e-15
2.8912e-15
2.18031e-15
1.64222e-15
1.23542e-15
9.28267e-16
6.9663e-16
5.22161e-16
3.90912e-16
2.92298e-16
2.18297e-16
1.62832e-16
1.21313e-16
9.02708e-17
6.70905e-17
4.98021e-17
3.6924e-17
2.73429e-17
2.02233e-17
1.49395e-17
1.10228e-17
8.12317e-18
5.97905e-18
4.39555e-18
3.22753e-18
2.36702e-18
1.73384e-18
1.2685e-18
9.26933e-19
6.76521e-19
4.93163e-19
3.59067e-19
2.61118e-19
1.8966e-19
1.37591e-19
9.96967e-20
7.2152e-20
5.21547e-20
3.76544e-20
2.71528e-20
1.95565e-20
1.40684e-20
1.01083e-20
7.25418e-21
5.19968e-21
3.72258e-21
2.66188e-21
1.90114e-21
1.35618e-21
9.66269e-22
6.87637e-22
4.88765e-22
3.46993e-22
2.46048e-22
1.74261e-22
1.23271e-22
8.70966e-23
6.14642e-23
4.33236e-23
3.05005e-23
2.14472e-23
1.50631e-23
1.05668e-23
7.40372e-24
5.18131e-24
3.62169e-24
2.52852e-24
1.7632e-24
1.22807e-24
8.54326e-25
5.9362e-25
4.11981e-25
2.8558e-25
1.97726e-25
1.36736e-25
9.44464e-26
6.51587e-26
4.48998e-26
3.0903e-26
2.12443e-26
1.45871e-26
1.00041e-26
6.85292e-27
4.68876e-27
3.20425e-27
2.18716e-27
1.49115e-27
1.01542e-27
6.90655e-28
4.69204e-28
3.18383e-28
2.15786e-28
1.46079e-28
9.87727e-29
6.67075e-29
4.49988e-29
3.03191e-29
2.04042e-29
1.37155e-29
9.20858e-30
6.17537e-30
4.1364e-30
2.7674e-30
1.84932e-30
1.23436e-30
8.22928e-31
5.4799e-31
3.6448e-31
2.4214e-31
1.60676e-31
1.06494e-31
7.05005e-32
4.66177e-32
3.07895e-32
2.03117e-32
1.33839e-32
8.80867e-33
5.79072e-33
3.80231e-33
2.49377e-33
1.63365e-33
1.06895e-33
6.98628e-34
4.5607e-34
2.9738e-34
1.93681e-34
1.25996e-34
8.18695e-35
5.31353e-35
3.44461e-35
2.23045e-35
1.44259e-35
9.31941e-36
6.01355e-36
3.87589e-36
2.49522e-36
1.60451e-36
1.03057e-36
6.61159e-37
4.23677e-37
2.71183e-37
1.73376e-37
1.10717e-37
7.06215e-38
4.49946e-38
2.86341e-38
1.82015e-38
1.15566e-38
7.32918e-39
4.6428e-39
2.93769e-39
1.85666e-39
1.17209e-39
7.39078e-40
4.65503e-40
2.92858e-40
1.84032e-40
1.15513e-40
7.24226e-41
4.53544e-41
2.83706e-41
1.77264e-41
1.10631e-41
6.89663e-42
4.29439e-42
2.67099e-42
1.65938e-42
1.02974e-42
6.38279e-43
3.95186e-43
2.44398e-43
1.50974e-43
9.3156e-44
5.74152e-44
3.53468e-44
2.1736e-44
1.33511e-44
8.1915e-45
5.02016e-45
3.07312e-45
1.8791e-45
1.1477e-45
7.00191e-46
4.26691e-46
2.59729e-46
1.5792e-46
9.59101e-47
5.81837e-47
3.52573e-47
2.13407e-47
1.29026e-47
7.79217e-48
4.70058e-48
2.83241e-48
1.7048e-48
1.02495e-48
6.15522e-49
3.69231e-49
2.21241e-49
1.32418e-49
7.91668e-50
4.72773e-50
2.82017e-50
1.6804e-50
1.00015e-50
5.94613e-51
3.53116e-51
2.09467e-51
1.24117e-51
7.34618e-52
4.34319e-52
2.56491e-52
1.51305e-52
8.91561e-53
5.24767e-53
3.08532e-53
1.81197e-53
1.06297e-53
6.22885e-54
3.64598e-54
2.13177e-54
1.24505e-54
7.26364e-55
4.23299e-55
2.4642e-55
1.4331e-55
8.32812e-56
4.83937e-56
2.81776e-56
1.65408e-56
9.96293e-57
6.44677e-57
4.92145e-57
)
;

boundaryField
{
    sides
    {
        type            zeroGradient;
    }
    empty
    {
        type            empty;
    }
}


// ************************************************************************* //
