/*--------------------------------*- C++ -*----------------------------------*\
  =========                 |
  \\      /  F ield         | OpenFOAM: The Open Source CFD Toolbox
   \\    /   O peration     | Website:  https://openfoam.org
    \\  /    A nd           | Version:  13
     \\/     M anipulation  |
\*---------------------------------------------------------------------------*/
FoamFile
{
    format      ascii;
    class       volScalarField;
    location    "10";
    object      rho;
}
// * * * * * * * * * * * * * * * * * * * * * * * * * * * * * * * * * * * * * //

dimensions      [1 -3 0 0 0 0 0];

internalField   nonuniform List<scalar> 
5250
(
1.40001
1.40003
1.40008
1.40022
1.40051
1.40134
1.40313
1.40798
1.41897
1.44667
1.5086
1.64676
1.93103
2.68637
5.48959
5.73244
5.67659
5.67
5.69424
5.7775
5.86059
5.913
5.95412
5.98753
6.01493
1.40001
1.40003
1.40009
1.40019
1.40056
1.40119
1.4034
1.40727
1.41998
1.44434
1.50987
1.64242
1.92775
2.67007
5.4534
5.73005
5.67484
5.66764
5.6917
5.77498
5.85814
5.91094
5.953
5.98729
6.01576
1.40001
1.40003
1.40008
1.40022
1.40048
1.40134
1.40291
1.40805
1.41781
1.44608
1.50453
1.64056
1.9174
2.63773
5.3729
5.72469
5.66993
5.65859
5.68172
5.76327
5.8457
5.89742
5.94044
5.9743
6.00214
1.40001
1.40003
1.40008
1.40019
1.40052
1.40117
1.4031
1.40716
1.41836
1.44286
1.50339
1.63152
1.90462
2.58822
5.24605
5.71828
5.66316
5.64289
5.6643
5.74216
5.82283
5.87333
5.91396
5.94821
5.97728
1.40001
1.40003
1.40007
1.4002
1.40046
1.40119
1.40283
1.40707
1.41713
1.4416
1.49806
1.62309
1.88496
2.52511
5.0691
5.71286
5.6557
5.62121
5.64015
5.7132
5.79083
5.84013
5.87859
5.9108
5.94113
1.40001
1.40003
1.40007
1.40019
1.40042
1.40117
1.40251
1.40702
1.41536
1.44035
1.49112
1.61248
1.85951
2.44992
4.83618
5.71242
5.64908
5.59349
5.6089
5.67567
5.74834
5.79349
5.83011
5.86009
5.89172
1.40001
1.40002
1.40007
1.40015
1.40044
1.40093
1.40268
1.40569
1.41575
1.43488
1.48769
1.59494
1.83192
2.36229
4.54102
5.72186
5.64581
5.56068
5.57156
5.62953
5.6971
5.73437
5.7638
5.7886
5.82071
1.40001
1.40002
1.40006
1.40016
1.40035
1.40097
1.40213
1.40577
1.41303
1.43368
1.47698
1.58107
1.7944
2.26825
4.17743
5.74228
5.64842
5.52374
5.52896
5.57352
5.63238
5.66054
5.6784
5.6908
5.7185
1.40001
1.40002
1.40005
1.40014
1.40031
1.40086
1.4019
1.40509
1.41159
1.42976
1.46855
1.56187
1.75457
2.16893
3.75212
5.77438
5.66035
5.48876
5.48533
5.5128
5.55638
5.56742
5.56599
5.55296
5.55854
1.40001
1.40002
1.40004
1.40013
1.40027
1.40075
1.40162
1.40447
1.40989
1.42609
1.45912
1.54211
1.71174
2.07241
3.27676
5.78681
5.66977
5.46209
5.44019
5.44734
5.46804
5.4589
5.42869
5.36028
5.30623
1.40001
1.40002
1.40004
1.4001
1.40024
1.40062
1.40144
1.40378
1.40864
1.42235
1.45134
1.52327
1.67328
1.98923
2.89478
5.67071
5.62552
5.44794
5.38612
5.3788
5.36839
5.33578
5.24655
5.03776
4.44316
1.40001
1.40002
1.40004
1.40009
1.40021
1.40054
1.40126
1.40326
1.40752
1.41935
1.4448
1.50794
1.64116
1.92316
2.65128
5.32106
5.49343
5.41465
5.32589
5.30401
5.27142
5.2044
5.05991
4.7647
4.14274
1.40001
1.40001
1.40003
1.40008
1.40018
1.40048
1.40105
1.40289
1.40628
1.41703
1.43812
1.49453
1.61026
1.8624
2.44963
4.80411
5.40862
5.36971
5.26581
5.22373
5.17435
5.07996
4.89365
4.59174
4.12132
1.40001
1.40001
1.40003
1.40006
1.40017
1.40037
1.40097
1.40224
1.40572
1.41357
1.43363
1.47873
1.58245
1.79876
2.27615
4.21183
5.36879
5.33507
5.22597
5.14634
5.08195
4.96834
4.78177
4.50391
4.1394
1.40001
1.40001
1.40002
1.40006
1.40012
1.40034
1.40071
1.40202
1.40433
1.41189
1.42636
1.46696
1.55009
1.73715
2.11889
3.5651
5.36241
5.32606
5.20299
5.08384
4.99557
4.87898
4.7027
4.46053
4.15773
1.40001
1.40001
1.40002
1.40004
1.40011
1.40024
1.40065
1.40142
1.40383
1.40863
1.42236
1.45117
1.52294
1.6716
1.97871
2.85932
5.30164
5.30299
5.20896
5.04248
4.93457
4.814
4.65076
4.43598
4.1801
1.40001
1.40001
1.40002
1.40004
1.40008
1.40022
1.40047
1.40129
1.40275
1.40765
1.4167
1.44355
1.49782
1.62674
1.88584
2.53165
4.92482
5.22495
5.16684
5.01375
4.88481
4.76946
4.61766
4.42914
4.20705
1.40001
1.40001
1.40002
1.40003
1.40007
1.40015
1.40042
1.4009
1.40248
1.40546
1.41454
1.43298
1.48153
1.58279
1.80371
2.28346
4.20768
5.12319
5.09683
4.99811
4.85689
4.73702
4.60314
4.43954
4.24483
1.40001
1.40001
1.40001
1.40003
1.40005
1.40013
1.40031
1.40073
1.40189
1.4043
1.41127
1.42569
1.46402
1.54503
1.72441
2.08593
3.4376
5.06941
5.06765
5.0056
4.86038
4.72874
4.60588
4.45906
4.29333
1.40001
1.40001
1.40001
1.40002
1.40004
1.4001
1.40023
1.40058
1.40132
1.40352
1.4078
1.42058
1.44633
1.51253
1.64851
1.92675
2.67317
4.89744
5.08642
5.02571
4.88819
4.7471
4.6256
4.49031
4.35838
1.40001
1.40001
1.40001
1.40002
1.40003
1.40008
1.40018
1.40044
1.40101
1.40265
1.40596
1.41567
1.43554
1.48727
1.59518
1.82697
2.34717
4.34945
5.05042
5.01875
4.92102
4.77864
4.65937
4.55065
4.44824
1.40001
1.40001
1.40001
1.40001
1.40003
1.40005
1.40014
1.40031
1.40081
1.40186
1.40474
1.41121
1.42772
1.46514
1.55178
1.7338
2.10784
3.53509
4.97407
5.00908
4.95474
4.82851
4.71787
4.63878
4.55921
1.40001
1.40001
1.40001
1.40001
1.40002
1.40005
1.4001
1.40024
1.40056
1.4014
1.40339
1.40817
1.42009
1.44743
1.51168
1.64977
1.92095
2.66158
4.78683
5.05348
5.00978
4.91965
4.82729
4.76022
4.68994
1.40001
1.40001
1.40001
1.40001
1.40002
1.40004
1.40007
1.40019
1.40039
1.4011
1.40232
1.40647
1.414
1.43692
1.48229
1.59387
1.81433
2.32003
4.22433
5.04875
5.0751
5.03812
4.96559
4.89747
4.82712
1.40001
1.40001
1.40001
1.40001
1.40001
1.40003
1.40006
1.40012
1.40033
1.4007
1.40197
1.40416
1.41153
1.4252
1.46438
1.54354
1.72299
2.08088
3.37716
4.98541
5.19846
5.16892
5.11661
5.04856
4.96971
1.40001
1.40001
1.40001
1.40001
1.40001
1.40002
1.40004
1.40009
1.40024
1.40052
1.40142
1.40304
1.40838
1.41824
1.44742
1.50562
1.64388
1.90767
2.61809
4.76942
5.3352
5.31602
5.27493
5.20748
5.10211
1.40001
1.40001
1.40001
1.40001
1.40001
1.40002
1.40003
1.40007
1.40018
1.40039
1.40106
1.40228
1.40631
1.41374
1.43623
1.48096
1.59132
1.81136
2.31865
4.20758
5.38896
5.46896
5.44019
5.37068
5.23262
1.40001
1.40001
1.40001
1.40001
1.40001
1.40001
1.40003
1.40006
1.40013
1.40031
1.40077
1.4018
1.40466
1.41067
1.42737
1.46281
1.54909
1.72772
2.10828
3.39556
5.41746
5.62859
5.59592
5.49712
5.33038
1.40001
1.40001
1.40001
1.40001
1.40001
1.40001
1.40002
1.40004
1.40011
1.40023
1.40063
1.40134
1.40376
1.40809
1.42184
1.44865
1.51921
1.66279
1.96477
2.79523
5.30243
5.75447
5.72377
5.60911
5.40734
1.40001
1.40001
1.40001
1.40001
1.40001
1.40001
1.40002
1.40004
1.40008
1.40021
1.40048
1.40118
1.40293
1.407
1.41755
1.44145
1.4994
1.62474
1.89148
2.55713
4.969
5.77065
5.76138
5.65371
5.43559
1.40001
1.40001
1.40001
1.40001
1.40001
1.40001
1.40002
1.40003
1.40007
1.40017
1.40039
1.40105
1.40231
1.40634
1.41404
1.43682
1.48356
1.59674
1.82836
2.37948
4.44727
5.79952
5.7895
5.65494
5.42665
1.40001
1.40001
1.40001
1.40001
1.40001
1.40001
1.40002
1.40003
1.40007
1.40014
1.40037
1.40081
1.40218
1.40499
1.41299
1.43027
1.4746
1.5701
1.77918
2.24899
3.95149
5.90063
5.84521
5.61552
5.38926
1.40001
1.40001
1.40001
1.40001
1.40001
1.40001
1.40001
1.40002
1.40006
1.40012
1.40033
1.40068
1.40196
1.40415
1.41168
1.42563
1.46613
1.54859
1.73653
2.15021
3.48609
6.00614
5.89142
5.56673
5.35438
1.40001
1.40001
1.40001
1.40001
1.40001
1.40001
1.40001
1.40002
1.40005
1.40011
1.40029
1.40061
1.40174
1.40368
1.41035
1.42268
1.45876
1.53213
1.70136
2.05477
3.11073
6.01836
5.88577
5.53992
5.33832
1.40001
1.40001
1.40001
1.40001
1.40001
1.40001
1.40001
1.40002
1.40005
1.40011
1.40024
1.40063
1.40141
1.40381
1.40852
1.42251
1.45139
1.52458
1.67659
1.99846
2.93596
5.89277
5.8025
5.52043
5.32944
1.40001
1.40001
1.40001
1.40001
1.40001
1.40001
1.40001
1.40002
1.40005
1.40009
1.40025
1.40052
1.40146
1.40317
1.40868
1.41948
1.45012
1.51376
1.6619
1.95845
2.80172
5.68499
5.69272
5.55345
5.34138
1.40001
1.40001
1.40001
1.40001
1.40001
1.40001
1.40001
1.40002
1.40004
1.40009
1.40021
1.40055
1.4012
1.40337
1.40729
1.41983
1.44465
1.51002
1.64509
1.92874
2.70122
5.47059
5.66927
5.57877
5.35522
1.40001
1.40001
1.40001
1.40001
1.40001
1.40001
1.40001
1.40002
1.40004
1.40008
1.4002
1.4005
1.40116
1.40308
1.40699
1.4184
1.44229
1.50342
1.63188
1.90905
2.61256
5.24753
5.67249
5.59074
5.37052
1.40001
1.40001
1.40001
1.40001
1.40001
1.40001
1.40001
1.40002
1.40004
1.40008
1.40018
1.40048
1.40107
1.40294
1.40648
1.41752
1.43961
1.49819
1.61974
1.8849
2.53895
5.02704
5.69799
5.61224
5.38047
1.40001
1.40001
1.40001
1.40001
1.40001
1.40001
1.40001
1.40002
1.40004
1.40007
1.40018
1.40043
1.40107
1.40263
1.40639
1.41599
1.43823
1.49194
1.60985
1.8614
2.4752
4.81043
5.73621
5.64098
5.38451
1.40001
1.40001
1.40001
1.40001
1.40001
1.40001
1.40001
1.40002
1.40003
1.40007
1.40016
1.40043
1.40094
1.40264
1.4057
1.41569
1.43517
1.48829
1.59835
1.84066
2.41785
4.59997
5.78627
5.67291
5.38307
1.40001
1.40001
1.40001
1.40001
1.40001
1.40001
1.40001
1.40002
1.40003
1.40006
1.40017
1.40036
1.40101
1.40216
1.4061
1.41333
1.43567
1.48046
1.59182
1.8178
2.36828
4.39536
5.8464
5.70295
5.38436
1.40001
1.40001
1.40001
1.40001
1.40001
1.40001
1.40001
1.40001
1.40003
1.40006
1.40016
1.40034
1.40093
1.4021
1.40557
1.41296
1.4331
1.47709
1.58175
1.79916
2.32125
4.19973
5.91535
5.73344
5.38698
1.40001
1.40001
1.40001
1.40001
1.40001
1.40001
1.40001
1.40001
1.40003
1.40006
1.40014
1.40036
1.40079
1.40219
1.40481
1.41319
1.42973
1.47532
1.57082
1.78284
2.27813
4.01528
5.98862
5.76218
5.39157
1.40001
1.40001
1.40001
1.40001
1.40001
1.40001
1.40001
1.40001
1.40003
1.40006
1.40013
1.40033
1.40078
1.40198
1.40482
1.41192
1.42924
1.47027
1.56419
1.76508
2.24117
3.8398
6.06294
5.79235
5.40134
1.40001
1.40001
1.40001
1.40001
1.40001
1.40001
1.40001
1.40001
1.40002
1.40006
1.40012
1.40033
1.4007
1.40201
1.40427
1.41203
1.42665
1.4686
1.55549
1.75112
2.2035
3.67699
6.13853
5.82653
5.41394
1.40001
1.40001
1.40001
1.40001
1.40001
1.40001
1.40001
1.40001
1.40003
1.40005
1.40013
1.40028
1.40077
1.4017
1.40459
1.4105
1.4273
1.46327
1.55203
1.73595
2.16496
3.53472
6.21213
5.86135
5.42634
1.40001
1.40001
1.40001
1.40001
1.40001
1.40001
1.40001
1.40001
1.40003
1.40005
1.40013
1.40027
1.40074
1.40164
1.40443
1.41015
1.42635
1.46109
1.54691
1.72547
2.12658
3.4205
6.27394
5.89167
5.43983
1.40001
1.40001
1.40001
1.40001
1.40001
1.40001
1.40001
1.40001
1.40002
1.40005
1.40011
1.4003
1.40064
1.40183
1.40388
1.41092
1.424
1.46213
1.54035
1.71979
2.09505
3.33438
6.31221
5.91289
5.45297
1.40001
1.40001
1.40001
1.40001
1.40001
1.40001
1.40001
1.40001
1.40002
1.40005
1.40011
1.4003
1.40063
1.40182
1.40384
1.41082
1.42376
1.46147
1.53861
1.71573
2.07915
3.28375
6.32989
5.92717
5.46287
2.27249
1.86421
2.16291
1.98052
1.88662
1.86788
1.8589
1.8506
1.83327
1.81413
1.80533
1.80189
1.80118
1.80254
1.80778
1.81711
1.83195
1.85165
1.87501
1.90093
1.92943
1.95872
1.9897
2.0208
2.05303
2.08461
2.11575
2.1455
2.17366
2.20099
2.22709
2.2502
2.2699
2.28899
2.30652
2.32233
2.33509
2.34747
2.35497
2.36281
2.36696
2.37236
2.374
2.37448
2.37275
2.371
2.36593
2.36126
2.35483
2.34733
2.33875
2.3294
2.31839
2.3076
2.29482
2.2825
2.26857
2.25495
2.23993
2.22473
2.20912
2.19266
2.17643
2.15923
2.14223
2.1247
2.10715
2.08945
2.07169
2.05387
2.03611
2.01831
2.00069
1.98308
1.96575
1.94852
1.93163
1.91487
1.89858
1.88237
1.86682
1.8513
1.83655
1.82201
1.8082
1.79488
1.78237
1.77046
1.75971
1.74976
1.7412
1.73416
1.72868
1.72556
1.72536
1.72572
1.72685
1.72933
1.73354
1.74346
2.80506
2.43819
2.35848
2.1414
1.91766
1.86445
1.81224
1.7503
1.71876
1.69443
1.68002
1.67402
1.67457
1.68114
1.68954
1.70223
1.7214
1.74853
1.7813
1.81709
1.85398
1.8892
1.92559
1.96322
2.00328
2.04257
2.08138
2.11974
2.15589
2.19077
2.22332
2.25335
2.28266
2.3092
2.33545
2.35769
2.37905
2.39579
2.41089
2.4233
2.43429
2.443
2.45119
2.45431
2.45714
2.45772
2.4571
2.45525
2.45118
2.44637
2.43964
2.43235
2.42335
2.41364
2.40275
2.39075
2.3783
2.36446
2.35051
2.33538
2.32
2.30393
2.28734
2.27045
2.25301
2.2354
2.2174
2.19922
2.18087
2.16235
2.14387
2.12525
2.10687
2.08839
2.07029
2.0521
2.0344
2.01663
1.99938
1.98225
1.96552
1.94926
1.93323
1.91795
1.90309
1.88885
1.87553
1.86271
1.85117
1.84055
1.83123
1.82366
1.81763
1.81416
1.81401
1.81431
1.81547
1.8182
1.82273
1.83474
3.31984
2.86067
2.61871
2.42008
2.22209
2.05971
1.96948
1.85575
1.77502
1.72268
1.6926
1.67981
1.67674
1.67497
1.67122
1.6793
1.69804
1.72735
1.7652
1.80755
1.85202
1.89796
1.94561
1.9945
2.045
2.09601
2.14682
2.1956
2.24331
2.28873
2.33154
2.37214
2.40991
2.44501
2.47792
2.50668
2.53328
2.55498
2.57518
2.59102
2.60492
2.61679
2.62682
2.63292
2.63639
2.63779
2.63848
2.63646
2.63373
2.62792
2.62216
2.61297
2.60453
2.59248
2.58152
2.56715
2.55392
2.53775
2.52259
2.50494
2.48821
2.46929
2.45134
2.43139
2.41252
2.3919
2.37236
2.35145
2.33147
2.31053
2.29032
2.26956
2.24932
2.2289
2.20885
2.18891
2.16917
2.1499
2.13063
2.1121
2.09363
2.0758
2.05839
2.0415
2.02554
2.01
1.99549
1.98178
1.96916
1.95782
1.94776
1.93969
1.93338
1.92985
1.92995
1.93052
1.93214
1.93562
1.94103
1.9563
3.5834
3.13108
2.83794
2.62809
2.46413
2.32365
2.21761
2.13468
2.0487
1.96684
1.9099
1.86661
1.84528
1.83409
1.83162
1.84189
1.86113
1.88944
1.92502
1.96771
2.01519
2.06709
2.11981
2.17451
2.23049
2.28639
2.34159
2.3947
2.44576
2.49311
2.53735
2.57721
2.61409
2.64732
2.67679
2.70348
2.72588
2.74573
2.76139
2.77447
2.78439
2.79335
2.79992
2.80333
2.80238
2.7998
2.79651
2.79109
2.78483
2.77588
2.7665
2.75458
2.74251
2.72826
2.71387
2.69777
2.68146
2.66388
2.64604
2.62725
2.60817
2.58834
2.56826
2.54751
2.52667
2.50518
2.48382
2.46186
2.44021
2.41806
2.39632
2.37427
2.35263
2.33092
2.3095
2.28835
2.2673
2.24669
2.22636
2.20649
2.1872
2.16813
2.14997
2.13214
2.11489
2.09873
2.083
2.06867
2.05529
2.04316
2.03294
2.02404
2.01768
2.01439
2.01421
2.01436
2.0164
2.0207
2.0259
2.04348
3.73709
3.34025
3.04607
2.83361
2.67634
2.54951
2.45188
2.36953
2.29935
2.22796
2.17561
2.13527
2.11411
2.10424
2.10284
2.10854
2.12227
2.14938
2.18334
2.22261
2.26523
2.31014
2.35742
2.40519
2.4529
2.49931
2.544
2.58641
2.62606
2.66319
2.69678
2.72851
2.75623
2.78179
2.80404
2.82433
2.84095
2.85542
2.86627
2.8749
2.88085
2.8863
2.88986
2.8908
2.88704
2.88121
2.87476
2.86653
2.85759
2.84647
2.83472
2.82101
2.80689
2.79114
2.77508
2.75766
2.74006
2.7213
2.7025
2.68268
2.66293
2.64223
2.62171
2.60027
2.57913
2.55714
2.53547
2.51323
2.49117
2.46896
2.44673
2.42471
2.40268
2.38085
2.35926
2.33781
2.31697
2.2963
2.27606
2.2563
2.23668
2.21807
2.19947
2.18201
2.16489
2.14881
2.13366
2.11941
2.10677
2.09507
2.0857
2.07768
2.07241
2.07084
2.07102
2.07209
2.07465
2.08068
2.08721
2.10766
3.84739
3.51498
3.24124
3.0374
2.88306
2.76468
2.66996
2.59028
2.51728
2.45001
2.39175
2.34787
2.31774
2.30105
2.29807
2.30122
2.30949
2.32641
2.35607
2.39009
2.42618
2.46356
2.50171
2.54018
2.57854
2.61616
2.65279
2.68781
2.72098
2.75195
2.78128
2.80763
2.83254
2.85454
2.87478
2.8923
2.90771
2.92019
2.93059
2.93739
2.94319
2.94706
2.95084
2.95078
2.94783
2.9411
2.93497
2.92606
2.91757
2.90632
2.89487
2.8811
2.86679
2.85088
2.83427
2.81658
2.79819
2.7789
2.75916
2.7385
2.71769
2.696
2.67419
2.65179
2.62911
2.60629
2.58316
2.56011
2.53704
2.51395
2.4912
2.46831
2.44629
2.424
2.40242
2.38078
2.35947
2.33858
2.31775
2.29766
2.27762
2.25852
2.23964
2.22176
2.20449
2.18808
2.17288
2.15855
2.14591
2.13468
2.12521
2.11833
2.11337
2.1132
2.11326
2.11476
2.11754
2.12571
2.13365
2.15691
3.93834
3.66515
3.42581
3.23518
3.09057
2.97686
2.88418
2.80214
2.7257
2.65283
2.58782
2.53359
2.49432
2.46932
2.45791
2.45891
2.46339
2.47214
2.48973
2.51911
2.55194
2.58549
2.61959
2.65392
2.6884
2.72289
2.75664
2.78972
2.82111
2.85092
2.87878
2.90443
2.92827
2.94938
2.96887
2.98525
3.00007
3.01131
3.02098
3.02645
3.03116
3.03395
3.03634
3.03543
3.03116
3.02368
3.01552
3.00548
2.99498
2.98282
2.96985
2.9554
2.94002
2.9236
2.9062
2.88819
2.86909
2.84968
2.82919
2.80843
2.78692
2.76488
2.7426
2.71948
2.69656
2.67279
2.64937
2.62548
2.60185
2.57828
2.55496
2.53192
2.50876
2.48607
2.46347
2.44109
2.41925
2.3973
2.37634
2.35519
2.33517
2.31526
2.2964
2.27816
2.26078
2.2446
2.22925
2.21573
2.20324
2.19308
2.18461
2.17869
2.1764
2.17637
2.17733
2.1798
2.1845
2.19571
2.20495
2.23031
4.02571
3.80007
3.59865
3.43029
3.29498
3.18593
3.09155
3.00466
2.92095
2.84177
2.76754
2.70493
2.65426
2.61977
2.59814
2.59062
2.59215
2.59732
2.60582
2.62305
2.65017
2.68017
2.71097
2.74128
2.77185
2.80179
2.83172
2.86061
2.88859
2.91518
2.94001
2.96297
2.98383
3.00241
3.01899
3.03326
3.04538
3.05494
3.06258
3.06683
3.07011
3.07232
3.07377
3.07283
3.06834
3.06135
3.0527
3.04269
3.03138
3.01913
3.00545
2.99096
2.97505
2.95844
2.9407
2.92218
2.903
2.88289
2.86258
2.84131
2.81999
2.79796
2.77573
2.75333
2.7305
2.70798
2.685
2.66252
2.63982
2.61724
2.59476
2.57197
2.54963
2.52683
2.50475
2.48233
2.46065
2.43899
2.4179
2.39738
2.37716
2.35805
2.3392
2.32171
2.30478
2.28926
2.275
2.26209
2.25127
2.24196
2.23553
2.23111
2.23093
2.23118
2.23271
2.23553
2.24358
2.25519
2.26531
2.28961
4.11629
3.93545
3.76573
3.61955
3.49487
3.38589
3.28726
3.19241
3.1017
3.01399
2.934
2.86268
2.80506
2.76054
2.73131
2.71411
2.70849
2.71014
2.71452
2.72137
2.7356
2.7589
2.78502
2.81167
2.83818
2.86467
2.89057
2.91629
2.94113
2.96524
2.98785
3.00898
3.02826
3.04555
3.06081
3.07398
3.08505
3.09381
3.10065
3.10414
3.10671
3.1083
3.10889
3.10727
3.10209
3.09485
3.08548
3.07484
3.06271
3.04956
3.03535
3.02007
3.00389
2.98669
2.96862
2.94985
2.93013
2.91003
2.88896
2.86759
2.84555
2.82305
2.80038
2.777
2.75392
2.7302
2.70703
2.68333
2.66007
2.63662
2.61335
2.59028
2.56718
2.54456
2.52187
2.4998
2.47781
2.45643
2.43548
2.415
2.39544
2.37625
2.35838
2.34097
2.32512
2.31029
2.29705
2.28562
2.27589
2.26875
2.26365
2.26238
2.26225
2.26333
2.26605
2.27181
2.2819
2.29493
2.30474
2.32864
4.21696
4.07249
3.93076
3.79929
3.67947
3.56826
3.46256
3.36092
3.26293
3.17089
3.08545
3.01084
2.94642
2.89643
2.85778
2.83319
2.817
2.81099
2.80895
2.81279
2.81693
2.82667
2.84462
2.86575
2.88844
2.91146
2.93379
2.95649
2.97823
2.99968
3.01998
3.03901
3.05663
3.07223
3.0861
3.09782
3.10771
3.11553
3.12136
3.124
3.126
3.12695
3.12727
3.12518
3.12023
3.11331
3.10417
3.09384
3.08156
3.06848
3.05408
3.03869
3.0227
3.00531
2.98785
2.96885
2.94986
2.92968
2.90919
2.88811
2.86634
2.84451
2.8218
2.79947
2.77647
2.75394
2.7309
2.70819
2.68529
2.66246
2.63989
2.61709
2.59492
2.57241
2.55065
2.52873
2.50752
2.48653
2.46613
2.44645
2.42727
2.40929
2.39176
2.37575
2.36063
2.34724
2.33544
2.32544
2.31789
2.31241
2.31027
2.30993
2.31073
2.31292
2.31764
2.32709
2.33772
2.35096
2.35945
2.38142
4.33555
4.21529
4.09202
3.96781
3.84736
3.73027
3.61754
3.50925
3.40685
3.31158
3.22458
3.14687
3.0801
3.02396
2.97996
2.94577
2.92171
2.90539
2.89597
2.89061
2.89108
2.89418
2.89926
2.90984
2.9272
2.94535
2.96473
2.98426
3.00361
3.02286
3.04078
3.05833
3.07389
3.08845
3.10101
3.11211
3.12125
3.12853
3.13386
3.13639
3.13761
3.13868
3.13832
3.13609
3.13114
3.12417
3.11554
3.10497
3.09299
3.07966
3.06501
3.04975
3.0331
3.01625
2.998
2.97958
2.96
2.94005
2.91938
2.89806
2.87647
2.85412
2.83203
2.80932
2.78696
2.76414
2.74155
2.71877
2.696
2.67343
2.65069
2.6285
2.60608
2.58435
2.56252
2.54135
2.5204
2.50002
2.48033
2.46114
2.44317
2.42561
2.40965
2.39452
2.38124
2.36938
2.35952
2.35187
2.34645
2.34394
2.34361
2.34428
2.34617
2.35083
2.35885
2.37016
2.38018
2.39288
2.39925
2.41868
4.46496
4.35739
4.24049
4.11799
3.99363
3.87225
3.75413
3.64303
3.53927
3.44305
3.35583
3.27687
3.20826
3.148
3.09835
3.05642
3.02405
2.99821
2.9801
2.96634
2.95892
2.95372
2.95577
2.95845
2.96378
2.97404
2.98998
3.00432
3.02107
3.03775
3.05403
3.06946
3.08356
3.09677
3.10853
3.11882
3.12758
3.13447
3.13979
3.14183
3.14327
3.14421
3.14388
3.14179
3.1368
3.13037
3.12187
3.11172
3.10019
3.0869
3.07298
3.05745
3.04161
3.02453
3.00695
2.9886
2.96944
2.94994
2.92941
2.90879
2.88721
2.86579
2.84374
2.82176
2.7995
2.77708
2.75477
2.73206
2.70981
2.68708
2.665
2.64261
2.6208
2.59909
2.57772
2.55695
2.53634
2.51678
2.49744
2.4795
2.46201
2.44595
2.43107
2.41766
2.40613
2.39628
2.38881
2.38348
2.38087
2.38051
2.38104
2.38286
2.38652
2.39562
2.40483
2.41596
2.42479
2.43547
2.43991
2.45641
4.60351
4.49724
4.37777
4.25033
4.1211
3.99468
3.87468
3.76182
3.65884
3.56373
3.47831
3.39989
3.32997
3.26708
3.21209
3.16415
3.12384
3.09025
3.0633
3.04173
3.02556
3.01296
3.00615
3.00164
3.00405
3.00635
3.0116
3.02229
3.03291
3.04755
3.06202
3.07591
3.08878
3.10098
3.11178
3.12148
3.12975
3.13636
3.14138
3.14342
3.14495
3.14558
3.14541
3.14294
3.13823
3.13196
3.12359
3.1141
3.10249
3.08996
3.0758
3.0607
3.04475
3.02767
3.01036
2.99174
2.9732
2.95334
2.93356
2.91274
2.89203
2.87073
2.8493
2.82771
2.80572
2.78394
2.76167
2.73982
2.71761
2.69579
2.67395
2.65233
2.63111
2.60995
2.58954
2.56915
2.5498
2.53065
2.51277
2.49547
2.4794
2.46459
2.45127
2.43982
2.43014
2.42284
2.41772
2.4153
2.41507
2.41563
2.41721
2.42231
2.43018
2.4405
2.44986
2.45976
2.46717
2.47534
2.47854
2.49181
4.7372
4.62544
4.50006
4.36798
4.23661
4.1091
3.99021
3.87868
3.77731
3.68362
3.59864
3.52024
3.44876
3.38305
3.32365
3.26993
3.22259
3.18129
3.14583
3.11622
3.09158
3.0724
3.0574
3.04698
3.04063
3.03778
3.03972
3.04294
3.04787
3.05724
3.06784
3.07945
3.09089
3.10182
3.11176
3.1207
3.1283
3.13458
3.13931
3.1416
3.14289
3.14372
3.14367
3.14137
3.13737
3.13116
3.12369
3.11435
3.10352
3.09139
3.0776
3.06314
3.04712
3.03078
3.01316
2.99527
2.97643
2.95712
2.93729
2.91699
2.89658
2.87556
2.85469
2.83317
2.81192
2.79019
2.76864
2.74699
2.72531
2.70398
2.68244
2.66161
2.64057
2.62044
2.60029
2.58112
2.56236
2.54454
2.52781
2.51172
2.49736
2.4841
2.47303
2.46345
2.45652
2.45155
2.44947
2.44932
2.44987
2.45186
2.45676
2.46563
2.47489
2.48483
2.49324
2.50109
2.50669
2.51214
2.51429
2.52426
4.86855
4.74753
4.61396
4.47705
4.34336
4.21648
4.09906
3.99077
3.89158
3.8001
3.71566
3.63702
3.56358
3.49525
3.43146
3.37313
3.31957
3.27202
3.22958
3.19325
3.1616
3.13558
3.11365
3.09655
3.08329
3.07425
3.06884
3.06641
3.06827
3.07119
3.0748
3.08215
3.09136
3.10042
3.10957
3.11771
3.12493
3.13092
3.13558
3.13788
3.13901
3.14011
3.13975
3.13793
3.13387
3.12801
3.12092
3.11187
3.10195
3.09007
3.07737
3.06309
3.04795
3.03178
3.01468
2.99702
2.9783
2.95942
2.93965
2.91997
2.89958
2.87924
2.85847
2.83756
2.81663
2.79537
2.77445
2.75311
2.73231
2.71121
2.6907
2.67019
2.6502
2.63068
2.61156
2.59345
2.5757
2.5596
2.54367
2.52976
2.5167
2.50609
2.49679
2.49029
2.48559
2.48414
2.48406
2.48477
2.48687
2.49301
2.50165
2.51142
2.52058
2.52927
2.53588
2.54163
2.54498
2.54794
2.54945
2.5567
4.97948
4.84722
4.70962
4.57333
4.44292
4.32029
4.20722
4.10245
4.00599
3.91594
3.83146
3.75198
3.67643
3.60535
3.5382
3.47549
3.41735
3.36408
3.31605
3.2731
3.23514
3.20187
3.17338
3.14904
3.12927
3.11311
3.10128
3.09245
3.08768
3.08595
3.08618
3.08881
3.09231
3.09819
3.10574
3.11281
3.11955
3.12508
3.12972
3.13177
3.13308
3.13402
3.13362
3.13217
3.12787
3.12269
3.11548
3.10736
3.09762
3.08658
3.07438
3.06064
3.04621
3.03024
3.01391
2.99624
2.9783
2.95958
2.94057
2.92128
2.90146
2.88171
2.8613
2.84117
2.82044
2.80002
2.7793
2.75873
2.73832
2.71786
2.69804
2.67807
2.65914
2.64018
2.62256
2.60518
2.58955
2.57419
2.56071
2.54828
2.5381
2.52946
2.52348
2.51914
2.51854
2.51847
2.51948
2.52212
2.52953
2.53833
2.54854
2.55721
2.56586
2.57204
2.57701
2.5799
2.58192
2.58292
2.58403
2.58857
5.08603
4.9416
4.80061
4.66673
4.54122
4.42433
4.31608
4.21516
4.12041
4.03117
3.94602
3.86505
3.78766
3.71368
3.64369
3.57709
3.51481
3.45682
3.40339
3.35474
3.31057
3.27117
3.23621
3.20567
3.17929
3.1569
3.13842
3.12357
3.11247
3.10466
3.10033
3.09711
3.09718
3.09957
3.10207
3.10594
3.11112
3.11547
3.11957
3.12136
3.12307
3.12366
3.12394
3.12234
3.11878
3.11388
3.10739
3.1
3.09075
3.08069
3.06873
3.056
3.04172
3.02663
3.01052
2.99352
2.97611
2.95791
2.9397
2.92079
2.90193
2.88257
2.86308
2.84348
2.82348
2.80382
2.78358
2.764
2.74392
2.72465
2.70517
2.68657
2.66819
2.65075
2.63406
2.61851
2.60405
2.59074
2.57911
2.56934
2.56152
2.55606
2.55268
2.55236
2.55248
2.55407
2.55765
2.56617
2.57524
2.58554
2.59449
2.60243
2.60898
2.61299
2.61564
2.61684
2.61717
2.61705
2.61661
2.61947
5.16982
5.02088
4.88335
4.7557
4.63817
4.52797
4.42472
4.32671
4.23338
4.14399
4.05801
3.97544
3.89592
3.81973
3.74678
3.67724
3.61123
3.54929
3.49143
3.43779
3.38837
3.34342
3.30269
3.26607
3.23356
3.20487
3.18
3.15882
3.1414
3.12717
3.11695
3.10875
3.10281
3.10025
3.09887
3.10039
3.10176
3.10411
3.10666
3.10861
3.11001
3.1107
3.11097
3.1091
3.10625
3.10154
3.096
3.08886
3.08059
3.07103
3.06001
3.04802
3.0345
3.0203
3.00473
2.9887
2.9718
2.95447
2.93676
2.91848
2.90025
2.88133
2.8627
2.84345
2.82451
2.80524
2.78617
2.76718
2.74831
2.72997
2.71172
2.69444
2.67739
2.66166
2.64657
2.63312
2.62027
2.60956
2.60034
2.59347
2.58857
2.58645
2.58622
2.58654
2.589
2.59417
2.60309
2.61277
2.62274
2.63223
2.63948
2.64634
2.64968
2.6522
2.65246
2.65251
2.65237
2.65063
2.64683
2.64915
5.23181
5.08459
4.95682
4.84026
4.73209
4.62956
4.53111
4.43578
4.34329
4.25386
4.16715
4.08332
4.00215
3.92376
3.84828
3.77586
3.70692
3.64112
3.57928
3.52114
3.46716
3.41694
3.3708
3.32841
3.28991
3.25516
3.22416
3.19677
3.17287
3.15243
3.13563
3.12245
3.11116
3.10261
3.09706
3.09379
3.09191
3.09164
3.09172
3.09266
3.09267
3.0928
3.09191
3.09026
3.08748
3.08327
3.07824
3.0715
3.06409
3.05491
3.04497
3.03353
3.02114
3.00773
2.99316
2.97813
2.962
2.94574
2.92865
2.91143
2.89384
2.87588
2.85809
2.83963
2.82182
2.80326
2.78559
2.76739
2.75018
2.73278
2.7165
2.70035
2.68562
2.67135
2.65903
2.64698
2.6373
2.62891
2.62328
2.61901
2.61846
2.61847
2.61928
2.62269
2.62994
2.63952
2.64985
2.65967
2.66944
2.67637
2.68313
2.68637
2.68844
2.68859
2.68848
2.68753
2.68555
2.68163
2.67496
2.67694
5.25891
5.12336
5.01144
4.9101
4.81379
4.71953
4.62656
4.53469
4.44385
4.35447
4.26724
4.18227
4.10003
4.02038
3.94359
3.86939
3.79818
3.72963
3.66448
3.60268
3.54439
3.48974
3.43843
3.39105
3.34675
3.30642
3.2692
3.2358
3.20577
3.17947
3.1564
3.1369
3.1208
3.10571
3.0948
3.08618
3.08029
3.07591
3.07317
3.07126
3.06964
3.06833
3.06632
3.06436
3.06105
3.05744
3.05232
3.04655
3.03951
3.03139
3.02236
3.01194
3.00089
2.98845
2.97544
2.96144
2.94677
2.93174
2.91576
2.90002
2.88317
2.86689
2.84963
2.83304
2.81578
2.79917
2.78223
2.76602
2.74978
2.73448
2.71948
2.70573
2.69263
2.68145
2.67062
2.66206
2.65489
2.65043
2.6478
2.64776
2.64839
2.65033
2.65564
2.66428
2.67457
2.68565
2.69535
2.70534
2.71211
2.71868
2.72181
2.72349
2.72357
2.72324
2.72229
2.71928
2.71473
2.70936
2.7013
2.70232
5.26471
5.15181
5.05963
4.97287
4.88592
4.79815
4.70924
4.62028
4.53182
4.44431
4.35812
4.27373
4.19091
4.11043
4.03178
3.95591
3.88239
3.8118
3.74414
3.67941
3.61762
3.55871
3.50296
3.45039
3.40107
3.35529
3.31273
3.27373
3.23804
3.20562
3.17656
3.15066
3.12836
3.10919
3.0916
3.07788
3.06682
3.05817
3.05147
3.04607
3.04223
3.03862
3.03586
3.03262
3.02962
3.0259
3.02169
3.01676
3.01072
3.00401
2.99594
2.98709
2.97703
2.96601
2.95422
2.94125
2.92809
2.91372
2.89943
2.88412
2.86903
2.85322
2.83774
2.82188
2.8064
2.79088
2.77579
2.76107
2.74685
2.7334
2.72079
2.70919
2.6992
2.68998
2.6825
2.67706
2.6735
2.67293
2.67328
2.67462
2.67788
2.68568
2.69562
2.70618
2.71793
2.72759
2.73775
2.74454
2.75094
2.75401
2.75543
2.7555
2.75518
2.75374
2.75082
2.74561
2.73959
2.73313
2.72415
2.72415
5.24989
5.16064
5.08718
5.01502
4.93818
4.85806
4.77543
4.69145
4.60692
4.52216
4.43765
4.35389
4.27127
4.1902
4.11094
4.03371
3.95854
3.88566
3.81517
3.74723
3.68231
3.6201
3.56113
3.50495
3.45195
3.40184
3.35473
3.31058
3.26941
3.23113
3.19601
3.16388
3.13488
3.10958
3.08651
3.06662
3.05017
3.03653
3.02561
3.01717
3.01031
3.00494
3.00033
2.99636
2.99265
2.98877
2.98479
2.98
2.97476
2.96852
2.96143
2.95352
2.94443
2.9348
2.92403
2.9129
2.90068
2.88815
2.87484
2.86134
2.84735
2.83334
2.81915
2.8051
2.79115
2.77757
2.76434
2.75173
2.7398
2.72878
2.7188
2.71033
2.70294
2.69694
2.69312
2.69159
2.6919
2.6932
2.69601
2.702
2.71111
2.72264
2.73365
2.74605
2.75585
2.76607
2.77306
2.77938
2.78251
2.78379
2.78391
2.7835
2.78219
2.77859
2.77374
2.76722
2.76019
2.75284
2.74319
2.74224
5.24039
5.16739
5.10375
5.03827
4.96846
4.89444
4.81754
4.73864
4.65824
4.57726
4.49586
4.41453
4.33371
4.2536
4.17483
4.09733
4.02183
3.94809
3.87672
3.80765
3.74083
3.6763
3.61374
3.5536
3.49575
3.44047
3.38788
3.33817
3.29122
3.24754
3.2068
3.16937
3.13543
3.10462
3.07809
3.05291
3.03166
3.01348
2.99811
2.98525
2.97457
2.96601
2.95887
2.95313
2.94802
2.9435
2.93902
2.93438
2.92942
2.92378
2.91764
2.91058
2.90295
2.89445
2.88532
2.87554
2.86505
2.85409
2.84251
2.83068
2.81848
2.80624
2.79392
2.7818
2.76992
2.75846
2.7476
2.73744
2.72826
2.72006
2.71353
2.70798
2.70424
2.70174
2.70295
2.70394
2.70655
2.71109
2.72066
2.73082
2.74371
2.7553
2.76832
2.77866
2.78904
2.79639
2.80275
2.80614
2.80734
2.8076
2.80733
2.80581
2.80247
2.79715
2.79112
2.78361
2.77585
2.76772
2.75754
2.7558
5.23266
5.16336
5.1027
5.04105
4.97605
4.90743
4.83556
4.76115
4.68513
4.60779
4.53016
4.45204
4.37423
4.29672
4.21986
4.1439
4.06881
3.99474
3.92203
3.8507
3.78132
3.71346
3.64797
3.58465
3.52377
3.46566
3.40981
3.35699
3.3064
3.25903
3.21408
3.17248
3.13369
3.09808
3.06575
3.0364
3.00955
2.98605
2.96598
2.94877
2.93441
2.92266
2.91285
2.90501
2.89817
2.89245
2.88705
2.88199
2.87687
2.87146
2.86591
2.85967
2.85326
2.84606
2.83859
2.83044
2.82182
2.81282
2.80319
2.79355
2.78325
2.77335
2.76288
2.75331
2.74331
2.73473
2.72597
2.71908
2.71242
2.70803
2.70451
2.70258
2.70297
2.70496
2.70738
2.71197
2.72014
2.73157
2.74316
2.75736
2.7698
2.78334
2.79432
2.80503
2.81279
2.81932
2.82299
2.82437
2.82458
2.8245
2.82312
2.81954
2.81467
2.80817
2.8013
2.79306
2.78468
2.77597
2.76534
2.76297
5.22349
5.15446
5.09537
5.03702
4.97521
4.91013
4.84129
4.77006
4.69697
4.62277
4.54786
4.4724
4.39644
4.32039
4.24415
4.16843
4.09315
4.01882
3.94564
3.87394
3.80406
3.73596
3.66965
3.60513
3.5425
3.48174
3.42315
3.36694
3.31297
3.26204
3.21334
3.16798
3.12497
3.08537
3.04847
3.01519
2.98444
2.95674
2.9326
2.91124
2.893
2.8773
2.86391
2.85282
2.84318
2.83547
2.82838
2.8227
2.81708
2.81212
2.80705
2.80173
2.79653
2.79033
2.78455
2.77744
2.77089
2.76309
2.75591
2.74775
2.74029
2.73212
2.72493
2.71722
2.71095
2.70446
2.6998
2.69545
2.69303
2.69211
2.69253
2.69474
2.69812
2.70259
2.71057
2.72076
2.73445
2.74751
2.7628
2.77632
2.79051
2.80222
2.81322
2.82172
2.82818
2.83252
2.83384
2.83452
2.83423
2.83326
2.82979
2.82483
2.81885
2.81157
2.80394
2.79508
2.78606
2.7768
2.76576
2.76285
5.21816
5.14506
5.08786
5.03064
4.97087
4.90669
4.83986
4.77012
4.69914
4.6264
4.55289
4.47828
4.40331
4.32823
4.25324
4.17886
4.10484
4.03164
3.95885
3.8871
3.81649
3.74725
3.6794
3.61334
3.549
3.48673
3.42663
3.36856
3.31283
3.25924
3.20788
3.15917
3.11276
3.0696
3.029
2.9919
2.95789
2.92612
2.89784
2.87243
2.85036
2.83094
2.81472
2.80092
2.78973
2.78043
2.77282
2.76642
2.76069
2.7556
2.75039
2.74553
2.74012
2.73488
2.72916
2.72345
2.71754
2.71155
2.70562
2.69957
2.69387
2.68814
2.68301
2.67831
2.67436
2.67143
2.66949
2.66919
2.67013
2.67335
2.67681
2.68166
2.68886
2.70014
2.7123
2.72736
2.7419
2.75818
2.77278
2.78774
2.80031
2.81171
2.82093
2.82771
2.83243
2.83437
2.83475
2.835
2.83366
2.83092
2.82596
2.82014
2.81331
2.80549
2.79735
2.78813
2.77881
2.7694
2.75825
2.75536
5.2178
5.13917
5.08195
5.02639
4.96642
4.90269
4.83507
4.76551
4.69401
4.62186
4.54938
4.47628
4.40319
4.32975
4.25608
4.18239
4.10868
4.03525
3.96241
3.89029
3.81968
3.75032
3.68253
3.61637
3.55147
3.48826
3.42652
3.36623
3.30819
3.25166
3.19812
3.14657
3.09826
3.05243
3.00965
2.9697
2.9327
2.89847
2.86713
2.83884
2.81403
2.79187
2.77328
2.75683
2.74339
2.73159
2.72188
2.7134
2.70608
2.69959
2.69382
2.68839
2.68334
2.67864
2.67377
2.66977
2.66495
2.66148
2.6569
2.65367
2.64953
2.64679
2.64353
2.64193
2.64031
2.64074
2.64147
2.64515
2.64869
2.65373
2.66059
2.67106
2.68352
2.69728
2.71327
2.72873
2.7456
2.76081
2.77627
2.78897
2.80096
2.80993
2.81712
2.82179
2.82355
2.82401
2.82377
2.82303
2.81982
2.81608
2.80951
2.80386
2.79578
2.7883
2.77926
2.77022
2.76033
2.75065
2.73928
2.73573
5.22042
5.13749
5.08068
5.02602
4.96592
4.90017
4.83181
4.76137
4.69054
4.61856
4.54657
4.47396
4.40057
4.32742
4.25368
4.18072
4.10787
4.03583
3.96427
3.89323
3.82301
3.75336
3.68472
3.61718
3.55054
3.48578
3.42218
3.36095
3.30144
3.24463
3.18965
3.1378
3.08753
3.04063
2.99533
2.95368
2.91359
2.87794
2.84311
2.81278
2.78422
2.7595
2.73688
2.71742
2.70033
2.68561
2.67331
2.66265
2.65398
2.64644
2.64048
2.63517
2.63109
2.62744
2.62436
2.62189
2.61931
2.61744
2.61517
2.61366
2.61193
2.6111
2.61031
2.61095
2.61162
2.61506
2.61787
2.62281
2.62878
2.63773
2.64896
2.66184
2.6769
2.69274
2.70911
2.72638
2.74201
2.75792
2.77105
2.78336
2.79268
2.80046
2.80552
2.80834
2.8088
2.80935
2.80859
2.80709
2.80227
2.79773
2.79033
2.78386
2.77452
2.76661
2.75578
2.74672
2.73504
2.72559
2.71332
2.7101
5.22365
5.13897
5.08345
5.0289
4.96887
4.90319
4.83436
4.76405
4.69212
4.61955
4.54612
4.47267
4.39929
4.32655
4.25425
4.18244
4.11096
4.03949
3.96808
3.89656
3.82544
3.75492
3.68541
3.61726
3.55045
3.48541
3.42205
3.36036
3.30093
3.24294
3.18742
3.13373
3.0822
3.03307
2.98619
2.9418
2.90001
2.86097
2.82421
2.7906
2.75916
2.73108
2.70519
2.68261
2.66239
2.64503
2.6298
2.61761
2.60746
2.60006
2.59395
2.58984
2.58646
2.58419
2.58246
2.58138
2.58058
2.58007
2.57933
2.57933
2.57897
2.5796
2.58089
2.58342
2.58597
2.59024
2.59667
2.60424
2.61435
2.62667
2.64017
2.65641
2.67193
2.69045
2.7067
2.72452
2.73968
2.75442
2.76653
2.77678
2.78521
2.7906
2.79419
2.79484
2.795
2.79426
2.79243
2.78809
2.78214
2.77588
2.76756
2.75987
2.74983
2.74126
2.73016
2.72146
2.70989
2.70187
2.6899
2.68912
5.22315
5.14146
5.08891
5.0367
4.97807
4.91255
4.84339
4.7717
4.69821
4.62457
4.55138
4.47846
4.40648
4.3347
4.2629
4.19082
4.11877
4.04626
3.97423
3.90231
3.831
3.76076
3.69125
3.62336
3.55634
3.49106
3.42706
3.36463
3.3041
3.24496
3.18806
3.13278
3.07965
3.02883
2.98002
2.93384
2.89016
2.84872
2.81024
2.77384
2.73974
2.70845
2.67982
2.65358
2.63028
2.61032
2.59378
2.58015
2.56948
2.56117
2.55508
2.55096
2.54783
2.54641
2.54533
2.54531
2.54536
2.54561
2.54593
2.54737
2.54908
2.55098
2.55422
2.55897
2.56512
2.57306
2.58193
2.59331
2.6063
2.62142
2.63775
2.65512
2.6736
2.69099
2.70917
2.72466
2.7398
2.75188
2.76308
2.77054
2.77731
2.78046
2.78128
2.78095
2.77986
2.77776
2.77369
2.76779
2.76139
2.75376
2.74599
2.73763
2.72908
2.72065
2.71149
2.70347
2.69376
2.68692
2.67614
2.67657
5.22043
5.14537
5.09782
5.04876
4.99084
4.92508
4.85491
4.78335
4.7104
4.63813
4.56626
4.49428
4.4221
4.3498
4.27662
4.20386
4.13092
4.05846
3.98639
3.9148
3.8435
3.77301
3.70304
3.63422
3.5664
3.49988
3.43493
3.37103
3.30938
3.2487
3.19044
3.13395
3.07946
3.02767
2.97766
2.93031
2.88497
2.84179
2.80072
2.76161
2.72484
2.6905
2.65865
2.63021
2.60525
2.58375
2.56548
2.55055
2.53864
2.52949
2.52278
2.51806
2.51516
2.51381
2.51356
2.51434
2.51517
2.51624
2.51807
2.52064
2.52456
2.52943
2.53545
2.54253
2.5517
2.56202
2.57449
2.58836
2.60434
2.62147
2.63984
2.65856
2.67711
2.69495
2.71179
2.7262
2.74
2.7496
2.75897
2.76416
2.76849
2.76932
2.76864
2.7668
2.76498
2.76182
2.75717
2.75112
2.74479
2.73799
2.731
2.72363
2.71622
2.70846
2.70048
2.69231
2.68361
2.67575
2.66561
2.66438
5.21865
5.14962
5.10743
5.06068
5.00321
4.93885
4.8698
4.80013
4.72949
4.65823
4.58706
4.51438
4.44144
4.36817
4.29458
4.22165
4.14866
4.0761
4.00365
3.93134
3.85927
3.78772
3.71656
3.64664
3.57741
3.50959
3.44323
3.37795
3.31513
3.25348
3.19453
3.1375
3.08251
3.03017
2.979
2.93035
2.88295
2.83749
2.79398
2.75252
2.71332
2.67694
2.64368
2.6137
2.58707
2.56384
2.54388
2.52729
2.51388
2.50333
2.49567
2.49033
2.48732
2.48658
2.48736
2.48844
2.48978
2.49242
2.49624
2.5008
2.50664
2.51373
2.52215
2.53197
2.54374
2.55678
2.57197
2.58851
2.60679
2.62563
2.64544
2.66452
2.68338
2.70031
2.7158
2.72909
2.73986
2.74839
2.75476
2.75817
2.7606
2.75965
2.75782
2.75639
2.75433
2.75038
2.74609
2.74006
2.73509
2.72849
2.72223
2.7154
2.70818
2.70054
2.69236
2.68384
2.67455
2.66588
2.65546
2.65319
5.2172
5.15277
5.11612
5.07227
5.01764
4.95489
4.88806
4.81892
4.74957
4.67802
4.60658
4.53369
4.46081
4.38808
4.31475
4.24196
4.16854
4.09511
4.02155
3.94798
3.87462
3.80186
3.72931
3.65821
3.58743
3.51863
3.45093
3.38528
3.3217
3.26019
3.20085
3.1438
3.08805
3.0348
2.98209
2.93185
2.88236
2.83511
2.78972
2.74667
2.70592
2.66862
2.63355
2.60255
2.57383
2.54906
2.52715
2.50873
2.49368
2.48156
2.47272
2.46685
2.46301
2.46358
2.46451
2.46574
2.46806
2.47236
2.47818
2.48511
2.49306
2.50244
2.51318
2.52583
2.54004
2.55612
2.57386
2.59289
2.61285
2.6333
2.65341
2.67277
2.69071
2.70645
2.72049
2.7314
2.74058
2.74702
2.7513
2.7539
2.75462
2.75278
2.75154
2.75034
2.74825
2.74394
2.74042
2.73453
2.73045
2.72347
2.71826
2.71087
2.70388
2.69594
2.68737
2.67841
2.66883
2.6597
2.64903
2.64634
5.2181
5.15816
5.12579
5.08417
5.03047
4.96814
4.90266
4.83385
4.76507
4.69352
4.62241
4.55073
4.47856
4.40679
4.33343
4.2605
4.18637
4.11214
4.03768
3.96312
3.88854
3.81466
3.74057
3.66836
3.59627
3.52692
3.4585
3.39307
3.32909
3.26787
3.20781
3.15025
3.09319
3.03866
2.9842
2.93271
2.88149
2.83358
2.78672
2.74323
2.70175
2.66346
2.62736
2.59479
2.56444
2.53808
2.51399
2.4941
2.47697
2.46336
2.45332
2.44627
2.44206
2.44329
2.44409
2.4459
2.44896
2.45497
2.46281
2.47175
2.48231
2.49433
2.50801
2.52366
2.54065
2.55953
2.57963
2.60064
2.62178
2.64287
2.66262
2.68142
2.69768
2.71232
2.72405
2.73372
2.74118
2.74604
2.74974
2.75144
2.75104
2.74993
2.7492
2.74792
2.74584
2.74157
2.73864
2.73296
2.7293
2.72231
2.71761
2.70952
2.70317
2.69438
2.68618
2.67683
2.66728
2.6578
2.64728
2.6443
5.22187
5.16324
5.13189
5.09172
5.03685
4.97522
4.90991
4.84246
4.7746
4.70516
4.6351
4.56472
4.49311
4.422
4.34881
4.27611
4.20179
4.12708
4.05178
3.97602
3.90006
3.82499
3.74972
3.67694
3.6045
3.53499
3.46665
3.40086
3.33654
3.27427
3.21321
3.15422
3.09588
3.04022
2.98487
2.93282
2.88122
2.83313
2.78594
2.74227
2.69983
2.66083
2.62339
2.58956
2.55752
2.52961
2.50366
2.48212
2.46321
2.44813
2.43674
2.42853
2.42387
2.42505
2.42602
2.4282
2.43208
2.43948
2.44957
2.46087
2.47443
2.48931
2.50629
2.52458
2.54456
2.56574
2.58762
2.60965
2.63138
2.65181
2.67103
2.68803
2.70304
2.71586
2.72609
2.73476
2.74072
2.74548
2.74854
2.74998
2.74984
2.74953
2.74893
2.74782
2.74621
2.74225
2.73955
2.73423
2.73038
2.72361
2.71885
2.71046
2.7046
2.69513
2.6877
2.67767
2.66861
2.65892
2.64857
2.64541
5.2273
5.16594
5.13229
5.09152
5.03712
4.97811
4.91467
4.85025
4.78294
4.71515
4.64516
4.57566
4.50469
4.43442
4.36185
4.28933
4.21483
4.13942
4.06337
3.98667
3.91004
3.83432
3.75876
3.68538
3.61266
3.54223
3.47306
3.40603
3.34045
3.27684
3.215
3.15484
3.09666
3.0404
2.98567
2.93351
2.88237
2.83411
2.78691
2.74247
2.69935
2.65937
2.62059
2.58579
2.55215
2.52299
2.4956
2.47246
2.4522
2.43551
2.42271
2.41331
2.40772
2.40884
2.40993
2.4124
2.41689
2.42578
2.43816
2.45212
2.46877
2.48671
2.50678
2.52772
2.55
2.57272
2.59554
2.61763
2.63885
2.65812
2.67601
2.69136
2.70514
2.71626
2.72605
2.73346
2.73954
2.74431
2.7472
2.74975
2.74993
2.74999
2.74992
2.74956
2.74818
2.74463
2.74168
2.73676
2.73254
2.72628
2.72095
2.71292
2.70701
2.69724
2.69044
2.67973
2.6715
2.66135
2.65133
2.64807
5.23279
5.16624
5.13164
5.09116
5.04009
4.98274
4.92046
4.85675
4.78918
4.72237
4.65257
4.58394
4.5134
4.44368
4.3717
4.29947
4.2256
4.15014
4.07426
3.99707
3.92002
3.84322
3.76676
3.69158
3.61769
3.54531
3.47493
3.40666
3.34032
3.2765
3.2146
3.15491
3.09718
3.04133
2.98717
2.93488
2.88403
2.83515
2.78774
2.74252
2.69884
2.65806
2.61843
2.58289
2.5482
2.518
2.48961
2.46486
2.44351
2.42521
2.41102
2.40057
2.39374
2.39486
2.39606
2.3988
2.40376
2.41407
2.42841
2.44521
2.46471
2.48569
2.50827
2.5316
2.55548
2.5789
2.60169
2.62311
2.64298
2.66111
2.6772
2.69151
2.7038
2.71455
2.7236
2.73122
2.7378
2.74255
2.74694
2.74987
2.75065
2.75143
2.75199
2.75209
2.75046
2.74738
2.74419
2.73959
2.73497
2.72903
2.72305
2.71581
2.70917
2.70004
2.69316
2.68235
2.67495
2.66418
2.65486
2.65129
5.23906
5.1679
5.13315
5.09331
5.044
4.98697
4.92544
4.86154
4.79359
4.727
4.65735
4.58959
4.51951
4.45019
4.37877
4.30684
4.23401
4.1593
4.08443
4.00726
3.92961
3.85114
3.7726
3.69501
3.61919
3.5451
3.47404
3.40534
3.33928
3.27591
3.21439
3.15532
3.09766
3.0421
2.9878
2.93539
2.88441
2.83513
2.78765
2.742
2.69809
2.65693
2.61675
2.58071
2.54523
2.51414
2.48492
2.45888
2.4367
2.41709
2.40184
2.39058
2.38264
2.38386
2.38519
2.38814
2.39352
2.40484
2.42075
2.44007
2.46186
2.48549
2.51016
2.53533
2.56002
2.58385
2.60605
2.62671
2.64524
2.66216
2.67695
2.69025
2.70186
2.71221
2.72126
2.7294
2.73599
2.74212
2.74699
2.75028
2.7518
2.75308
2.75422
2.75432
2.7527
2.74986
2.74646
2.74202
2.73724
2.73116
2.72527
2.71809
2.71107
2.70269
2.69516
2.68507
2.67786
2.66665
2.65803
2.65384
5.24597
5.17099
5.13541
5.09565
5.04675
4.98922
4.92854
4.8649
4.79668
4.72922
4.659
4.59168
4.52252
4.45428
4.38383
4.31239
4.24043
4.16622
4.09181
4.01438
3.93594
3.85606
3.77582
3.69664
3.61949
3.54468
3.47319
3.40457
3.3386
3.27549
3.21407
3.15513
3.09735
3.04186
2.98742
2.9351
2.8842
2.83498
2.78767
2.74189
2.69795
2.65645
2.61584
2.57928
2.54309
2.51132
2.4814
2.45452
2.43173
2.41132
2.39546
2.38367
2.3751
2.37644
2.37789
2.38097
2.38664
2.39857
2.4155
2.4366
2.45994
2.48547
2.5115
2.53781
2.56276
2.58667
2.60812
2.62808
2.6456
2.66156
2.67564
2.68826
2.69977
2.70989
2.71948
2.72759
2.73518
2.74175
2.74692
2.75072
2.75266
2.75431
2.75564
2.75577
2.75408
2.75133
2.74785
2.74355
2.7386
2.73275
2.72676
2.71964
2.71273
2.70442
2.69672
2.68724
2.67965
2.66839
2.66014
2.65528
5.25143
5.17395
5.13721
5.09703
5.04836
4.99074
4.9305
4.86687
4.7985
4.73034
4.65965
4.5924
4.52384
4.45641
4.38674
4.31571
4.24414
4.1699
4.09534
4.0174
3.93828
3.85763
3.77671
3.69698
3.61947
3.54448
3.4729
3.40431
3.33833
3.27528
3.21383
3.15491
3.09709
3.04165
2.98719
2.93497
2.88409
2.83494
2.78766
2.74186
2.69781
2.65615
2.61526
2.5784
2.54183
2.50968
2.47941
2.45211
2.42903
2.40824
2.39208
2.38002
2.37111
2.37249
2.37399
2.37715
2.38297
2.3952
2.41271
2.43469
2.45891
2.4854
2.51224
2.53904
2.5643
2.58806
2.60932
2.62879
2.64588
2.66132
2.67501
2.68744
2.69868
2.70899
2.71849
2.72684
2.73476
2.74144
2.74685
2.75071
2.75284
2.7547
2.75606
2.75621
2.7545
2.75174
2.74826
2.74396
2.73902
2.73324
2.72725
2.72022
2.71332
2.70502
2.69732
2.68796
2.68019
2.66901
2.66076
2.65563
)
;

boundaryField
{
    inlet
    {
        type            calculated;
        value           uniform 1.40001;
    }
    outlet
    {
        type            calculated;
        value           nonuniform List<scalar> 
40
(
1.7373
1.8283
1.94946
2.0364
2.1004
2.14956
2.22283
2.28209
2.32115
2.37393
2.41121
2.44893
2.4843
2.51671
2.54908
2.58089
2.61174
2.64141
2.66916
2.69451
2.71632
2.73439
2.74795
2.75512
2.75502
2.74757
2.72801
2.70246
2.68155
2.66903
2.65688
2.64572
2.6389
2.63686
2.63797
2.64063
2.64386
2.6464
2.64784
2.6482
)
;
    }
    bottom
    {
        type            symmetryPlane;
    }
    top
    {
        type            symmetryPlane;
    }
    obstacle
    {
        type            calculated;
        value           nonuniform List<scalar> 
110
(
6.01493
6.01576
6.00214
5.97728
5.94113
5.89172
5.82071
5.7185
5.55854
5.30623
2.27249
1.86421
2.16291
1.98052
1.88662
1.86788
1.8589
1.8506
1.83327
1.81413
1.80533
1.80189
1.80118
1.80254
1.80778
1.81711
1.83195
1.85165
1.87501
1.90093
1.92943
1.95872
1.9897
2.0208
2.05303
2.08461
2.11575
2.1455
2.17366
2.20099
2.22709
2.2502
2.2699
2.28899
2.30652
2.32233
2.33509
2.34747
2.35497
2.36281
2.36696
2.37236
2.374
2.37448
2.37275
2.371
2.36593
2.36126
2.35483
2.34733
2.33875
2.3294
2.31839
2.3076
2.29482
2.2825
2.26857
2.25495
2.23993
2.22473
2.20912
2.19266
2.17643
2.15923
2.14223
2.1247
2.10715
2.08945
2.07169
2.05387
2.03611
2.01831
2.00069
1.98308
1.96575
1.94852
1.93163
1.91487
1.89858
1.88237
1.86682
1.8513
1.83655
1.82201
1.8082
1.79488
1.78237
1.77046
1.75971
1.74976
1.7412
1.73416
1.72868
1.72556
1.72536
1.72572
1.72685
1.72933
1.73354
1.74346
)
;
    }
    defaultFaces
    {
        type            empty;
    }
}


// ************************************************************************* //
