/*--------------------------------*- C++ -*----------------------------------*\
  =========                 |
  \\      /  F ield         | OpenFOAM: The Open Source CFD Toolbox
   \\    /   O peration     | Website:  https://openfoam.org
    \\  /    A nd           | Version:  13
     \\/     M anipulation  |
\*---------------------------------------------------------------------------*/
FoamFile
{
    format      ascii;
    class       volScalarField;
    location    "7.5";
    object      p;
}
// * * * * * * * * * * * * * * * * * * * * * * * * * * * * * * * * * * * * * //

dimensions      [1 -1 -2 0 0 0 0];

internalField   nonuniform List<scalar> 
5250
(
1.00001
1.00004
1.0001
1.00027
1.00062
1.00167
1.00378
1.01013
1.02336
1.06104
1.14882
1.3922
2.06847
4.0775
9.61082
11.3352
11.1663
11.0826
11.1668
11.3854
11.6043
11.7426
11.8493
11.9335
11.9982
1.00001
1.00004
1.00009
1.00027
1.00061
1.00165
1.00374
1.00997
1.02319
1.06001
1.14735
1.3866
2.05439
4.03411
9.51434
11.3363
11.1634
11.0735
11.1582
11.3772
11.5957
11.7342
11.8424
11.9279
11.994
1.00001
1.00003
1.0001
1.00024
1.00064
1.00148
1.00395
1.00901
1.02398
1.0562
1.1463
1.37279
2.02608
3.94028
9.298
11.3389
11.1531
11.045
11.1278
11.3439
11.5593
11.6956
11.803
11.8876
11.9535
1.00001
1.00003
1.00009
1.00023
1.00061
1.00146
1.00367
1.00902
1.02218
1.05532
1.13837
1.35873
1.97675
3.80145
8.95665
11.3488
11.1391
10.9976
11.076
11.2852
11.4956
11.6273
11.7312
11.8135
11.8797
1.00001
1.00003
1.00009
1.00021
1.00059
1.00133
1.00359
1.00816
1.02163
1.05098
1.13184
1.3354
1.91584
3.61393
8.48668
11.3717
11.1234
10.9331
11.0051
11.2038
11.4072
11.5319
11.6302
11.7088
11.7764
1
1.00003
1.00008
1.00022
1.0005
1.00135
1.00305
1.00817
1.01878
1.04926
1.11893
1.31181
1.83647
3.38484
7.87989
11.4099
11.1072
10.8511
10.9144
11.0983
11.2913
11.4051
11.4932
11.5641
11.632
1
1.00003
1.00007
1.00019
1.00047
1.00118
1.0029
1.00706
1.0178
1.04322
1.1094
1.27834
1.74922
3.11599
7.13962
11.4531
11.0913
10.7534
10.8045
10.9661
11.144
11.2404
11.31
11.3639
11.4263
1
1.00002
1.00007
1.00017
1.00042
1.00103
1.00261
1.00621
1.01592
1.03805
1.09709
1.24414
1.65291
2.82577
6.29352
11.4537
11.0656
10.6452
10.6788
10.8061
10.9618
11.0313
11.0693
11.0871
11.1238
1
1.00002
1.00006
1.00014
1.00038
1.00088
1.00234
1.00533
1.01418
1.03281
1.08516
1.21032
1.55895
2.54159
5.4246
11.3324
10.9862
10.5284
10.5354
10.615
10.7385
10.7673
10.7543
10.6985
10.6467
1
1.00002
1.00005
1.00013
1.00033
1.0008
1.00202
1.00482
1.0123
1.02933
1.07468
1.18562
1.48883
2.34464
4.87277
10.8452
10.7462
10.4218
10.3565
10.3974
10.4661
10.4462
10.3548
10.139
9.81728
1
1.00002
1.00004
1.00012
1.00027
1.00074
1.00168
1.00449
1.0103
1.02687
1.06417
1.16492
1.42492
2.16914
4.3468
9.92933
10.4667
10.3052
10.1597
10.1632
10.1561
10.0769
9.83578
9.27065
7.82245
1
1.00001
1.00004
1.0001
1.00025
1.00063
1.00147
1.0039
1.00888
1.02363
1.05521
1.14377
1.36497
2.001
3.842
8.84803
10.3071
10.1948
9.98117
9.9242
9.85301
9.68231
9.30264
8.54011
7.05711
1
1.00001
1.00003
1.00009
1.0002
1.00055
1.00124
1.00332
1.00763
1.01989
1.04738
1.12119
1.30781
1.83235
3.34807
7.61111
10.2072
10.0946
9.83037
9.68717
9.56092
9.31034
8.83996
8.07277
6.91613
1
1.00001
1.00003
1.00007
1.00018
1.00042
1.00112
1.00254
1.00674
1.01559
1.04033
1.0976
1.25225
1.66608
2.85956
6.26707
10.1188
10.0056
9.70222
9.46183
9.27626
8.98552
8.50564
7.80735
6.90015
1
1.00001
1.00002
1.00005
1.00015
1.00034
1.00089
1.00206
1.00529
1.01264
1.03157
1.07762
1.19583
1.50957
2.38638
4.84854
9.86598
9.84339
9.60527
9.26375
9.02171
8.71549
8.25956
7.63761
6.8798
1
1.00001
1.00002
1.00005
1.00011
1.0003
1.00067
1.00177
1.00409
1.01054
1.02504
1.06328
1.15669
1.40703
2.10249
4.09508
9.04171
9.5789
9.42148
9.08588
8.80197
8.48924
8.06348
7.50727
6.84954
1
1
1.00001
1.00004
1.00009
1.00023
1.00055
1.00141
1.00324
1.00856
1.01969
1.05133
1.12377
1.3232
1.86076
3.4117
7.5425
9.29799
9.20941
8.95447
8.62206
8.29828
7.89962
7.39834
6.81695
1
1
1.00001
1.00003
1.00007
1.00017
1.00045
1.00103
1.00272
1.00618
1.0164
1.03796
1.09849
1.24419
1.65193
2.79102
5.95993
9.10457
9.07248
8.87592
8.48749
8.14059
7.76091
7.30531
6.78531
1
1
1.00001
1.00002
1.00006
1.00013
1.00033
1.00081
1.00195
1.0049
1.01158
1.02948
1.07069
1.17991
1.46041
2.23676
4.33889
8.67584
8.96029
8.7934
8.4136
8.01997
7.64453
7.22498
6.75502
1
1
1.00001
1.00002
1.00004
1.0001
1.00026
1.00058
1.00155
1.00352
1.00924
1.02142
1.05495
1.13368
1.34593
1.91997
3.5332
7.58474
8.73132
8.62604
8.33491
7.92038
7.54436
7.15283
6.72478
1
1
1
1.00001
1.00003
1.00008
1.00018
1.00045
1.00113
1.00266
1.00684
1.01594
1.04109
1.09862
1.25466
1.66496
2.82357
5.92877
8.47599
8.44846
8.26114
7.86197
7.46477
7.08822
6.69454
1
1
1
1.00001
1.00002
1.00005
1.00013
1.00033
1.00078
1.00201
1.00458
1.01203
1.02762
1.07133
1.17258
1.44909
2.18011
4.11478
7.99201
8.33974
8.19344
7.8415
7.41167
7.03633
6.66798
1
1
1
1.00001
1.00002
1.00004
1.0001
1.00023
1.0006
1.00134
1.00358
1.00807
1.0212
1.04944
1.12661
1.31684
1.84132
3.27289
6.83698
8.12066
8.0479
7.8058
7.38133
6.999
6.6461
1
1
1
1
1.00001
1.00003
1.00007
1.00017
1.00039
1.00103
1.00238
1.00604
1.0145
1.03582
1.08836
1.22199
1.57804
2.54999
5.1165
7.76617
7.85904
7.72613
7.39048
6.99079
6.63613
1
1
1
1
1.00001
1.00002
1.00005
1.00011
1.00029
1.00067
1.00173
1.00394
1.01029
1.02357
1.06092
1.1458
1.37712
1.97807
3.56019
7.01224
7.71863
7.63187
7.3847
7.00014
6.63919
1
1
1
1
1.00001
1.00001
1.00003
1.00008
1.0002
1.00045
1.00119
1.00268
1.00708
1.01607
1.04181
1.09887
1.25453
1.65438
2.74323
5.4923
7.45799
7.47265
7.35457
7.04604
6.65495
1
1
1
1
1
1.00001
1.00002
1.00005
1.00013
1.0003
1.00079
1.00177
1.00467
1.01048
1.02747
1.06355
1.16261
1.405
2.05016
3.65984
6.90161
7.3825
7.30128
7.07696
6.69547
1
1
1
1
1
1.00001
1.00001
1.00004
1.00008
1.00021
1.0005
1.00123
1.00302
1.00717
1.01809
1.04273
1.10796
1.26687
1.69614
2.82488
5.63227
7.16935
7.17672
7.06523
6.78595
1
1
1
1
1
1
1.00001
1.00002
1.00006
1.00013
1.00034
1.00077
1.00202
1.00454
1.01188
1.02708
1.06971
1.16682
1.42998
2.1015
3.79219
6.66326
7.08317
7.02038
6.83285
1
1
1
1
1
1
1.00001
1.00001
1.00004
1.00008
1.00022
1.0005
1.0013
1.00297
1.0076
1.01782
1.04446
1.10792
1.27181
1.69733
2.81015
5.48961
6.86408
6.91019
6.81898
1
1
1
1
1
1
1
1.00001
1.00002
1.00006
1.00014
1.00032
1.00082
1.00186
1.00486
1.01093
1.02856
1.06581
1.1683
1.41705
2.07226
3.67745
6.34509
6.81207
6.77352
1
1
1
1
1
1
1
1.00001
1.00001
1.00004
1.00008
1.00022
1.00049
1.00126
1.00288
1.0073
1.01722
1.04251
1.10367
1.25862
1.6604
2.69265
5.1644
6.57748
6.69445
1
1
1
1
1
1
1
1
1.00001
1.00002
1.00005
1.00012
1.00032
1.00072
1.00188
1.00421
1.01093
1.02489
1.06339
1.1508
1.38267
1.95755
3.34781
6.02481
6.6124
1
1
1
1
1
1
1
1
1.00001
1.00001
1.00003
1.00008
1.00019
1.00047
1.00113
1.00268
1.00669
1.01558
1.0394
1.0932
1.23598
1.59192
2.51786
4.75637
6.35578
1
1
1
1
1
1
1
1
1
1.00001
1.00002
1.00005
1.00012
1.00028
1.00069
1.00165
1.00393
1.00973
1.02283
1.05692
1.13637
1.34284
1.85589
3.10528
5.71733
1
1
1
1
1
1
1
1
1
1.00001
1.00001
1.00003
1.00007
1.00017
1.00044
1.00098
1.00255
1.00572
1.01484
1.0339
1.08621
1.20736
1.5293
2.33901
4.32003
1
1
1
1
1
1
1
1
1
1
1.00001
1.00002
1.00004
1.00011
1.00026
1.00065
1.00155
1.00373
1.00918
1.02168
1.054
1.12981
1.32737
1.82845
3.10089
1
1
1
1
1
1
1
1
1
1
1.00001
1.00001
1.00003
1.00008
1.00017
1.00046
1.00103
1.0027
1.00608
1.01584
1.03658
1.09302
1.22743
1.58945
2.54811
1
1
1
1
1
1
1
1
1
1
1
1.00001
1.00002
1.00006
1.00015
1.00034
1.00088
1.00208
1.00522
1.01273
1.03131
1.07792
1.1959
1.51276
2.40509
1
1
1
1
1
1
1
1
1
1
1
1.00001
1.00002
1.00005
1.00013
1.0003
1.0008
1.00182
1.0049
1.0112
1.02987
1.07071
1.18521
1.48073
2.3401
1
1
1
1
1
1
1
1
1
1
1
1.00001
1.00002
1.00005
1.00012
1.00028
1.00075
1.00173
1.00467
1.01072
1.02868
1.06827
1.17916
1.46743
2.30671
1
1
1
1
1
1
1
1
1
1
1
1.00001
1.00002
1.00005
1.00012
1.00027
1.00073
1.00168
1.00454
1.01044
1.02803
1.0668
1.17567
1.45948
2.28684
1
1
1
1
1
1
1
1
1
1
1
1.00001
1.00002
1.00004
1.00012
1.00027
1.00071
1.00167
1.00436
1.01057
1.02686
1.06696
1.17163
1.45497
2.2703
1
1
1
1
1
1
1
1
1
1
1
1.00001
1.00002
1.00005
1.0001
1.00028
1.00065
1.00177
1.00404
1.01096
1.02558
1.06768
1.16788
1.45206
2.25839
1
1
1
1
1
1
1
1
1
1
1
1.00001
1.00002
1.00004
1.00011
1.00026
1.00068
1.00162
1.0043
1.01012
1.02679
1.06484
1.16957
1.44633
2.25301
1
1
1
1
1
1
1
1
1
1
1
1.00001
1.00002
1.00004
1.00011
1.00027
1.00065
1.00169
1.00404
1.01061
1.02552
1.06633
1.16684
1.44773
2.24833
1
1
1
1
1
1
1
1
1
1
1
1.00001
1.00002
1.00004
1.00011
1.00025
1.00068
1.0016
1.0042
1.01018
1.0261
1.06517
1.16789
1.44656
2.24897
1
1
1
1
1
1
1
1
1
1
1
1.00001
1.00002
1.00004
1.0001
1.00027
1.00062
1.00171
1.00394
1.01066
1.02526
1.06637
1.16656
1.4486
2.25111
1
1
1
1
1
1
1
1
1
1
1
1.00001
1.00002
1.00004
1.0001
1.00027
1.00062
1.0017
1.00391
1.01072
1.02504
1.06683
1.16617
1.45017
2.2526
1
1
1
1
1
1
1
1
1
1
1
1.00001
1.00002
1.00004
1.0001
1.00027
1.00062
1.0017
1.00391
1.01071
1.02506
1.06686
1.16632
1.45079
2.25394
3.72229
3.03704
3.99116
4.1783
3.89806
3.79409
3.7462
3.68416
3.58957
3.49327
3.4103
3.33204
3.24821
3.16538
3.08774
3.01287
2.94349
2.90925
2.8959
2.89303
2.91358
2.97396
3.07376
3.20331
3.34911
3.49959
3.64782
3.7901
3.92574
4.05087
4.16591
4.27054
4.36621
4.45351
4.53341
4.60718
4.67387
4.73206
4.78234
4.82581
4.86269
4.89381
4.92163
4.94347
4.95741
4.96581
4.96887
4.968
4.96381
4.95426
4.93973
4.92226
4.9021
4.87935
4.85409
4.82656
4.79692
4.76543
4.73223
4.69755
4.66148
4.62423
4.58584
4.5465
4.50623
4.46519
4.4234
4.38099
4.33797
4.29442
4.25038
4.20589
4.16099
4.11573
4.07009
4.02418
3.97797
3.93155
3.88493
3.83818
3.79134
3.74447
3.69761
3.65084
3.60418
3.55772
3.51148
3.46554
3.41995
3.3748
3.33015
3.28616
3.24296
3.20077
3.15992
3.12089
3.08439
3.05157
3.02404
3.00505
4.60232
4.00794
4.19126
4.10044
3.88105
3.8054
3.79741
3.71958
3.59173
3.479
3.39464
3.32609
3.24473
3.16096
3.08253
3.01185
2.94919
2.90866
2.89084
2.88625
2.90383
2.96232
3.06064
3.19068
3.3378
3.48957
3.63869
3.78049
3.91645
4.04151
4.15614
4.26012
4.35488
4.44155
4.52115
4.59605
4.66385
4.72246
4.77309
4.81704
4.85442
4.88613
4.91347
4.93516
4.94994
4.95876
4.9622
4.96165
4.95843
4.95011
4.935
4.91739
4.89746
4.87515
4.85024
4.82303
4.7936
4.76235
4.72933
4.69485
4.65892
4.62181
4.58352
4.54427
4.50408
4.46311
4.42138
4.37901
4.33603
4.29252
4.24851
4.20406
4.15918
4.11393
4.06832
4.02242
3.97623
3.92982
3.88322
3.83649
3.78966
3.74281
3.69598
3.64923
3.6026
3.55617
3.50996
3.46406
3.41849
3.37337
3.32872
3.28473
3.24151
3.19924
3.15826
3.11909
3.0824
3.04928
3.02119
3.00148
5.41493
4.6252
4.37632
4.13793
3.92277
3.81889
3.75922
3.67872
3.57507
3.47356
3.39844
3.33503
3.24374
3.15337
3.06887
2.99674
2.9412
2.90341
2.88477
2.87885
2.89308
2.9447
3.03867
3.16833
3.31727
3.46937
3.61837
3.75777
3.89947
4.02411
4.1398
4.24527
4.34161
4.4297
4.51044
4.58504
4.65228
4.71145
4.76269
4.80715
4.84503
4.87719
4.90413
4.92568
4.94084
4.95013
4.95388
4.95352
4.95112
4.94434
4.93018
4.91181
4.89168
4.86968
4.8452
4.81835
4.78924
4.75823
4.72543
4.69111
4.65536
4.61836
4.5802
4.54102
4.50091
4.45998
4.4183
4.37595
4.333
4.2895
4.2455
4.20105
4.15617
4.11093
4.06533
4.01942
3.97324
3.92683
3.88023
3.8335
3.78669
3.73986
3.69306
3.64635
3.59976
3.55339
3.50722
3.46136
3.41584
3.37077
3.32612
3.28213
3.23892
3.19672
3.15573
3.11636
3.0793
3.04558
3.01662
2.99584
5.78554
4.96194
4.5103
4.22054
4.00412
3.85453
3.76403
3.67318
3.56967
3.46732
3.38686
3.31455
3.23031
3.14269
3.06123
2.99183
2.93973
2.90426
2.88131
2.86236
2.87443
2.92885
3.01957
3.14787
3.29378
3.44512
3.5944
3.7368
3.87468
4.00095
4.11721
4.22348
4.3205
4.4092
4.49034
4.56479
4.63218
4.69196
4.74406
4.78914
4.82765
4.86025
4.88733
4.90894
4.92464
4.93454
4.93898
4.9388
4.93717
4.93208
4.92059
4.90176
4.88133
4.85949
4.83557
4.80932
4.78082
4.75028
4.71793
4.68396
4.64854
4.61181
4.57389
4.5349
4.49497
4.45417
4.4126
4.37035
4.32748
4.28403
4.24009
4.19568
4.15085
4.10562
4.06005
4.01415
3.96799
3.92158
3.87501
3.82829
3.78152
3.73475
3.68801
3.64139
3.5949
3.54864
3.5026
3.45681
3.41141
3.36646
3.32205
3.2782
3.235
3.19269
3.15152
3.11187
3.07431
3.03985
3.00981
2.98759
5.97602
5.20303
4.68225
4.33929
4.09814
3.92191
3.79206
3.68792
3.58064
3.47686
3.39121
3.31051
3.22519
3.14019
3.0615
2.99509
2.94422
2.90825
2.88617
2.88254
2.89552
2.94003
3.02824
3.143
3.27597
3.41764
3.56213
3.70326
3.8393
3.96668
4.08444
4.19258
4.29163
4.38212
4.46466
4.53978
4.60765
4.66803
4.721
4.76687
4.80613
4.83926
4.86672
4.88865
4.90495
4.91558
4.92082
4.92082
4.91978
4.9161
4.90731
4.88965
4.8691
4.84715
4.82356
4.79789
4.77006
4.74012
4.70831
4.67479
4.63976
4.60335
4.56573
4.52699
4.48726
4.44664
4.40523
4.3631
4.32033
4.27698
4.2331
4.18875
4.14396
4.09877
4.05321
4.00734
3.96118
3.9148
3.86824
3.82159
3.77487
3.72819
3.68154
3.6351
3.58869
3.54259
3.49669
3.45126
3.40606
3.36131
3.31697
3.27321
3.23004
3.18771
3.14639
3.10648
3.06845
3.03324
3.00211
2.97827
6.09338
5.39635
4.86245
4.48129
4.20649
4.0049
3.8503
3.72538
3.61088
3.50372
3.40721
3.3195
3.23336
3.15092
3.07811
3.0198
2.97783
2.952
2.94281
2.94646
2.96273
3.00317
3.0767
3.16549
3.27036
3.38328
3.51149
3.64801
3.78592
3.91777
4.04015
4.15197
4.25368
4.3461
4.42997
4.506
4.57462
4.63591
4.6899
4.73683
4.77704
4.81101
4.83916
4.86175
4.87884
4.89044
4.89671
4.89752
4.89678
4.89406
4.8873
4.87315
4.85303
4.83108
4.80773
4.78261
4.75548
4.72631
4.69519
4.6623
4.62779
4.59186
4.55462
4.51624
4.4768
4.43644
4.39524
4.3533
4.31067
4.26745
4.22368
4.17941
4.13467
4.08953
4.044
3.99814
3.952
3.90565
3.85913
3.81255
3.76593
3.71937
3.67286
3.62661
3.58057
3.53483
3.48924
3.44403
3.39904
3.35446
3.31024
3.26657
3.22347
3.18115
3.13974
3.0996
3.06114
3.02522
2.99311
2.96773
6.16956
5.54708
5.02782
4.62741
4.32543
4.09836
3.92118
3.78048
3.65744
3.54456
3.44052
3.34463
3.25804
3.18094
3.11842
3.07416
3.04938
3.04383
3.0488
3.06732
3.10652
3.14602
3.18578
3.23259
3.29111
3.36591
3.44299
3.5616
3.69944
3.84038
3.97439
4.0958
4.2039
4.30004
4.38592
4.46318
4.53295
4.5955
4.65098
4.6994
4.74102
4.77632
4.80564
4.82933
4.84755
4.8604
4.86797
4.87008
4.86959
4.86763
4.86263
4.85189
4.83352
4.81227
4.78928
4.7646
4.73811
4.70969
4.67936
4.6472
4.61336
4.57799
4.54126
4.50329
4.46423
4.42418
4.38326
4.34154
4.29912
4.25606
4.21241
4.16823
4.12357
4.07847
4.03296
3.98713
3.941
3.8947
3.84824
3.80172
3.75524
3.70904
3.66296
3.6171
3.57135
3.52588
3.48054
3.43552
3.39072
3.34632
3.30227
3.25876
3.21578
3.17352
3.1321
3.09181
3.05304
3.01652
2.98359
2.95684
6.21888
5.66129
5.16892
4.76533
4.4463
4.19767
4.00129
3.84429
3.71062
3.59118
3.4831
3.38604
3.30189
3.23273
3.1854
3.16264
3.16422
3.17591
3.20999
3.2796
3.32974
3.34915
3.35325
3.35274
3.3544
3.36713
3.40495
3.47797
3.5804
3.72013
3.8685
4.00882
4.1327
4.23925
4.33131
4.41156
4.48332
4.54728
4.60439
4.65446
4.69782
4.73495
4.76592
4.79115
4.81085
4.82522
4.83435
4.83818
4.83794
4.83668
4.83318
4.82539
4.8098
4.78998
4.7677
4.74356
4.71766
4.68995
4.66041
4.62905
4.59596
4.56127
4.52511
4.48766
4.44903
4.40936
4.36875
4.32731
4.28511
4.24224
4.19874
4.15468
4.11009
4.06504
4.01956
3.97376
3.92768
3.88145
3.83512
3.78901
3.74294
3.69709
3.65131
3.60574
3.56023
3.51497
3.46987
3.42507
3.38052
3.33636
3.29257
3.24927
3.2065
3.16437
3.12304
3.08271
3.04377
3.00681
2.97327
2.94542
6.25025
5.74708
5.28559
4.88941
4.56287
4.29948
4.08755
3.91549
3.77156
3.64518
3.53439
3.43779
3.35875
3.30358
3.28266
3.28681
3.30658
3.35898
3.46912
3.57324
3.60418
3.59813
3.57475
3.5193
3.44372
3.40947
3.41595
3.44404
3.50578
3.59902
3.72908
3.88022
4.02376
4.14956
4.25664
4.34709
4.42446
4.49149
4.55035
4.60196
4.64703
4.68622
4.71913
4.7464
4.76803
4.7843
4.79534
4.80128
4.80184
4.80116
4.79883
4.79328
4.78171
4.76377
4.74272
4.71946
4.69428
4.66731
4.63855
4.60802
4.57574
4.54181
4.50635
4.46951
4.4314
4.39218
4.35196
4.31085
4.26893
4.22628
4.18295
4.13901
4.09449
4.04948
4.00403
3.95826
3.91226
3.86632
3.82043
3.77472
3.72903
3.68348
3.63796
3.59265
3.54741
3.50243
3.45761
3.41311
3.36886
3.32501
3.28151
3.23849
3.19596
3.15406
3.11287
3.07261
3.03361
2.9964
2.96244
2.93369
6.26925
5.81159
5.38128
4.9987
4.67212
4.4004
4.17686
3.99275
3.83925
3.70766
3.5955
3.50292
3.43529
3.40897
3.4141
3.43761
3.5004
3.63744
3.82625
3.91691
3.91336
3.88934
3.82546
3.69525
3.56801
3.48381
3.45499
3.46092
3.48557
3.54211
3.6225
3.73433
3.87497
4.01465
4.14301
4.2536
4.34596
4.42253
4.4868
4.54165
4.589
4.63009
4.66506
4.69461
4.71861
4.73731
4.75072
4.75904
4.76195
4.76161
4.76018
4.75648
4.7485
4.73348
4.71436
4.6924
4.66822
4.6421
4.61414
4.58441
4.55295
4.51982
4.4851
4.44894
4.41143
4.37273
4.33295
4.29222
4.2506
4.2082
4.16505
4.12124
4.0768
4.03185
3.98643
3.9409
3.8953
3.8498
3.80429
3.7589
3.71348
3.66821
3.62296
3.57793
3.53298
3.48832
3.44383
3.39968
3.35578
3.31228
3.26912
3.22644
3.18423
3.14262
3.10169
3.06161
3.0227
2.98542
2.95128
2.92195
6.27997
5.86124
5.45998
5.09398
4.77262
4.49798
4.2671
4.07435
3.91348
3.77879
3.66862
3.58533
3.54625
3.55059
3.57355
3.63757
3.77994
4.04347
4.23581
4.26578
4.24769
4.18812
4.05607
3.87291
3.71698
3.60383
3.53517
3.51143
3.51555
3.53413
3.57998
3.64328
3.73299
3.85334
3.98795
4.11797
4.23257
4.32844
4.4068
4.47074
4.52352
4.56776
4.60514
4.63678
4.66304
4.68424
4.70026
4.71136
4.71734
4.71801
4.71735
4.71513
4.70988
4.69902
4.68211
4.66186
4.63902
4.61398
4.58692
4.55803
4.52736
4.49503
4.46108
4.42563
4.38878
4.35066
4.31138
4.27106
4.22979
4.18766
4.14471
4.10104
4.05668
4.01185
3.96679
3.92166
3.87647
3.83132
3.78611
3.74099
3.69586
3.65087
3.60594
3.56123
3.51664
3.47234
3.42824
3.38446
3.34097
3.29786
3.25512
3.21283
3.17103
3.12979
3.08922
3.04944
3.01079
2.97363
2.93953
2.90997
6.28681
5.90061
5.52572
5.1773
4.86451
4.59126
4.35717
4.15954
3.99477
3.86066
3.75875
3.69931
3.7017
3.7219
3.78331
3.92447
4.21195
4.51162
4.63087
4.61944
4.57235
4.45997
4.25184
4.05132
3.88482
3.75576
3.66253
3.6031
3.57275
3.57356
3.58236
3.60901
3.66215
3.72963
3.82459
3.94918
4.07579
4.19279
4.29355
4.3763
4.44256
4.49531
4.53777
4.57256
4.60131
4.62496
4.64351
4.65753
4.66651
4.67051
4.67033
4.66922
4.66612
4.65928
4.64559
4.62762
4.60652
4.58285
4.55691
4.52895
4.49914
4.46762
4.43446
4.39976
4.36362
4.32614
4.28743
4.2476
4.20673
4.1649
4.12216
4.07861
4.03447
3.99007
3.94548
3.9008
3.85597
3.81114
3.76624
3.72142
3.67661
3.63197
3.5874
3.54307
3.49889
3.45499
3.41131
3.36797
3.32492
3.28227
3.23998
3.19816
3.15681
3.11603
3.07591
3.03657
2.99831
2.96148
2.92762
2.89813
6.29137
5.93296
5.58227
5.25127
4.94899
4.68049
4.44712
4.24881
4.08519
3.9592
3.87543
3.86853
3.88503
3.94225
4.07997
4.36714
4.74146
4.96219
4.96579
4.93908
4.85424
4.67183
4.43877
4.23467
4.06609
3.92905
3.81944
3.7351
3.67412
3.63633
3.62155
3.62481
3.63985
3.67384
3.72146
3.79636
3.90241
4.02142
4.13871
4.24402
4.33217
4.40241
4.45714
4.49973
4.53328
4.56008
4.58149
4.59801
4.60995
4.61743
4.61963
4.61921
4.61756
4.61344
4.60468
4.5895
4.57042
4.54836
4.52374
4.4969
4.46805
4.4374
4.40505
4.37114
4.33573
4.29895
4.26085
4.22156
4.18111
4.13961
4.09707
4.05387
4.01021
3.96631
3.92215
3.87786
3.8334
3.78892
3.74436
3.69989
3.65544
3.61118
3.56701
3.5231
3.47935
3.4359
3.39269
3.34983
3.30728
3.26513
3.22337
3.18209
3.14129
3.10108
3.06153
3.02276
2.9851
2.94882
2.91548
2.88645
6.29628
5.96056
5.63172
5.31827
5.0282
4.76711
4.53843
4.34465
4.19054
4.0825
4.05317
4.06738
4.11953
4.25033
4.52809
4.95145
5.2488
5.31588
5.29443
5.22289
5.06384
4.83281
4.61263
4.42084
4.25656
4.1154
3.99413
3.8911
3.80611
3.73922
3.69178
3.66093
3.65691
3.66238
3.67968
3.71445
3.76714
3.85226
3.95996
4.0738
4.18088
4.27371
4.34943
4.40847
4.45337
4.48736
4.51331
4.53316
4.54792
4.55835
4.56408
4.56499
4.56437
4.56226
4.5572
4.5467
4.5302
4.51004
4.48699
4.4615
4.43381
4.40416
4.37273
4.33967
4.30506
4.26902
4.23159
4.19287
4.15288
4.11169
4.06961
4.02698
3.98388
3.94049
3.89677
3.8529
3.80884
3.76476
3.72061
3.67655
3.63254
3.5887
3.545
3.50155
3.45829
3.41534
3.37266
3.33034
3.28834
3.24677
3.20561
3.16493
3.12478
3.08523
3.04638
3.00836
2.97147
2.93605
2.90349
2.8754
6.30508
5.98697
5.67772
5.38134
5.10449
4.85357
4.63416
4.45343
4.31951
4.26345
4.27382
4.31947
4.4406
4.70323
5.1539
5.51176
5.63553
5.62219
5.56759
5.43762
5.21022
4.9862
4.78646
4.6092
4.45036
4.30656
4.17634
4.05928
3.95599
3.86712
3.79393
3.73644
3.69738
3.67463
3.67563
3.68308
3.70163
3.7398
3.80194
3.89584
4.00011
4.10561
4.20257
4.28462
4.34963
4.39882
4.43503
4.46141
4.48047
4.49405
4.50269
4.50705
4.50696
4.50609
4.50345
4.4974
4.48509
4.46739
4.44631
4.42247
4.39617
4.36772
4.33735
4.30523
4.27149
4.23624
4.19952
4.16141
4.12186
4.08124
4.03982
3.99785
3.95534
3.91248
3.86925
3.82585
3.78224
3.73862
3.69493
3.65134
3.6078
3.56446
3.52126
3.47833
3.43562
3.39324
3.35114
3.30942
3.26805
3.22713
3.18664
3.14667
3.10727
3.06852
3.03054
2.99348
2.95764
2.92344
2.89203
2.86553
6.32167
6.01692
5.72423
5.44372
5.18111
4.94404
4.74121
4.58454
4.50005
4.50606
4.54428
4.65451
4.89957
5.36161
5.76209
5.9329
5.92651
5.88595
5.78141
5.57099
5.34707
5.14445
4.96358
4.79776
4.64272
4.49655
4.35933
4.2317
4.11477
4.00951
3.91699
3.83792
3.77327
3.72395
3.69112
3.67833
3.68027
3.68845
3.71026
3.7552
3.8265
3.91973
4.02153
4.12045
4.20826
4.28033
4.33559
4.37582
4.40405
4.42343
4.43591
4.44349
4.44591
4.44559
4.44427
4.44086
4.4335
4.41939
4.40099
4.37926
4.35472
4.32774
4.29862
4.26759
4.23481
4.2004
4.16442
4.12689
4.08799
4.04817
4.00752
3.96626
3.92439
3.88213
3.83947
3.79662
3.75355
3.71046
3.6673
3.62424
3.58125
3.53846
3.49584
3.4535
3.4114
3.36964
3.3282
3.28715
3.24649
3.2063
3.1666
3.12746
3.08895
3.05117
3.01428
2.97846
2.94401
2.91155
2.8818
2.85783
6.35514
6.05468
5.77409
5.50826
5.26194
5.0445
4.87095
4.75937
4.76125
4.79341
4.89552
5.12782
5.5887
6.01125
6.21974
6.21756
6.18495
6.09267
5.90265
5.68576
5.48804
5.30966
5.14374
4.98489
4.83099
4.68207
4.53913
4.40355
4.27647
4.15904
4.05208
3.95638
3.87263
3.80164
3.74425
3.70221
3.67625
3.67098
3.67196
3.68043
3.70528
3.75748
3.83684
3.93016
4.02833
4.12094
4.20032
4.26292
4.30894
4.34071
4.36135
4.37375
4.37998
4.38099
4.38046
4.37866
4.37437
4.3654
4.35028
4.33121
4.30891
4.28383
4.25628
4.22654
4.19484
4.16136
4.12611
4.08932
4.05131
4.01238
3.97257
3.93209
3.89096
3.8494
3.8074
3.76519
3.72274
3.68025
3.6377
3.59526
3.55289
3.51072
3.46875
3.42706
3.38566
3.34459
3.30389
3.2636
3.22375
3.1844
3.1456
3.10743
3.07
3.03343
2.99792
2.96376
2.9312
2.90123
2.87388
2.8538
6.41232
6.10155
5.82841
5.57787
5.35281
5.16734
5.04101
5.02927
5.05853
5.15798
5.38893
5.85101
6.28252
6.50368
6.51272
6.48179
6.38985
6.20078
5.99344
5.80709
5.63834
5.4786
5.32203
5.16657
5.01239
4.86094
4.71364
4.57217
4.43757
4.31104
4.19321
4.08487
3.98651
3.89878
3.82237
3.75805
3.70754
3.67102
3.65577
3.64622
3.64801
3.6592
3.68882
3.75004
3.83305
3.92803
4.02277
4.10859
4.17944
4.23283
4.2698
4.29335
4.3065
4.31252
4.31249
4.31171
4.30939
4.30413
4.29342
4.2775
4.25798
4.23532
4.20978
4.18167
4.15128
4.11882
4.08445
4.04862
4.01162
3.97365
3.93477
3.89517
3.85488
3.81413
3.7729
3.73143
3.6897
3.64792
3.60607
3.56432
3.52266
3.4812
3.43997
3.39902
3.35839
3.31812
3.27826
3.23883
3.19991
3.16153
3.12381
3.08681
3.05072
3.0157
2.98201
2.95008
2.92019
2.89375
2.87009
2.85494
6.47481
6.15767
5.88967
5.65753
5.46588
5.33194
5.30978
5.33852
5.43934
5.67568
6.14884
6.58846
6.81119
6.81744
6.78441
6.68714
6.48939
6.2851
6.10398
5.94356
5.7929
5.6436
5.4922
5.33875
5.18452
5.0315
4.88133
4.73568
4.59561
4.46228
4.33623
4.21826
4.10869
4.00811
3.91694
3.83581
3.76572
3.70762
3.66308
3.63591
3.61906
3.61064
3.61411
3.62947
3.66522
3.73659
3.82119
3.91484
4.00525
4.08381
4.14579
4.19014
4.21853
4.2345
4.24072
4.24058
4.23949
4.23652
4.23008
4.2177
4.20126
4.18139
4.15832
4.1323
4.10363
4.0725
4.03935
4.00472
3.96884
3.93193
3.89406
3.85545
3.81611
3.77627
3.73592
3.69529
3.65439
3.61342
3.57238
3.53142
3.49056
3.44991
3.40951
3.3694
3.32966
3.29029
3.25138
3.21295
3.17511
3.1379
3.10147
3.06595
3.03156
2.99857
2.96736
2.93855
2.91251
2.89125
2.87197
2.86171
6.58422
6.24018
5.96736
5.76031
5.62144
5.59779
5.62801
5.73507
5.98589
6.485
6.93159
7.15149
7.14788
7.10491
6.99202
6.77487
6.56767
6.3888
6.23318
6.08897
5.94737
5.80283
5.654
5.50171
5.34766
5.19377
5.04178
4.89319
4.74919
4.61074
4.47843
4.35305
4.2348
4.12428
4.0218
3.9278
3.84274
3.76747
3.70307
3.65105
3.61323
3.59039
3.57038
3.56628
3.57213
3.59224
3.63665
3.71221
3.799
3.89036
3.9757
4.04707
4.10053
4.13625
4.15654
4.16493
4.16479
4.16346
4.15987
4.15222
4.13887
4.12162
4.10111
4.07756
4.05105
4.02184
3.99046
3.95737
3.92281
3.8871
3.85036
3.81283
3.77453
3.73571
3.69635
3.65669
3.61673
3.57668
3.53656
3.4965
3.45657
3.41683
3.37738
3.33823
3.29949
3.26115
3.22336
3.1861
3.14956
3.11376
3.07897
3.04533
3.01321
2.983
2.9553
2.93086
2.91087
2.89464
2.88094
2.87808
6.63512
6.3443
6.07821
5.91009
5.88823
5.92283
6.04307
6.32246
6.86016
7.31946
7.52383
7.51421
7.45314
7.30497
7.07054
6.85188
6.66975
6.51574
6.37607
6.24017
6.10116
5.9574
5.80893
5.65677
5.50265
5.34818
5.19502
5.04439
4.89757
4.7552
4.6183
4.48704
4.36214
4.24375
4.1323
4.02812
3.93167
3.84331
3.7638
3.694
3.63518
3.58841
3.55697
3.53139
3.51358
3.51477
3.5241
3.54925
3.60195
3.67918
3.76773
3.85656
3.93618
3.9999
4.04468
4.07149
4.0838
4.08433
4.08312
4.07938
4.0712
4.05664
4.03831
4.01708
3.9931
3.96633
3.93725
3.90615
3.87327
3.83901
3.80356
3.76723
3.73008
3.69238
3.65411
3.61553
3.57664
3.53764
3.49856
3.45955
3.42067
3.38199
3.34364
3.30558
3.26802
3.23089
3.19441
3.15856
3.12359
3.08959
3.05689
3.02577
2.99674
2.97054
2.94775
2.93026
2.91589
2.90631
2.90407
2.90604
6.63503
6.47583
6.2418
6.1868
6.22668
6.36627
6.68875
7.27915
7.75634
7.94082
7.9206
7.83255
7.6354
7.37674
7.14387
6.95381
6.79707
6.65844
6.52558
6.3912
6.25175
6.10695
5.95763
5.80501
5.65055
5.49564
5.34159
5.18955
5.04051
4.89527
4.7546
4.61874
4.48852
4.36381
4.24534
4.13317
4.02774
3.92923
3.83815
3.75501
3.68053
3.61586
3.56158
3.52172
3.48944
3.46481
3.45097
3.45412
3.46742
3.49874
3.56174
3.64035
3.7286
3.81391
3.88681
3.9418
3.97741
3.99568
3.99957
3.99852
3.99488
3.98664
3.97092
3.95167
3.92968
3.90557
3.87912
3.85042
3.81969
3.7873
3.75347
3.71858
3.68273
3.64626
3.60921
3.57182
3.53412
3.4963
3.45842
3.4206
3.38292
3.34547
3.30835
3.27161
3.23538
3.19972
3.16478
3.1307
3.0977
3.06605
3.03614
3.00855
2.98396
2.9636
2.9483
2.93672
2.93165
2.93316
2.93907
2.95489
6.63601
6.60076
6.52818
6.56945
6.72608
7.09155
7.74852
8.2461
8.40335
8.37006
8.24729
7.98824
7.69842
7.44742
7.24626
7.08318
6.94208
6.80951
6.67704
6.54059
6.3987
6.252
6.10133
5.94788
5.79281
5.63736
5.48245
5.32923
5.17834
5.03077
4.88687
4.74745
4.61265
4.48307
4.35882
4.24026
4.12757
4.02104
3.92089
3.82752
3.74128
3.66294
3.5931
3.53308
3.4843
3.44746
3.41443
3.39
3.38573
3.39074
3.40754
3.4449
3.51395
3.59466
3.68094
3.76134
3.82696
3.87317
3.89975
3.9097
3.90906
3.90592
3.89824
3.88265
3.86294
3.84054
3.81603
3.78961
3.76134
3.73129
3.69956
3.66648
3.63225
3.59723
3.56156
3.5255
3.48914
3.45266
3.41613
3.37968
3.34339
3.30738
3.2717
3.23651
3.20188
3.16799
3.13498
3.10313
3.07273
3.04423
3.01826
2.99571
2.97776
2.96547
2.95619
2.95663
2.96026
2.97112
2.99501
3.04589
6.65755
6.75085
6.87484
7.13597
7.66354
8.31868
8.79284
8.90614
8.85504
8.69143
8.36065
8.03657
7.76524
7.55075
7.37909
7.23257
7.09714
6.96367
6.82749
6.68688
6.54147
6.39252
6.24024
6.08577
5.92989
5.77377
5.61795
5.4636
5.31107
5.16148
5.01496
4.87245
4.73395
4.60019
4.47115
4.3473
4.22871
4.11568
4.00829
3.90682
3.81152
3.72281
3.64111
3.5671
3.50182
3.44577
3.40274
3.36311
3.33283
3.3119
3.31309
3.32101
3.34255
3.38789
3.45924
3.54186
3.62588
3.70047
3.758
3.7947
3.81364
3.81417
3.81225
3.80637
3.7935
3.77297
3.74955
3.7247
3.69853
3.67082
3.64144
3.61053
3.57832
3.5451
3.51112
3.47661
3.44179
3.40681
3.37183
3.33695
3.30227
3.26791
3.23396
3.20059
3.16792
3.13621
3.10569
3.07676
3.04994
3.02583
3.00568
2.99072
2.98095
2.97665
2.97847
2.98533
3.00303
3.04037
3.09012
3.18981
6.63739
7.06152
7.54055
8.26832
9.01986
9.45518
9.4644
9.38083
9.14966
8.75222
8.38993
8.09738
7.86936
7.68809
7.53454
7.39373
7.25629
7.11742
6.97524
6.82954
6.68078
6.52879
6.37462
6.21894
6.06222
5.90523
5.74854
5.59297
5.43904
5.2875
5.13876
4.99341
4.85181
4.71434
4.58132
4.45297
4.32954
4.21107
4.09773
3.98963
3.88711
3.79028
3.69951
3.61502
3.53757
3.46762
3.4062
3.35554
3.31201
3.27361
3.24516
3.23294
3.23563
3.2467
3.27334
3.32765
3.40077
3.48372
3.56412
3.63155
3.68012
3.70797
3.71644
3.71519
3.71073
3.70053
3.6805
3.65777
3.63296
3.60674
3.57927
3.55057
3.5207
3.48968
3.45778
3.42517
3.39218
3.35896
3.32576
3.29266
3.25986
3.22742
3.19553
3.16437
3.13417
3.10526
3.07806
3.05312
3.03145
3.01359
3.00294
2.99547
2.99595
2.99983
3.01141
3.03683
3.08675
3.16417
3.23829
3.36577
6.49014
7.69365
8.84872
9.80218
10.1994
10.1622
9.98629
9.60179
9.15791
8.76328
8.44292
8.20039
8.01091
7.85089
7.70379
7.56022
7.41574
7.26896
7.11975
6.96841
6.81551
6.66073
6.50467
6.34753
6.18966
6.03159
5.87385
5.71702
5.5617
5.40836
5.25756
5.10972
4.9653
4.82461
4.68806
4.55587
4.42827
4.30523
4.18694
4.07362
3.96514
3.86185
3.76375
3.67123
3.58451
3.50404
3.43042
3.3644
3.30748
3.25953
3.21488
3.17953
3.15351
3.15152
3.15564
3.16971
3.20126
3.26408
3.33941
3.42095
3.49628
3.55609
3.59448
3.61516
3.61488
3.61221
3.60462
3.58856
3.56578
3.54038
3.51411
3.48724
3.45958
3.43096
3.40146
3.37118
3.34041
3.30932
3.27822
3.24722
3.21659
3.18643
3.15703
3.12862
3.1016
3.07643
3.05383
3.03471
3.02044
3.01299
3.01051
3.0125
3.0203
3.03918
3.07788
3.14084
3.22215
3.32792
3.41952
3.54587
6.00959
8.97046
10.6459
11.0328
10.9466
10.6569
10.0813
9.57932
9.15347
8.80462
8.54517
8.34754
8.1825
8.02982
7.87923
7.72707
7.57289
7.41724
7.26076
7.10371
6.94634
6.78828
6.6299
6.47095
6.31161
6.15226
5.9933
5.83522
5.67848
5.52352
5.3709
5.22096
5.07417
4.93081
4.79119
4.65545
4.52378
4.39671
4.2741
4.15622
4.04286
3.9343
3.83046
3.73158
3.6378
3.54933
3.46659
3.38995
3.32025
3.25788
3.20497
3.15614
3.11331
3.0822
3.06455
3.06569
3.07262
3.09151
3.13169
3.1986
3.27665
3.35584
3.42424
3.47498
3.5041
3.51278
3.51146
3.50635
3.49459
3.47264
3.4485
3.42284
3.39653
3.36977
3.34253
3.31479
3.28659
3.25808
3.2295
3.20105
3.17303
3.14567
3.11937
3.09454
3.07179
3.05183
3.03588
3.02551
3.02216
3.02304
3.028
3.04178
3.07058
3.12291
3.19739
3.2927
3.39772
3.51112
3.59849
3.69773
5.03826
10.4233
11.9353
11.7996
11.372
10.6403
10.0327
9.55269
9.18396
8.90447
8.70145
8.53197
8.37336
8.21507
8.05385
7.89024
7.72574
7.56148
7.39797
7.23521
7.07306
6.91155
6.74992
6.58866
6.42754
6.26665
6.10628
5.94672
5.78845
5.63186
5.47744
5.3255
5.17646
5.03066
4.88831
4.74981
4.61515
4.48473
4.35838
4.23653
4.11889
4.00581
3.89711
3.79296
3.69348
3.59868
3.50893
3.42432
3.34539
3.27265
3.20652
3.14927
3.09629
3.04907
3.01071
2.9841
2.97608
2.97878
2.98892
3.01393
3.06489
3.13494
3.21393
3.28874
3.34951
3.38809
3.40861
3.40843
3.40579
3.39819
3.38213
3.3588
3.33337
3.30775
3.28228
3.25684
3.23132
3.2057
3.18012
3.15477
3.12996
3.10619
3.08391
3.06403
3.04719
3.03479
3.02909
3.02963
3.03304
3.04322
3.06541
3.10787
3.17245
3.25963
3.36341
3.47629
3.58304
3.67839
3.74086
3.80205
4.95909
11.0877
12.1895
11.9177
11.2866
10.5401
9.97053
9.57628
9.28043
9.07464
8.90071
8.73464
8.56696
8.39542
8.22131
8.04666
7.87301
7.70105
7.53093
7.3624
7.1952
7.02912
6.86386
6.69977
6.53645
6.37373
6.21174
6.05067
5.8909
5.73271
5.57657
5.4228
5.27176
5.12381
4.97911
4.83808
4.70063
4.56726
4.43766
4.31241
4.19109
4.07418
3.96136
3.8529
3.74875
3.64894
3.5537
3.46302
3.37727
3.29668
3.22168
3.15285
3.09152
3.03558
2.9845
2.94063
2.90947
2.88912
2.88954
2.89416
2.90861
2.94034
3.00208
3.0758
3.15355
3.2205
3.27007
3.29852
3.3077
3.30649
3.30188
3.29085
3.26954
3.24652
3.22274
3.19921
3.17607
3.15334
3.13103
3.10935
3.08857
3.0696
3.05275
3.0402
3.03125
3.03157
3.034
3.04171
3.05891
3.09302
3.14745
3.22699
3.32553
3.43752
3.55156
3.65613
3.73944
3.80115
3.83257
3.8634
4.86602
11.2456
11.9977
11.6973
11.0319
10.3983
9.97662
9.66724
9.45833
9.27988
9.10504
8.92626
8.74368
8.55923
8.37486
8.19197
8.01128
7.83295
7.65689
7.48283
7.3106
7.13985
6.97059
6.80264
6.63648
6.47164
6.30786
6.14524
5.98393
5.82427
5.66655
5.51116
5.35835
5.20854
5.06181
4.91861
4.77882
4.64294
4.51064
4.38254
4.2581
4.13799
4.02165
3.90962
3.80154
3.69767
3.598
3.50257
3.41157
3.32516
3.24354
3.16719
3.09643
3.03237
2.97395
2.91971
2.87281
2.83558
2.81084
2.80103
2.80318
2.81183
2.83355
2.87863
2.94585
3.02302
3.0946
3.1517
3.18818
3.20733
3.20846
3.2064
3.1998
3.18557
3.16514
3.14373
3.12273
3.1027
3.08375
3.06629
3.05052
3.03838
3.02873
3.02773
3.02954
3.03572
3.04967
3.07767
3.12221
3.19298
3.28486
3.39418
3.51164
3.62475
3.72198
3.79639
3.84558
3.87531
3.88418
3.89821
4.792
11.2316
11.763
11.4404
10.8081
10.3554
10.0419
9.82953
9.64492
9.46151
9.27339
9.08178
8.88935
8.69791
8.50822
8.32063
8.13528
7.95211
7.77124
7.59229
7.41546
7.24043
7.06715
6.89548
6.72592
6.55855
6.39271
6.22847
6.06569
5.90467
5.74566
5.58889
5.43474
5.28338
5.13511
4.99009
4.84846
4.71046
4.57602
4.44547
4.31855
4.1957
4.07653
3.96148
3.85023
3.74301
3.63982
3.54059
3.44559
3.35468
3.26823
3.18628
3.10925
3.0374
2.97166
2.91125
2.85516
2.80555
2.76485
2.73621
2.71724
2.7177
2.72229
2.73623
2.76679
2.82684
2.89989
2.97356
3.0359
3.08088
3.10635
3.11706
3.11642
3.1133
3.10551
3.08983
3.07277
3.05601
3.04063
3.02838
3.01899
3.01667
3.01795
3.02324
3.03543
3.05893
3.09587
3.15615
3.24053
3.3448
3.4625
3.58196
3.69111
3.77978
3.84385
3.88443
3.90578
3.91463
3.91638
3.92077
4.74243
11.1804
11.6573
11.3255
10.7521
10.3809
10.1439
9.95556
9.77191
9.5825
9.38896
9.19432
9.00042
8.80793
8.61687
8.42723
8.23917
8.05279
7.86838
7.68592
7.50559
7.3273
7.15095
6.97623
6.80357
6.63351
6.46557
6.29965
6.13559
5.97337
5.8134
5.65555
5.50043
5.34789
5.19844
5.05202
4.90898
4.76928
4.63317
4.5006
4.37175
4.24656
4.12521
4.00755
3.89385
3.78382
3.67787
3.57559
3.47748
3.38314
3.29302
3.20697
3.12532
3.04824
2.97606
2.90945
2.84787
2.79059
2.73945
2.69667
2.66414
2.64095
2.63567
2.63837
2.64809
2.67123
2.71876
2.78719
2.86098
2.92763
2.97903
3.01206
3.03041
3.03638
3.03558
3.03247
3.02543
3.01403
3.00406
2.99907
2.9999
3.00391
3.0143
3.03542
3.06614
3.11632
3.19113
3.28853
3.40373
3.52645
3.64512
3.74749
3.82688
3.88161
3.91491
3.93178
3.9381
3.93855
3.93882
3.94036
4.70494
11.1265
11.6123
11.2728
10.7222
10.3875
10.1843
10.0128
9.83628
9.651
9.46139
9.2705
9.07944
8.88864
8.69814
8.50822
8.31918
8.13138
7.94514
7.76071
7.57823
7.39786
7.21944
7.04294
6.86808
6.69574
6.52592
6.35842
6.19319
6.03006
5.86929
5.7108
5.5549
5.40169
5.25129
5.10403
4.95979
4.81899
4.68144
4.54746
4.41698
4.29009
4.16692
4.04732
3.93162
3.81949
3.7113
3.60677
3.50613
3.40929
3.31627
3.22729
3.14217
3.06137
2.98477
2.91294
2.84618
2.78403
2.72626
2.6747
2.63056
2.59526
2.57009
2.5591
2.56084
2.56781
2.58583
2.6238
2.68723
2.76012
2.82931
2.88578
2.92632
2.95233
2.96578
2.97239
2.97421
2.97441
2.97538
2.97883
2.98775
3.00658
3.03309
3.07434
3.13665
3.22499
3.33374
3.45628
3.58156
3.69656
3.79162
3.86213
3.90927
3.93755
3.95206
3.95771
3.95793
3.95768
3.95745
3.95849
4.67545
11.083
11.5973
11.2444
10.6889
10.371
10.1883
10.0352
9.86991
9.69162
9.50708
9.32013
9.13195
8.94313
8.75393
8.5648
8.37612
8.18831
8.0017
7.81664
7.63335
7.45203
7.2727
7.09527
6.91952
6.74578
6.57454
6.40579
6.23962
6.0758
5.91445
5.7555
5.59911
5.44538
5.29442
5.14646
5.00152
4.85984
4.72137
4.58636
4.45471
4.32664
4.20206
4.08115
3.9638
3.85017
3.74016
3.63391
3.53128
3.43246
3.33725
3.24595
3.1583
3.07468
2.99497
2.91946
2.84839
2.78209
2.7201
2.6625
2.61107
2.56621
2.52955
2.5027
2.48869
2.4895
2.49462
2.50893
2.5399
2.5997
2.67067
2.74171
2.8031
2.8503
2.88473
2.90815
2.92315
2.93607
2.94966
2.96855
2.99579
3.0302
3.08104
3.15628
3.25488
3.37247
3.49985
3.62463
3.7347
3.82239
3.88574
3.92752
3.95282
3.96711
3.97338
3.9745
3.97433
3.97368
3.97321
3.97404
4.65503
11.0561
11.5958
11.228
10.6559
10.3421
10.1801
10.0437
9.88948
9.71727
9.53627
9.35184
9.16571
8.97851
8.79063
8.60252
8.41467
8.22745
8.04126
7.85639
7.67314
7.49169
7.31217
7.13453
6.9586
6.78443
6.61247
6.44304
6.27624
6.11199
5.95025
5.79102
5.63434
5.48031
5.32906
5.18068
5.03534
4.89308
4.75405
4.61827
4.48587
4.35683
4.23128
4.10921
3.99069
3.87574
3.76438
3.65666
3.55255
3.45212
3.35531
3.2622
3.17274
3.08706
3.00514
2.92705
2.85306
2.78312
2.71792
2.65639
2.59976
2.54858
2.50358
2.46656
2.43866
2.42288
2.4235
2.42784
2.43998
2.46672
2.52061
2.59113
2.66583
2.73402
2.7907
2.83561
2.87113
2.90252
2.93477
2.97437
3.02169
3.08491
3.1713
3.27883
3.40228
3.53178
3.65414
3.75892
3.84019
3.89828
3.93681
3.96092
3.9758
3.98365
3.98751
3.9876
3.98738
3.98645
3.98532
3.98603
4.64543
11.0438
11.5949
11.2123
10.6227
10.3103
10.1638
10.0434
9.89956
9.73273
9.55468
9.37229
9.18782
9.00201
8.81527
8.62814
8.44109
8.25457
8.06892
7.88448
7.70152
7.5203
7.34095
7.16349
6.98779
6.81381
6.64182
6.4722
6.30513
6.14059
5.9786
5.81913
5.66228
5.50805
5.35663
5.208
5.06243
4.91978
4.78038
4.64402
4.51106
4.38127
4.25497
4.13199
4.01258
3.89661
3.78426
3.67542
3.57023
3.46858
3.37056
3.27611
3.18528
3.09798
3.01438
2.9344
2.85822
2.78589
2.71761
2.65344
2.59328
2.5378
2.48745
2.44329
2.40636
2.37844
2.36224
2.36281
2.36681
2.37829
2.40364
2.45477
2.52582
2.60525
2.68289
2.75265
2.81467
2.87198
2.93255
2.99612
3.07584
3.17458
3.29151
3.42076
3.55107
3.6707
3.7703
3.84671
3.90118
3.93821
3.9627
3.9786
3.98951
3.99518
3.99827
3.99821
3.99779
3.99672
3.99481
3.99544
4.64215
11.043
11.59
11.1946
10.5915
10.2803
10.1458
10.0394
9.90443
9.7424
9.56696
9.38632
9.20329
9.01861
8.8328
8.6464
8.45998
8.27397
8.08874
7.90462
7.72193
7.54095
7.36185
7.18465
7.00929
6.8357
6.66402
6.49454
6.32735
6.16266
6.00043
5.84081
5.68376
5.52946
5.37785
5.22919
5.08332
4.94056
4.80073
4.66412
4.53061
4.40041
4.27347
4.14994
4.02979
3.91314
3.79995
3.69033
3.58421
3.4817
3.38266
3.28726
3.19532
3.10697
3.02212
2.94084
2.86316
2.78909
2.71878
2.65234
2.58971
2.53126
2.47728
2.42841
2.38526
2.34948
2.32199
2.30741
2.30831
2.31285
2.32505
2.35164
2.40514
2.48156
2.57007
2.66263
2.75428
2.84514
2.93887
3.04068
3.15674
3.28649
3.42319
3.55612
3.67412
3.77032
3.84312
3.89547
3.93204
3.95754
3.97558
3.98835
3.99782
4.00302
4.00565
4.00552
4.00496
4.00359
4.00121
4.00171
4.64329
11.0483
11.5807
11.1767
10.5659
10.2559
10.1305
10.0348
9.9075
9.74953
9.57611
9.39671
9.21467
9.03085
8.84571
8.65985
8.47387
8.28822
8.10328
7.91939
7.73689
7.55609
7.37718
7.20023
7.02518
6.85198
6.6806
6.51127
6.34403
6.17921
6.01675
5.85697
5.69975
5.54538
5.39366
5.24495
5.09893
4.95608
4.81599
4.67918
4.5453
4.41477
4.28737
4.16337
4.04272
3.92548
3.81177
3.70145
3.59478
3.49149
3.39187
3.29563
3.20303
3.11377
3.02814
2.94582
2.86713
2.79179
2.72015
2.65199
2.5877
2.52708
2.4707
2.41862
2.3717
2.3305
2.29653
2.27126
2.26102
2.26286
2.2693
2.28476
2.31708
2.38026
2.46747
2.57343
2.69215
2.82011
2.95527
3.10008
3.25127
3.40221
3.5426
3.66328
3.75953
3.83177
3.88395
3.92125
3.94826
3.96832
3.98357
3.99507
4.00392
4.00901
4.01132
4.01117
4.01053
4.00899
4.00598
4.00648
4.64666
11.0543
11.5703
11.1617
10.5479
10.2393
10.1199
10.0316
9.90987
9.75469
9.58241
9.40365
9.22217
9.03881
8.85408
8.66854
8.48283
8.29741
8.11265
7.92889
7.74651
7.56583
7.38706
7.21027
7.03545
6.8625
6.69139
6.5222
6.35497
6.19005
6.02746
5.86753
5.71022
5.55575
5.40402
5.25524
5.1092
4.96625
4.82605
4.68908
4.55498
4.42422
4.29653
4.17223
4.05123
3.93364
3.81953
3.70883
3.60173
3.49801
3.39793
3.30122
3.20811
3.11836
3.03216
2.94926
2.86991
2.79384
2.72135
2.65227
2.58687
2.52504
2.46705
2.4132
2.36376
2.31964
2.28124
2.25129
2.22937
2.22981
2.23333
2.24328
2.26523
2.30997
2.39024
2.50068
2.63897
2.80044
2.97755
3.16075
3.33766
3.49624
3.6281
3.73089
3.80733
3.86278
3.90303
3.93285
3.95562
3.97342
3.98753
3.99851
4.00696
4.0123
4.01428
4.0141
4.01339
4.01177
4.00853
4.00896
4.64903
11.0585
11.5638
11.1536
10.5396
10.2319
10.1155
10.0311
9.91228
9.75854
9.58679
9.40823
9.22691
9.04372
8.85912
8.67365
8.48798
8.30258
8.11782
7.93406
7.75167
7.57099
7.39226
7.21552
7.04079
6.86794
6.69691
6.52775
6.36052
6.19554
6.03286
5.87283
5.71545
5.56091
5.40916
5.2603
5.11425
4.9712
4.83094
4.69385
4.55963
4.42871
4.30084
4.17636
4.05514
3.93737
3.823
3.7121
3.60472
3.50079
3.40042
3.30348
3.21006
3.12007
3.03353
2.95037
2.87065
2.79424
2.72132
2.65175
2.58579
2.52336
2.46466
2.41001
2.35945
2.31409
2.27359
2.24165
2.21493
2.2109
2.21332
2.22118
2.23932
2.27659
2.35014
2.46009
2.60878
2.7922
2.99764
3.20507
3.3943
3.55188
3.67395
3.76419
3.8294
3.87662
3.91161
3.93834
3.95938
3.97625
3.98983
4.00056
4.00869
4.01432
4.01605
4.01586
4.01512
4.01341
4.00997
4.01032
)
;

boundaryField
{
    inlet
    {
        type            fixedValue;
        value           uniform 1;
    }
    outlet
    {
        type            waveTransmissive;
        gamma           1.4;
        fieldInf        1;
        lInf            3;
        value           nonuniform List<scalar> 
40
(
2.99752
2.99396
2.98833
2.98011
2.97082
2.96031
2.94947
2.93809
2.9264
2.91469
2.90275
2.89093
2.87927
2.86822
2.85833
2.85057
2.84643
2.84747
2.85403
2.87006
2.8977
2.94585
3.03552
3.1784
3.35365
3.53361
3.68577
3.79045
3.85198
3.88676
3.90921
3.92865
3.94668
3.96221
3.97418
3.98361
3.98992
3.99472
3.99723
3.9986
)
;
    }
    bottom
    {
        type            symmetryPlane;
    }
    top
    {
        type            symmetryPlane;
    }
    obstacle
    {
        type            zeroGradient;
    }
    defaultFaces
    {
        type            empty;
    }
}


// ************************************************************************* //
