/*--------------------------------*- C++ -*----------------------------------*\
  =========                 |
  \\      /  F ield         | OpenFOAM: The Open Source CFD Toolbox
   \\    /   O peration     | Website:  https://openfoam.org
    \\  /    A nd           | Version:  13
     \\/     M anipulation  |
\*---------------------------------------------------------------------------*/
FoamFile
{
    format      ascii;
    class       volScalarField;
    location    "1.745";
    object      T;
}
// * * * * * * * * * * * * * * * * * * * * * * * * * * * * * * * * * * * * * //

dimensions      [0 0 0 1 0 0 0];

internalField   nonuniform List<scalar> 
1000
(
2.40316e-115
5.38496e-115
1.50216e-114
4.31505e-114
1.24208e-113
3.57079e-113
1.02483e-112
2.93627e-112
8.39828e-112
2.39791e-111
6.83478e-111
1.94475e-110
5.52391e-110
1.5663e-109
4.43352e-109
1.25275e-108
3.53362e-108
9.94986e-108
2.79675e-107
7.84743e-107
2.19806e-106
6.14591e-106
1.71541e-105
4.77953e-105
1.32933e-104
3.69074e-104
1.02288e-103
2.82985e-103
7.81504e-103
2.1544e-102
5.92852e-102
1.62851e-101
4.4654e-101
1.22222e-100
3.33936e-100
9.10744e-100
2.47941e-99
6.73778e-99
1.82769e-98
4.94885e-98
1.33758e-97
3.60869e-97
9.71832e-97
2.61242e-96
7.0098e-96
1.87748e-95
5.01942e-95
1.33949e-94
3.56802e-94
9.48682e-94
2.51777e-93
6.66982e-93
1.76365e-92
4.65489e-92
1.22632e-91
3.22475e-91
8.46415e-91
2.21751e-90
5.79884e-90
1.51359e-89
3.94336e-89
1.02545e-88
2.66165e-88
6.89563e-88
1.78313e-87
4.60234e-87
1.18565e-86
3.04872e-86
7.82455e-86
2.00438e-85
5.12486e-85
1.30786e-84
3.33131e-84
8.46924e-84
2.14906e-83
5.44283e-83
1.37585e-82
3.47129e-82
8.74134e-82
2.19701e-81
5.5113e-81
1.37988e-80
3.44819e-80
8.60014e-80
2.14082e-79
5.31883e-79
1.3189e-78
3.2641e-78
8.06254e-78
1.98763e-77
4.89051e-77
1.20095e-76
2.94339e-76
7.19981e-76
1.75769e-75
4.28265e-75
1.04143e-74
2.5275e-74
6.12204e-74
1.47994e-73
3.57054e-73
8.59733e-73
2.06601e-72
4.95494e-72
1.18599e-71
2.83307e-71
6.75412e-71
1.60699e-70
3.81581e-70
9.04256e-70
2.13858e-69
5.0476e-69
1.18897e-68
2.795e-68
6.55717e-68
1.53523e-67
3.58716e-67
8.36464e-67
1.94653e-66
4.52058e-66
1.04771e-65
2.42327e-65
5.59341e-65
1.28844e-64
2.96182e-64
6.79461e-64
1.55553e-63
3.55383e-63
8.10254e-63
1.84353e-62
4.18581e-62
9.48443e-62
2.14458e-61
4.83918e-61
1.08968e-60
2.44862e-60
5.49083e-60
1.22871e-59
2.74378e-59
6.11422e-59
1.35963e-58
3.01711e-58
6.68107e-58
1.47634e-57
3.25544e-57
7.16335e-57
1.57291e-56
3.44643e-56
7.53555e-56
1.64413e-55
3.5796e-55
7.7769e-55
1.68597e-54
3.64726e-54
7.87324e-54
1.69593e-53
3.64529e-53
7.81844e-53
1.6733e-52
3.57348e-52
7.615e-52
1.61923e-51
3.43565e-51
7.27386e-51
1.53666e-50
3.23927e-50
6.81349e-50
1.43003e-49
2.99482e-49
6.25816e-49
1.30488e-48
2.71482e-48
5.63584e-48
1.1674e-47
2.41281e-47
4.97587e-47
1.02389e-46
2.10222e-46
4.30666e-46
8.80315e-46
1.79544e-45
3.65373e-45
7.4188e-45
1.50301e-44
3.03822e-44
6.12779e-44
1.23315e-43
2.476e-43
4.96034e-43
9.91501e-43
1.97741e-42
3.93477e-42
7.81195e-42
1.54745e-41
3.05837e-41
6.03082e-41
1.18652e-40
2.32909e-40
4.56149e-40
8.91325e-40
1.73769e-39
3.37998e-39
6.55934e-39
1.27002e-38
2.45335e-38
4.72837e-38
9.09203e-38
1.74425e-37
3.3385e-37
6.37514e-37
1.21457e-36
2.30858e-36
4.37783e-36
8.28252e-36
1.56334e-35
2.94396e-35
5.53088e-35
1.03667e-34
1.93852e-34
3.61644e-34
6.73086e-34
1.2498e-33
2.31518e-33
4.27864e-33
7.88861e-33
1.451e-32
2.66261e-32
4.87437e-32
8.90219e-32
1.62197e-31
2.94819e-31
5.34605e-31
9.67104e-31
1.74532e-30
3.14224e-30
5.64368e-30
1.01122e-29
1.80751e-29
3.22311e-29
5.73353e-29
1.01747e-28
1.80125e-28
3.18109e-28
5.60437e-28
9.84974e-28
1.72691e-27
3.02035e-27
5.26976e-27
9.17203e-27
1.59251e-26
2.75827e-26
4.76574e-26
8.21413e-26
1.4123e-25
2.42231e-25
4.14442e-25
7.07342e-25
1.20428e-24
2.04528e-24
3.46502e-24
5.85581e-24
9.87174e-24
1.66006e-23
2.7847e-23
4.65965e-23
7.77767e-23
1.29498e-22
2.15079e-22
3.56326e-22
5.88861e-22
9.70718e-22
1.59619e-21
2.61813e-21
4.28357e-21
6.99087e-21
1.13806e-20
1.84801e-20
2.9933e-20
4.83616e-20
7.79391e-20
1.25289e-19
2.00895e-19
3.21312e-19
5.12606e-19
8.15713e-19
1.29476e-18
2.04991e-18
3.23723e-18
5.09926e-18
8.01184e-18
1.25559e-17
1.9627e-17
3.06019e-17
4.75916e-17
7.38242e-17
1.14223e-16
1.76275e-16
2.71339e-16
4.16596e-16
6.37969e-16
9.74461e-16
1.4846e-15
2.25595e-15
3.41923e-15
5.16896e-15
7.79386e-15
1.17213e-14
1.75822e-14
2.63052e-14
3.92538e-14
5.8424e-14
8.67302e-14
1.28416e-13
1.89641e-13
2.79327e-13
4.10355e-13
6.01271e-13
8.7871e-13
1.2808e-12
1.86201e-12
2.69987e-12
3.90449e-12
5.63176e-12
8.10184e-12
1.16247e-11
1.66354e-11
2.37435e-11
3.37995e-11
4.79878e-11
6.79525e-11
9.59696e-11
1.35181e-10
1.89909e-10
2.66091e-10
3.71847e-10
5.18261e-10
7.20414e-10
9.98768e-10
1.381e-09
1.90446e-09
2.61937e-09
3.59309e-09
4.9157e-09
6.7073e-09
9.12757e-09
1.23882e-08
1.67688e-08
2.26382e-08
3.04806e-08
4.09306e-08
5.48171e-08
7.32192e-08
9.75385e-08
1.29589e-07
1.71712e-07
2.26921e-07
2.99082e-07
3.93138e-07
5.15396e-07
6.7387e-07
8.78722e-07
1.14279e-06
1.48225e-06
1.91741e-06
2.47372e-06
3.18291e-06
4.08449e-06
5.22747e-06
6.67245e-06
8.49413e-06
1.07843e-05
1.36555e-05
1.7245e-05
2.172e-05
2.72833e-05
3.41804e-05
4.2707e-05
5.32186e-05
6.61411e-05
8.19828e-05
0.000101349
0.000124957
0.000153655
0.000188443
0.000230494
0.000281183
0.00034211
0.000415139
0.000502426
0.000606461
0.000730107
0.000876648
0.00104983
0.00125392
0.00149376
0.00177481
0.00210321
0.00248587
0.00293048
0.00344561
0.00404076
0.0047264
0.00551406
0.00641634
0.00744699
0.00862094
0.0099543
0.0114644
0.0131699
0.0150905
0.0172472
0.0196621
0.0223585
0.0253606
0.0286936
0.0323832
0.0364562
0.0409395
0.0458603
0.051246
0.0571235
0.0635197
0.0704602
0.0779701
0.0860727
0.0947898
0.104141
0.114145
0.124815
0.136163
0.148199
0.160927
0.174349
0.188462
0.203259
0.218728
0.234855
0.251618
0.268994
0.286952
0.30546
0.324479
0.343968
0.36388
0.384168
0.404778
0.425656
0.446745
0.467986
0.489318
0.510681
0.532014
0.553255
0.574343
0.595222
0.615832
0.636119
0.656032
0.67552
0.694539
0.713047
0.731005
0.74838
0.765143
0.781269
0.796738
0.811534
0.825646
0.839066
0.851792
0.863826
0.875172
0.885838
0.895837
0.905183
0.913893
0.921987
0.929487
0.936414
0.942794
0.948653
0.954015
0.958907
0.963355
0.967386
0.971025
0.974297
0.977226
0.979835
0.982146
0.984179
0.985953
0.987486
0.988792
0.989885
0.990778
0.99148
0.992
0.992343
0.992514
0.992514
0.992343
0.992
0.99148
0.990778
0.989885
0.988792
0.987486
0.985953
0.984179
0.982146
0.979835
0.977226
0.974297
0.971025
0.967386
0.963355
0.958907
0.954015
0.948653
0.942794
0.936414
0.929487
0.921987
0.913893
0.905183
0.895837
0.885838
0.875172
0.863826
0.851792
0.839066
0.825646
0.811534
0.796738
0.781269
0.765143
0.74838
0.731005
0.713047
0.694539
0.67552
0.656032
0.636119
0.615832
0.595222
0.574343
0.553255
0.532014
0.510681
0.489318
0.467986
0.446745
0.425656
0.404778
0.384168
0.36388
0.343968
0.324479
0.30546
0.286952
0.268994
0.251618
0.234855
0.218728
0.203259
0.188462
0.174349
0.160927
0.148199
0.136163
0.124815
0.114145
0.104141
0.0947898
0.0860727
0.0779701
0.0704602
0.0635197
0.0571235
0.051246
0.0458603
0.0409395
0.0364562
0.0323832
0.0286936
0.0253606
0.0223585
0.0196621
0.0172472
0.0150905
0.0131699
0.0114644
0.0099543
0.00862094
0.00744699
0.00641634
0.00551406
0.0047264
0.00404076
0.00344561
0.00293048
0.00248587
0.00210321
0.00177481
0.00149376
0.00125392
0.00104983
0.000876648
0.000730107
0.000606461
0.000502426
0.000415139
0.00034211
0.000281183
0.000230494
0.000188443
0.000153655
0.000124957
0.000101349
8.19828e-05
6.61411e-05
5.32186e-05
4.2707e-05
3.41804e-05
2.72833e-05
2.172e-05
1.7245e-05
1.36555e-05
1.07843e-05
8.49413e-06
6.67245e-06
5.22747e-06
4.08449e-06
3.18291e-06
2.47372e-06
1.91741e-06
1.48225e-06
1.14279e-06
8.78722e-07
6.7387e-07
5.15396e-07
3.93138e-07
2.99082e-07
2.26921e-07
1.71712e-07
1.29589e-07
9.75385e-08
7.32192e-08
5.48171e-08
4.09306e-08
3.04806e-08
2.26382e-08
1.67688e-08
1.23882e-08
9.12757e-09
6.7073e-09
4.9157e-09
3.59309e-09
2.61937e-09
1.90446e-09
1.381e-09
9.98768e-10
7.20414e-10
5.18261e-10
3.71847e-10
2.66091e-10
1.89909e-10
1.35181e-10
9.59696e-11
6.79525e-11
4.79878e-11
3.37995e-11
2.37435e-11
1.66354e-11
1.16247e-11
8.10184e-12
5.63176e-12
3.90449e-12
2.69987e-12
1.86201e-12
1.2808e-12
8.7871e-13
6.01271e-13
4.10355e-13
2.79327e-13
1.89641e-13
1.28416e-13
8.67302e-14
5.8424e-14
3.92538e-14
2.63052e-14
1.75822e-14
1.17213e-14
7.79386e-15
5.16896e-15
3.41923e-15
2.25595e-15
1.4846e-15
9.74461e-16
6.37969e-16
4.16596e-16
2.71339e-16
1.76275e-16
1.14223e-16
7.38242e-17
4.75916e-17
3.06019e-17
1.9627e-17
1.25559e-17
8.01184e-18
5.09926e-18
3.23723e-18
2.04991e-18
1.29476e-18
8.15713e-19
5.12606e-19
3.21312e-19
2.00895e-19
1.25289e-19
7.79391e-20
4.83616e-20
2.9933e-20
1.84801e-20
1.13806e-20
6.99087e-21
4.28357e-21
2.61813e-21
1.59619e-21
9.70718e-22
5.88861e-22
3.56326e-22
2.15079e-22
1.29498e-22
7.77767e-23
4.65965e-23
2.7847e-23
1.66006e-23
9.87174e-24
5.85581e-24
3.46502e-24
2.04528e-24
1.20428e-24
7.07342e-25
4.14442e-25
2.42231e-25
1.4123e-25
8.21413e-26
4.76574e-26
2.75827e-26
1.59251e-26
9.17203e-27
5.26976e-27
3.02035e-27
1.72691e-27
9.84974e-28
5.60437e-28
3.18109e-28
1.80125e-28
1.01747e-28
5.73353e-29
3.22311e-29
1.80751e-29
1.01122e-29
5.64368e-30
3.14224e-30
1.74532e-30
9.67104e-31
5.34605e-31
2.94819e-31
1.62197e-31
8.90219e-32
4.87437e-32
2.66261e-32
1.451e-32
7.88861e-33
4.27864e-33
2.31518e-33
1.2498e-33
6.73086e-34
3.61644e-34
1.93852e-34
1.03667e-34
5.53088e-35
2.94396e-35
1.56334e-35
8.28252e-36
4.37783e-36
2.30858e-36
1.21457e-36
6.37514e-37
3.3385e-37
1.74425e-37
9.09203e-38
4.72837e-38
2.45335e-38
1.27002e-38
6.55934e-39
3.37998e-39
1.73769e-39
8.91325e-40
4.56149e-40
2.32909e-40
1.18652e-40
6.03082e-41
3.05837e-41
1.54745e-41
7.81195e-42
3.93477e-42
1.97741e-42
9.91501e-43
4.96034e-43
2.476e-43
1.23315e-43
6.12779e-44
3.03822e-44
1.50301e-44
7.4188e-45
3.65373e-45
1.79544e-45
8.80315e-46
4.30666e-46
2.10222e-46
1.02389e-46
4.97587e-47
2.41281e-47
1.1674e-47
5.63584e-48
2.71482e-48
1.30488e-48
6.25816e-49
2.99482e-49
1.43003e-49
6.81349e-50
3.23927e-50
1.53666e-50
7.27386e-51
3.43565e-51
1.61923e-51
7.615e-52
3.57348e-52
1.6733e-52
7.81844e-53
3.64529e-53
1.69593e-53
7.87324e-54
3.64726e-54
1.68597e-54
7.7769e-55
3.5796e-55
1.64413e-55
7.53555e-56
3.44643e-56
1.57291e-56
7.16335e-57
3.25544e-57
1.47634e-57
6.68107e-58
3.01711e-58
1.35963e-58
6.11422e-59
2.74378e-59
1.22871e-59
5.49083e-60
2.44862e-60
1.08968e-60
4.83918e-61
2.14458e-61
9.48443e-62
4.18581e-62
1.84353e-62
8.10254e-63
3.55383e-63
1.55553e-63
6.79461e-64
2.96182e-64
1.28844e-64
5.59341e-65
2.42327e-65
1.04771e-65
4.52058e-66
1.94653e-66
8.36464e-67
3.58716e-67
1.53523e-67
6.55717e-68
2.795e-68
1.18897e-68
5.0476e-69
2.13858e-69
9.04256e-70
3.81581e-70
1.60699e-70
6.75412e-71
2.83307e-71
1.18599e-71
4.95494e-72
2.06601e-72
8.59733e-73
3.57054e-73
1.47994e-73
6.12204e-74
2.5275e-74
1.04143e-74
4.28265e-75
1.75769e-75
7.19981e-76
2.94339e-76
1.20095e-76
4.89051e-77
1.98763e-77
8.06254e-78
3.2641e-78
1.3189e-78
5.31883e-79
2.14082e-79
8.60014e-80
3.44819e-80
1.37988e-80
5.5113e-81
2.19701e-81
8.74134e-82
3.47129e-82
1.37585e-82
5.44283e-83
2.14906e-83
8.46924e-84
3.33131e-84
1.30786e-84
5.12486e-85
2.00438e-85
7.82455e-86
3.04872e-86
1.18565e-86
4.60234e-87
1.78313e-87
6.89563e-88
2.66165e-88
1.02545e-88
3.94336e-89
1.51359e-89
5.79884e-90
2.21751e-90
8.46415e-91
3.22475e-91
1.22632e-91
4.65489e-92
1.76365e-92
6.66982e-93
2.51777e-93
9.48682e-94
3.56802e-94
1.33949e-94
5.01942e-95
1.87748e-95
7.0098e-96
2.61242e-96
9.71832e-97
3.60869e-97
1.33758e-97
4.94885e-98
1.82769e-98
6.73778e-99
2.47941e-99
9.10744e-100
3.33936e-100
1.22222e-100
4.4654e-101
1.62851e-101
5.92852e-102
2.1544e-102
7.81504e-103
2.82985e-103
1.02288e-103
3.69074e-104
1.32933e-104
4.77953e-105
1.71541e-105
6.14591e-106
2.19806e-106
7.84743e-107
2.79675e-107
9.94986e-108
3.53362e-108
1.25275e-108
4.43352e-109
1.5663e-109
5.52391e-110
1.94475e-110
6.83478e-111
2.39791e-111
8.39828e-112
2.93627e-112
1.02483e-112
3.57079e-113
1.24208e-113
4.31505e-114
1.50216e-114
5.38496e-115
2.40316e-115
)
;

boundaryField
{
    sides
    {
        type            zeroGradient;
    }
    empty
    {
        type            empty;
    }
}


// ************************************************************************* //
