/*--------------------------------*- C++ -*----------------------------------*\
  =========                 |
  \\      /  F ield         | OpenFOAM: The Open Source CFD Toolbox
   \\    /   O peration     | Website:  https://openfoam.org
    \\  /    A nd           | Version:  13
     \\/     M anipulation  |
\*---------------------------------------------------------------------------*/
FoamFile
{
    format      ascii;
    class       volScalarField;
    location    "7";
    object      p;
}
// * * * * * * * * * * * * * * * * * * * * * * * * * * * * * * * * * * * * * //

dimensions      [1 -1 -2 0 0 0 0];

internalField   nonuniform List<scalar> 
5250
(
1.00001
1.00003
1.0001
1.00024
1.00062
1.00151
1.00381
1.00911
1.02328
1.05619
1.14362
1.36861
2.01037
3.89324
9.18634
11.399
11.1929
11.0714
11.154
11.3738
11.5962
11.7356
11.8429
11.9265
11.9913
1.00001
1.00003
1.00009
1.00024
1.00061
1.00149
1.00376
1.00899
1.02298
1.05542
1.14169
1.3634
1.99558
3.84977
9.08431
11.4042
11.191
11.062
11.1454
11.3658
11.5878
11.7275
11.8362
11.9212
11.9874
1.00001
1.00003
1.00009
1.00023
1.00059
1.00144
1.00366
1.00872
1.02237
1.05381
1.13768
1.35248
1.9642
3.7563
8.85518
11.4154
11.1832
11.033
11.1147
11.3327
11.5519
11.6894
11.7974
11.8815
11.9477
1.00001
1.00003
1.00008
1.00023
1.00055
1.00143
1.0034
1.00855
1.02101
1.05201
1.13076
1.33678
1.91594
3.61454
8.49549
11.4388
11.1724
10.9849
11.0625
11.2741
11.4887
11.6216
11.7264
11.8083
11.875
1.00001
1.00003
1.00008
1.0002
1.00054
1.00129
1.00326
1.00801
1.01961
1.04916
1.12209
1.31572
1.85164
3.42824
8.00353
11.4763
11.1606
10.9197
10.991
11.1927
11.401
11.5272
11.6265
11.7047
11.773
1
1.00003
1.00007
1.0002
1.00047
1.00126
1.00286
1.00765
1.01758
1.04604
1.11101
1.29015
1.77435
3.19878
7.37599
11.5223
11.1476
10.8369
10.8994
11.0862
11.2854
11.4008
11.4901
11.5609
11.6298
1
1.00002
1.00007
1.00017
1.00046
1.00105
1.00281
1.00636
1.01703
1.03943
1.10274
1.25636
1.69067
2.93746
6.63337
11.5551
11.1317
10.7394
10.7889
10.9525
11.1377
11.236
11.307
11.3612
11.4249
1
1.00002
1.00006
1.00016
1.00038
1.00101
1.00229
1.00613
1.014
1.03685
1.08771
1.22807
1.59632
2.66496
5.80083
11.5043
11.0882
10.6294
10.6616
10.7903
10.9536
11.0253
11.0648
11.0834
11.1219
1
1.00002
1.00006
1.00013
1.00036
1.00083
1.00221
1.00502
1.01336
1.03088
1.08026
1.19759
1.52423
2.44376
5.16219
11.2012
10.9431
10.5053
10.5123
10.5933
10.7243
10.7565
10.7451
10.6918
10.6412
1
1.00002
1.00005
1.00012
1.00031
1.00076
1.00191
1.00456
1.01169
1.02778
1.07091
1.17572
1.46219
2.26873
4.65108
10.5151
10.6255
10.4202
10.3367
10.3731
10.445
10.4269
10.3386
10.126
9.80219
1
1.00001
1.00004
1.00011
1.00026
1.0007
1.0016
1.00427
1.00971
1.02578
1.06051
1.15717
1.40165
2.10525
4.15488
9.55891
10.4313
10.3026
10.1429
10.1398
10.1299
10.0504
9.81048
9.24407
7.78025
1
1.00001
1.00004
1.00009
1.00024
1.00059
1.00142
1.00364
1.00856
1.02217
1.05278
1.13566
1.34545
1.94253
3.67108
8.44777
10.3073
10.1969
9.96765
9.89751
9.82432
9.65223
9.2709
8.50346
6.9944
1
1.00001
1.00003
1.00008
1.00021
1.00048
1.00128
1.0029
1.00773
1.0177
1.04653
1.11162
1.29205
1.7766
3.1906
7.19179
10.2206
10.0989
9.81425
9.65798
9.52926
9.2779
8.80379
8.02658
6.84295
1
1.00001
1.00003
1.00007
1.00016
1.00042
1.00099
1.00256
1.00591
1.01549
1.03628
1.09339
1.23256
1.61941
2.71111
5.8345
10.0783
9.98368
9.6919
9.43429
9.24352
8.95088
8.46567
7.75642
6.82722
1
1.00001
1.00002
1.00005
1.00014
1.00032
1.00085
1.00191
1.00509
1.01159
1.03038
1.07194
1.18529
1.47595
2.29778
4.61188
9.66694
9.77931
9.57977
9.23565
8.98806
8.67862
8.21693
7.58511
6.81138
1
1.00001
1.00002
1.00004
1.00011
1.00026
1.00068
1.00157
1.00403
1.00961
1.02402
1.05901
1.14794
1.38131
2.03078
3.89279
8.63392
9.51362
9.3778
9.06591
8.77032
8.4511
8.01951
7.45493
6.78552
1
1
1.00001
1.00004
1.00008
1.00022
1.0005
1.00133
1.00303
1.00805
1.01846
1.04819
1.11581
1.30184
1.80067
3.23662
7.11987
9.26203
9.18271
8.93726
8.59576
8.26052
7.8544
7.34642
6.7565
1
1
1.00001
1.00003
1.00007
1.00016
1.00042
1.00097
1.0025
1.00593
1.0148
1.03627
1.09
1.22775
1.59769
2.63879
5.52027
9.02526
9.0241
8.85276
8.48081
8.1061
7.71456
7.25366
6.72793
1
1
1.00001
1.00002
1.00005
1.00012
1.00032
1.00072
1.00191
1.00432
1.01144
1.02625
1.06813
1.16484
1.43088
2.14681
4.11574
8.44843
8.89837
8.74677
8.38969
7.98187
7.59805
7.17456
6.70069
1
1
1.00001
1.00002
1.00004
1.0001
1.00022
1.00059
1.00133
1.00355
1.008
1.02118
1.04927
1.12696
1.3184
1.85299
3.33987
7.15917
8.64654
8.56239
8.30372
7.8873
7.50247
7.10559
6.6738
1
1
1
1.00001
1.00003
1.00007
1.00017
1.00043
1.00099
1.00262
1.00593
1.0157
1.03622
1.09372
1.23088
1.61156
2.65544
5.47952
8.35458
8.37315
8.21955
7.85748
7.43547
7.04644
6.64738
1
1
1
1.00001
1.00002
1.00005
1.00013
1.00029
1.00076
1.00175
1.00451
1.01061
1.02652
1.06454
1.16127
1.41173
2.08671
3.8821
7.72502
8.26106
8.13956
7.82842
7.38833
6.99973
6.62386
1
1
1
1.00001
1.00002
1.00003
1.00009
1.00021
1.00055
1.00124
1.0033
1.00743
1.01953
1.04548
1.11637
1.29012
1.76762
3.06921
6.37273
8.0328
7.98525
7.7855
7.37293
6.97014
6.60487
1
1
1
1
1.00001
1.00003
1.00006
1.00016
1.00037
1.00092
1.00224
1.00535
1.01347
1.03196
1.08074
1.19886
1.51752
2.37092
4.61546
7.60898
7.83512
7.70772
7.38116
6.96736
6.59811
1
1
1
1
1.00001
1.00002
1.00005
1.0001
1.00027
1.00061
1.00157
1.00363
1.00922
1.02193
1.05452
1.13382
1.34014
1.88697
3.33333
6.67274
7.66506
7.59617
7.37305
6.97736
6.60114
1
1
1
1
1.00001
1.00001
1.00003
1.00007
1.00018
1.00042
1.00105
1.00255
1.00612
1.01533
1.03651
1.09167
1.22706
1.59036
2.55891
5.04556
7.32696
7.4397
7.32821
7.02453
6.61622
1
1
1
1
1
1.00001
1.00002
1.00005
1.00012
1.00028
1.0007
1.00167
1.00406
1.01002
1.02388
1.05959
1.14494
1.36895
1.94846
3.43238
6.60547
7.30668
7.24228
7.03636
6.65421
1
1
1
1
1
1.00001
1.00001
1.00003
1.00007
1.0002
1.00044
1.00116
1.00261
1.0068
1.01561
1.03977
1.09507
1.24124
1.61724
2.61937
5.12159
7.01844
7.10855
7.01011
6.74423
1
1
1
1
1
1
1.00001
1.00002
1.00005
1.00012
1.0003
1.00071
1.00173
1.00424
1.01002
1.02519
1.05956
1.14962
1.37218
1.95463
3.39399
6.37833
6.9931
6.94616
6.7758
1
1
1
1
1
1
1.00001
1.00001
1.00003
1.00008
1.00019
1.00047
1.00109
1.00281
1.00635
1.01656
1.03799
1.09718
1.23635
1.61235
2.58168
4.99212
6.71479
6.83394
6.75129
1
1
1
1
1
1
1
1.00001
1.00002
1.00005
1.00012
1.00028
1.00073
1.00164
1.00423
1.00973
1.02443
1.05826
1.14444
1.3599
1.91242
3.2673
6.06977
6.70889
6.68074
1
1
1
1
1
1
1
1.00001
1.00001
1.00003
1.00008
1.00018
1.00045
1.00104
1.00268
1.00605
1.01575
1.03598
1.09222
1.22219
1.57342
2.46452
4.66832
6.39511
6.58252
1
1
1
1
1
1
1
1
1.00001
1.00002
1.00005
1.00011
1.00028
1.00065
1.00158
1.00387
1.00912
1.02279
1.05375
1.13397
1.33035
1.83503
3.06277
5.67106
6.43193
1
1
1
1
1
1
1
1
1
1.00001
1.00003
1.00007
1.00017
1.00039
1.00101
1.00226
1.0059
1.01329
1.03418
1.07985
1.20178
1.50268
2.27908
4.16032
6.04769
1
1
1
1
1
1
1
1
1
1.00001
1.00002
1.00004
1.0001
1.00025
1.00056
1.00146
1.00327
1.00851
1.0192
1.04919
1.11537
1.29177
1.72574
2.79967
5.17674
1
1
1
1
1
1
1
1
1
1
1.00001
1.00002
1.00006
1.00014
1.00036
1.00083
1.00202
1.00489
1.01155
1.02868
1.06766
1.16847
1.41475
2.03723
3.51116
1
1
1
1
1
1
1
1
1
1
1.00001
1.00001
1.00004
1.00008
1.00021
1.00048
1.00124
1.00277
1.0072
1.01619
1.04143
1.09674
1.24377
1.60333
2.50674
1
1
1
1
1
1
1
1
1
1
1
1.00001
1.00002
1.00005
1.00012
1.0003
1.00068
1.00176
1.00393
1.01016
1.02292
1.0583
1.1368
1.34406
1.84607
1
1
1
1
1
1
1
1
1
1
1
1.00001
1.00001
1.00003
1.00008
1.00018
1.00046
1.00103
1.00262
1.00603
1.01504
1.03569
1.0874
1.21458
1.53911
1
1
1
1
1
1
1
1
1
1
1
1
1.00001
1.00002
1.00005
1.00013
1.00033
1.00074
1.00194
1.00438
1.01154
1.02644
1.06863
1.16598
1.435
1
1
1
1
1
1
1
1
1
1
1
1
1.00001
1.00002
1.00004
1.00011
1.00025
1.00067
1.00153
1.00407
1.00946
1.02463
1.05956
1.15338
1.39948
1
1
1
1
1
1
1
1
1
1
1
1
1.00001
1.00002
1.00004
1.0001
1.00023
1.00063
1.00142
1.00386
1.00885
1.02369
1.05648
1.14777
1.38332
1
1
1
1
1
1
1
1
1
1
1
1
1.00001
1.00002
1.00004
1.0001
1.00022
1.00061
1.00137
1.00376
1.00862
1.02322
1.0553
1.14532
1.37734
1
1
1
1
1
1
1
1
1
1
1
1
1.00001
1.00002
1.00004
1.00009
1.00022
1.00058
1.00143
1.00353
1.00901
1.02205
1.05641
1.14236
1.3771
1
1
1
1
1
1
1
1
1
1
1
1
1.00001
1.00002
1.00003
1.00009
1.00022
1.00058
1.00137
1.00356
1.00874
1.02208
1.05552
1.1415
1.37353
1
1
1
1
1
1
1
1
1
1
1
1
1.00001
1.00001
1.00004
1.00009
1.00022
1.00056
1.00136
1.00356
1.00848
1.02232
1.05418
1.14135
1.3691
1
1
1
1
1
1
1
1
1
1
1
1
1.00001
1.00001
1.00004
1.00008
1.00023
1.00053
1.00139
1.00342
1.00859
1.02172
1.05427
1.13943
1.36707
1
1
1
1
1
1
1
1
1
1
1
1
1.00001
1.00001
1.00003
1.00009
1.00021
1.00056
1.0013
1.00354
1.00817
1.02217
1.05287
1.13977
1.36356
1
1
1
1
1
1
1
1
1
1
1
1
1.00001
1.00001
1.00003
1.00009
1.00021
1.00055
1.00133
1.00338
1.00851
1.0212
1.05403
1.13725
1.36423
1
1
1
1
1
1
1
1
1
1
1
1
1.00001
1.00001
1.00004
1.00008
1.00022
1.00052
1.00138
1.00328
1.00863
1.02096
1.05412
1.13673
1.36368
3.63557
2.78906
3.72743
4.18096
3.8573
3.7574
3.70361
3.65872
3.57786
3.48695
3.40506
3.33
3.25077
3.16667
3.08407
3.00939
2.94296
2.87635
2.81142
2.77965
2.76766
2.76542
2.79227
2.8614
2.9717
3.11379
3.27274
3.43627
3.59687
3.74999
3.89404
4.02692
4.14722
4.25576
4.35323
4.4412
4.5209
4.59333
4.6579
4.71353
4.76108
4.80159
4.83468
4.86441
4.88866
4.90541
4.91506
4.91948
4.91909
4.916
4.90799
4.89427
4.87714
4.85744
4.83533
4.81098
4.78438
4.75582
4.72545
4.69353
4.66018
4.62558
4.58983
4.55304
4.5153
4.4767
4.43731
4.39718
4.35638
4.31494
4.27291
4.23032
4.18721
4.1436
4.09955
4.05507
4.01021
3.96502
3.91956
3.87386
3.828
3.78204
3.73603
3.69005
3.64415
3.5984
3.55286
3.50758
3.46265
3.41815
3.37418
3.33087
3.28839
3.24697
3.20695
3.16881
3.13327
3.1015
3.07512
3.05746
4.49384
3.81251
4.09612
4.06653
3.85515
3.75497
3.74694
3.70003
3.5845
3.47743
3.39034
3.32191
3.24816
3.16504
3.08147
3.00442
2.93715
2.87617
2.8171
2.77904
2.76299
2.75954
2.78314
2.84891
2.95675
3.09937
3.25981
3.42446
3.58569
3.73874
3.88269
4.01539
4.13579
4.24389
4.3408
4.42817
4.50757
4.58118
4.64707
4.70326
4.75131
4.79233
4.82659
4.8558
4.88003
4.89743
4.908
4.91284
4.91273
4.91055
4.90399
4.89048
4.87289
4.85327
4.83161
4.80764
4.78138
4.75303
4.72285
4.69106
4.65784
4.62333
4.58766
4.55092
4.51324
4.47467
4.43531
4.39521
4.35443
4.31302
4.27101
4.22844
4.18535
4.14178
4.09774
4.0533
4.00847
3.96333
3.91789
3.87224
3.82642
3.7805
3.73454
3.6886
3.64276
3.59705
3.55155
3.50631
3.46142
3.41692
3.37295
3.32962
3.28709
3.2456
3.20545
3.16707
3.13132
3.09921
3.07229
3.05411
5.31106
4.45639
4.26394
4.08938
3.88944
3.77373
3.72292
3.65818
3.56644
3.46978
3.39153
3.32822
3.24829
3.16005
3.0725
2.99188
2.92267
2.86609
2.81842
2.77824
2.75704
2.75107
2.76994
2.82898
2.93159
3.07396
3.23637
3.40075
3.5618
3.71401
3.86083
3.99556
4.11784
4.2276
4.32627
4.41529
4.49595
4.56954
4.63499
4.69175
4.74045
4.78208
4.81699
4.84633
4.87012
4.88772
4.8989
4.90434
4.90445
4.90294
4.89776
4.88605
4.86786
4.84805
4.8266
4.80303
4.77716
4.74914
4.71919
4.68759
4.6545
4.62011
4.58451
4.54785
4.5102
4.47168
4.43233
4.39226
4.35148
4.31008
4.26807
4.22552
4.18244
4.13888
4.09487
4.05045
4.00565
3.96053
3.91514
3.86952
3.82376
3.77789
3.732
3.68612
3.64035
3.5947
3.54926
3.50407
3.45921
3.41473
3.37078
3.32745
3.28477
3.24319
3.20291
3.16439
3.12821
3.09548
3.06761
3.04828
5.69395
4.83178
4.39807
4.15104
3.96092
3.8196
3.73365
3.65683
3.56174
3.46609
3.38332
3.31206
3.23458
3.14865
3.06393
2.9853
2.91737
2.86219
2.81452
2.77605
2.74638
2.73241
2.75211
2.81205
2.90817
3.04709
3.20867
3.37338
3.53537
3.68945
3.83489
3.96953
4.09213
4.20283
4.3025
4.39257
4.47395
4.54778
4.61374
4.67147
4.72115
4.76359
4.79932
4.82912
4.85319
4.87141
4.88349
4.88985
4.89065
4.88962
4.88583
4.87669
4.85914
4.83918
4.81769
4.79449
4.76915
4.74168
4.71218
4.68094
4.64813
4.61397
4.57856
4.54207
4.50455
4.46613
4.42687
4.38686
4.34615
4.30481
4.26286
4.22036
4.17733
4.13383
4.08987
4.0455
4.00076
3.9557
3.91038
3.86484
3.81917
3.7734
3.72761
3.68185
3.63618
3.59067
3.54532
3.50026
3.45547
3.41099
3.36711
3.32387
3.28138
3.2397
3.19919
3.1603
3.12359
3.09005
3.06104
3.04034
5.89444
5.10084
4.58241
4.2683
4.05236
3.89009
3.76841
3.67263
3.57416
3.47587
3.38874
3.31027
3.22695
3.14173
3.05896
2.98288
2.91635
2.86065
2.8137
2.77731
2.7542
2.74937
2.76415
2.81539
2.91251
3.03725
3.18216
3.3384
3.49579
3.64807
3.79275
3.92787
4.05214
4.16515
4.26747
4.35998
4.44343
4.51865
4.58575
4.64469
4.69564
4.73919
4.77594
4.80652
4.83123
4.85019
4.86326
4.87068
4.87244
4.87175
4.86901
4.8621
4.84767
4.82769
4.80605
4.78305
4.75824
4.73142
4.70255
4.67185
4.63949
4.6057
4.5706
4.53435
4.49704
4.4588
4.41969
4.37981
4.33921
4.29796
4.2561
4.21368
4.17073
4.1273
4.08341
4.03911
3.99445
3.94946
3.90423
3.85879
3.81324
3.76759
3.72196
3.67633
3.63085
3.5855
3.54027
3.49532
3.45071
3.40659
3.36273
3.31943
3.27684
3.23506
3.19435
3.15506
3.11776
3.08334
3.0531
3.03074
6.0196
5.31071
4.77576
4.41151
4.15812
3.97085
3.82841
3.71103
3.60499
3.50217
3.40637
3.31907
3.23333
3.14813
3.06603
2.99129
2.92768
2.87614
2.8362
2.80918
2.79741
2.80069
2.81876
2.86664
2.9522
3.05222
3.17043
3.29448
3.43532
3.58217
3.7291
3.86927
3.99893
4.1165
4.22234
4.31758
4.40321
4.48018
4.54884
4.60941
4.662
4.70711
4.74523
4.77699
4.80275
4.8228
4.83713
4.84589
4.84903
4.84862
4.84678
4.84185
4.83108
4.81245
4.79108
4.76822
4.74383
4.71766
4.68955
4.65956
4.62783
4.59455
4.55989
4.524
4.48701
4.44902
4.41014
4.37045
4.33002
4.28891
4.24719
4.20488
4.16205
4.11871
4.07492
4.03071
3.98614
3.94125
3.89613
3.85082
3.80541
3.75994
3.71449
3.66895
3.62369
3.5786
3.53374
3.48911
3.44469
3.40069
3.35697
3.31377
3.27112
3.22929
3.18837
3.14876
3.11088
3.07563
3.04423
3.02009
6.10165
5.4718
4.95082
4.55991
4.27451
4.06111
3.89744
3.76506
3.64929
3.541
3.43901
3.3424
3.25246
3.16683
3.08607
3.01412
2.95612
2.91442
2.89032
2.8829
2.88735
2.90598
2.9493
3.00175
3.0534
3.11096
3.18095
3.26556
3.35618
3.4796
3.62557
3.77609
3.91939
4.04887
4.16313
4.26342
4.35211
4.43115
4.50176
4.56441
4.61927
4.66665
4.70687
4.74048
4.76786
4.78943
4.80532
4.81571
4.82066
4.82058
4.81956
4.81631
4.80873
4.79329
4.77286
4.75041
4.72648
4.70093
4.67357
4.64438
4.61342
4.58082
4.54674
4.51135
4.47477
4.43714
4.39855
4.35912
4.31892
4.27801
4.23646
4.19431
4.15161
4.1084
4.06471
4.0206
3.97614
3.93138
3.88639
3.84126
3.79602
3.75077
3.70559
3.66069
3.61569
3.57088
3.52621
3.48177
3.4375
3.39358
3.34997
3.30683
3.2642
3.22229
3.18122
3.1413
3.10295
3.06693
3.03451
3.00881
6.1558
5.59326
5.09937
4.70123
4.39409
4.15851
3.97447
3.82648
3.69978
3.58492
3.47794
3.37811
3.28538
3.19913
3.1203
3.05337
3.00599
2.98211
2.98273
2.99177
3.02178
3.08909
3.16501
3.19826
3.21383
3.22407
3.23455
3.25925
3.31224
3.37811
3.48607
3.63496
3.79319
3.94455
4.07827
4.19225
4.2893
4.37281
4.44618
4.51088
4.56792
4.61771
4.66049
4.69654
4.72617
4.7498
4.76769
4.78003
4.78698
4.78836
4.78777
4.78562
4.78029
4.76904
4.75062
4.7293
4.7061
4.68119
4.65455
4.62616
4.59603
4.56422
4.53087
4.4961
4.46005
4.42288
4.38469
4.34559
4.30568
4.26502
4.2237
4.18174
4.1392
4.09612
4.05256
4.00857
3.96424
3.91963
3.87479
3.82988
3.78503
3.74024
3.69548
3.65079
3.60614
3.56156
3.5171
3.47283
3.42875
3.38498
3.34152
3.2985
3.25595
3.21405
3.17289
3.13277
3.09404
3.05739
3.02412
2.99697
6.19168
5.68478
5.22196
4.82895
4.51074
4.25814
4.05722
3.89456
3.75647
3.63481
3.52321
3.42026
3.32533
3.23916
3.16427
3.10712
3.08033
3.08256
3.09716
3.14037
3.23871
3.37565
3.44409
3.44292
3.4308
3.39678
3.32936
3.29795
3.3055
3.33466
3.39517
3.48935
3.62567
3.78819
3.94514
4.08394
4.20118
4.29845
4.37976
4.44881
4.50854
4.56046
4.60564
4.64421
4.67643
4.70272
4.72321
4.73803
4.74737
4.75126
4.75105
4.74984
4.74643
4.73886
4.72369
4.70435
4.68238
4.65835
4.63251
4.60495
4.57568
4.54475
4.51222
4.47819
4.4428
4.40619
4.36848
4.3298
4.29025
4.24991
4.20886
4.16712
4.12478
4.08186
4.03844
3.9946
3.95043
3.90603
3.86164
3.8172
3.77278
3.72835
3.68389
3.63945
3.59503
3.5507
3.50645
3.46241
3.41854
3.37499
3.33171
3.28886
3.24643
3.2046
3.16344
3.12321
3.08421
3.04708
3.01316
2.9848
6.2148
5.75408
5.32224
4.94121
4.62029
4.35687
4.14252
3.96679
3.81884
3.69
3.57392
3.46845
3.37281
3.28919
3.22184
3.18535
3.18735
3.20266
3.24953
3.35756
3.57351
3.72845
3.75427
3.7394
3.69173
3.58669
3.45789
3.36854
3.33449
3.33999
3.36448
3.41892
3.49881
3.6116
3.76251
3.91776
4.06216
4.18619
4.28826
4.37096
4.43864
4.49507
4.54295
4.58396
4.6186
4.64777
4.67137
4.68928
4.70166
4.70868
4.71029
4.70973
4.70774
4.70285
4.69253
4.67568
4.65533
4.63255
4.60776
4.58115
4.55281
4.52278
4.49112
4.45792
4.42327
4.38732
4.35019
4.31202
4.27291
4.23294
4.1922
4.15072
4.10858
4.06583
4.02256
3.97889
3.93508
3.8912
3.84726
3.80325
3.75914
3.71499
3.67077
3.62659
3.5824
3.53833
3.49434
3.45056
3.40694
3.36363
3.32057
3.27793
3.23566
3.19397
3.15287
3.11263
3.07349
3.03602
3.00164
2.97228
6.22912
5.80706
5.40403
5.0385
4.72053
4.4519
4.22802
4.04187
3.88477
3.74927
3.62954
3.52226
3.42817
3.35151
3.29963
3.3003
3.31357
3.35879
3.46984
3.70437
3.99047
4.10229
4.09345
4.05271
3.95337
3.77256
3.60963
3.48819
3.41209
3.38195
3.38532
3.40306
3.4467
3.50595
3.5965
3.72198
3.87057
4.01751
4.14876
4.25842
4.34653
4.41626
4.47177
4.51699
4.55461
4.5862
4.6126
4.63365
4.64942
4.6599
4.6652
4.66525
4.66445
4.6618
4.65556
4.64279
4.62455
4.60339
4.57997
4.55452
4.5272
4.49812
4.46735
4.435
4.40116
4.36595
4.3295
4.29193
4.25334
4.21382
4.17344
4.13225
4.09034
4.04779
4.00485
3.96168
3.91836
3.87491
3.83132
3.78761
3.74379
3.69991
3.65597
3.61206
3.56817
3.52439
3.48069
3.4372
3.39387
3.35082
3.30804
3.26564
3.22361
3.18211
3.14117
3.10101
3.06187
3.0242
2.98956
2.95946
6.23825
5.84859
5.47127
5.12244
4.81123
4.54166
4.31212
4.11825
3.95371
3.81244
3.68963
3.58315
3.49445
3.4309
3.4191
3.43045
3.47221
3.57779
3.80592
4.19096
4.43872
4.45961
4.43296
4.35129
4.17619
3.96205
3.78125
3.64141
3.53964
3.47309
3.43599
3.43493
3.44228
3.46678
3.51501
3.58039
3.67672
3.8106
3.95279
4.08897
4.20784
4.30444
4.37952
4.43727
4.48224
4.51813
4.54743
4.5714
4.59024
4.60426
4.6133
4.61702
4.61683
4.61562
4.6122
4.6046
4.58969
4.57075
4.54902
4.52497
4.49882
4.47078
4.44096
4.40951
4.37654
4.34215
4.30646
4.26958
4.23159
4.19256
4.15257
4.11168
4.07005
4.02793
3.98552
3.94287
3.89999
3.8569
3.81363
3.77022
3.7267
3.68313
3.6395
3.59591
3.55233
3.50888
3.4655
3.42232
3.37931
3.33658
3.2941
3.252
3.21026
3.16902
3.12831
3.08832
3.04928
3.01159
2.97684
2.94622
6.24374
5.88134
5.52783
5.19529
4.89309
4.62585
4.39393
4.19505
4.02508
3.87964
3.75567
3.65358
3.57644
3.5505
3.55955
3.59649
3.69357
3.90633
4.33321
4.71331
4.82821
4.81086
4.74609
4.59727
4.36377
4.14655
3.9643
3.81645
3.69823
3.60673
3.53908
3.49575
3.47401
3.47611
3.48858
3.51728
3.56292
3.63416
3.74264
3.87528
4.01266
4.13834
4.2442
4.32811
4.39188
4.43962
4.47574
4.50376
4.52576
4.5428
4.55513
4.56286
4.56553
4.56519
4.56361
4.55946
4.55046
4.53454
4.51484
4.49241
4.46763
4.44076
4.41199
4.38152
4.34948
4.31599
4.28114
4.24501
4.20767
4.16918
4.1296
4.08911
4.04802
4.0065
3.96462
3.92242
3.87994
3.83721
3.79428
3.75122
3.70803
3.66479
3.6215
3.57826
3.53502
3.49191
3.44888
3.40606
3.3634
3.32103
3.2789
3.23715
3.19574
3.15483
3.11442
3.07469
3.03588
2.99829
2.96361
2.93267
6.24925
5.90807
5.57553
5.25945
4.96755
4.70512
4.47352
4.27214
4.09915
3.95203
3.83105
3.73897
3.69574
3.70243
3.73456
3.82442
4.0274
4.44306
4.92806
5.16576
5.1598
5.11722
5.00539
4.77949
4.54137
4.33265
4.15503
4.004
3.87494
3.76539
3.67412
3.60108
3.5469
3.51085
3.49875
3.50287
3.51688
3.54634
3.59605
3.67611
3.79414
3.9228
4.05163
4.16732
4.26224
4.33507
4.38852
4.42712
4.45522
4.4761
4.49161
4.50249
4.50893
4.51075
4.51027
4.50839
4.50364
4.49355
4.47684
4.45643
4.43326
4.40775
4.38019
4.35081
4.3198
4.28727
4.2533
4.21797
4.18131
4.14335
4.1043
4.06445
4.02402
3.98309
3.94172
3.89997
3.8579
3.81557
3.77301
3.73032
3.6875
3.64463
3.60171
3.55884
3.51598
3.47326
3.43062
3.3882
3.34594
3.30396
3.26224
3.22089
3.17989
3.13936
3.09934
3.05997
3.02151
2.98417
2.94972
2.91869
6.25682
5.93207
5.6181
5.31784
5.03706
4.78064
4.55133
4.34996
4.17685
4.03266
3.92134
3.85696
3.86079
3.88774
3.96973
4.16162
4.56143
5.1082
5.44107
5.48015
5.45277
5.36549
5.17815
4.93636
4.71496
4.52084
4.34978
4.19714
4.0599
3.93679
3.82766
3.73295
3.65343
3.58936
3.54321
3.51229
3.50957
3.51378
3.52792
3.55984
3.6168
3.7068
3.82589
3.95369
4.07593
4.18184
4.2658
4.32788
4.37168
4.402
4.423
4.43745
4.44691
4.45221
4.45299
4.45239
4.45025
4.44499
4.43399
4.41661
4.39552
4.37168
4.34555
4.31744
4.28756
4.25605
4.22301
4.18849
4.1525
4.11519
4.07689
4.0378
3.99805
3.95771
3.91687
3.87561
3.834
3.79211
3.74998
3.70771
3.66529
3.62284
3.58033
3.53787
3.49544
3.45314
3.41094
3.36895
3.32714
3.28562
3.24434
3.20345
3.16291
3.12285
3.08329
3.04439
3.00639
2.96946
2.93542
2.90451
6.27126
5.95855
5.65995
5.37361
5.10332
4.85373
4.62844
4.43002
4.2607
4.12813
4.03735
4.0361
4.05733
4.13109
4.31176
4.69392
5.2801
5.68245
5.78463
5.76393
5.69245
5.53324
5.30338
5.08393
4.88688
4.70817
4.54317
4.38928
4.24562
4.11224
3.98982
3.87901
3.78065
3.69534
3.62408
3.56723
3.52771
3.50638
3.50668
3.51053
3.52571
3.56113
3.62793
3.72848
3.84782
3.97205
4.08688
4.18283
4.25622
4.3084
4.34342
4.36606
4.38017
4.38869
4.39254
4.39248
4.39173
4.38928
4.3835
4.37155
4.35348
4.33196
4.30772
4.28115
4.25254
4.22211
4.19002
4.15629
4.12105
4.08457
4.04713
4.00883
3.9698
3.9301
3.88986
3.84914
3.80804
3.76664
3.72498
3.68316
3.64119
3.59919
3.55713
3.51514
3.47317
3.43134
3.38963
3.34813
3.30681
3.2658
3.22504
3.18467
3.14466
3.10516
3.06617
3.02785
2.99047
2.95414
2.92071
2.89023
6.30072
5.99147
5.70337
5.42835
5.16775
4.92553
4.70639
4.51495
4.35921
4.24761
4.22269
4.24143
4.30982
4.48123
4.84742
5.45481
5.90913
6.06005
6.04656
5.99089
5.85963
5.64099
5.42775
5.23522
5.0583
4.89098
4.73018
4.57526
4.4269
4.28607
4.15398
4.0314
3.91923
3.81796
3.72828
3.65084
3.58654
3.53691
3.50395
3.49191
3.48895
3.49345
3.51196
3.55411
3.63214
3.73827
3.85852
3.97871
4.08614
4.17263
4.23573
4.2781
4.30449
4.31988
4.32768
4.33015
4.3299
4.32879
4.32578
4.31913
4.30572
4.28753
4.26591
4.2414
4.21441
4.18526
4.15419
4.12131
4.08696
4.05144
4.01492
3.97746
3.9392
3.90022
3.86064
3.82053
3.78
3.73914
3.698
3.6567
3.61524
3.57374
3.53219
3.49071
3.44926
3.40797
3.36679
3.32584
3.28509
3.24463
3.20446
3.16469
3.12531
3.08645
3.04815
3.01057
2.97397
2.93849
2.9059
2.87625
6.35784
6.03466
5.74963
5.48298
5.23128
4.99775
4.78829
4.61172
4.48005
4.43166
4.44675
4.50877
4.67073
5.02132
5.6396
6.13249
6.32174
6.3137
6.26929
6.15923
5.95196
5.74701
5.56157
5.39103
5.22775
5.06751
4.90904
4.75319
4.60145
4.45537
4.31629
4.18516
4.06276
3.94963
3.84623
3.75311
3.67078
3.6001
3.54254
3.4991
3.47621
3.46235
3.46126
3.46746
3.49056
3.5414
3.62961
3.73949
3.86028
3.97615
4.07521
4.15147
4.2044
4.23747
4.25585
4.26421
4.26571
4.26522
4.2636
4.25971
4.25153
4.23719
4.21887
4.19714
4.17238
4.14497
4.11518
4.08342
4.05017
4.01567
3.98009
3.94353
3.90612
3.86792
3.82907
3.78965
3.74975
3.7095
3.66894
3.6282
3.58731
3.54637
3.50539
3.46448
3.42362
3.38291
3.34234
3.302
3.26187
3.22206
3.18256
3.14348
3.10484
3.06676
3.0293
2.99265
2.95707
2.92277
2.89136
2.86314
6.42673
6.08873
5.79919
5.53761
5.29498
5.07313
4.88104
4.73178
4.66128
4.67288
4.72905
4.8828
5.22037
5.84419
6.36242
6.57974
6.57509
6.5366
6.43662
6.23648
6.04104
5.86541
5.70423
5.54881
5.39355
5.23684
5.07918
4.92241
4.76831
4.61861
4.47455
4.33721
4.20719
4.0852
3.97148
3.86653
3.77066
3.68464
3.60888
3.54436
3.49339
3.45678
3.43955
3.42327
3.42412
3.43372
3.46254
3.52378
3.62029
3.73386
3.85291
3.96342
4.05424
4.1205
4.16337
4.1874
4.19786
4.19909
4.19836
4.19609
4.19102
4.18075
4.16584
4.14729
4.1254
4.10038
4.07252
4.04236
4.01044
3.97708
3.94252
3.90691
3.8704
3.83306
3.795
3.75634
3.71715
3.67758
3.63768
3.59759
3.55734
3.51704
3.4767
3.43644
3.39624
3.35619
3.3163
3.27665
3.23724
3.19816
3.15943
3.12117
3.08339
3.04626
3.00985
2.9744
2.94017
2.90755
2.87776
2.85189
6.5284
6.16365
5.85665
5.59505
5.36243
5.15879
4.99664
4.90836
4.91705
4.96894
5.11768
5.44871
6.07878
6.61179
6.84608
6.84227
6.80298
6.70019
6.50274
6.31239
6.14652
5.99641
5.85109
5.70394
5.55258
5.39747
5.24029
5.08305
4.92751
4.77539
4.62771
4.4858
4.35008
4.22136
4.09974
3.98576
3.87967
3.78178
3.69252
3.61252
3.54265
3.48442
3.43855
3.40983
3.38951
3.37782
3.38059
3.3949
3.43056
3.50345
3.6041
3.7214
3.8386
3.94242
4.0238
4.07961
4.11225
4.12747
4.12955
4.12866
4.12583
4.11959
4.10762
4.09182
4.07285
4.05065
4.02535
3.99742
3.96731
3.93538
3.90203
3.86746
3.8319
3.79545
3.75825
3.72041
3.68203
3.64324
3.60411
3.56477
3.52525
3.48568
3.44608
3.40655
3.36708
3.32779
3.28867
3.2498
3.21121
3.17298
3.13516
3.09785
3.06113
3.02518
2.99011
2.95626
2.92386
2.89365
2.86618
2.8441
6.54512
6.25251
5.92764
5.66142
5.44191
5.26869
5.16735
5.17424
5.2245
5.37368
5.70869
6.35175
6.89377
7.13129
7.1261
7.08081
6.96499
6.75986
6.56927
6.40816
6.26655
6.13163
5.99439
5.85133
5.70221
5.54846
5.39204
5.23485
5.07872
4.92502
4.77515
4.62982
4.48993
4.35592
4.22825
4.10737
3.9933
3.88646
3.78696
3.69526
3.61188
3.53755
3.47326
3.42024
3.38155
3.35571
3.33396
3.32634
3.3313
3.35049
3.39405
3.48025
3.58471
3.70222
3.81585
3.9119
3.98295
4.02791
4.05068
4.05653
4.05568
4.05263
4.04561
4.03217
4.01541
3.99564
3.97303
3.94772
3.91993
3.88995
3.85818
3.8249
3.79042
3.75494
3.71867
3.68174
3.64426
3.60637
3.56811
3.52963
3.49096
3.45224
3.41347
3.37477
3.33615
3.29771
3.25947
3.2215
3.18386
3.14663
3.10988
3.07375
3.03834
3.0039
2.9706
2.93893
2.90912
2.88243
2.85844
2.8422
6.51714
6.33856
6.01523
5.74636
5.54709
5.43324
5.43969
5.49153
5.64784
5.99974
6.66818
7.21938
7.44783
7.438
7.37812
7.23515
7.01836
6.82162
6.65997
6.52265
6.39497
6.26625
6.13183
5.9904
5.84264
5.69011
5.53471
5.37808
5.22193
5.06748
4.91601
4.76826
4.62524
4.48721
4.35502
4.22859
4.1084
3.99441
3.8872
3.78661
3.69317
3.60709
3.52915
3.45995
3.40099
3.3531
3.32001
3.29284
3.2724
3.2728
3.2806
3.30473
3.3571
3.44938
3.55893
3.67555
3.78391
3.87119
3.93147
3.96554
3.97894
3.97845
3.97568
3.9688
3.95482
3.93678
3.91607
3.89294
3.86751
3.83987
3.81018
3.77862
3.74556
3.7113
3.67611
3.64021
3.60374
3.56685
3.52959
3.49211
3.45442
3.41667
3.37886
3.34112
3.30346
3.266
3.22876
3.19184
3.15531
3.11927
3.08383
3.04916
3.01545
2.98301
2.95215
2.92356
2.89763
2.87601
2.85788
2.84643
6.42949
6.34629
6.14335
5.87425
5.70948
5.71435
5.76889
5.93847
6.32206
7.03362
7.59601
7.80671
7.7882
7.70507
7.51985
7.2831
7.07642
6.91047
6.77306
6.64875
6.52615
6.39847
6.26385
6.12232
5.97503
5.82335
5.66892
5.51307
5.35726
5.20258
5.05018
4.90085
4.75549
4.61453
4.47862
4.34788
4.22286
4.10342
3.99001
3.8825
3.78128
3.6864
3.59834
3.51741
3.44437
3.38017
3.32543
3.28406
3.2511
3.22544
3.20948
3.21178
3.22394
3.25493
3.31911
3.41473
3.52753
3.64214
3.7434
3.82063
3.86939
3.89388
3.89615
3.89422
3.88848
3.87583
3.85643
3.83427
3.81045
3.78492
3.75744
3.72798
3.69677
3.66412
3.63033
3.5957
3.56041
3.52466
3.48853
3.45215
3.41557
3.37891
3.34219
3.30554
3.269
3.23267
3.19662
3.16095
3.12575
3.09117
3.05738
3.02461
2.99316
2.9635
2.93616
2.91208
2.89222
2.87742
2.86411
2.85956
6.35213
6.32746
6.23563
6.04316
6.01359
6.06828
6.25413
6.67909
7.45556
8.03165
8.21361
8.18286
8.06815
7.82596
7.56177
7.33986
7.1658
7.02485
6.90028
6.77974
6.65634
6.52664
6.39023
6.24771
6.10029
5.94913
5.79546
5.64041
5.48503
5.33045
5.17748
5.02716
4.88003
4.73693
4.5981
4.46414
4.33511
4.21138
4.09292
3.98002
3.87261
3.771
3.67519
3.58557
3.50235
3.42621
3.35756
3.29797
3.24771
3.21095
3.17733
3.15256
3.14249
3.14675
3.16322
3.20126
3.27788
3.37678
3.49032
3.60109
3.69369
3.75956
3.797
3.80933
3.80813
3.80344
3.79274
3.77293
3.75073
3.72633
3.70031
3.67267
3.64351
3.61288
3.58092
3.54792
3.51406
3.47966
3.44479
3.40966
3.37431
3.3389
3.30344
3.26806
3.23283
3.19785
3.16321
3.12904
3.0955
3.06277
3.03112
3.00091
2.97264
2.947
2.9249
2.90803
2.89545
2.88662
2.88432
2.88657
6.16479
6.31525
6.31111
6.31782
6.38902
6.61477
7.11452
7.95175
8.5329
8.67023
8.62222
8.46773
8.15557
7.85868
7.61787
7.43216
7.28446
7.15631
7.03446
6.91132
6.78363
6.65012
6.5111
6.36717
6.21928
6.06831
5.91513
5.76065
5.60568
5.45123
5.298
5.14697
4.99866
4.85391
4.71292
4.57637
4.44418
4.31697
4.19446
4.07719
3.96483
3.85785
3.75599
3.65965
3.56883
3.48391
3.40514
3.33316
3.26888
3.21261
3.1682
3.13019
3.09928
3.07548
3.07583
3.0823
3.10243
3.14656
3.23168
3.33508
3.44744
3.55181
3.63453
3.68749
3.71571
3.7155
3.71283
3.70508
3.6887
3.66548
3.63983
3.61324
3.58578
3.55721
3.52737
3.49637
3.46435
3.43159
3.39824
3.36456
3.33063
3.29662
3.26262
3.22872
3.19503
3.16165
3.12874
3.09645
3.06501
3.03473
3.006
2.97944
2.95588
2.93619
2.92298
2.91296
2.9097
2.91189
2.91994
2.94073
5.69007
6.26531
6.44916
6.65863
7.04015
7.732
8.57305
9.11709
9.17641
9.10035
8.88625
8.51092
8.17729
7.9136
7.71397
7.55725
7.423
7.29683
7.17068
7.04116
6.90734
6.76924
6.62712
6.48144
6.33272
6.18155
6.0285
5.87426
5.71958
5.56518
5.41186
5.26029
5.11122
4.96518
4.82259
4.6839
4.54931
4.41914
4.29345
4.17247
4.05622
3.94473
3.8381
3.73634
3.63971
3.54808
3.46179
3.38098
3.30631
3.23808
3.17764
3.12567
3.08457
3.04527
3.01696
2.999
3.001
3.01131
3.038
3.09376
3.18301
3.28928
3.39895
3.4947
3.56588
3.6071
3.62012
3.61871
3.61306
3.60018
3.57709
3.55193
3.52528
3.49786
3.46969
3.4407
3.41081
3.38008
3.34865
3.31676
3.28456
3.25224
3.21994
3.18779
3.15594
3.12452
3.09374
3.06386
3.03521
3.00834
2.98372
2.9628
2.94602
2.93689
2.93049
2.9316
2.93733
2.95261
2.98435
3.05052
4.60208
6.07876
6.7309
7.37531
8.35881
9.3575
9.82536
9.79902
9.64528
9.29721
8.88161
8.51857
8.22785
8.01315
7.84697
7.70538
7.57267
7.44059
7.30593
7.16808
7.02733
6.88425
6.73856
6.59078
6.44084
6.289
6.13567
5.98139
5.82675
5.67238
5.5189
5.36696
5.21727
5.07032
4.92655
4.78622
4.64969
4.51716
4.38884
4.26491
4.14542
4.03024
3.91966
3.81352
3.71199
3.61505
3.52288
3.43558
3.35325
3.27637
3.20523
3.1408
3.08351
3.036
2.99363
2.95739
2.9304
2.9227
2.92641
2.94036
2.97316
3.04005
3.13327
3.24066
3.34495
3.43173
3.48779
3.51721
3.5185
3.5157
3.50711
3.48882
3.46362
3.43642
3.40897
3.38143
3.35349
3.32499
3.29587
3.26622
3.23618
3.20595
3.17571
3.14567
3.11603
3.08704
3.05899
3.03234
3.00755
2.98561
2.96713
2.95535
2.94809
2.94822
2.9515
2.96249
2.9876
3.03908
3.10156
3.22707
3.05037
5.57734
7.32321
8.88586
10.2277
10.6506
10.5694
10.2864
9.72421
9.26071
8.87412
8.56144
8.33147
8.15668
8.00775
7.86712
7.72663
7.58374
7.43855
7.29175
7.14395
6.99549
6.84571
6.69549
6.5438
6.39075
6.23669
6.08203
5.92719
5.77275
5.61925
5.4673
5.3172
5.16955
5.02461
4.88296
4.74482
4.61039
4.4799
4.35332
4.23096
4.11283
3.99903
3.88935
3.78395
3.68273
3.58581
3.49329
3.4051
3.32164
3.24288
3.16951
3.10179
3.04059
2.9877
2.94135
2.89907
2.86677
2.84373
2.84436
2.85057
2.86885
2.90899
2.9872
3.08468
3.19102
3.28806
3.36022
3.40173
3.4167
3.41539
3.40984
3.39699
3.373
3.34728
3.32058
3.29381
3.26709
3.24024
3.21311
3.18565
3.15799
3.13031
3.1029
3.07605
3.05023
3.02584
3.00379
2.98456
2.96999
2.96183
2.96069
2.96268
2.97059
2.99007
3.02973
3.09249
3.19354
3.28827
3.45144
2.36586
4.37795
8.52336
11.2299
11.6101
11.4362
10.9403
10.2332
9.66091
9.23286
8.9098
8.66767
8.48845
8.33311
8.1837
8.03284
7.87915
7.72367
7.56776
7.41227
7.25748
7.10334
6.94994
6.79573
6.64141
6.48672
6.33158
6.1762
6.02089
5.8661
5.71226
5.55986
5.4093
5.26105
5.11551
4.97293
4.83361
4.69771
4.56553
4.43701
4.31243
4.19169
4.07502
3.96227
3.85353
3.74874
3.64792
3.55115
3.45833
3.36974
3.28526
3.20531
3.13003
3.05995
2.9957
2.9383
2.88839
2.84222
2.80258
2.77435
2.76223
2.76455
2.77419
2.79938
2.85161
2.93681
3.03868
3.14066
3.22469
3.27978
3.30928
3.31196
3.30935
3.30145
3.28421
3.25981
3.23401
3.20833
3.18313
3.15824
3.13349
3.10883
3.08433
3.06032
3.03718
3.0158
2.99652
2.98156
2.96995
2.96888
2.97014
2.97606
2.9913
3.02272
3.07656
3.1622
3.26844
3.40534
3.52225
3.67822
2.16351
4.2078
9.35031
12.3903
12.2108
11.6166
10.7788
10.0786
9.59897
9.2661
9.01806
8.84063
8.68138
8.52256
8.35973
8.1935
8.02581
7.85859
7.69294
7.52931
7.36757
7.20741
7.04864
6.89057
6.73328
6.57647
6.41986
6.26343
6.10742
5.95213
5.79794
5.64525
5.49441
5.34574
5.19964
5.05629
4.91603
4.77892
4.64527
4.51507
4.38851
4.26563
4.14646
4.0311
3.91947
3.81166
3.70753
3.60724
3.51062
3.4179
3.32893
3.244
3.16311
3.08661
3.01478
2.94826
2.88738
2.83436
2.78447
2.74069
2.70698
2.68346
2.68268
2.68694
2.70106
2.73418
2.80121
2.89337
2.99573
3.08744
3.15545
3.19485
3.21077
3.20983
3.20545
3.19482
3.17364
3.15055
3.12672
3.10352
3.08115
3.05957
3.03875
3.01911
3.00113
2.98629
2.97464
2.9705
2.97179
2.97682
2.98944
3.01547
3.06037
3.13306
3.23418
3.36133
3.49809
3.63946
3.74416
3.85514
2.10189
4.17545
9.82512
12.3435
12.0362
11.2958
10.4801
9.96491
9.63267
9.38582
9.2106
9.04704
8.8779
8.70215
8.52275
8.34271
8.16383
7.98726
7.81339
7.64224
7.47364
7.30729
7.14298
6.98024
6.81889
6.65919
6.50059
6.34279
6.18585
6.02991
5.8753
5.72223
5.57109
5.42205
5.27553
5.13158
4.99057
4.85251
4.71765
4.5861
4.45788
4.33324
4.21197
4.09444
3.9803
3.86993
3.76297
3.65975
3.55996
3.46391
3.3713
3.28253
3.1973
3.1161
3.03881
2.96596
2.89782
2.83486
2.77878
2.72638
2.67972
2.64036
2.6136
2.60077
2.60258
2.61095
2.63295
2.67951
2.76191
2.85862
2.95327
3.03012
3.08079
3.10789
3.11358
3.1118
3.10565
3.09218
3.07197
3.05131
3.03122
3.01261
2.99589
2.98189
2.97132
2.96607
2.967
2.97148
2.98219
3.00415
3.04265
3.10429
3.19708
3.31657
3.45489
3.59935
3.72913
3.83592
3.9017
3.9565
2.07052
4.14778
10.0119
12.0238
11.5954
10.8172
10.3008
9.9877
9.75729
9.58213
9.41074
9.23032
9.04264
8.85209
8.66192
8.47365
8.28792
8.10484
7.92442
7.74672
7.57177
7.39948
7.22978
7.06236
6.89683
6.73326
6.57193
6.41233
6.25422
6.09755
5.94246
5.7891
5.63774
5.48851
5.34172
5.19744
5.05591
4.91722
4.7815
4.64892
4.51943
4.39333
4.27041
4.15099
4.03488
3.92226
3.81305
3.7073
3.605
3.50613
3.41072
3.31878
3.23033
3.14546
3.06423
2.9868
2.91351
2.84444
2.7804
2.72209
2.668
2.61875
2.57661
2.54627
2.52422
2.52446
2.52873
2.54264
2.57481
2.64057
2.72986
2.82619
2.91002
2.97104
3.00681
3.02449
3.02426
3.02179
3.01511
3.00142
2.9857
2.97091
2.95964
2.95337
2.9541
2.95791
2.96793
2.98801
3.02085
3.07294
3.1549
3.267
3.40265
3.55033
3.69223
3.81276
3.90061
3.95883
3.9821
4.00415
2.05672
4.1177
9.98212
11.8921
11.3928
10.6931
10.3072
10.0825
9.91112
9.73712
9.55072
9.35688
9.16098
8.96593
8.77276
8.58155
8.39224
8.20486
8.01965
7.83689
7.6569
7.47977
7.30556
7.13407
6.96498
6.79799
6.6337
6.47196
6.31239
6.15486
5.99922
5.84562
5.69408
5.54481
5.39786
5.25345
5.11158
4.9725
4.83614
4.70281
4.57236
4.44509
4.32089
4.19994
4.08226
3.96781
3.85681
3.74897
3.64466
3.54352
3.44589
3.35146
3.26052
3.17281
3.0887
3.00788
2.93096
2.85752
2.78857
2.72371
2.66449
2.60905
2.55836
2.515
2.47993
2.45606
2.44861
2.45123
2.46096
2.48521
2.53592
2.61828
2.71167
2.79914
2.86649
2.91357
2.93793
2.94921
2.94901
2.94738
2.94338
2.93568
2.93592
2.93856
2.94684
2.96473
2.99209
3.03836
3.10907
3.2114
3.34099
3.48886
3.63922
3.77389
3.87976
3.9524
3.99472
4.01475
4.01844
4.0261
2.04962
4.10945
9.98714
11.8414
11.3262
10.6599
10.3156
10.1335
9.97838
9.80679
9.62074
9.42896
9.23644
9.04439
8.85301
8.66205
8.47171
8.28233
8.09447
7.90864
7.72537
7.54491
7.36747
7.19297
7.02123
6.85177
6.68515
6.52128
6.36017
6.20163
6.04543
5.89155
5.73992
5.59062
5.44367
5.2992
5.15722
5.01788
4.8812
4.74731
4.61626
4.48814
4.36302
4.24096
4.12205
4.00628
3.8938
3.78448
3.6785
3.57574
3.47625
3.38006
3.28705
3.19737
3.11092
3.02774
2.94804
2.87165
2.79908
2.73023
2.66562
2.606
2.54992
2.49892
2.45415
2.41753
2.3906
2.37773
2.37937
2.38654
2.40511
2.44464
2.52015
2.61001
2.69795
2.7731
2.8269
2.86348
2.88299
2.89362
2.90077
2.90615
2.91697
2.9388
2.96278
3.00012
3.05796
3.14744
3.26892
3.41327
3.56808
3.71502
3.83836
3.92926
3.98799
4.02042
4.03469
4.03863
4.03905
4.04086
2.04153
4.08738
9.93751
11.817
11.2888
10.617
10.2906
10.1304
9.99227
9.83208
9.65442
9.46951
9.28257
9.0946
8.90585
8.71637
8.52654
8.337
8.14836
7.96133
7.77646
7.59421
7.41484
7.23849
7.06502
6.89427
6.7258
6.56044
6.39799
6.23845
6.08164
5.92745
5.77575
5.62649
5.47967
5.33529
5.19339
5.05401
4.91723
4.78307
4.65167
4.52301
4.39728
4.27441
4.15464
4.03786
3.92428
3.81378
3.70652
3.60243
3.50154
3.40388
3.30937
3.21811
3.12997
3.04508
2.96341
2.885
2.81
2.73831
2.67041
2.60635
2.54667
2.49073
2.4397
2.39463
2.35706
2.32883
2.31276
2.3137
2.31911
2.33396
2.36645
2.43187
2.51935
2.61144
2.69263
2.75704
2.8037
2.83639
2.86235
2.88589
2.9194
2.95683
3.00857
3.08325
3.1902
3.32428
3.47752
3.63275
3.77208
3.88248
3.96022
4.00859
4.03497
4.0473
4.05171
4.05258
4.0531
4.0549
2.03529
4.06592
9.89826
11.8251
11.2792
10.5801
10.2531
10.1143
9.99357
9.84558
9.67517
9.49476
9.311
9.12555
8.93879
8.75084
8.56211
8.37324
8.18487
7.99772
7.81242
7.62948
7.44927
7.27198
7.09765
6.92614
6.7572
6.59088
6.42753
6.26723
6.10992
5.95546
5.80367
5.65448
5.50778
5.36355
5.22177
5.08246
4.94564
4.81136
4.6797
4.55068
4.42444
4.301
4.18049
4.06295
3.94848
3.83711
3.72891
3.6239
3.52203
3.42336
3.3278
3.23543
3.14607
3.05991
2.97675
2.89674
2.81983
2.7462
2.67597
2.60919
2.54624
2.48712
2.43193
2.38151
2.33669
2.29887
2.26997
2.25242
2.25304
2.2575
2.27047
2.2994
2.35827
2.44393
2.53909
2.62958
2.70762
2.77178
2.82613
2.87992
2.93801
3.00718
3.10356
3.22608
3.37174
3.52855
3.67963
3.80873
3.9073
3.9749
4.01701
4.04122
4.05423
4.0612
4.06387
4.06475
4.06543
4.06755
2.02734
4.04988
9.87148
11.8442
11.2765
10.5485
10.217
10.0929
9.98992
9.85243
9.68754
9.5102
9.3284
9.14466
8.95939
8.77282
8.58519
8.39712
8.20923
8.02227
7.83693
7.65378
7.47326
7.29558
7.12087
6.94899
6.77978
6.61324
6.44959
6.2889
6.13126
5.97656
5.82468
5.6755
5.52888
5.38478
5.24312
5.10389
4.96709
4.83275
4.70092
4.57167
4.44508
4.32126
4.20027
4.08224
3.96719
3.85523
3.74634
3.64058
3.53797
3.43849
3.34214
3.24886
3.1587
3.07153
2.98739
2.90626
2.82818
2.75314
2.68128
2.61261
2.54735
2.48574
2.42767
2.3737
2.32436
2.28041
2.24326
2.21442
2.19754
2.19819
2.2025
2.21494
2.24328
2.3012
2.38924
2.49226
2.59775
2.69772
2.79161
2.88574
2.98424
3.10352
3.2445
3.40169
3.5617
3.70763
3.82703
3.9153
3.97533
4.01378
4.03788
4.05325
4.06304
4.06949
4.07237
4.07344
4.07412
4.07626
2.02268
4.03799
9.85772
11.8656
11.275
10.5226
10.1859
10.0719
9.98223
9.85454
9.69478
9.52013
9.34005
9.15767
8.97353
8.78789
8.60106
8.41357
8.22607
8.0393
7.85401
7.67081
7.49017
7.31234
7.13743
6.96543
6.79625
6.62964
6.4659
6.30508
6.14723
5.99232
5.84027
5.69101
5.54438
5.40034
5.25875
5.11959
4.98282
4.84846
4.71654
4.58713
4.4603
4.33618
4.21484
4.09638
3.9809
3.86843
3.75907
3.65278
3.54969
3.44962
3.35276
3.25886
3.1681
3.08026
2.99543
2.91354
2.83456
2.7586
2.68555
2.61566
2.54883
2.48541
2.42539
2.36907
2.31676
2.26901
2.22668
2.19108
2.16367
2.15035
2.15164
2.1573
2.17199
2.2041
2.26887
2.36627
2.48558
2.61759
2.75748
2.90314
3.06013
3.22911
3.40405
3.57126
3.71627
3.83022
3.91256
3.96848
4.00554
4.0305
4.04802
4.06076
4.06982
4.07633
4.07947
4.08049
4.08108
4.08301
2.01658
4.03291
9.85338
11.8807
11.2742
10.5049
10.1635
10.0556
9.97524
9.85476
9.69901
9.52638
9.34749
9.16597
8.98252
8.7974
8.611
8.42385
8.23661
8.04997
7.86472
7.68153
7.50083
7.32296
7.14794
6.97589
6.80653
6.64018
6.4765
6.31565
6.15766
6.00259
5.85041
5.70106
5.55442
5.4104
5.26888
5.12979
4.99305
4.8587
4.72672
4.59723
4.47025
4.34597
4.22437
4.1057
3.98989
3.87717
3.76746
3.66088
3.5574
3.457
3.35976
3.26546
3.17433
3.086
3.0008
2.91833
2.83891
2.76227
2.68861
2.61791
2.55018
2.48578
2.42448
2.36684
2.31266
2.26279
2.21745
2.17767
2.14536
2.12088
2.11679
2.11931
2.12789
2.14817
2.19057
2.27334
2.39258
2.54571
2.72817
2.93089
3.14406
3.35249
3.54014
3.69426
3.81081
3.89344
3.94999
3.9887
4.01617
4.03655
4.05214
4.06414
4.07296
4.07932
4.08243
4.08373
4.08445
4.08663
2.01549
4.02933
9.85348
11.8889
11.2738
10.4965
10.1526
10.0476
9.97216
9.85565
9.70213
9.53058
9.35225
9.17111
8.98793
8.80296
8.61666
8.42957
8.24236
8.05571
7.87042
7.68717
7.50641
7.32849
7.1534
6.98131
6.81205
6.64561
6.48191
6.32105
6.16299
6.00783
5.85555
5.70612
5.55945
5.41542
5.27391
5.13483
4.99809
4.86371
4.73168
4.60212
4.47502
4.35063
4.22886
4.11005
3.99403
3.88115
3.7712
3.66445
3.56072
3.46015
3.36266
3.26816
3.17679
3.08822
3.0028
2.92004
2.8404
2.76339
2.68947
2.61832
2.55023
2.48525
2.42339
2.36507
2.31013
2.25929
2.2127
2.17109
2.13642
2.10816
2.09724
2.09894
2.10548
2.12149
2.15558
2.22426
2.33966
2.50385
2.71531
2.95922
3.20993
3.43743
3.62207
3.759
3.85486
3.9201
3.96503
3.9972
4.02134
4.04012
4.05495
4.06651
4.07509
4.08126
4.0844
4.08577
4.08656
4.08881
)
;

boundaryField
{
    inlet
    {
        type            fixedValue;
        value           uniform 1;
    }
    outlet
    {
        type            waveTransmissive;
        gamma           1.4;
        fieldInf        1;
        lInf            3;
        value           nonuniform List<scalar> 
40
(
3.04997
3.04661
3.04078
3.03284
3.02326
3.01262
3.00136
2.98954
2.97739
2.96489
2.9521
2.93888
2.92535
2.9114
2.89725
2.88299
2.86904
2.85593
2.84466
2.83679
2.83475
2.83882
2.85167
2.87825
2.9315
3.0395
3.21438
3.43738
3.66379
3.84127
3.94391
3.99214
4.01434
4.02916
4.04322
4.05591
4.06469
4.07147
4.07513
4.07731
)
;
    }
    bottom
    {
        type            symmetryPlane;
    }
    top
    {
        type            symmetryPlane;
    }
    obstacle
    {
        type            zeroGradient;
    }
    defaultFaces
    {
        type            empty;
    }
}


// ************************************************************************* //
