/*--------------------------------*- C++ -*----------------------------------*\
  =========                 |
  \\      /  F ield         | OpenFOAM: The Open Source CFD Toolbox
   \\    /   O peration     | Website:  https://openfoam.org
    \\  /    A nd           | Version:  13
     \\/     M anipulation  |
\*---------------------------------------------------------------------------*/
FoamFile
{
    format      ascii;
    class       volScalarField;
    location    "3.735";
    object      T;
}
// * * * * * * * * * * * * * * * * * * * * * * * * * * * * * * * * * * * * * //

dimensions      [0 0 0 1 0 0 0];

internalField   nonuniform List<scalar> 
1000
(
3.32997e-59
4.44254e-59
7.03394e-59
1.19554e-58
2.08187e-58
3.65156e-58
6.41476e-58
1.12658e-57
1.97684e-57
3.46516e-57
6.06727e-57
1.06114e-56
1.85378e-56
3.2348e-56
5.63822e-56
9.81615e-56
1.70704e-55
2.96517e-55
5.14468e-55
8.916e-55
1.54342e-54
2.66871e-54
4.60914e-54
7.95133e-54
1.37013e-53
2.35822e-53
4.05423e-53
6.96196e-53
1.19414e-52
2.04588e-52
3.50109e-52
5.98449e-52
1.02176e-51
1.74249e-51
2.96817e-51
5.05017e-51
8.58265e-51
1.45692e-50
2.47027e-50
4.18361e-50
7.0771e-50
1.19579e-49
2.01814e-49
3.40208e-49
5.72838e-49
9.63419e-49
1.61843e-48
2.7156e-48
4.55127e-48
7.61893e-48
1.27394e-47
2.12764e-47
3.54927e-47
5.9139e-47
9.84242e-47
1.63614e-46
2.71665e-46
4.50544e-46
7.46333e-46
1.23486e-45
2.04078e-45
3.36872e-45
5.55423e-45
9.14688e-45
1.50457e-44
2.47195e-44
4.05656e-44
6.64912e-44
1.08858e-43
1.78009e-43
2.90747e-43
4.74324e-43
7.72898e-43
1.25793e-42
2.04493e-42
3.32038e-42
5.38496e-42
8.72295e-42
1.41134e-41
2.28078e-41
3.68148e-41
5.93534e-41
9.55771e-41
1.53726e-40
2.46958e-40
3.96264e-40
6.35082e-40
1.01662e-39
1.62544e-39
2.59576e-39
4.1404e-39
6.59632e-39
1.04965e-38
1.66827e-38
2.64833e-38
4.19912e-38
6.65007e-38
1.0519e-37
1.66189e-37
2.62248e-37
4.13334e-37
6.50684e-37
1.0231e-36
1.60674e-36
2.5203e-36
3.94855e-36
6.17876e-36
9.65701e-36
1.50752e-35
2.35049e-35
3.66044e-35
5.69358e-35
8.84532e-35
1.37252e-34
2.12716e-34
3.29274e-34
5.09085e-34
7.86138e-34
1.2125e-33
1.86785e-33
2.87393e-33
4.41656e-33
6.77901e-33
1.03926e-32
1.5913e-32
2.43365e-32
3.71736e-32
5.67132e-32
8.64186e-32
1.31523e-31
1.99927e-31
3.03536e-31
4.60279e-31
6.97115e-31
1.05453e-30
1.59325e-30
2.40425e-30
3.62365e-30
5.45486e-30
8.20145e-30
1.23159e-29
1.8472e-29
2.76713e-29
4.14013e-29
6.18682e-29
9.234e-29
1.37651e-28
2.04946e-28
3.04765e-28
4.52647e-28
6.71463e-28
9.94834e-28
1.47213e-27
2.17575e-27
3.21173e-27
4.73515e-27
6.97261e-27
1.02547e-26
1.50631e-26
2.20991e-26
3.23815e-26
4.73898e-26
6.92689e-26
1.01124e-25
1.47447e-25
2.14725e-25
3.12315e-25
4.53696e-25
6.58266e-25
9.53896e-25
1.38059e-24
1.99567e-24
2.88122e-24
4.15457e-24
5.98326e-24
8.6062e-24
1.23637e-23
1.77396e-23
2.54215e-23
3.63849e-23
5.20116e-23
7.42576e-23
1.05887e-22
1.508e-22
2.14498e-22
3.04722e-22
4.32359e-22
6.12694e-22
8.67166e-22
1.2258e-21
1.7306e-21
2.44023e-21
3.43656e-21
4.83366e-21
6.79024e-21
9.52692e-21
1.33499e-20
1.86836e-20
2.61155e-20
3.64582e-20
5.08334e-20
7.07878e-20
9.84521e-20
1.36756e-19
1.89726e-19
2.62882e-19
3.63791e-19
5.02803e-19
6.94063e-19
9.56876e-19
1.31755e-18
1.8119e-18
2.4886e-18
3.41374e-18
4.67693e-18
6.39948e-18
8.74547e-18
1.19365e-17
1.62713e-17
2.21524e-17
3.01212e-17
4.09052e-17
5.54801e-17
7.51535e-17
1.01675e-16
1.37382e-16
1.85396e-16
2.49874e-16
3.36353e-16
4.52191e-16
6.07154e-16
8.14195e-16
1.09046e-15
1.45862e-15
1.94861e-15
2.59992e-15
3.46454e-15
4.61086e-15
6.12871e-15
8.13592e-15
1.07869e-14
1.42835e-14
1.88896e-14
2.49494e-14
3.29116e-14
4.33599e-14
5.70527e-14
7.49745e-14
9.84013e-14
1.28985e-13
1.68859e-13
2.20779e-13
2.88299e-13
3.75989e-13
4.89731e-13
6.37071e-13
8.27688e-13
1.07398e-12
1.39178e-12
1.80134e-12
2.32845e-12
3.00599e-12
3.87576e-12
4.99084e-12
6.41857e-12
8.24424e-12
1.05757e-11
1.35494e-11
1.7337e-11
2.21553e-11
2.82766e-11
3.60434e-11
4.5885e-11
5.83395e-11
7.40802e-11
9.39483e-11
1.18993e-10
1.50523e-10
1.90165e-10
2.39942e-10
3.02363e-10
3.80537e-10
4.78313e-10
6.00446e-10
7.52806e-10
9.42625e-10
1.1788e-09
1.47228e-09
1.83648e-09
2.28786e-09
2.84655e-09
3.53715e-09
4.38972e-09
5.44083e-09
6.73506e-09
8.32652e-09
1.02809e-08
1.26779e-08
1.56139e-08
1.92052e-08
2.35926e-08
2.89453e-08
3.54673e-08
4.34034e-08
5.30478e-08
6.47526e-08
7.89395e-08
9.61121e-08
1.16872e-07
1.41934e-07
1.72152e-07
2.08538e-07
2.52293e-07
3.04841e-07
3.67865e-07
4.43354e-07
5.33656e-07
6.41533e-07
7.70239e-07
9.2359e-07
1.10607e-06
1.32292e-06
1.58027e-06
1.88529e-06
2.24633e-06
2.67312e-06
3.17697e-06
3.77099e-06
4.47041e-06
5.29284e-06
6.25864e-06
7.3913e-06
8.7179e-06
1.02696e-05
1.20822e-05
1.41967e-05
1.66602e-05
1.95264e-05
2.28569e-05
2.67217e-05
3.12006e-05
3.63843e-05
4.23756e-05
4.92915e-05
5.72637e-05
6.64417e-05
7.69938e-05
8.91095e-05
0.000103002
0.000118911
0.000137106
0.000157885
0.000181587
0.000208584
0.000239296
0.000274187
0.000313772
0.000358624
0.000409376
0.000466728
0.000531451
0.000604398
0.000686502
0.00077879
0.000882389
0.00099853
0.00112856
0.00127394
0.00143627
0.00161729
0.00181887
0.00204306
0.00229207
0.00256826
0.00287419
0.00321263
0.00358652
0.00399903
0.00445354
0.00495366
0.00550324
0.00610636
0.00676735
0.0074908
0.00828156
0.00914474
0.0100857
0.0111101
0.0122239
0.0134332
0.0147444
0.0161644
0.0176999
0.0193583
0.0211469
0.0230735
0.0251458
0.0273719
0.0297602
0.0323188
0.0350564
0.0379815
0.0411028
0.0444291
0.047969
0.0517312
0.0557244
0.059957
0.0644375
0.0691739
0.0741743
0.0794463
0.0849972
0.0908339
0.096963
0.10339
0.110122
0.117162
0.124515
0.132186
0.140176
0.148488
0.157123
0.166082
0.175365
0.18497
0.194896
0.205139
0.215695
0.22656
0.237727
0.24919
0.260939
0.272968
0.285265
0.297819
0.31062
0.323654
0.336907
0.350366
0.364015
0.377838
0.391818
0.405939
0.420182
0.43453
0.448963
0.463462
0.478008
0.492582
0.507162
0.521731
0.536267
0.550752
0.565165
0.579486
0.593698
0.607781
0.621717
0.635488
0.649076
0.662466
0.67564
0.688585
0.701284
0.713725
0.725894
0.737778
0.749367
0.760649
0.771616
0.782257
0.792565
0.802533
0.812153
0.82142
0.83033
0.838877
0.847058
0.85487
0.86231
0.869377
0.87607
0.882387
0.888328
0.893892
0.89908
0.903892
0.90833
0.912392
0.916081
0.919398
0.922343
0.924917
0.927122
0.928957
0.930425
0.931525
0.932258
0.932625
0.932625
0.932258
0.931525
0.930425
0.928957
0.927122
0.924917
0.922343
0.919398
0.916081
0.912392
0.90833
0.903892
0.89908
0.893892
0.888328
0.882387
0.87607
0.869377
0.86231
0.85487
0.847058
0.838877
0.83033
0.82142
0.812153
0.802533
0.792565
0.782257
0.771616
0.760649
0.749367
0.737778
0.725894
0.713725
0.701284
0.688585
0.67564
0.662466
0.649076
0.635488
0.621717
0.607781
0.593698
0.579486
0.565165
0.550752
0.536267
0.521731
0.507162
0.492582
0.478008
0.463462
0.448963
0.43453
0.420182
0.405939
0.391818
0.377838
0.364015
0.350366
0.336907
0.323654
0.31062
0.297819
0.285265
0.272968
0.260939
0.24919
0.237727
0.22656
0.215695
0.205139
0.194896
0.18497
0.175365
0.166082
0.157123
0.148488
0.140176
0.132186
0.124515
0.117162
0.110122
0.10339
0.096963
0.0908339
0.0849972
0.0794463
0.0741743
0.0691739
0.0644375
0.059957
0.0557244
0.0517312
0.047969
0.0444291
0.0411028
0.0379815
0.0350564
0.0323188
0.0297602
0.0273719
0.0251458
0.0230735
0.0211469
0.0193583
0.0176999
0.0161644
0.0147444
0.0134332
0.0122239
0.0111101
0.0100857
0.00914474
0.00828156
0.0074908
0.00676735
0.00610636
0.00550324
0.00495366
0.00445354
0.00399903
0.00358652
0.00321263
0.00287419
0.00256826
0.00229207
0.00204306
0.00181887
0.00161729
0.00143627
0.00127394
0.00112856
0.00099853
0.000882389
0.00077879
0.000686502
0.000604398
0.000531451
0.000466728
0.000409376
0.000358624
0.000313772
0.000274187
0.000239296
0.000208584
0.000181587
0.000157885
0.000137106
0.000118911
0.000103002
8.91095e-05
7.69938e-05
6.64417e-05
5.72637e-05
4.92915e-05
4.23756e-05
3.63843e-05
3.12006e-05
2.67217e-05
2.28569e-05
1.95264e-05
1.66602e-05
1.41967e-05
1.20822e-05
1.02696e-05
8.7179e-06
7.3913e-06
6.25864e-06
5.29284e-06
4.47041e-06
3.77099e-06
3.17697e-06
2.67312e-06
2.24633e-06
1.88529e-06
1.58027e-06
1.32292e-06
1.10607e-06
9.2359e-07
7.70239e-07
6.41533e-07
5.33656e-07
4.43354e-07
3.67865e-07
3.04841e-07
2.52293e-07
2.08538e-07
1.72152e-07
1.41934e-07
1.16872e-07
9.61121e-08
7.89395e-08
6.47526e-08
5.30478e-08
4.34034e-08
3.54673e-08
2.89453e-08
2.35926e-08
1.92052e-08
1.56139e-08
1.26779e-08
1.02809e-08
8.32652e-09
6.73506e-09
5.44083e-09
4.38972e-09
3.53715e-09
2.84655e-09
2.28786e-09
1.83648e-09
1.47228e-09
1.1788e-09
9.42625e-10
7.52806e-10
6.00446e-10
4.78313e-10
3.80537e-10
3.02363e-10
2.39942e-10
1.90165e-10
1.50523e-10
1.18993e-10
9.39483e-11
7.40802e-11
5.83395e-11
4.5885e-11
3.60434e-11
2.82766e-11
2.21553e-11
1.7337e-11
1.35494e-11
1.05757e-11
8.24424e-12
6.41857e-12
4.99084e-12
3.87576e-12
3.00599e-12
2.32845e-12
1.80134e-12
1.39178e-12
1.07398e-12
8.27688e-13
6.37071e-13
4.89731e-13
3.75989e-13
2.88299e-13
2.20779e-13
1.68859e-13
1.28985e-13
9.84013e-14
7.49745e-14
5.70527e-14
4.33599e-14
3.29116e-14
2.49494e-14
1.88896e-14
1.42835e-14
1.07869e-14
8.13592e-15
6.12871e-15
4.61086e-15
3.46454e-15
2.59992e-15
1.94861e-15
1.45862e-15
1.09046e-15
8.14195e-16
6.07154e-16
4.52191e-16
3.36353e-16
2.49874e-16
1.85396e-16
1.37382e-16
1.01675e-16
7.51535e-17
5.54801e-17
4.09052e-17
3.01212e-17
2.21524e-17
1.62713e-17
1.19365e-17
8.74547e-18
6.39948e-18
4.67693e-18
3.41374e-18
2.4886e-18
1.8119e-18
1.31755e-18
9.56876e-19
6.94063e-19
5.02803e-19
3.63791e-19
2.62882e-19
1.89726e-19
1.36756e-19
9.84521e-20
7.07878e-20
5.08334e-20
3.64582e-20
2.61155e-20
1.86836e-20
1.33499e-20
9.52692e-21
6.79024e-21
4.83366e-21
3.43656e-21
2.44023e-21
1.7306e-21
1.2258e-21
8.67166e-22
6.12694e-22
4.32359e-22
3.04722e-22
2.14498e-22
1.508e-22
1.05887e-22
7.42576e-23
5.20116e-23
3.63849e-23
2.54215e-23
1.77396e-23
1.23637e-23
8.6062e-24
5.98326e-24
4.15457e-24
2.88122e-24
1.99567e-24
1.38059e-24
9.53896e-25
6.58266e-25
4.53696e-25
3.12315e-25
2.14725e-25
1.47447e-25
1.01124e-25
6.92689e-26
4.73898e-26
3.23815e-26
2.20991e-26
1.50631e-26
1.02547e-26
6.97261e-27
4.73515e-27
3.21173e-27
2.17575e-27
1.47213e-27
9.94834e-28
6.71463e-28
4.52647e-28
3.04765e-28
2.04946e-28
1.37651e-28
9.234e-29
6.18682e-29
4.14013e-29
2.76713e-29
1.8472e-29
1.23159e-29
8.20145e-30
5.45486e-30
3.62365e-30
2.40425e-30
1.59325e-30
1.05453e-30
6.97115e-31
4.60279e-31
3.03536e-31
1.99927e-31
1.31523e-31
8.64186e-32
5.67132e-32
3.71736e-32
2.43365e-32
1.5913e-32
1.03926e-32
6.77901e-33
4.41656e-33
2.87393e-33
1.86785e-33
1.2125e-33
7.86138e-34
5.09085e-34
3.29274e-34
2.12716e-34
1.37252e-34
8.84532e-35
5.69358e-35
3.66044e-35
2.35049e-35
1.50752e-35
9.65701e-36
6.17876e-36
3.94855e-36
2.5203e-36
1.60674e-36
1.0231e-36
6.50684e-37
4.13334e-37
2.62248e-37
1.66189e-37
1.0519e-37
6.65007e-38
4.19912e-38
2.64833e-38
1.66827e-38
1.04965e-38
6.59632e-39
4.1404e-39
2.59576e-39
1.62544e-39
1.01662e-39
6.35082e-40
3.96264e-40
2.46958e-40
1.53726e-40
9.55771e-41
5.93534e-41
3.68148e-41
2.28078e-41
1.41134e-41
8.72295e-42
5.38496e-42
3.32038e-42
2.04493e-42
1.25793e-42
7.72898e-43
4.74324e-43
2.90747e-43
1.78009e-43
1.08858e-43
6.64912e-44
4.05656e-44
2.47195e-44
1.50457e-44
9.14688e-45
5.55423e-45
3.36872e-45
2.04078e-45
1.23486e-45
7.46333e-46
4.50544e-46
2.71665e-46
1.63614e-46
9.84242e-47
5.9139e-47
3.54927e-47
2.12764e-47
1.27394e-47
7.61893e-48
4.55127e-48
2.7156e-48
1.61843e-48
9.63419e-49
5.72838e-49
3.40208e-49
2.01814e-49
1.19579e-49
7.0771e-50
4.18361e-50
2.47027e-50
1.45692e-50
8.58265e-51
5.05017e-51
2.96817e-51
1.74249e-51
1.02176e-51
5.98449e-52
3.50109e-52
2.04588e-52
1.19414e-52
6.96196e-53
4.05423e-53
2.35822e-53
1.37013e-53
7.95133e-54
4.60914e-54
2.66871e-54
1.54342e-54
8.916e-55
5.14468e-55
2.96517e-55
1.70704e-55
9.81615e-56
5.63822e-56
3.2348e-56
1.85378e-56
1.06114e-56
6.06727e-57
3.46516e-57
1.97684e-57
1.12658e-57
6.41476e-58
3.65156e-58
2.08187e-58
1.19554e-58
7.03394e-59
4.44254e-59
3.32997e-59
)
;

boundaryField
{
    sides
    {
        type            zeroGradient;
    }
    empty
    {
        type            empty;
    }
}


// ************************************************************************* //
