/*--------------------------------*- C++ -*----------------------------------*\
  =========                 |
  \\      /  F ield         | OpenFOAM: The Open Source CFD Toolbox
   \\    /   O peration     | Website:  https://openfoam.org
    \\  /    A nd           | Version:  13
     \\/     M anipulation  |
\*---------------------------------------------------------------------------*/
FoamFile
{
    format      ascii;
    class       volScalarField;
    location    "4.5";
    object      rho;
}
// * * * * * * * * * * * * * * * * * * * * * * * * * * * * * * * * * * * * * //

dimensions      [1 -3 0 0 0 0 0];

internalField   nonuniform List<scalar> 
5250
(
1.40001
1.40002
1.40006
1.40015
1.4004
1.40087
1.40245
1.40525
1.41453
1.43214
1.48119
1.58107
1.80275
2.28
4.22505
5.92939
5.76144
5.64763
5.66567
5.74963
5.83611
5.89167
5.92834
5.95939
5.98688
1.40001
1.40002
1.40006
1.40014
1.40039
1.40088
1.40233
1.4054
1.41379
1.43252
1.47887
1.57947
1.79638
2.26633
4.17187
5.93687
5.7629
5.64492
5.6634
5.74796
5.83458
5.89035
5.92781
5.95963
5.98802
1.40001
1.40002
1.40006
1.40015
1.40036
1.40091
1.40212
1.40551
1.41275
1.4324
1.47508
1.57525
1.78392
2.23749
4.05328
5.95378
5.76603
5.63645
5.65411
5.7379
5.82412
5.87839
5.91632
5.94779
5.97559
1.40001
1.40002
1.40006
1.40013
1.40036
1.4008
1.40217
1.40482
1.41298
1.42925
1.47328
1.56514
1.76814
2.19377
3.86983
5.98025
5.77261
5.62292
5.6391
5.71885
5.80343
5.85715
5.89219
5.92419
5.95349
1.40001
1.40002
1.40005
1.40014
1.4003
1.40083
1.40183
1.40491
1.4112
1.42876
1.4663
1.55682
1.74405
2.14143
3.6271
6.01069
5.78405
5.60673
5.61774
5.69381
5.77546
5.82568
5.8605
5.88905
5.91947
1.40001
1.40002
1.40005
1.40011
1.40031
1.40068
1.40183
1.4042
1.41083
1.42533
1.46236
1.54262
1.71967
2.08257
3.3366
6.02519
5.79803
5.59028
5.59568
5.65935
5.73874
5.78485
5.81273
5.84082
5.87251
1.40001
1.40002
1.40004
1.40012
1.40025
1.4007
1.40149
1.4042
1.40906
1.42443
1.45463
1.53289
1.6914
2.02825
3.06166
5.97333
5.7883
5.56645
5.56473
5.61924
5.68828
5.72847
5.75087
5.77068
5.80334
1.40001
1.40002
1.40004
1.4001
1.40025
1.40057
1.40152
1.40343
1.40912
1.42068
1.45228
1.51921
1.67067
1.97883
2.86865
5.77722
5.7128
5.52881
5.52411
5.55923
5.62479
5.65173
5.66388
5.67068
5.69913
1.40001
1.40002
1.40004
1.4001
1.4002
1.40058
1.40122
1.40348
1.40743
1.42033
1.44518
1.51158
1.64592
1.93538
2.69447
5.46816
5.5855
5.50422
5.47641
5.48927
5.53504
5.55327
5.54492
5.5263
5.53005
1.40001
1.40002
1.40003
1.40009
1.40019
1.40052
1.40109
1.40312
1.40664
1.4183
1.4405
1.50089
1.62294
1.8894
2.53312
5.07879
5.51808
5.46848
5.40988
5.4132
5.43028
5.42371
5.39305
5.31935
5.25927
1.40001
1.40001
1.40003
1.40008
1.40016
1.40046
1.40096
1.40275
1.40582
1.41619
1.43563
1.48966
1.59875
1.83959
2.38131
4.6135
5.47825
5.43697
5.33977
5.32468
5.31489
5.28092
5.18607
4.95932
4.2993
1.40001
1.40001
1.40003
1.40007
1.40014
1.4004
1.40082
1.40236
1.405
1.41391
1.43063
1.47763
1.57291
1.78547
2.23552
4.06781
5.46182
5.41301
5.28336
5.23354
5.20006
5.12828
4.97213
4.64701
3.93064
1.40001
1.40001
1.40003
1.40005
1.40014
1.40029
1.4008
1.4017
1.40477
1.41034
1.42769
1.46196
1.54916
1.72537
2.09835
3.45895
5.45308
5.40031
5.24886
5.15239
5.0894
4.98372
4.78025
4.43715
3.8582
1.40001
1.40001
1.40002
1.40005
1.4001
1.40025
1.40062
1.40145
1.40374
1.40859
1.42205
1.45077
1.52144
1.6693
1.97488
2.84553
5.36082
5.35077
5.24262
5.08732
4.9899
4.85853
4.64383
4.31815
3.86346
1.40001
1.40001
1.40002
1.40004
1.40008
1.40021
1.40048
1.40123
1.40295
1.40722
1.41768
1.44222
1.50001
1.62571
1.88898
2.53528
4.95934
5.25171
5.18682
5.03027
4.90114
4.75785
4.5488
4.25026
3.8738
1.40001
1.40001
1.40002
1.40003
1.40008
1.40015
1.40043
1.40092
1.4025
1.40562
1.41467
1.43372
1.48258
1.58571
1.80909
2.29708
4.26861
5.14169
5.10614
4.98899
4.8305
4.67483
4.47543
4.20807
3.87874
1.40001
1.40001
1.40001
1.40002
1.40006
1.40012
1.40034
1.40071
1.40202
1.40427
1.41186
1.42601
1.46637
1.54805
1.73274
2.10217
3.52475
5.09257
5.0691
4.96909
4.78344
4.61008
4.41983
4.17389
3.88521
1.40001
1.40001
1.40001
1.40002
1.40004
1.40011
1.40022
1.40063
1.40133
1.40367
1.40803
1.42127
1.44783
1.51605
1.65542
1.93903
2.7216
4.95241
5.05217
4.96815
4.77444
4.57114
4.37832
4.15158
3.88978
1.40001
1.40001
1.40001
1.40002
1.40003
1.40008
1.40017
1.40048
1.40101
1.40284
1.40602
1.41652
1.43633
1.49078
1.60041
1.83895
2.37836
4.44788
4.9625
4.91159
4.76277
4.54651
4.34766
4.13667
3.89662
1.40001
1.40001
1.40001
1.40001
1.40003
1.40006
1.40015
1.40031
1.40086
1.40189
1.40503
1.41142
1.42918
1.46683
1.55738
1.74291
2.12862
3.64389
4.86933
4.84749
4.7532
4.53872
4.33059
4.12552
3.90536
1.40001
1.40001
1.40001
1.40001
1.40002
1.40004
1.40011
1.40023
1.40062
1.40137
1.40362
1.40825
1.42097
1.44841
1.51526
1.65501
1.92837
2.71923
4.70139
4.82755
4.75429
4.56801
4.3338
4.12634
3.91759
1.40001
1.40001
1.40001
1.40001
1.40002
1.40003
1.40008
1.40017
1.40045
1.401
1.40261
1.40599
1.41513
1.43541
1.48473
1.5912
1.81245
2.30694
4.17048
4.75224
4.71204
4.58547
4.35374
4.1379
3.93535
1.40001
1.40001
1.40001
1.40001
1.40001
1.40002
1.40006
1.40012
1.40033
1.40069
1.40192
1.40409
1.41119
1.42462
1.46245
1.53903
1.7121
2.04402
3.30595
4.63179
4.63906
4.57321
4.39375
4.16668
3.95976
1.40001
1.40001
1.40001
1.40001
1.40001
1.40002
1.40004
1.40009
1.40022
1.40049
1.40131
1.40281
1.40769
1.41669
1.44338
1.49602
1.62223
1.85201
2.45218
4.32138
4.62107
4.56955
4.4299
4.20499
3.9908
1.40001
1.40001
1.40001
1.40001
1.40001
1.40002
1.40003
1.40007
1.40014
1.40037
1.40081
1.40212
1.40488
1.41226
1.42879
1.46905
1.557
1.74203
2.11594
3.56944
4.53636
4.52042
4.45033
4.26819
4.03312
1.40001
1.40001
1.40001
1.40001
1.40001
1.40001
1.40002
1.40005
1.40009
1.40025
1.40053
1.40145
1.40311
1.40841
1.41841
1.44727
1.50442
1.63947
1.87573
2.56592
4.30434
4.51345
4.46151
4.33024
4.09617
1.40001
1.40001
1.40001
1.40001
1.40001
1.40001
1.40002
1.40003
1.40007
1.40016
1.40038
1.4009
1.40226
1.40518
1.41322
1.43019
1.47348
1.56467
1.75511
2.15182
3.66408
4.43718
4.42422
4.3559
4.18564
1.40001
1.40001
1.40001
1.40001
1.40001
1.40001
1.40001
1.40002
1.40005
1.4001
1.40026
1.40057
1.40151
1.40327
1.40882
1.41914
1.44919
1.50842
1.64697
1.88929
2.66169
4.2067
4.40656
4.36427
4.24967
1.40001
1.40001
1.40001
1.40001
1.40001
1.40001
1.40001
1.40002
1.40003
1.40007
1.40017
1.40036
1.40099
1.40209
1.40568
1.41233
1.43208
1.47106
1.56738
1.74764
2.14585
3.59946
4.3249
4.32336
4.26991
1.40001
1.40001
1.40001
1.40001
1.40001
1.40001
1.40001
1.40001
1.40002
1.40005
1.4001
1.40025
1.40059
1.40137
1.40349
1.40786
1.42011
1.44523
1.5081
1.6351
1.86918
2.58734
4.07333
4.30404
4.27308
1.40001
1.40001
1.40001
1.40001
1.40001
1.40001
1.40001
1.40001
1.40002
1.40003
1.40006
1.40017
1.40034
1.40094
1.40198
1.40537
1.41163
1.43022
1.46688
1.55762
1.72672
2.09275
3.42928
4.20955
4.24118
1.40001
1.40001
1.40001
1.40001
1.40001
1.40001
1.40001
1.40001
1.40001
1.40002
1.40004
1.40009
1.40023
1.40051
1.40135
1.4029
1.40778
1.41681
1.4431
1.49439
1.61493
1.81537
2.37454
3.92513
4.22031
1.40001
1.40001
1.40001
1.40001
1.40001
1.40001
1.40001
1.40001
1.40001
1.40002
1.40003
1.40006
1.40013
1.40034
1.40076
1.40193
1.40445
1.41097
1.42577
1.46106
1.53871
1.69671
2.00908
3.17688
4.07851
1.40001
1.40001
1.40001
1.40001
1.40001
1.40001
1.40001
1.40001
1.40001
1.40001
1.40002
1.40004
1.40009
1.40019
1.4005
1.40107
1.40279
1.40624
1.4158
1.43573
1.48557
1.58711
1.77424
2.2423
3.697
1.40001
1.40001
1.40001
1.40001
1.40001
1.40001
1.40001
1.40001
1.40001
1.40001
1.40001
1.40002
1.40006
1.40011
1.4003
1.40064
1.40167
1.40373
1.40941
1.42155
1.45219
1.5172
1.65568
1.90806
2.7978
1.40001
1.40001
1.40001
1.40001
1.40001
1.40001
1.40001
1.40001
1.40001
1.40001
1.40001
1.40002
1.40003
1.40008
1.40016
1.40041
1.4009
1.40231
1.40522
1.41303
1.42987
1.47119
1.5579
1.72312
2.0938
1.40001
1.40001
1.40001
1.40001
1.40001
1.40001
1.40001
1.40001
1.40001
1.40001
1.40001
1.40001
1.40002
1.40004
1.4001
1.40021
1.40056
1.40122
1.40314
1.40706
1.41757
1.43993
1.4938
1.60177
1.79227
1.40001
1.40001
1.40001
1.40001
1.40001
1.40001
1.40001
1.40001
1.40001
1.40001
1.40001
1.40001
1.40001
1.40003
1.40006
1.40013
1.40032
1.4007
1.40184
1.40394
1.41048
1.42247
1.45701
1.52267
1.66767
1.40001
1.40001
1.40001
1.40001
1.40001
1.40001
1.40001
1.40001
1.40001
1.40001
1.40001
1.40001
1.40001
1.40002
1.40004
1.40008
1.40018
1.40042
1.40095
1.40244
1.40531
1.41382
1.43011
1.47382
1.5592
1.40001
1.40001
1.40001
1.40001
1.40001
1.40001
1.40001
1.40001
1.40001
1.40001
1.40001
1.40001
1.40001
1.40001
1.40002
1.40005
1.40009
1.40025
1.40052
1.40135
1.40295
1.40751
1.41678
1.44107
1.49094
1.40001
1.40001
1.40001
1.40001
1.40001
1.40001
1.40001
1.40001
1.40001
1.40001
1.40001
1.40001
1.40001
1.40001
1.40001
1.40003
1.40006
1.40013
1.4003
1.40072
1.40173
1.404
1.40986
1.42229
1.45396
1.40001
1.40001
1.40001
1.40001
1.40001
1.40001
1.40001
1.40001
1.40001
1.40001
1.40001
1.40001
1.40001
1.40001
1.40001
1.40002
1.40003
1.40008
1.40016
1.40042
1.40089
1.40238
1.40502
1.41325
1.42842
1.40001
1.40001
1.40001
1.40001
1.40001
1.40001
1.40001
1.40001
1.40001
1.40001
1.40001
1.40001
1.40001
1.40001
1.40001
1.40001
1.40002
1.40004
1.4001
1.40022
1.40056
1.40121
1.40318
1.40676
1.41768
1.40001
1.40001
1.40001
1.40001
1.40001
1.40001
1.40001
1.40001
1.40001
1.40001
1.40001
1.40001
1.40001
1.40001
1.40001
1.40001
1.40002
1.40003
1.40006
1.40014
1.40035
1.40077
1.40204
1.40436
1.41156
1.40001
1.40001
1.40001
1.40001
1.40001
1.40001
1.40001
1.40001
1.40001
1.40001
1.40001
1.40001
1.40001
1.40001
1.40001
1.40001
1.40001
1.40002
1.40005
1.40011
1.40026
1.40064
1.40145
1.40382
1.40844
1.40001
1.40001
1.40001
1.40001
1.40001
1.40001
1.40001
1.40001
1.40001
1.40001
1.40001
1.40001
1.40001
1.40001
1.40001
1.40001
1.40001
1.40002
1.40004
1.4001
1.40022
1.40057
1.40132
1.40332
1.408
1.40001
1.40001
1.40001
1.40001
1.40001
1.40001
1.40001
1.40001
1.40001
1.40001
1.40001
1.40001
1.40001
1.40001
1.40001
1.40001
1.40001
1.40002
1.40004
1.40009
1.40022
1.40052
1.40128
1.40318
1.40762
1.40001
1.40001
1.40001
1.40001
1.40001
1.40001
1.40001
1.40001
1.40001
1.40001
1.40001
1.40001
1.40001
1.40001
1.40001
1.40001
1.40001
1.40002
1.40004
1.40008
1.40022
1.40049
1.4013
1.40303
1.40774
1.40001
1.40001
1.40001
1.40001
1.40001
1.40001
1.40001
1.40001
1.40001
1.40001
1.40001
1.40001
1.40001
1.40001
1.40001
1.40001
1.40001
1.40002
1.40004
1.40008
1.40022
1.40048
1.40132
1.40293
1.40788
1.40001
1.40001
1.40001
1.40001
1.40001
1.40001
1.40001
1.40001
1.40001
1.40001
1.40001
1.40001
1.40001
1.40001
1.40001
1.40001
1.40001
1.40002
1.40004
1.40009
1.4002
1.40055
1.40116
1.4033
1.4071
1.89553
1.03706
0.720038
0.647704
0.649402
0.685805
0.78546
0.88369
0.946047
1.02627
1.21269
1.47814
1.56373
1.59407
1.60843
1.6049
1.58249
1.56539
1.56354
1.55606
1.54655
1.53491
1.52081
1.50964
1.49558
1.48748
1.48581
1.48631
1.4923
1.5113
1.54534
1.59236
1.64882
1.70966
1.77072
1.82817
1.87958
1.92675
1.96898
2.0064
2.03899
2.06671
2.09225
2.11355
2.13188
2.14415
2.15554
2.16128
2.16746
2.16886
2.17111
2.16665
2.16439
2.15714
2.15181
2.14194
2.13399
2.12161
2.11169
2.09721
2.08577
2.06995
2.05726
2.04024
2.02628
2.00842
1.99363
1.97537
1.96003
1.94128
1.92557
1.90637
1.89031
1.87078
1.85438
1.83463
1.81799
1.79816
1.78143
1.76164
1.74498
1.72537
1.70888
1.68957
1.6734
1.65446
1.63872
1.62027
1.60503
1.58722
1.5726
1.55557
1.5418
1.5258
1.5132
1.49875
1.48798
1.47627
1.46862
1.46426
2.34275
1.53558
1.17678
1.02663
0.966044
0.930327
0.934462
0.951148
0.993909
1.07972
1.27825
1.57
1.66328
1.65524
1.62511
1.59544
1.55971
1.53477
1.52372
1.51096
1.49369
1.47259
1.45681
1.44662
1.43329
1.42393
1.4207
1.41997
1.42379
1.44064
1.47449
1.52378
1.58607
1.65392
1.72318
1.78802
1.84985
1.90471
1.95956
2.00737
2.05396
2.08952
2.12416
2.15274
2.17865
2.19783
2.21475
2.22639
2.23678
2.24366
2.24979
2.24963
2.24973
2.24617
2.24333
2.23648
2.23059
2.2209
2.21224
2.20019
2.18947
2.17578
2.16337
2.14829
2.13457
2.11841
2.10361
2.08637
2.0707
2.05258
2.0362
2.01742
2.00046
1.98119
1.96376
1.94416
1.92641
1.9066
1.88876
1.86886
1.85115
1.83132
1.81386
1.79432
1.77718
1.75812
1.74136
1.72289
1.70666
1.68886
1.67334
1.65635
1.64179
1.62584
1.61261
1.59827
1.58707
1.57553
1.56757
1.5645
2.86398
2.13416
1.66047
1.36143
1.16713
1.04722
0.996844
1.00035
1.02547
1.08104
1.23849
1.56928
1.72584
1.75476
1.7288
1.67206
1.62173
1.58876
1.55468
1.52578
1.49694
1.46961
1.44677
1.42789
1.41156
1.39856
1.38826
1.38168
1.38014
1.3951
1.43034
1.48387
1.55247
1.63093
1.71166
1.79168
1.86559
1.93328
1.99415
2.0494
2.09572
2.137
2.17303
2.20431
2.23122
2.25293
2.27096
2.28431
2.2952
2.30344
2.31019
2.31142
2.31072
2.30765
2.30405
2.29782
2.29089
2.28171
2.27217
2.26074
2.24902
2.23568
2.22219
2.20725
2.19242
2.17613
2.1602
2.14279
2.12597
2.1076
2.09011
2.07102
2.05303
2.03344
2.01509
1.99516
1.9766
1.95643
1.93785
1.91759
1.89915
1.879
1.86081
1.841
1.82314
1.80383
1.78644
1.76774
1.75093
1.733
1.71709
1.70005
1.68525
1.66936
1.656
1.64176
1.63055
1.61925
1.61119
1.60913
3.16296
2.51993
2.02761
1.67272
1.43617
1.27119
1.17117
1.13158
1.13491
1.1592
1.22553
1.38426
1.74851
1.83661
1.80783
1.77521
1.74408
1.69036
1.63642
1.60542
1.57064
1.52737
1.492
1.45937
1.43197
1.411
1.39581
1.3874
1.38881
1.40555
1.44471
1.50562
1.58288
1.66598
1.75533
1.83767
1.91604
1.98485
2.04926
2.10476
2.15431
2.19706
2.23496
2.26745
2.2958
2.31838
2.33736
2.3512
2.36206
2.37039
2.37793
2.3804
2.37906
2.37525
2.37176
2.36561
2.359
2.34969
2.3401
2.32821
2.31647
2.30259
2.28928
2.27378
2.2592
2.24229
2.22661
2.20853
2.19188
2.17294
2.15546
2.13589
2.11776
2.0977
2.07907
2.05863
2.03975
2.01906
2.00016
1.97941
1.96068
1.94015
1.92167
1.9016
1.88335
1.86392
1.84625
1.8275
1.81052
1.79248
1.77636
1.75926
1.74429
1.72849
1.7151
1.70121
1.69016
1.67952
1.67165
1.67137
3.34083
2.79494
2.33122
1.96781
1.69551
1.49769
1.3508
1.25036
1.21081
1.21534
1.24564
1.33713
1.54652
1.85437
1.91551
1.87273
1.83053
1.79171
1.75091
1.70508
1.65264
1.61734
1.58569
1.54381
1.50837
1.48275
1.46243
1.45395
1.45512
1.47424
1.51722
1.57795
1.65038
1.73295
1.81426
1.89593
1.97246
2.04303
2.10717
2.16403
2.21442
2.25806
2.29666
2.32975
2.3583
2.38176
2.4009
2.41561
2.42635
2.43508
2.4422
2.44611
2.4446
2.44025
2.43516
2.42864
2.42101
2.41168
2.40123
2.3892
2.37657
2.36242
2.34804
2.33213
2.31631
2.29892
2.28194
2.26325
2.24523
2.2255
2.2066
2.18622
2.16672
2.14594
2.12614
2.10505
2.08513
2.06386
2.04385
2.02264
2.00265
1.98173
1.96196
1.94151
1.92241
1.90251
1.88398
1.86476
1.84702
1.82864
1.81187
1.79451
1.77912
1.76314
1.74972
1.73586
1.72529
1.71514
1.70837
1.70951
3.45583
2.99558
2.57965
2.22541
1.94211
1.71957
1.54901
1.42091
1.32466
1.30616
1.3119
1.34847
1.45204
1.71058
1.92909
1.9667
1.94057
1.89253
1.84304
1.79961
1.76119
1.7197
1.67273
1.63811
1.61132
1.58758
1.56766
1.56334
1.56973
1.6024
1.64346
1.69405
1.75404
1.81946
1.88886
1.95826
2.02961
2.09922
2.16361
2.22052
2.27121
2.31477
2.35323
2.38577
2.414
2.43683
2.456
2.47029
2.48152
2.48955
2.49671
2.50051
2.5009
2.49591
2.49041
2.48289
2.47539
2.46558
2.45543
2.44277
2.43001
2.41501
2.40046
2.38374
2.36776
2.34972
2.33254
2.31358
2.29546
2.27564
2.25672
2.23601
2.21641
2.1951
2.17505
2.15353
2.13329
2.11172
2.09161
2.07002
2.05025
2.02904
2.00965
1.9889
1.96977
1.94968
1.93106
1.91177
1.89424
1.87586
1.85984
1.84258
1.8283
1.81272
1.80046
1.78746
1.77806
1.76906
1.76517
1.76657
3.53004
3.14793
2.77214
2.44316
2.15978
1.92716
1.74021
1.58931
1.47643
1.38572
1.38362
1.39327
1.4338
1.5446
1.84087
1.99246
2.00613
1.98551
1.95266
1.89995
1.84746
1.81163
1.77631
1.74253
1.71091
1.69604
1.68432
1.68858
1.71789
1.76008
1.79514
1.83242
1.87204
1.91464
1.96285
2.00938
2.06304
2.131
2.19914
2.26097
2.31512
2.36061
2.39981
2.43258
2.4609
2.484
2.50319
2.51758
2.52828
2.53518
2.54135
2.54508
2.54616
2.54162
2.53497
2.52673
2.51758
2.50702
2.49568
2.48255
2.46873
2.45307
2.43715
2.41979
2.4026
2.38404
2.3659
2.34626
2.32733
2.30692
2.28725
2.26623
2.2458
2.22421
2.2033
2.18132
2.16051
2.13842
2.11807
2.09639
2.07648
2.05508
2.03544
2.01449
1.99525
1.97491
1.9565
1.93704
1.91995
1.9017
1.8862
1.86964
1.85608
1.84182
1.83069
1.81954
1.81207
1.80494
1.80483
1.80614
3.58524
3.25503
2.92689
2.61945
2.34788
2.1149
1.91637
1.75559
1.62162
1.51882
1.4486
1.44701
1.46064
1.50403
1.62943
1.94496
2.04975
2.04238
2.02205
2.00007
1.95488
1.90313
1.86043
1.84145
1.82197
1.80764
1.8034
1.83748
1.89832
1.94497
1.969
1.98992
2.01149
2.02157
2.04414
2.07123
2.10437
2.15306
2.2193
2.28539
2.34537
2.39628
2.4381
2.4716
2.4995
2.52154
2.54012
2.55404
2.56503
2.57097
2.5764
2.57938
2.58084
2.57728
2.57054
2.56112
2.55147
2.53962
2.52775
2.51379
2.4997
2.48351
2.46732
2.44923
2.4318
2.41269
2.3946
2.37478
2.35583
2.33521
2.31524
2.29379
2.27299
2.25075
2.22949
2.20677
2.18568
2.16333
2.1429
2.12117
2.10131
2.08011
2.06067
2.03987
2.02102
2.00076
1.9829
1.96369
1.9472
1.92962
1.91485
1.89973
1.88724
1.87514
1.86585
1.85737
1.85214
1.84957
1.85036
1.85364
3.62833
3.33677
3.04515
2.76452
2.5088
2.27877
2.08222
1.9095
1.76862
1.64852
1.55643
1.50409
1.50399
1.52071
1.56977
1.70919
2.0096
2.09553
2.0814
2.05779
2.03706
2.00494
1.96099
1.93606
1.91804
1.92132
1.94183
2.0218
2.11135
2.14841
2.16235
2.17318
2.16633
2.13652
2.12294
2.13656
2.15662
2.18446
2.22439
2.2844
2.3476
2.40513
2.45246
2.49061
2.5207
2.54437
2.56349
2.57779
2.58901
2.59565
2.60027
2.60294
2.6047
2.60295
2.59681
2.58775
2.57778
2.56623
2.55412
2.5403
2.52617
2.51
2.49377
2.47545
2.45752
2.43795
2.41916
2.39905
2.37966
2.35884
2.3387
2.31692
2.2961
2.27348
2.2523
2.22945
2.2084
2.18594
2.16533
2.1436
2.12365
2.10262
2.08341
2.06287
2.04445
2.02452
2.0072
1.9885
1.97255
1.95592
1.94217
1.92856
1.91784
1.9082
1.90117
1.89638
1.8943
1.89438
1.89626
1.90211
3.66276
3.40497
3.13949
2.88379
2.64164
2.42352
2.22613
2.05533
1.90462
1.77895
1.672
1.58875
1.55549
1.55675
1.57589
1.63476
1.79072
2.04896
2.12981
2.1213
2.09283
2.07533
2.05599
2.03687
2.02274
2.0356
2.09792
2.24792
2.35073
2.3664
2.37394
2.36713
2.31832
2.25908
2.21945
2.20341
2.21418
2.22933
2.25227
2.28516
2.33553
2.39288
2.44684
2.49237
2.52838
2.55616
2.5773
2.59301
2.60503
2.61273
2.61707
2.6195
2.62121
2.62041
2.61654
2.60768
2.59778
2.58587
2.57383
2.55973
2.54552
2.52921
2.51278
2.49443
2.47617
2.45641
2.43721
2.41681
2.39731
2.37636
2.35635
2.33452
2.31378
2.29133
2.27039
2.24791
2.22701
2.20471
2.18418
2.16238
2.1427
2.12173
2.10311
2.08308
2.06543
2.04659
2.02998
2.01266
1.99758
1.98289
1.97035
1.95951
1.95054
1.94426
1.94009
1.93877
1.93915
1.94041
1.94317
1.95315
3.69532
3.45905
3.2201
2.98316
2.75812
2.54789
2.35756
2.18563
2.03421
1.9008
1.78712
1.69234
1.61661
1.59897
1.60201
1.62461
1.69194
1.86221
2.07744
2.15684
2.15431
2.13788
2.12362
2.12188
2.13371
2.17712
2.31785
2.50902
2.59311
2.59778
2.5925
2.55454
2.46506
2.38399
2.32496
2.2898
2.27353
2.2792
2.29044
2.30683
2.33156
2.3705
2.42104
2.47001
2.51336
2.54855
2.57567
2.59579
2.61031
2.62009
2.62647
2.62859
2.63073
2.63051
2.62917
2.62226
2.61345
2.60219
2.59064
2.57718
2.56349
2.54799
2.53222
2.51456
2.49681
2.47721
2.45811
2.43743
2.41785
2.3967
2.37669
2.35484
2.33421
2.3119
2.29102
2.26859
2.24793
2.22569
2.20559
2.18384
2.16456
2.14383
2.12569
2.10652
2.08974
2.07245
2.05686
2.04177
2.02826
2.01626
2.00623
1.99814
1.99269
1.98933
1.989
1.98935
1.99079
1.99405
1.99747
2.01091
3.7269
3.50896
3.2869
3.06749
2.8568
2.65733
2.47325
2.30499
2.15346
2.01799
1.89883
1.79528
1.7114
1.64297
1.6385
1.64248
1.66572
1.74071
1.92187
2.10892
2.17947
2.18826
2.19174
2.19918
2.2477
2.35178
2.60775
2.79687
2.83189
2.82996
2.80397
2.71678
2.60286
2.5083
2.43748
2.38594
2.35237
2.33372
2.32941
2.33609
2.34683
2.36326
2.3933
2.43556
2.47973
2.52251
2.5572
2.58589
2.60662
2.62092
2.63059
2.63451
2.63694
2.63739
2.63746
2.63394
2.62708
2.61704
2.60636
2.59342
2.58017
2.56493
2.54969
2.53248
2.51552
2.49644
2.47794
2.45738
2.43787
2.41654
2.39658
2.37504
2.35505
2.33322
2.31297
2.29082
2.27059
2.24867
2.22893
2.20778
2.18876
2.16888
2.15093
2.13312
2.11687
2.10138
2.08736
2.07492
2.0642
2.05555
2.04897
2.04487
2.043
2.04308
2.04392
2.04616
2.04972
2.05444
2.05739
2.06816
3.7576
3.55527
3.34839
3.1451
2.94404
2.75659
2.57698
2.41375
2.26245
2.12701
2.00407
1.89653
1.80253
1.72589
1.67156
1.66992
1.67748
1.70218
1.78522
1.97486
2.14413
2.20979
2.24988
2.28914
2.38115
2.61442
2.93362
3.07043
3.06888
3.04871
2.984
2.85262
2.73099
2.6311
2.55153
2.48845
2.43941
2.40363
2.37957
2.36621
2.36968
2.3745
2.38463
2.40373
2.4412
2.48164
2.52443
2.56078
2.59121
2.61249
2.6275
2.63627
2.64079
2.64265
2.64467
2.64377
2.64047
2.63188
2.62247
2.60994
2.59756
2.5824
2.56797
2.55091
2.53496
2.51632
2.49892
2.47877
2.45996
2.43858
2.41911
2.39757
2.37811
2.35661
2.33703
2.31551
2.2957
2.27459
2.25498
2.23504
2.21628
2.19806
2.18094
2.16483
2.14972
2.13621
2.12457
2.11509
2.10783
2.10324
2.10052
2.10067
2.10134
2.10315
2.10652
2.11087
2.1142
2.1164
2.11834
2.123
3.793
3.59977
3.40693
3.21305
3.02673
2.84361
2.67483
2.51255
2.36572
2.22853
2.10585
1.99328
1.89509
1.80979
1.73786
1.69885
1.69856
1.70841
1.7363
1.82731
2.03012
2.19136
2.28353
2.37753
2.55512
2.96852
3.25814
3.30324
3.29198
3.24608
3.11984
2.97483
2.85133
2.74843
2.66266
2.59018
2.52975
2.48031
2.44122
2.41375
2.39611
2.39213
2.3953
2.40219
2.41588
2.44312
2.48256
2.52468
2.56237
2.59477
2.61821
2.63433
2.64456
2.64792
2.65112
2.65189
2.65167
2.64577
2.63767
2.62634
2.61478
2.60052
2.5867
2.57022
2.55475
2.53652
2.5197
2.49993
2.48169
2.46077
2.44157
2.42027
2.40054
2.37954
2.35972
2.33936
2.31971
2.30005
2.28096
2.26238
2.2447
2.22819
2.21282
2.19867
2.18614
2.17577
2.16759
2.16198
2.15858
2.15866
2.15917
2.16085
2.16449
2.16969
2.17344
2.17606
2.17601
2.17517
2.17319
2.16973
3.8348
3.64744
3.4638
3.2801
3.10145
2.92751
2.76174
2.6062
2.45961
2.32496
2.20061
2.08727
1.98526
1.89386
1.81687
1.75102
1.72709
1.72842
1.74185
1.77763
1.87988
2.10731
2.28995
2.46646
2.8598
3.35247
3.52398
3.51582
3.47822
3.37746
3.22247
3.0821
2.96204
2.85884
2.76833
2.6891
2.62097
2.5619
2.51327
2.47311
2.44291
2.42262
2.41604
2.41424
2.42124
2.43288
2.45081
2.4849
2.52381
2.56186
2.59536
2.6209
2.639
2.64964
2.65493
2.65671
2.65825
2.6559
2.64998
2.63952
2.62905
2.61536
2.60261
2.58656
2.57185
2.5538
2.53724
2.51771
2.49964
2.47964
2.46055
2.4404
2.42065
2.40058
2.38087
2.36136
2.34237
2.32385
2.30608
2.28908
2.27336
2.25869
2.24524
2.23386
2.22472
2.21832
2.21413
2.21385
2.21394
2.21554
2.21935
2.2249
2.22988
2.23347
2.23347
2.23282
2.2307
2.22424
2.21277
2.20106
3.88806
3.70044
3.52078
3.3456
3.1705
3.0066
2.84355
2.69367
2.54829
2.41639
2.28953
2.17838
2.07004
1.9795
1.89235
1.82496
1.76402
1.76131
1.76558
1.78699
1.84496
1.97115
2.27222
2.56161
3.25567
3.67649
3.70881
3.68652
3.6155
3.45652
3.30592
3.175
3.06105
2.95807
2.86735
2.78565
2.71383
2.65024
2.59409
2.54616
2.50651
2.47535
2.45368
2.44387
2.43981
2.44156
2.44911
2.46192
2.48475
2.51979
2.55649
2.58973
2.61811
2.63749
2.64983
2.65431
2.65648
2.65615
2.65474
2.64655
2.63758
2.62459
2.61244
2.59722
2.58268
2.56573
2.54886
2.53042
2.51207
2.49289
2.47382
2.45445
2.43524
2.41608
2.39724
2.37876
2.36094
2.34388
2.32795
2.31354
2.30029
2.2886
2.27891
2.27201
2.26698
2.2662
2.26584
2.26712
2.27082
2.27693
2.28282
2.28732
2.28861
2.2881
2.28611
2.2812
2.27067
2.25531
2.23853
2.22245
3.95467
3.75998
3.57868
3.40927
3.24089
3.07733
2.9231
2.77275
2.63381
2.50061
2.37802
2.26246
2.15744
2.05986
1.97276
1.89837
1.82907
1.80542
1.80522
1.82044
1.86733
1.98794
2.2282
2.71848
3.60866
3.8713
3.85358
3.79574
3.66619
3.51583
3.37972
3.25969
3.15264
3.05694
2.9696
2.89016
2.81733
2.75025
2.68983
2.63576
2.58847
2.54797
2.51475
2.48908
2.47304
2.46396
2.45672
2.46161
2.46936
2.4824
2.50777
2.54059
2.57368
2.60207
2.62346
2.63654
2.64388
2.64488
2.64573
2.64318
2.63758
2.62676
2.61456
2.60028
2.5856
2.56964
2.55332
2.53621
2.51876
2.50082
2.4827
2.4644
2.44617
2.42816
2.41057
2.39367
2.37767
2.36295
2.34994
2.33822
2.3282
2.32076
2.31571
2.31468
2.31455
2.31603
2.32052
2.32747
2.33499
2.34076
2.34465
2.34436
2.34305
2.33983
2.33185
2.31711
2.29997
2.28057
2.26121
2.24125
4.02465
3.82075
3.64102
3.46931
3.30925
3.14902
2.99748
2.85109
2.71355
2.58108
2.46168
2.34306
2.24127
2.13896
2.05265
1.97383
1.90215
1.87432
1.874
1.88726
1.935
2.05307
2.31624
2.89819
3.76923
3.9694
3.95591
3.89451
3.75662
3.62253
3.49915
3.38792
3.28536
3.19139
3.1032
3.02118
2.94331
2.87145
2.80391
2.74141
2.68391
2.63215
2.5867
2.54774
2.51584
2.49249
2.47766
2.46662
2.46105
2.46542
2.47357
2.48887
2.51781
2.54788
2.57649
2.60011
2.6165
2.62653
2.62883
2.62909
2.62784
2.62279
2.6121
2.59901
2.58478
2.56978
2.55442
2.53863
2.52256
2.5062
2.48967
2.4731
2.45668
2.44067
2.42532
2.41094
2.39802
2.38694
2.37723
2.36961
2.36426
2.36316
2.36309
2.36417
2.36903
2.37651
2.38469
2.39274
2.39731
2.39856
2.39796
2.3954
2.38892
2.37598
2.35883
2.33917
2.31801
2.29567
2.27417
2.25203
4.12646
3.89814
3.70817
3.5346
3.37488
3.21948
3.07151
2.9255
2.79351
2.65844
2.54276
2.42298
2.32061
2.2198
2.13009
2.0546
1.98074
1.972
1.97377
1.99554
2.06331
2.21222
2.55347
3.12264
3.74311
4.01091
4.01252
3.98831
3.92096
3.78185
3.64843
3.53067
3.42346
3.32473
3.23161
3.14397
3.06063
2.98202
2.90733
2.83764
2.77232
2.71254
2.65784
2.60948
2.56698
2.53198
2.50313
2.48466
2.46753
2.45517
2.45686
2.46215
2.47134
2.49059
2.51793
2.54722
2.57221
2.59169
2.60384
2.6093
2.60993
2.60906
2.6054
2.59589
2.58314
2.56902
2.55427
2.53923
2.52408
2.50884
2.49363
2.4786
2.4641
2.45032
2.43773
2.42689
2.41785
2.41055
2.40476
2.40376
2.40356
2.40542
2.4107
2.41966
2.4296
2.43931
2.44693
2.45114
2.45057
2.44864
2.44448
2.43457
2.41818
2.39904
2.37777
2.35478
2.33162
2.3077
2.28559
2.26318
4.18437
3.97937
3.77878
3.60336
3.44246
3.28912
3.14441
3.00031
2.86896
2.73769
2.61835
2.50444
2.39697
2.30121
2.21128
2.13704
2.09184
2.09005
2.1039
2.15162
2.27211
2.55405
2.91007
3.2153
3.55639
3.86847
3.99675
3.99664
3.97373
3.91227
3.7888
3.66443
3.54983
3.44397
3.34647
3.25403
3.16787
3.08469
3.00629
2.93072
2.86
2.793
2.73192
2.67552
2.62533
2.58011
2.54119
2.50816
2.48453
2.46389
2.44868
2.44167
2.4447
2.45041
2.46126
2.4846
2.50982
2.53609
2.55747
2.57314
2.58243
2.58383
2.58365
2.58135
2.57553
2.5636
2.55044
2.5369
2.52354
2.51047
2.49774
2.48561
2.47428
2.46418
2.45571
2.4497
2.4441
2.44356
2.44339
2.44573
2.45118
2.46143
2.47272
2.48432
2.49449
2.50055
2.50188
2.50132
2.49825
2.49045
2.47609
2.45793
2.43677
2.41356
2.38968
2.36492
2.34081
2.31653
2.29463
2.27294
4.19947
4.08436
3.86574
3.67824
3.51258
3.35913
3.21598
3.07462
2.94359
2.81484
2.6958
2.58188
2.47774
2.38153
2.29987
2.23887
2.23387
2.2416
2.2799
2.38625
2.63337
2.95106
3.14854
3.27034
3.42141
3.65357
3.86791
3.97164
3.97229
3.95551
3.90887
3.80293
3.68289
3.56637
3.45925
3.35987
3.26822
3.18091
3.09872
3.01915
2.94411
2.87256
2.8058
2.74402
2.68676
2.63481
2.58764
2.54554
2.5098
2.48106
2.45787
2.43864
2.42453
2.4255
2.42874
2.43564
2.44953
2.47439
2.49966
2.5238
2.54196
2.55456
2.56011
2.56024
2.55912
2.55555
2.54715
2.53612
2.52464
2.51326
2.50278
2.49376
2.48622
2.48121
2.4773
2.47703
2.47762
2.48086
2.48753
2.49872
2.51161
2.5253
2.5376
2.54714
2.5514
2.55082
2.54871
2.54371
2.53257
2.51494
2.49483
2.4717
2.44764
2.42243
2.39756
2.37245
2.3486
2.32505
2.30412
2.28403
4.19881
4.13184
3.96544
3.76373
3.58839
3.43133
3.28783
3.14815
3.0175
2.89115
2.77201
2.66093
2.55828
2.4711
2.39935
2.39221
2.39724
2.4336
2.53294
2.78159
3.0852
3.24448
3.30383
3.3338
3.38692
3.48579
3.64637
3.82555
3.9386
3.95104
3.94375
3.9083
3.81918
3.6977
3.57801
3.4684
3.36825
3.27633
3.18905
3.10688
3.02718
2.95226
2.88079
2.81452
2.75255
2.69491
2.64119
2.59198
2.54688
2.50814
2.47539
2.44976
2.42648
2.40978
2.40262
2.40444
2.40871
2.41765
2.43588
2.46051
2.48467
2.50712
2.52241
2.53297
2.53706
2.53704
2.536
2.53305
2.52618
2.51808
2.51157
2.50601
2.50517
2.5046
2.50614
2.5102
2.51954
2.53203
2.54643
2.56214
2.57743
2.58965
2.59743
2.59864
2.59791
2.59435
2.58601
2.57039
2.55167
2.52871
2.50486
2.47931
2.45393
2.42818
2.40359
2.37926
2.35662
2.33454
2.31489
2.29679
4.17374
4.14125
4.05109
3.85195
3.66845
3.50606
3.36054
3.2222
3.09139
2.96748
2.85069
2.74233
2.64945
2.5706
2.56165
2.56533
2.59958
2.70445
2.96701
3.26814
3.41592
3.42613
3.42041
3.39802
3.40148
3.42389
3.48119
3.61132
3.79745
3.92026
3.94113
3.93439
3.90069
3.82035
3.70231
3.58336
3.47305
3.37331
3.2803
3.193
3.10931
3.03009
2.95499
2.88505
2.81911
2.75726
2.6985
2.64319
2.5918
2.545
2.50391
2.46868
2.44011
2.41415
2.39364
2.37986
2.37949
2.38191
2.38767
2.40004
2.42239
2.44855
2.47193
2.49226
2.50695
2.51621
2.52197
2.52463
2.52475
2.52431
2.52444
2.52569
2.529
2.53531
2.54503
2.55824
2.57474
2.59317
2.61122
2.6268
2.63901
2.64393
2.64363
2.64156
2.63641
2.6235
2.60598
2.58404
2.56078
2.53486
2.50929
2.48304
2.45815
2.43315
2.40963
2.38654
2.36527
2.34487
2.32652
2.31089
4.12177
4.11679
4.07337
3.95909
3.76229
3.58787
3.43571
3.29719
3.16666
3.0451
2.93236
2.83472
2.75185
2.74098
2.74387
2.78081
2.89184
3.17834
3.48218
3.6059
3.61042
3.58945
3.52673
3.44244
3.41094
3.41744
3.44066
3.49502
3.61768
3.78313
3.8979
3.923
3.91825
3.88929
3.8184
3.70477
3.58552
3.47606
3.37619
3.28292
3.1943
3.10987
3.0307
2.95607
2.88656
2.82013
2.75682
2.69672
2.63976
2.5876
2.53981
2.49709
2.45959
2.42816
2.39941
2.37527
2.35833
2.35231
2.35403
2.35812
2.36698
2.38592
2.41069
2.43759
2.46254
2.48366
2.50044
2.51312
2.52333
2.5321
2.54158
2.55181
2.56369
2.57856
2.59698
2.61763
2.63874
2.65828
2.67367
2.68438
2.6861
2.6851
2.68146
2.67296
2.65798
2.63722
2.61447
2.58881
2.56325
2.53699
2.51184
2.48631
2.46229
2.43847
2.41628
2.39466
2.37487
2.35642
2.33971
2.32722
3.90071
4.0887
4.072
4.00945
3.85935
3.67499
3.51516
3.37366
3.24526
3.1269
3.0252
2.94145
2.92901
2.93231
2.97434
3.09745
3.41601
3.72804
3.82662
3.82631
3.7935
3.70308
3.59095
3.50119
3.4435
3.43926
3.44685
3.46957
3.51723
3.62512
3.75843
3.86187
3.8931
3.89069
3.8685
3.80797
3.70029
3.58653
3.48005
3.37839
3.28199
3.19064
3.10614
3.02759
2.95458
2.88443
2.81741
2.75269
2.69187
2.6345
2.58203
2.5329
2.48881
2.44826
2.41444
2.38377
2.35814
2.33903
2.32794
2.32858
2.33163
2.33871
2.35392
2.37957
2.41005
2.44157
2.47107
2.49783
2.52138
2.54304
2.56473
2.58658
2.60974
2.63384
2.65856
2.68179
2.70209
2.71703
2.72382
2.72388
2.72181
2.71613
2.70422
2.68552
2.6642
2.63933
2.61472
2.58847
2.56338
2.53762
2.51338
2.48901
2.46625
2.44382
2.42323
2.40353
2.38583
2.37006
2.35556
2.3468
3.36031
3.98979
4.04919
4.02095
3.94512
3.77096
3.60162
3.45633
3.32979
3.22098
3.13868
3.12456
3.12972
3.17922
3.31853
3.68326
4.00358
4.06894
4.06308
4.01965
3.89938
3.77103
3.66427
3.58149
3.52168
3.484
3.47528
3.47877
3.49532
3.53213
3.61024
3.71995
3.81787
3.85558
3.85505
3.83873
3.79097
3.69367
3.58889
3.48051
3.37429
3.27517
3.18439
3.10161
3.02384
2.94956
2.87735
2.80894
2.74366
2.68331
2.6259
2.57288
2.52244
2.47679
2.43483
2.39943
2.36846
2.34219
2.32132
2.30743
2.30759
2.31006
2.31636
2.33021
2.35895
2.39617
2.43716
2.47895
2.51987
2.5587
2.5952
2.63012
2.66331
2.69385
2.72023
2.74068
2.75449
2.75655
2.75563
2.75236
2.74487
2.72895
2.70964
2.686
2.66236
2.6367
2.61203
2.58626
2.56209
2.53734
2.5144
2.49142
2.47044
2.44985
2.43156
2.41414
2.39918
2.38664
2.37459
2.37023
2.32091
3.68167
4.01309
4.00718
3.97133
3.87922
3.70531
3.55275
3.42796
3.34389
3.32884
3.33713
3.39715
3.5585
3.9836
4.28867
4.32325
4.31246
4.25565
4.11552
3.9713
3.85231
3.7602
3.68091
3.61922
3.56381
3.52567
3.50383
3.50246
3.50977
3.53261
3.5816
3.67521
3.76171
3.8075
3.80878
3.79774
3.76315
3.68649
3.58314
3.47081
3.36434
3.26766
3.17877
3.09528
3.01473
2.93787
2.86531
2.79731
2.73335
2.67283
2.61484
2.56082
2.50941
2.46418
2.42173
2.387
2.35504
2.33013
2.30932
2.29639
2.29722
2.3009
2.30919
2.32601
2.3588
2.40315
2.45591
2.51311
2.57109
2.62561
2.67475
2.71626
2.74899
2.77183
2.78493
2.78461
2.78233
2.77735
2.76688
2.74991
2.72797
2.70539
2.68013
2.65622
2.63089
2.6073
2.58262
2.55995
2.53675
2.51579
2.49472
2.47603
2.45774
2.44219
2.42761
2.41649
2.4068
2.39854
2.39887
1.93513
2.90221
3.82062
3.98431
3.97334
3.93195
3.82477
3.66901
3.5638
3.54714
3.55443
3.63539
3.83849
4.30143
4.60173
4.60362
4.58186
4.50998
4.33522
4.17922
4.05758
3.95384
3.8735
3.79569
3.7259
3.66121
3.60028
3.55504
3.52285
3.50749
3.51004
3.52421
3.55438
3.61821
3.696
3.74923
3.75219
3.74763
3.72674
3.66981
3.5639
3.45716
3.356
3.25938
3.16857
3.08036
2.99909
2.92308
2.85163
2.78559
2.71915
2.65961
2.59966
2.54735
2.49735
2.45237
2.41277
2.37577
2.34645
2.32203
2.30358
2.30347
2.30578
2.31202
2.32496
2.35181
2.39362
2.44716
2.50839
2.57567
2.64093
2.69839
2.74519
2.77742
2.80051
2.80236
2.80085
2.79598
2.7856
2.76638
2.74469
2.72108
2.69747
2.67278
2.64918
2.62506
2.60231
2.57917
2.5579
2.53662
2.51747
2.49879
2.48252
2.46741
2.45509
2.44493
2.43717
2.43112
2.42976
2.4317
1.72263
2.09989
3.34169
3.89018
3.9724
3.95453
3.91285
3.80874
3.7877
3.79792
3.89755
4.16184
4.64351
4.91589
4.91364
4.87331
4.76088
4.57015
4.40124
4.26716
4.16538
4.07508
3.99371
3.91585
3.83546
3.76264
3.68818
3.62519
3.56974
3.53137
3.5057
3.49663
3.50219
3.5204
3.56007
3.62333
3.67363
3.69036
3.68815
3.67397
3.63309
3.54638
3.44501
3.34167
3.24397
3.14833
3.06225
2.98059
2.90691
2.83592
2.7668
2.7037
2.64192
2.58777
2.53569
2.48805
2.44556
2.40544
2.37361
2.34725
2.32644
2.32307
2.32465
2.33009
2.34182
2.36559
2.40538
2.45619
2.51528
2.57763
2.63841
2.6947
2.74041
2.77273
2.79474
2.79453
2.79204
2.7865
2.77399
2.75377
2.73091
2.70774
2.6846
2.66205
2.63991
2.61804
2.59687
2.57624
2.55697
2.53847
2.52177
2.50607
2.49289
2.48131
2.47339
2.46609
2.46356
2.46301
2.46364
2.47167
1.60023
1.78238
2.3086
3.57765
3.92497
3.98839
3.98915
3.99539
4.04355
4.18716
4.5853
5.04535
5.2498
5.23798
5.17487
5.01779
4.81123
4.63924
4.50285
4.39212
4.30058
4.21148
4.12401
4.0395
3.95025
3.8676
3.78414
3.70674
3.63781
3.574
3.53151
3.49357
3.47086
3.47255
3.48171
3.50232
3.54267
3.59435
3.61962
3.61958
3.60914
3.57781
3.51283
3.42424
3.3222
3.22052
3.12822
3.04074
2.96038
2.88507
2.81202
2.74712
2.68483
2.6284
2.57602
2.52605
2.48302
2.44268
2.41084
2.3851
2.36508
2.36484
2.36654
2.37228
2.38463
2.41044
2.44554
2.48625
2.53183
2.57862
2.62329
2.66643
2.70313
2.73195
2.75314
2.75821
2.75697
2.75328
2.74545
2.72887
2.70864
2.68758
2.66632
2.64547
2.62552
2.60606
2.58786
2.57016
2.55398
2.5388
2.52562
2.51424
2.50551
2.49943
2.49523
2.49443
2.49504
2.49715
2.50436
2.52616
1.51903
1.65396
1.90995
2.79803
3.71517
3.98075
4.09607
4.25553
4.52032
5.04166
5.50276
5.61721
5.59132
5.49956
5.27562
5.06542
4.88728
4.74791
4.63939
4.53687
4.44077
4.34688
4.24902
4.15594
4.05955
3.96647
3.87788
3.78814
3.71003
3.6315
3.56675
3.51347
3.46728
3.43648
3.42293
3.42549
3.43662
3.45982
3.50163
3.5318
3.53238
3.52776
3.5106
3.46624
3.38187
3.28667
3.19521
3.10621
3.01762
2.93609
2.85916
2.79099
2.72749
2.66867
2.61655
2.56649
2.5249
2.48757
2.45798
2.43648
2.42359
2.42405
2.42708
2.4344
2.44879
2.47105
2.4963
2.52301
2.54925
2.57245
2.59643
2.61891
2.64187
2.66282
2.68224
2.69564
2.69987
2.69911
2.69678
2.69173
2.67847
2.66275
2.64469
2.62678
2.60917
2.59277
2.57719
2.56297
2.55
2.5391
2.53003
2.52425
2.52034
2.51984
2.52038
2.52243
2.52983
2.54381
2.55415
2.58496
1.47042
1.5503
1.70731
2.05943
3.19498
3.90188
4.28868
4.76801
5.53383
6.00814
6.01961
5.97336
5.82661
5.55807
5.32762
5.13972
4.99534
4.87936
4.77686
4.67469
4.5734
4.47115
4.36704
4.26528
4.16379
4.06372
3.96793
3.87242
3.78289
3.69688
3.61629
3.54588
3.48327
3.43305
3.39046
3.36242
3.36067
3.36318
3.37299
3.39541
3.42806
3.43684
3.43502
3.42357
3.39099
3.3214
3.2436
3.15816
3.06968
2.9858
2.90892
2.8367
2.77221
2.71203
2.65791
2.61233
2.57141
2.54082
2.51645
2.50011
2.49886
2.49921
2.50299
2.51051
2.52401
2.53542
2.54469
2.55548
2.55561
2.55646
2.55744
2.56084
2.56749
2.57838
2.59098
2.60464
2.61666
2.62577
2.62931
2.62906
2.62737
2.6234
2.61169
2.599
2.5858
2.57317
2.56135
2.55117
2.54309
2.53689
2.53439
2.53429
2.5352
2.53787
2.54601
2.5585
2.57342
2.5942
2.60618
2.64096
1.43803
1.49222
1.59423
1.78765
2.28205
3.60887
4.66449
5.94123
6.48646
6.47848
6.37394
6.10453
5.81951
5.57686
5.37911
5.2303
5.11342
5.00816
4.90512
4.79895
4.68957
4.5796
4.4689
4.36075
4.25347
4.14716
4.04475
3.94267
3.84501
3.75086
3.6601
3.57709
3.49875
3.43291
3.37328
3.32219
3.28867
3.26804
3.26795
3.27253
3.28136
3.30857
3.3222
3.32225
3.31675
3.29756
3.25283
3.18192
3.10297
3.02525
2.95054
2.8801
2.81383
2.75492
2.70417
2.65992
2.6271
2.60107
2.58428
2.57921
2.57907
2.57912
2.58398
2.58899
2.58766
2.58437
2.57752
2.56392
2.54535
2.52789
2.51169
2.49826
2.49384
2.4936
2.49531
2.50259
2.51599
2.53072
2.54354
2.55289
2.55962
2.56047
2.56052
2.55913
2.55349
2.54633
2.5398
2.5347
2.53252
2.53362
2.53543
2.53929
2.54842
2.56056
2.57761
2.59711
2.61737
2.64118
2.65407
2.68718
1.42495
1.46278
1.53673
1.70466
2.03046
2.9652
5.32323
6.70262
6.73497
6.63063
6.30609
6.0063
5.76934
5.57938
5.43517
5.32028
5.21368
5.10697
4.99765
4.88497
4.77014
4.65533
4.54091
4.42731
4.31551
4.20353
4.09474
3.98764
3.88224
3.78243
3.68357
3.5915
3.50403
3.42257
3.35255
3.28634
3.23163
3.18918
3.16015
3.15022
3.14904
3.15407
3.16725
3.18411
3.19064
3.19092
3.18433
3.15592
3.09819
3.03858
2.97423
2.90828
2.84743
2.79326
2.74791
2.7134
2.68614
2.66907
2.65918
2.65821
2.65727
2.65606
2.65207
2.64481
2.63068
2.60719
2.57783
2.54577
2.51408
2.48481
2.45717
2.43432
2.41663
2.4065
2.40567
2.40694
2.41186
2.42375
2.44047
2.45723
2.4727
2.48447
2.49413
2.50088
2.50501
2.50723
2.5096
2.51239
2.5163
2.52231
2.53279
2.54489
2.56388
2.5841
2.60791
2.63149
2.65406
2.67724
2.68901
2.7171
1.42206
1.44947
1.51965
1.66463
1.96713
2.80777
5.45023
6.32987
6.33411
6.18989
5.94441
5.74943
5.60482
5.49727
5.40355
5.30828
5.20665
5.09937
4.98833
4.87475
4.76009
4.64511
4.52982
4.41671
4.30266
4.1907
4.07972
3.97088
3.86381
3.76038
3.65937
3.56205
3.47039
3.38183
3.30183
3.22835
3.16151
3.10411
3.05659
3.02546
3.00467
3.00351
3.00549
3.0139
3.0284
3.04613
3.04761
3.04634
3.03729
3.00961
2.96309
2.91425
2.86619
2.82433
2.78874
2.7629
2.74454
2.73443
2.72915
2.72538
2.71919
2.70768
2.68777
2.65927
2.62763
2.58884
2.54842
2.5057
2.46696
2.42863
2.39611
2.3661
2.34311
2.32479
2.31426
2.31397
2.31557
2.32054
2.33134
2.35012
2.3713
2.39197
2.41095
2.42767
2.44219
2.45497
2.46694
2.4796
2.49305
2.50718
2.52738
2.54959
2.57512
2.60156
2.62821
2.65348
2.67459
2.69494
2.70332
2.7253
1.41954
1.44695
1.51057
1.64995
1.93077
2.71032
5.40551
5.91494
5.87829
5.71881
5.57827
5.4787
5.40262
5.33024
5.24794
5.15816
5.06076
4.96157
4.85955
4.75645
4.65034
4.54252
4.43114
4.32116
4.21097
4.10118
3.99389
3.88676
3.78299
3.68078
3.58192
3.48547
3.39367
3.3046
3.22136
3.14358
3.07152
3.00736
2.94957
2.90375
2.86899
2.84723
2.84456
2.84609
2.85137
2.86871
2.88612
2.90563
2.91153
2.91436
2.90991
2.89182
2.863
2.8386
2.81978
2.80567
2.79414
2.78562
2.77639
2.76229
2.74252
2.71259
2.67761
2.63413
2.58921
2.54059
2.49335
2.4466
2.40305
2.36233
2.32529
2.29322
2.26473
2.24326
2.22595
2.21817
2.21878
2.22144
2.22765
2.24071
2.26188
2.28783
2.31398
2.34113
2.36606
2.39138
2.41438
2.43946
2.46327
2.49006
2.51724
2.54758
2.57652
2.60622
2.63154
2.65523
2.6719
2.68755
2.692
2.70762
1.41909
1.44522
1.5079
1.64364
1.92848
2.67816
5.3943
5.79319
5.71747
5.52713
5.40385
5.32057
5.24756
5.17139
5.08805
5.00008
4.90857
4.81477
4.71833
4.61981
4.51717
4.41385
4.30659
4.19934
4.09305
3.98718
3.88366
3.78048
3.67939
3.5796
3.48274
3.38716
3.29614
3.20779
3.12362
3.04508
2.97147
2.90376
2.84346
2.78934
2.74673
2.71315
2.69285
2.69149
2.69342
2.70023
2.7168
2.74316
2.77085
2.79256
2.81348
2.82435
2.82765
2.82951
2.8297
2.82358
2.81453
2.80136
2.78252
2.75508
2.71873
2.6752
2.6263
2.57492
2.52189
2.46953
2.41831
2.37077
2.32453
2.28361
2.24497
2.21184
2.18269
2.15855
2.1404
2.12687
2.12397
2.12719
2.13306
2.14196
2.15944
2.18611
2.2167
2.25127
2.28618
2.32288
2.35837
2.39492
2.4304
2.46713
2.50152
2.53582
2.56583
2.59362
2.61504
2.63328
2.64456
2.6536
2.65538
2.66421
1.41845
1.44542
1.50619
1.64224
1.92568
2.6687
5.40227
5.74833
5.65908
5.46062
5.33135
5.24121
5.15889
5.07249
4.98238
4.89004
4.79599
4.70199
4.60498
4.50801
4.40728
4.3064
4.20239
4.09805
3.99168
3.88743
3.78231
3.68082
3.57944
3.48151
3.38621
3.29307
3.20477
3.11849
3.03746
2.95964
2.88707
2.81983
2.75656
2.70229
2.65208
2.61312
2.58376
2.56797
2.56896
2.57334
2.5847
2.60708
2.64038
2.68001
2.72241
2.75643
2.7901
2.8136
2.81967
2.81841
2.81158
2.79483
2.76159
2.71674
2.66674
2.61111
2.55566
2.49918
2.44565
2.39257
2.34438
2.29749
2.25594
2.21665
2.18193
2.1504
2.1231
2.09927
2.08079
2.06624
2.05751
2.06015
2.06602
2.07185
2.0831
2.10532
2.13513
2.17165
2.21177
2.25544
2.30016
2.3455
2.3895
2.4315
2.46951
2.5027
2.53044
2.55181
2.56805
2.57862
2.58477
2.58776
2.58808
2.59201
1.41799
1.44577
1.50507
1.64191
1.92355
2.66467
5.39445
5.73167
5.64113
5.4394
5.30937
5.22014
5.1342
5.04126
4.94258
4.84235
4.74259
4.64366
4.54407
4.4444
4.34305
4.24028
4.13637
4.03117
3.92502
3.8198
3.71536
3.6131
3.5135
3.41647
3.32268
3.23175
3.14522
3.06052
2.98143
2.90493
2.83315
2.76572
2.70346
2.64679
2.59451
2.55319
2.51697
2.49224
2.49105
2.49253
2.50023
2.51663
2.55011
2.59881
2.65143
2.70893
2.75459
2.79411
2.80234
2.79894
2.78912
2.76807
2.7269
2.67516
2.61921
2.55916
2.50313
2.44663
2.39503
2.34392
2.2983
2.25412
2.21507
2.17751
2.145
2.11359
2.08738
2.06256
2.04264
2.02638
2.01329
2.01154
2.01311
2.01663
2.02382
2.03833
2.06378
2.09735
2.13825
2.18335
2.23359
2.28164
2.33135
2.37338
2.41333
2.44295
2.46913
2.48508
2.49874
2.50455
2.50845
2.50804
2.50826
2.50871
1.41942
1.44345
1.50772
1.63901
1.92449
2.66209
5.39271
5.72462
5.63328
5.43091
5.30331
5.21601
5.13213
5.03631
4.93475
4.83011
4.72693
4.62494
4.52292
4.42109
4.31842
4.21417
4.10993
4.00382
3.8984
3.79257
3.68884
3.58588
3.48745
3.38978
3.29732
3.20663
3.12086
3.03684
2.95855
2.88223
2.81083
2.74328
2.68086
2.62282
2.57004
2.52661
2.48719
2.45943
2.45326
2.45386
2.46056
2.47546
2.50532
2.55915
2.61782
2.68432
2.73794
2.78477
2.78773
2.78398
2.7727
2.74753
2.70127
2.64674
2.5887
2.5275
2.4712
2.41454
2.36339
2.31243
2.26752
2.22342
2.18485
2.1468
2.11397
2.08163
2.05442
2.02803
2.00683
1.98791
1.97368
1.96705
1.96755
1.9697
1.97505
1.98616
2.00968
2.04152
2.08254
2.12935
2.18058
2.23269
2.28195
2.32597
2.36363
2.39144
2.41447
2.4273
2.43776
2.44062
2.44247
2.44026
2.43856
2.43892
)
;

boundaryField
{
    inlet
    {
        type            calculated;
        value           uniform 1.40001;
    }
    outlet
    {
        type            calculated;
        value           nonuniform List<scalar> 
40
(
1.45963
1.55948
1.60383
1.66561
1.70335
1.75987
1.79892
1.8459
1.89392
1.94455
2.00232
2.06001
2.11543
2.16313
2.19527
2.21706
2.23608
2.24695
2.25808
2.26776
2.27876
2.29144
2.30545
2.32169
2.34116
2.36445
2.39294
2.42558
2.46528
2.51932
2.57784
2.63358
2.67959
2.70939
2.71754
2.6999
2.65664
2.58465
2.50159
2.43202
)
;
    }
    bottom
    {
        type            symmetryPlane;
    }
    top
    {
        type            symmetryPlane;
    }
    obstacle
    {
        type            calculated;
        value           nonuniform List<scalar> 
110
(
5.98688
5.98802
5.97559
5.95349
5.91947
5.87251
5.80334
5.69913
5.53005
5.25927
1.89553
1.03706
0.720038
0.647704
0.649402
0.685805
0.78546
0.88369
0.946047
1.02627
1.21269
1.47814
1.56373
1.59407
1.60843
1.6049
1.58249
1.56539
1.56354
1.55606
1.54655
1.53491
1.52081
1.50964
1.49558
1.48748
1.48581
1.48631
1.4923
1.5113
1.54534
1.59236
1.64882
1.70966
1.77072
1.82817
1.87958
1.92675
1.96898
2.0064
2.03899
2.06671
2.09225
2.11355
2.13188
2.14415
2.15554
2.16128
2.16746
2.16886
2.17111
2.16665
2.16439
2.15714
2.15181
2.14194
2.13399
2.12161
2.11169
2.09721
2.08577
2.06995
2.05726
2.04024
2.02628
2.00842
1.99363
1.97537
1.96003
1.94128
1.92557
1.90637
1.89031
1.87078
1.85438
1.83463
1.81799
1.79816
1.78143
1.76164
1.74498
1.72537
1.70888
1.68957
1.6734
1.65446
1.63872
1.62027
1.60503
1.58722
1.5726
1.55557
1.5418
1.5258
1.5132
1.49875
1.48798
1.47627
1.46862
1.46426
)
;
    }
    defaultFaces
    {
        type            empty;
    }
}


// ************************************************************************* //
