/*--------------------------------*- C++ -*----------------------------------*\
  =========                 |
  \\      /  F ield         | OpenFOAM: The Open Source CFD Toolbox
   \\    /   O peration     | Website:  https://openfoam.org
    \\  /    A nd           | Version:  13
     \\/     M anipulation  |
\*---------------------------------------------------------------------------*/
FoamFile
{
    format      ascii;
    class       volScalarField;
    location    "3.48";
    object      T;
}
// * * * * * * * * * * * * * * * * * * * * * * * * * * * * * * * * * * * * * //

dimensions      [0 0 0 1 0 0 0];

internalField   nonuniform List<scalar> 
1000
(
3.693e-63
5.0977e-63
8.43404e-63
1.49509e-62
2.70798e-62
4.93297e-62
8.9939e-62
1.63883e-61
2.98319e-61
5.42414e-61
9.85071e-61
1.78684e-60
3.2373e-60
5.85814e-60
1.0588e-59
1.91138e-59
3.44634e-59
6.2065e-59
1.11638e-58
2.00564e-58
3.59892e-58
6.4501e-58
1.15461e-57
2.06434e-57
3.68639e-57
6.575e-57
1.17129e-56
2.08405e-56
3.7036e-56
6.57376e-56
1.1654e-55
2.06353e-55
3.64938e-55
6.44611e-55
1.13723e-54
2.00387e-54
3.52665e-54
6.19906e-54
1.08833e-53
1.90837e-53
3.34222e-53
5.84624e-53
1.02138e-52
1.78224e-52
3.10608e-52
5.40664e-52
9.39961e-52
1.63215e-51
2.83058e-51
4.90295e-51
8.48215e-51
1.46562e-50
2.5293e-50
4.35958e-50
7.50505e-50
1.29041e-49
2.21598e-49
3.80073e-49
6.51075e-49
1.11393e-48
1.90349e-48
3.24865e-48
5.53755e-48
9.42744e-48
1.60299e-47
2.72227e-47
4.61733e-47
7.82187e-47
1.3234e-46
2.2363e-46
3.77424e-46
6.36191e-46
1.07104e-45
1.80086e-45
3.02422e-45
5.07228e-45
8.49673e-45
1.42153e-44
2.3753e-44
3.96404e-44
6.60712e-44
1.09987e-43
1.82864e-43
3.03647e-43
5.03575e-43
8.34092e-43
1.37981e-42
2.27969e-42
3.76173e-42
6.19943e-42
1.0204e-41
1.67741e-41
2.75398e-41
4.51579e-41
7.39535e-41
1.20958e-40
1.97589e-40
3.22359e-40
5.25253e-40
8.54764e-40
1.38923e-39
2.25502e-39
3.65575e-39
5.91903e-39
9.57135e-39
1.54577e-38
2.49323e-38
4.01632e-38
6.46162e-38
1.03825e-37
1.66612e-37
2.67029e-37
4.27422e-37
6.83283e-37
1.09091e-36
1.73949e-36
2.77013e-36
4.40578e-36
6.99825e-36
1.1102e-35
1.75895e-35
2.78323e-35
4.39833e-35
6.94176e-35
1.09419e-34
1.7225e-34
2.7081e-34
4.2522e-34
6.66811e-34
1.04432e-33
1.63344e-33
2.5516e-33
3.98072e-33
6.20227e-33
9.65114e-33
1.49984e-32
2.32783e-32
3.60823e-32
5.58568e-32
8.63564e-32
1.33337e-31
2.0561e-31
3.16647e-31
4.87014e-31
7.48073e-31
1.14758e-30
1.75815e-30
2.69009e-30
4.11066e-30
6.27322e-30
9.56102e-30
1.4553e-29
2.21225e-29
3.35853e-29
5.0921e-29
7.71043e-29
1.16599e-28
1.76092e-28
2.65594e-28
4.00064e-28
6.01827e-28
9.0416e-28
1.35659e-27
2.03276e-27
3.04195e-27
4.54619e-27
6.78538e-27
1.01142e-26
1.50562e-26
2.23836e-26
3.32333e-26
4.92771e-26
7.29702e-26
1.07913e-25
1.59379e-25
2.35079e-25
3.46278e-25
5.09405e-25
7.48391e-25
1.09804e-24
1.60893e-24
2.3544e-24
3.44073e-24
5.02164e-24
7.31923e-24
1.06539e-23
1.54875e-23
2.2484e-23
3.25982e-23
4.71993e-23
6.82498e-23
9.85579e-23
1.42136e-22
2.04711e-22
2.94441e-22
4.22941e-22
6.06713e-22
8.69178e-22
1.24353e-21
1.77674e-21
2.53522e-21
3.61265e-21
5.14113e-21
7.30653e-21
1.03701e-20
1.46986e-20
2.08061e-20
2.94119e-20
4.15218e-20
5.85393e-20
8.2421e-20
1.1589e-19
1.62733e-19
2.28203e-19
3.19585e-19
4.46961e-19
6.24266e-19
8.70738e-19
1.21289e-18
1.68723e-18
2.34393e-18
3.25184e-18
4.50538e-18
6.23376e-18
8.61361e-18
1.1886e-17
1.63795e-17
2.25415e-17
3.09799e-17
4.25199e-17
5.828e-17
7.9774e-17
1.09048e-16
1.48863e-16
2.02942e-16
2.76294e-16
3.7565e-16
5.10047e-16
6.91591e-16
9.36488e-16
1.26639e-15
1.7102e-15
2.30642e-15
3.10629e-15
4.17791e-15
5.61161e-15
7.52711e-15
1.00828e-14
1.34879e-14
1.80186e-14
2.40386e-14
3.20264e-14
4.26107e-14
5.6616e-14
7.51227e-14
9.95437e-14
1.31725e-13
1.74073e-13
2.29723e-13
3.02753e-13
3.98458e-13
5.23705e-13
6.87385e-13
9.00997e-13
1.17939e-12
1.5417e-12
2.01257e-12
2.62368e-12
3.41571e-12
4.44079e-12
5.76564e-12
7.47557e-12
9.67942e-12
1.25159e-11
1.61616e-11
2.08408e-11
2.68382e-11
3.45144e-11
4.43257e-11
5.68484e-11
7.28097e-11
9.31254e-11
1.18947e-10
1.51722e-10
1.93264e-10
2.45844e-10
3.12304e-10
3.96189e-10
5.01919e-10
6.34999e-10
8.02268e-10
1.01222e-09
1.27537e-09
1.60473e-09
2.01641e-09
2.53024e-09
3.17067e-09
3.96778e-09
4.95852e-09
6.18818e-09
7.71226e-09
9.59857e-09
1.193e-08
1.48074e-08
1.83538e-08
2.27184e-08
2.80827e-08
3.46663e-08
4.27348e-08
5.26095e-08
6.46776e-08
7.94055e-08
9.73542e-08
1.19197e-07
1.45742e-07
1.77956e-07
2.16993e-07
2.64233e-07
3.21319e-07
3.90206e-07
4.73215e-07
5.73102e-07
6.93127e-07
8.37148e-07
1.00972e-06
1.2162e-06
1.46292e-06
1.75729e-06
2.10803e-06
2.52533e-06
3.02112e-06
3.60934e-06
4.30623e-06
5.13069e-06
6.1047e-06
7.25376e-06
8.6074e-06
1.01998e-05
1.20704e-05
1.42647e-05
1.6835e-05
1.98416e-05
2.33535e-05
2.74498e-05
3.2221e-05
3.77702e-05
4.42154e-05
5.16905e-05
6.03478e-05
7.03599e-05
8.19225e-05
9.52566e-05
0.000110612
0.00012827
0.000148546
0.000171796
0.000198419
0.00022886
0.000263616
0.000303244
0.000348361
0.000399656
0.000457891
0.00052391
0.000598647
0.000683134
0.000778505
0.00088601
0.00100702
0.00114303
0.0012957
0.00146681
0.00165831
0.00187234
0.0021112
0.00237739
0.00267361
0.00300279
0.00336805
0.0037728
0.00422064
0.00471546
0.0052614
0.0058629
0.00652464
0.00725163
0.00804916
0.00892282
0.0098785
0.0109224
0.0120611
0.0133013
0.0146502
0.0161153
0.0177042
0.0194249
0.0212857
0.0232952
0.0254621
0.0277953
0.0303041
0.0329978
0.0358859
0.038978
0.0422836
0.0458127
0.0495747
0.0535794
0.0578362
0.0623547
0.0671439
0.0722128
0.0775701
0.083224
0.0891824
0.0954527
0.102042
0.108956
0.1162
0.123781
0.131701
0.139964
0.148572
0.157528
0.166831
0.176482
0.186478
0.196818
0.207498
0.218513
0.229858
0.241525
0.253506
0.265793
0.278374
0.291239
0.304374
0.317767
0.331403
0.345265
0.359338
0.373604
0.388045
0.402642
0.417376
0.432226
0.447171
0.462191
0.477263
0.492367
0.50748
0.522581
0.537647
0.552657
0.567588
0.58242
0.597132
0.611703
0.626112
0.640342
0.654372
0.668186
0.681765
0.695093
0.708155
0.720937
0.733424
0.745603
0.757465
0.768996
0.780188
0.791033
0.801522
0.811648
0.821406
0.830791
0.839798
0.848424
0.856668
0.864526
0.871998
0.879084
0.885783
0.892095
0.898022
0.903566
0.908727
0.913507
0.917909
0.921934
0.925584
0.928862
0.93177
0.93431
0.936483
0.938291
0.939736
0.940819
0.94154
0.941901
0.941901
0.94154
0.940819
0.939736
0.938291
0.936483
0.93431
0.93177
0.928862
0.925584
0.921934
0.917909
0.913507
0.908727
0.903566
0.898022
0.892095
0.885783
0.879084
0.871998
0.864526
0.856668
0.848424
0.839798
0.830791
0.821406
0.811648
0.801522
0.791033
0.780188
0.768996
0.757465
0.745603
0.733424
0.720937
0.708155
0.695093
0.681765
0.668186
0.654372
0.640342
0.626112
0.611703
0.597132
0.58242
0.567588
0.552657
0.537647
0.522581
0.50748
0.492367
0.477263
0.462191
0.447171
0.432226
0.417376
0.402642
0.388045
0.373604
0.359338
0.345265
0.331403
0.317767
0.304374
0.291239
0.278374
0.265793
0.253506
0.241525
0.229858
0.218513
0.207498
0.196818
0.186478
0.176482
0.166831
0.157528
0.148572
0.139964
0.131701
0.123781
0.1162
0.108956
0.102042
0.0954527
0.0891824
0.083224
0.0775701
0.0722128
0.0671439
0.0623547
0.0578362
0.0535794
0.0495747
0.0458127
0.0422836
0.038978
0.0358859
0.0329978
0.0303041
0.0277953
0.0254621
0.0232952
0.0212857
0.0194249
0.0177042
0.0161153
0.0146502
0.0133013
0.0120611
0.0109224
0.0098785
0.00892282
0.00804916
0.00725163
0.00652464
0.0058629
0.0052614
0.00471546
0.00422064
0.0037728
0.00336805
0.00300279
0.00267361
0.00237739
0.0021112
0.00187234
0.00165831
0.00146681
0.0012957
0.00114303
0.00100702
0.00088601
0.000778505
0.000683134
0.000598647
0.00052391
0.000457891
0.000399656
0.000348361
0.000303244
0.000263616
0.00022886
0.000198419
0.000171796
0.000148546
0.00012827
0.000110612
9.52566e-05
8.19225e-05
7.03599e-05
6.03478e-05
5.16905e-05
4.42154e-05
3.77702e-05
3.2221e-05
2.74498e-05
2.33535e-05
1.98416e-05
1.6835e-05
1.42647e-05
1.20704e-05
1.01998e-05
8.6074e-06
7.25376e-06
6.1047e-06
5.13069e-06
4.30623e-06
3.60934e-06
3.02112e-06
2.52533e-06
2.10803e-06
1.75729e-06
1.46292e-06
1.2162e-06
1.00972e-06
8.37148e-07
6.93127e-07
5.73102e-07
4.73215e-07
3.90206e-07
3.21319e-07
2.64233e-07
2.16993e-07
1.77956e-07
1.45742e-07
1.19197e-07
9.73542e-08
7.94055e-08
6.46776e-08
5.26095e-08
4.27348e-08
3.46663e-08
2.80827e-08
2.27184e-08
1.83538e-08
1.48074e-08
1.193e-08
9.59857e-09
7.71226e-09
6.18818e-09
4.95852e-09
3.96778e-09
3.17067e-09
2.53024e-09
2.01641e-09
1.60473e-09
1.27537e-09
1.01222e-09
8.02268e-10
6.34999e-10
5.01919e-10
3.96189e-10
3.12304e-10
2.45844e-10
1.93264e-10
1.51722e-10
1.18947e-10
9.31254e-11
7.28097e-11
5.68484e-11
4.43257e-11
3.45144e-11
2.68382e-11
2.08408e-11
1.61616e-11
1.25159e-11
9.67942e-12
7.47557e-12
5.76564e-12
4.44079e-12
3.41571e-12
2.62368e-12
2.01257e-12
1.5417e-12
1.17939e-12
9.00997e-13
6.87385e-13
5.23705e-13
3.98458e-13
3.02753e-13
2.29723e-13
1.74073e-13
1.31725e-13
9.95437e-14
7.51227e-14
5.6616e-14
4.26107e-14
3.20264e-14
2.40386e-14
1.80186e-14
1.34879e-14
1.00828e-14
7.52711e-15
5.61161e-15
4.17791e-15
3.10629e-15
2.30642e-15
1.7102e-15
1.26639e-15
9.36488e-16
6.91591e-16
5.10047e-16
3.7565e-16
2.76294e-16
2.02942e-16
1.48863e-16
1.09048e-16
7.9774e-17
5.828e-17
4.25199e-17
3.09799e-17
2.25415e-17
1.63795e-17
1.1886e-17
8.61361e-18
6.23376e-18
4.50538e-18
3.25184e-18
2.34393e-18
1.68723e-18
1.21289e-18
8.70738e-19
6.24266e-19
4.46961e-19
3.19585e-19
2.28203e-19
1.62733e-19
1.1589e-19
8.2421e-20
5.85393e-20
4.15218e-20
2.94119e-20
2.08061e-20
1.46986e-20
1.03701e-20
7.30653e-21
5.14113e-21
3.61265e-21
2.53522e-21
1.77674e-21
1.24353e-21
8.69178e-22
6.06713e-22
4.22941e-22
2.94441e-22
2.04711e-22
1.42136e-22
9.85579e-23
6.82498e-23
4.71993e-23
3.25982e-23
2.2484e-23
1.54875e-23
1.06539e-23
7.31923e-24
5.02164e-24
3.44073e-24
2.3544e-24
1.60893e-24
1.09804e-24
7.48391e-25
5.09405e-25
3.46278e-25
2.35079e-25
1.59379e-25
1.07913e-25
7.29702e-26
4.92771e-26
3.32333e-26
2.23836e-26
1.50562e-26
1.01142e-26
6.78538e-27
4.54619e-27
3.04195e-27
2.03276e-27
1.35659e-27
9.0416e-28
6.01827e-28
4.00064e-28
2.65594e-28
1.76092e-28
1.16599e-28
7.71043e-29
5.0921e-29
3.35853e-29
2.21225e-29
1.4553e-29
9.56102e-30
6.27322e-30
4.11066e-30
2.69009e-30
1.75815e-30
1.14758e-30
7.48073e-31
4.87014e-31
3.16647e-31
2.0561e-31
1.33337e-31
8.63564e-32
5.58568e-32
3.60823e-32
2.32783e-32
1.49984e-32
9.65114e-33
6.20227e-33
3.98072e-33
2.5516e-33
1.63344e-33
1.04432e-33
6.66811e-34
4.2522e-34
2.7081e-34
1.7225e-34
1.09419e-34
6.94176e-35
4.39833e-35
2.78323e-35
1.75895e-35
1.1102e-35
6.99825e-36
4.40578e-36
2.77013e-36
1.73949e-36
1.09091e-36
6.83283e-37
4.27422e-37
2.67029e-37
1.66612e-37
1.03825e-37
6.46162e-38
4.01632e-38
2.49323e-38
1.54577e-38
9.57135e-39
5.91903e-39
3.65575e-39
2.25502e-39
1.38923e-39
8.54764e-40
5.25253e-40
3.22359e-40
1.97589e-40
1.20958e-40
7.39535e-41
4.51579e-41
2.75398e-41
1.67741e-41
1.0204e-41
6.19943e-42
3.76173e-42
2.27969e-42
1.37981e-42
8.34092e-43
5.03575e-43
3.03647e-43
1.82864e-43
1.09987e-43
6.60712e-44
3.96404e-44
2.3753e-44
1.42153e-44
8.49673e-45
5.07228e-45
3.02422e-45
1.80086e-45
1.07104e-45
6.36191e-46
3.77424e-46
2.2363e-46
1.3234e-46
7.82187e-47
4.61733e-47
2.72227e-47
1.60299e-47
9.42744e-48
5.53755e-48
3.24865e-48
1.90349e-48
1.11393e-48
6.51075e-49
3.80073e-49
2.21598e-49
1.29041e-49
7.50505e-50
4.35958e-50
2.5293e-50
1.46562e-50
8.48215e-51
4.90295e-51
2.83058e-51
1.63215e-51
9.39961e-52
5.40664e-52
3.10608e-52
1.78224e-52
1.02138e-52
5.84624e-53
3.34222e-53
1.90837e-53
1.08833e-53
6.19906e-54
3.52665e-54
2.00387e-54
1.13723e-54
6.44611e-55
3.64938e-55
2.06353e-55
1.1654e-55
6.57376e-56
3.7036e-56
2.08405e-56
1.17129e-56
6.575e-57
3.68639e-57
2.06434e-57
1.15461e-57
6.4501e-58
3.59892e-58
2.00564e-58
1.11638e-58
6.2065e-59
3.44634e-59
1.91138e-59
1.0588e-59
5.85814e-60
3.2373e-60
1.78684e-60
9.85071e-61
5.42414e-61
2.98319e-61
1.63883e-61
8.9939e-62
4.93297e-62
2.70798e-62
1.49509e-62
8.43404e-63
5.0977e-63
3.693e-63
)
;

boundaryField
{
    sides
    {
        type            zeroGradient;
    }
    empty
    {
        type            empty;
    }
}


// ************************************************************************* //
