/*--------------------------------*- C++ -*----------------------------------*\
  =========                 |
  \\      /  F ield         | OpenFOAM: The Open Source CFD Toolbox
   \\    /   O peration     | Website:  https://openfoam.org
    \\  /    A nd           | Version:  13
     \\/     M anipulation  |
\*---------------------------------------------------------------------------*/
FoamFile
{
    format      ascii;
    class       volScalarField;
    location    "0.575";
    object      T;
}
// * * * * * * * * * * * * * * * * * * * * * * * * * * * * * * * * * * * * * //

dimensions      [0 0 0 1 0 0 0];

internalField   nonuniform List<scalar> 
1000
(
2.40733e-251
1.60199e-250
1.19957e-249
8.98468e-249
6.71623e-248
5.01045e-247
3.73038e-246
2.77174e-245
2.0553e-244
1.52095e-243
1.12325e-242
8.27846e-242
6.08888e-241
4.46927e-240
3.27375e-239
2.39311e-238
1.74576e-237
1.2709e-236
9.23286e-236
6.69363e-235
4.84267e-234
3.49625e-233
2.51891e-232
1.81098e-231
1.29928e-230
9.30208e-230
6.6457e-229
4.73788e-228
3.3706e-227
2.3928e-226
1.69505e-225
1.19821e-224
8.4519e-224
5.949e-223
4.17831e-222
2.92835e-221
2.04789e-220
1.42906e-219
9.95066e-219
6.91368e-218
4.79314e-217
3.31575e-216
2.28871e-215
1.57633e-214
1.0833e-213
7.42833e-213
5.08245e-212
3.4697e-211
2.36344e-210
1.60632e-209
1.0893e-208
7.37039e-208
4.97575e-207
3.35158e-206
2.25248e-205
1.5104e-204
1.0105e-203
6.74517e-203
4.49222e-202
2.98495e-201
1.97888e-200
1.30889e-199
8.63752e-199
5.68685e-198
3.73552e-197
2.44806e-196
1.6006e-195
1.04408e-194
6.79466e-194
4.41149e-193
2.85748e-192
1.84653e-191
1.19044e-190
7.65645e-190
4.91268e-189
3.14468e-188
2.00816e-187
1.27932e-186
8.13058e-186
5.15489e-185
3.26039e-184
2.05717e-183
1.29485e-182
8.13043e-182
5.09272e-181
3.18218e-180
1.98352e-179
1.23334e-178
7.64995e-178
4.73329e-177
2.92141e-176
1.79864e-175
1.10463e-174
6.76711e-174
4.13528e-173
2.52067e-172
1.53263e-171
9.29524e-171
5.62324e-170
3.39321e-169
2.04236e-168
1.22615e-167
7.34257e-167
4.38568e-166
2.61283e-165
1.55262e-164
9.20227e-164
5.44001e-163
3.20757e-162
1.88634e-161
1.10644e-160
6.47292e-160
3.77685e-159
2.19793e-158
1.27571e-157
7.38476e-157
4.26351e-156
2.45494e-155
1.40978e-154
8.07421e-154
4.6119e-153
2.62718e-152
1.49253e-151
8.45631e-151
4.77812e-150
2.69246e-149
1.51305e-148
8.47938e-148
4.73894e-147
2.64119e-146
1.46797e-145
8.13634e-145
4.49709e-144
2.47869e-143
1.36237e-142
7.46709e-142
4.08115e-141
2.22427e-140
1.20882e-139
6.55091e-139
3.54001e-138
1.9075e-137
1.0249e-136
5.49094e-136
2.93333e-135
1.56249e-134
8.29878e-134
4.39488e-133
2.32066e-132
1.22181e-131
6.41387e-131
3.35705e-130
1.75191e-129
9.11542e-129
4.7288e-128
2.44585e-127
1.26127e-126
6.48462e-126
3.32393e-125
1.69867e-124
8.65463e-124
4.39611e-123
2.2262e-122
1.12391e-121
5.65676e-121
2.83835e-120
1.41979e-119
7.08004e-119
3.51964e-118
1.74424e-117
8.61703e-117
4.24371e-116
2.08337e-115
1.01957e-114
4.97383e-114
2.41871e-113
1.17245e-112
5.66516e-112
2.72859e-111
1.30998e-110
6.26888e-110
2.99024e-109
1.42171e-108
6.7375e-108
3.18247e-107
1.49832e-106
7.03093e-106
3.28841e-105
1.53291e-104
7.12203e-104
3.29792e-103
1.52202e-102
7.00069e-102
3.20919e-101
1.46616e-100
6.67561e-100
3.02915e-99
1.36983e-98
6.17333e-98
2.77254e-97
1.2409e-96
5.53462e-96
2.45997e-95
1.08957e-94
4.80902e-94
2.11511e-93
9.26994e-93
4.0484e-92
1.76176e-91
7.63943e-91
3.30082e-90
1.42109e-89
6.0962e-89
2.6057e-88
1.10972e-87
4.70892e-87
1.99086e-86
8.38625e-86
3.51962e-85
1.4717e-84
6.13098e-84
2.54464e-83
1.0522e-82
4.33455e-82
1.77892e-81
7.27321e-81
2.96244e-80
1.20205e-79
4.85887e-79
1.95652e-78
7.84806e-78
3.13591e-77
1.24819e-76
4.94891e-76
1.95453e-75
7.68903e-75
3.01295e-74
1.17598e-73
4.57175e-73
1.77027e-72
6.82747e-72
2.62264e-71
1.00339e-70
3.82338e-70
1.45098e-69
5.48415e-69
2.06434e-68
7.73875e-68
2.88916e-67
1.07418e-66
3.9772e-66
1.46645e-65
5.38447e-65
1.96876e-64
7.16823e-64
2.59891e-63
9.38265e-63
3.37292e-62
1.20733e-61
4.30307e-61
1.52705e-60
5.3957e-60
1.89824e-59
6.64898e-59
2.31875e-58
8.0508e-58
2.78293e-57
9.57717e-57
3.28122e-56
1.11915e-55
3.80004e-55
1.28448e-54
4.32212e-54
1.44774e-53
4.82724e-53
1.60219e-52
5.29331e-52
1.74073e-51
5.69791e-51
1.85641e-50
6.02002e-50
1.94302e-49
6.24174e-49
1.9956e-48
6.34995e-48
2.0109e-47
6.33756e-47
1.98774e-46
6.20427e-46
1.92712e-45
5.95669e-45
1.83218e-44
5.60779e-44
1.70791e-43
5.17583e-43
1.56072e-42
4.68267e-42
1.39789e-41
4.15201e-41
1.22698e-40
3.60744e-40
1.05521e-39
3.07072e-39
8.88992e-39
2.56036e-38
7.33569e-38
2.09077e-37
5.92772e-37
1.67176e-36
4.68984e-36
1.30866e-35
3.63222e-35
1.00273e-34
2.75326e-34
7.51896e-34
2.04222e-33
5.51659e-33
1.48202e-32
3.95948e-32
1.052e-31
2.77955e-31
7.30305e-31
1.90807e-30
4.95717e-30
1.28059e-29
3.2894e-29
8.40117e-29
2.13338e-28
5.38629e-28
1.35206e-27
3.37422e-27
8.37167e-27
2.06491e-26
5.06323e-26
1.23419e-25
2.99055e-25
7.20319e-25
1.72461e-24
4.1043e-24
9.70858e-24
2.28261e-23
5.33399e-23
1.23882e-22
2.85948e-22
6.55959e-22
1.49543e-21
3.38799e-21
7.62772e-21
1.70652e-20
3.79384e-20
8.38082e-20
1.83959e-19
4.01212e-19
8.6942e-19
1.87188e-18
4.0041e-18
8.50942e-18
1.7966e-17
3.76831e-17
7.85187e-17
1.62525e-16
3.34175e-16
6.82532e-16
1.3847e-15
2.79037e-15
5.58504e-15
1.11029e-14
2.19223e-14
4.2989e-14
8.37221e-14
1.61929e-13
3.11025e-13
5.93256e-13
1.12371e-12
2.11359e-12
3.94754e-12
7.32087e-12
1.34809e-11
2.46479e-11
4.47442e-11
8.06452e-11
1.44309e-10
2.56372e-10
4.52168e-10
7.91717e-10
1.37616e-09
2.37459e-09
4.0674e-09
6.91583e-09
1.16724e-08
1.95549e-08
3.25177e-08
5.36716e-08
8.79264e-08
1.42967e-07
2.3072e-07
3.69537e-07
5.87416e-07
9.26706e-07
1.4509e-06
2.25437e-06
3.47615e-06
5.31924e-06
8.07741e-06
1.21719e-05
1.82015e-05
2.70091e-05
3.97705e-05
5.8111e-05
8.4255e-05
0.000121219
0.000173053
0.000245144
0.000344582
0.000480611
0.000665156
0.000913443
0.00124471
0.00168301
0.00225809
0.00300628
0.00397156
0.00520641
0.0067728
0.00874297
0.0112
0.0142382
0.0179632
0.0224911
0.0279483
0.0344692
0.0421945
0.051268
0.0618338
0.0740312
0.0879912
0.103831
0.121648
0.141516
0.16348
0.187551
0.213702
0.241867
0.271937
0.303764
0.337156
0.371887
0.407696
0.444295
0.481378
0.518622
0.555705
0.592304
0.628113
0.662844
0.696236
0.728063
0.758133
0.786298
0.812449
0.83652
0.858484
0.878352
0.896169
0.912009
0.925969
0.938166
0.948732
0.957806
0.965531
0.972052
0.977509
0.982037
0.985762
0.9888
0.991257
0.993227
0.994794
0.996028
0.996994
0.997742
0.998317
0.998755
0.999087
0.999335
0.999519
0.999655
0.999755
0.999827
0.999879
0.999916
0.999942
0.99996
0.999973
0.999982
0.999988
0.999992
0.999994
0.999996
0.999996
0.999996
0.999996
0.999994
0.999992
0.999988
0.999982
0.999973
0.99996
0.999942
0.999916
0.999879
0.999827
0.999755
0.999655
0.999519
0.999335
0.999087
0.998755
0.998317
0.997742
0.996994
0.996028
0.994794
0.993227
0.991257
0.9888
0.985762
0.982037
0.977509
0.972052
0.965531
0.957806
0.948732
0.938166
0.925969
0.912009
0.896169
0.878352
0.858484
0.83652
0.812449
0.786298
0.758133
0.728063
0.696236
0.662844
0.628113
0.592304
0.555705
0.518622
0.481378
0.444295
0.407696
0.371887
0.337156
0.303764
0.271937
0.241867
0.213702
0.187551
0.16348
0.141516
0.121648
0.103831
0.0879912
0.0740312
0.0618338
0.051268
0.0421945
0.0344692
0.0279483
0.0224911
0.0179632
0.0142382
0.0112
0.00874297
0.0067728
0.00520641
0.00397156
0.00300628
0.00225809
0.00168301
0.00124471
0.000913443
0.000665156
0.000480611
0.000344582
0.000245144
0.000173053
0.000121219
8.4255e-05
5.8111e-05
3.97705e-05
2.70091e-05
1.82015e-05
1.21719e-05
8.07741e-06
5.31924e-06
3.47615e-06
2.25437e-06
1.4509e-06
9.26706e-07
5.87416e-07
3.69537e-07
2.3072e-07
1.42967e-07
8.79264e-08
5.36716e-08
3.25177e-08
1.95549e-08
1.16724e-08
6.91583e-09
4.0674e-09
2.37459e-09
1.37616e-09
7.91717e-10
4.52168e-10
2.56372e-10
1.44309e-10
8.06452e-11
4.47442e-11
2.46479e-11
1.34809e-11
7.32087e-12
3.94754e-12
2.11359e-12
1.12371e-12
5.93256e-13
3.11025e-13
1.61929e-13
8.37221e-14
4.2989e-14
2.19223e-14
1.11029e-14
5.58504e-15
2.79037e-15
1.3847e-15
6.82532e-16
3.34175e-16
1.62525e-16
7.85187e-17
3.76831e-17
1.7966e-17
8.50942e-18
4.0041e-18
1.87188e-18
8.6942e-19
4.01212e-19
1.83959e-19
8.38082e-20
3.79384e-20
1.70652e-20
7.62772e-21
3.38799e-21
1.49543e-21
6.55959e-22
2.85948e-22
1.23882e-22
5.33399e-23
2.28261e-23
9.70858e-24
4.1043e-24
1.72461e-24
7.20319e-25
2.99055e-25
1.23419e-25
5.06323e-26
2.06491e-26
8.37167e-27
3.37422e-27
1.35206e-27
5.38629e-28
2.13338e-28
8.40117e-29
3.2894e-29
1.28059e-29
4.95717e-30
1.90807e-30
7.30305e-31
2.77955e-31
1.052e-31
3.95948e-32
1.48202e-32
5.51659e-33
2.04222e-33
7.51896e-34
2.75326e-34
1.00273e-34
3.63222e-35
1.30866e-35
4.68984e-36
1.67176e-36
5.92772e-37
2.09077e-37
7.33569e-38
2.56036e-38
8.88992e-39
3.07072e-39
1.05521e-39
3.60744e-40
1.22698e-40
4.15201e-41
1.39789e-41
4.68267e-42
1.56072e-42
5.17583e-43
1.70791e-43
5.60779e-44
1.83218e-44
5.95669e-45
1.92712e-45
6.20427e-46
1.98774e-46
6.33756e-47
2.0109e-47
6.34995e-48
1.9956e-48
6.24174e-49
1.94302e-49
6.02002e-50
1.85641e-50
5.69791e-51
1.74073e-51
5.29331e-52
1.60219e-52
4.82724e-53
1.44774e-53
4.32212e-54
1.28448e-54
3.80004e-55
1.11915e-55
3.28122e-56
9.57717e-57
2.78293e-57
8.0508e-58
2.31875e-58
6.64898e-59
1.89824e-59
5.3957e-60
1.52705e-60
4.30307e-61
1.20733e-61
3.37292e-62
9.38265e-63
2.59891e-63
7.16823e-64
1.96876e-64
5.38447e-65
1.46645e-65
3.9772e-66
1.07418e-66
2.88916e-67
7.73875e-68
2.06434e-68
5.48415e-69
1.45098e-69
3.82338e-70
1.00339e-70
2.62264e-71
6.82747e-72
1.77027e-72
4.57175e-73
1.17598e-73
3.01295e-74
7.68903e-75
1.95453e-75
4.94891e-76
1.24819e-76
3.13591e-77
7.84806e-78
1.95652e-78
4.85887e-79
1.20205e-79
2.96244e-80
7.27321e-81
1.77892e-81
4.33455e-82
1.0522e-82
2.54464e-83
6.13098e-84
1.4717e-84
3.51962e-85
8.38625e-86
1.99086e-86
4.70892e-87
1.10972e-87
2.6057e-88
6.0962e-89
1.42109e-89
3.30082e-90
7.63943e-91
1.76176e-91
4.0484e-92
9.26994e-93
2.11511e-93
4.80902e-94
1.08957e-94
2.45997e-95
5.53462e-96
1.2409e-96
2.77254e-97
6.17333e-98
1.36983e-98
3.02915e-99
6.67561e-100
1.46616e-100
3.20919e-101
7.00069e-102
1.52202e-102
3.29792e-103
7.12203e-104
1.53291e-104
3.28841e-105
7.03093e-106
1.49832e-106
3.18247e-107
6.7375e-108
1.42171e-108
2.99024e-109
6.26888e-110
1.30998e-110
2.72859e-111
5.66516e-112
1.17245e-112
2.41871e-113
4.97383e-114
1.01957e-114
2.08337e-115
4.24371e-116
8.61703e-117
1.74424e-117
3.51964e-118
7.08004e-119
1.41979e-119
2.83835e-120
5.65676e-121
1.12391e-121
2.2262e-122
4.39611e-123
8.65463e-124
1.69867e-124
3.32393e-125
6.48462e-126
1.26127e-126
2.44585e-127
4.7288e-128
9.11542e-129
1.75191e-129
3.35705e-130
6.41387e-131
1.22181e-131
2.32066e-132
4.39488e-133
8.29878e-134
1.56249e-134
2.93333e-135
5.49094e-136
1.0249e-136
1.9075e-137
3.54001e-138
6.55091e-139
1.20882e-139
2.22427e-140
4.08115e-141
7.46709e-142
1.36237e-142
2.47869e-143
4.49709e-144
8.13634e-145
1.46797e-145
2.64119e-146
4.73894e-147
8.47938e-148
1.51305e-148
2.69246e-149
4.77812e-150
8.45631e-151
1.49253e-151
2.62718e-152
4.6119e-153
8.07421e-154
1.40978e-154
2.45494e-155
4.26351e-156
7.38476e-157
1.27571e-157
2.19793e-158
3.77685e-159
6.47292e-160
1.10644e-160
1.88634e-161
3.20757e-162
5.44001e-163
9.20227e-164
1.55262e-164
2.61283e-165
4.38568e-166
7.34257e-167
1.22615e-167
2.04236e-168
3.39321e-169
5.62324e-170
9.29524e-171
1.53263e-171
2.52067e-172
4.13528e-173
6.76711e-174
1.10463e-174
1.79864e-175
2.92141e-176
4.73329e-177
7.64995e-178
1.23334e-178
1.98352e-179
3.18218e-180
5.09272e-181
8.13043e-182
1.29485e-182
2.05717e-183
3.26039e-184
5.15489e-185
8.13058e-186
1.27932e-186
2.00816e-187
3.14468e-188
4.91268e-189
7.65645e-190
1.19044e-190
1.84653e-191
2.85748e-192
4.41149e-193
6.79466e-194
1.04408e-194
1.6006e-195
2.44806e-196
3.73552e-197
5.68685e-198
8.63752e-199
1.30889e-199
1.97888e-200
2.98495e-201
4.49222e-202
6.74517e-203
1.0105e-203
1.5104e-204
2.25248e-205
3.35158e-206
4.97575e-207
7.37039e-208
1.0893e-208
1.60632e-209
2.36344e-210
3.4697e-211
5.08245e-212
7.42833e-213
1.0833e-213
1.57633e-214
2.28871e-215
3.31575e-216
4.79314e-217
6.91368e-218
9.95066e-219
1.42906e-219
2.04789e-220
2.92835e-221
4.17831e-222
5.949e-223
8.4519e-224
1.19821e-224
1.69505e-225
2.3928e-226
3.3706e-227
4.73788e-228
6.6457e-229
9.30208e-230
1.29928e-230
1.81098e-231
2.51891e-232
3.49625e-233
4.84267e-234
6.69363e-235
9.23286e-236
1.2709e-236
1.74576e-237
2.39311e-238
3.27375e-239
4.46927e-240
6.08888e-241
8.27846e-242
1.12325e-242
1.52095e-243
2.0553e-244
2.77174e-245
3.73038e-246
5.01045e-247
6.71623e-248
8.98468e-249
1.19957e-249
1.60199e-250
2.40733e-251
)
;

boundaryField
{
    sides
    {
        type            zeroGradient;
    }
    empty
    {
        type            empty;
    }
}


// ************************************************************************* //
