/*--------------------------------*- C++ -*----------------------------------*\
  =========                 |
  \\      /  F ield         | OpenFOAM: The Open Source CFD Toolbox
   \\    /   O peration     | Website:  https://openfoam.org
    \\  /    A nd           | Version:  13
     \\/     M anipulation  |
\*---------------------------------------------------------------------------*/
FoamFile
{
    format      ascii;
    class       volScalarField;
    location    "4.415";
    object      T;
}
// * * * * * * * * * * * * * * * * * * * * * * * * * * * * * * * * * * * * * //

dimensions      [0 0 0 1 0 0 0];

internalField   nonuniform List<scalar> 
1000
(
9.56925e-51
1.19112e-50
1.71582e-50
2.65699e-50
4.23987e-50
6.84199e-50
1.10816e-49
1.79618e-49
2.91037e-49
4.71217e-49
7.6225e-49
1.23184e-48
1.98875e-48
3.20755e-48
5.16811e-48
8.31866e-48
1.33764e-47
2.14876e-47
3.44826e-47
5.52809e-47
8.85347e-47
1.41649e-46
2.264e-46
3.61495e-46
5.7662e-46
9.18837e-46
1.46268e-45
2.32606e-45
3.69534e-45
5.86475e-45
9.29832e-45
1.47272e-44
2.33022e-44
3.68327e-44
5.81608e-44
9.1746e-44
1.44578e-43
2.27604e-43
3.57943e-43
5.62353e-43
8.82596e-43
1.3838e-42
2.16743e-42
3.39135e-42
5.30103e-42
8.27761e-42
1.29124e-41
2.01219e-41
3.13246e-41
4.87148e-41
7.56821e-41
1.17458e-40
1.82107e-40
2.82052e-40
4.36403e-40
6.74531e-40
1.04153e-39
1.60656e-39
2.4756e-39
3.8108e-39
5.86015e-39
9.00235e-39
1.38152e-38
2.11794e-38
3.24358e-38
4.96238e-38
7.5842e-38
1.15793e-37
1.76608e-37
2.69085e-37
4.09566e-37
6.22745e-37
9.45911e-37
1.4353e-36
2.17565e-36
3.29447e-36
4.98352e-36
7.53075e-36
1.13682e-35
1.71434e-35
2.58259e-35
3.88655e-35
5.84284e-35
8.77475e-35
1.31643e-34
1.97292e-34
2.95374e-34
4.41759e-34
6.60007e-34
9.85058e-34
1.46867e-33
2.18745e-33
3.25462e-33
4.8374e-33
7.18245e-33
1.06533e-32
1.57849e-32
2.3364e-32
3.45464e-32
5.10278e-32
7.52938e-32
1.10984e-31
1.6342e-31
2.40382e-31
3.53219e-31
5.18482e-31
7.60275e-31
1.11367e-30
1.62962e-30
2.38212e-30
3.47846e-30
5.07407e-30
7.39388e-30
1.0763e-29
1.5651e-29
2.27351e-29
3.2991e-29
4.78233e-29
6.92514e-29
1.00176e-28
1.44758e-28
2.08961e-28
3.01325e-28
4.34057e-28
6.24603e-28
8.97853e-28
1.28929e-27
1.84943e-27
2.65015e-27
3.79356e-27
5.42457e-27
7.74868e-27
1.10569e-26
1.57609e-26
2.24425e-26
3.1923e-26
4.53606e-26
6.43868e-26
9.1297e-26
1.29318e-25
1.82979e-25
2.58634e-25
3.65185e-25
5.15087e-25
7.25754e-25
1.0215e-24
1.43625e-24
2.01726e-24
2.83031e-24
3.96686e-24
5.55392e-24
7.76771e-24
1.08524e-23
1.5146e-23
2.1116e-23
2.94079e-23
4.09126e-23
5.68576e-23
7.8933e-23
1.09463e-22
1.51641e-22
2.09848e-22
2.90089e-22
4.00586e-22
5.52584e-22
7.61448e-22
1.04814e-21
1.44124e-21
1.97967e-21
2.71635e-21
3.72321e-21
5.09783e-21
6.97254e-21
9.52652e-21
1.30021e-20
1.77269e-20
2.41427e-20
3.28456e-20
4.4638e-20
6.05994e-20
8.21805e-20
1.11328e-19
1.50653e-19
2.03652e-19
2.75e-19
3.70948e-19
4.99839e-19
6.72794e-19
9.04628e-19
1.21505e-18
1.63024e-18
2.18496e-18
2.92532e-18
3.91234e-18
5.22678e-18
6.97537e-18
9.29897e-18
1.23833e-17
1.6473e-17
2.18899e-17
2.90569e-17
3.8529e-17
5.10341e-17
6.75255e-17
8.925e-17
1.17837e-16
1.55414e-16
2.04754e-16
2.69468e-16
3.54255e-16
4.65219e-16
6.10284e-16
7.99723e-16
1.04684e-15
1.36884e-15
1.78797e-15
2.33292e-15
3.04068e-15
3.95891e-15
5.14887e-15
6.6893e-15
8.68125e-15
1.12542e-14
1.45741e-14
1.8853e-14
2.43618e-14
3.14464e-14
4.05475e-14
5.22263e-14
6.71965e-14
8.63645e-14
1.10881e-13
1.42203e-13
1.82176e-13
2.33134e-13
2.98024e-13
3.80564e-13
4.85441e-13
6.18551e-13
7.87311e-13
1.00103e-12
1.27139e-12
1.61303e-12
2.04427e-12
2.58799e-12
3.2728e-12
4.13434e-12
5.21703e-12
6.57614e-12
8.28037e-12
1.0415e-11
1.30857e-11
1.64236e-11
2.05906e-11
2.57869e-11
3.22598e-11
4.03137e-11
5.0324e-11
6.2752e-11
7.81646e-11
9.72574e-11
1.20883e-10
1.50086e-10
1.86141e-10
2.30609e-10
2.85391e-10
3.52805e-10
4.35671e-10
5.37419e-10
6.62213e-10
8.15102e-10
1.00221e-09
1.23093e-09
1.51021e-09
1.85085e-09
2.26588e-09
2.77098e-09
3.385e-09
4.13061e-09
5.03501e-09
6.13079e-09
7.45698e-09
9.06025e-09
1.09963e-08
1.33317e-08
1.61455e-08
1.95322e-08
2.36037e-08
2.8493e-08
3.4358e-08
4.13855e-08
4.97965e-08
5.98523e-08
7.18609e-08
8.61858e-08
1.03255e-07
1.2357e-07
1.47724e-07
1.76407e-07
2.10433e-07
2.50751e-07
2.98472e-07
3.54891e-07
4.2152e-07
5.00118e-07
5.92733e-07
7.01741e-07
8.29901e-07
9.8041e-07
1.15697e-06
1.36385e-06
1.606e-06
1.8891e-06
2.21972e-06
2.6054e-06
3.05479e-06
3.57786e-06
4.18598e-06
4.8922e-06
5.71143e-06
6.66069e-06
7.75937e-06
9.02959e-06
1.04965e-05
1.21886e-05
1.41383e-05
1.63823e-05
1.89622e-05
2.19249e-05
2.53233e-05
2.92172e-05
3.36738e-05
3.87687e-05
4.45869e-05
5.12235e-05
5.87851e-05
6.7391e-05
7.71745e-05
8.82841e-05
0.000100885
0.000115163
0.000131321
0.000149587
0.000170213
0.000193478
0.000219689
0.000249186
0.000282345
0.000319577
0.000361337
0.000408121
0.000460477
0.000519
0.000584345
0.000657224
0.000738414
0.000828761
0.000929186
0.00104069
0.00116434
0.00130133
0.00145291
0.00162045
0.00180542
0.00200941
0.00223411
0.00248136
0.0027531
0.00305143
0.00337858
0.00373693
0.004129
0.00455751
0.00502528
0.00553536
0.00609094
0.0066954
0.00735229
0.00806535
0.00883853
0.00967593
0.0105819
0.0115608
0.0126176
0.0137569
0.0149839
0.0163039
0.0177223
0.0192447
0.0208768
0.0226247
0.0244944
0.0264921
0.0286243
0.0308973
0.0333177
0.0358922
0.0386275
0.0415304
0.0446076
0.0478659
0.0513121
0.0549529
0.058795
0.0628447
0.0671087
0.0715931
0.0763039
0.0812471
0.0864282
0.0918524
0.0975249
0.10345
0.109633
0.116076
0.122784
0.129759
0.137003
0.14452
0.152309
0.160372
0.16871
0.17732
0.186203
0.195356
0.204778
0.214465
0.224412
0.234616
0.245072
0.255773
0.266712
0.277883
0.289276
0.300884
0.312697
0.324704
0.336896
0.34926
0.361786
0.374459
0.387268
0.400199
0.413239
0.426372
0.439584
0.452861
0.466187
0.479547
0.492925
0.506306
0.519673
0.533012
0.546306
0.559539
0.572696
0.585762
0.598722
0.61156
0.624261
0.636812
0.649198
0.661406
0.673423
0.685235
0.696831
0.708198
0.719326
0.730203
0.74082
0.751166
0.761233
0.771011
0.780494
0.789672
0.79854
0.807091
0.815319
0.823217
0.830782
0.838009
0.844893
0.851431
0.85762
0.863456
0.868937
0.874061
0.878826
0.883229
0.887269
0.890946
0.894257
0.897203
0.899782
0.901993
0.903837
0.905312
0.906419
0.907157
0.907526
0.907526
0.907157
0.906419
0.905312
0.903837
0.901993
0.899782
0.897203
0.894257
0.890946
0.887269
0.883229
0.878826
0.874061
0.868937
0.863456
0.85762
0.851431
0.844893
0.838009
0.830782
0.823217
0.815319
0.807091
0.79854
0.789672
0.780494
0.771011
0.761233
0.751166
0.74082
0.730203
0.719326
0.708198
0.696831
0.685235
0.673423
0.661406
0.649198
0.636812
0.624261
0.61156
0.598722
0.585762
0.572696
0.559539
0.546306
0.533012
0.519673
0.506306
0.492925
0.479547
0.466187
0.452861
0.439584
0.426372
0.413239
0.400199
0.387268
0.374459
0.361786
0.34926
0.336896
0.324704
0.312697
0.300884
0.289276
0.277883
0.266712
0.255773
0.245072
0.234616
0.224412
0.214465
0.204778
0.195356
0.186203
0.17732
0.16871
0.160372
0.152309
0.14452
0.137003
0.129759
0.122784
0.116076
0.109633
0.10345
0.0975249
0.0918524
0.0864282
0.0812471
0.0763039
0.0715931
0.0671087
0.0628447
0.058795
0.0549529
0.0513121
0.0478659
0.0446076
0.0415304
0.0386275
0.0358922
0.0333177
0.0308973
0.0286243
0.0264921
0.0244944
0.0226247
0.0208768
0.0192447
0.0177223
0.0163039
0.0149839
0.0137569
0.0126176
0.0115608
0.0105819
0.00967593
0.00883853
0.00806535
0.00735229
0.0066954
0.00609094
0.00553536
0.00502528
0.00455751
0.004129
0.00373693
0.00337858
0.00305143
0.0027531
0.00248136
0.00223411
0.00200941
0.00180542
0.00162045
0.00145291
0.00130133
0.00116434
0.00104069
0.000929186
0.000828761
0.000738414
0.000657224
0.000584345
0.000519
0.000460477
0.000408121
0.000361337
0.000319577
0.000282345
0.000249186
0.000219689
0.000193478
0.000170213
0.000149587
0.000131321
0.000115163
0.000100885
8.82841e-05
7.71745e-05
6.7391e-05
5.87851e-05
5.12235e-05
4.45869e-05
3.87687e-05
3.36738e-05
2.92172e-05
2.53233e-05
2.19249e-05
1.89622e-05
1.63823e-05
1.41383e-05
1.21886e-05
1.04965e-05
9.02959e-06
7.75937e-06
6.66069e-06
5.71143e-06
4.8922e-06
4.18598e-06
3.57786e-06
3.05479e-06
2.6054e-06
2.21972e-06
1.8891e-06
1.606e-06
1.36385e-06
1.15697e-06
9.8041e-07
8.29901e-07
7.01741e-07
5.92733e-07
5.00118e-07
4.2152e-07
3.54891e-07
2.98472e-07
2.50751e-07
2.10433e-07
1.76407e-07
1.47724e-07
1.2357e-07
1.03255e-07
8.61858e-08
7.18609e-08
5.98523e-08
4.97965e-08
4.13855e-08
3.4358e-08
2.8493e-08
2.36037e-08
1.95322e-08
1.61455e-08
1.33317e-08
1.09963e-08
9.06025e-09
7.45698e-09
6.13079e-09
5.03501e-09
4.13061e-09
3.385e-09
2.77098e-09
2.26588e-09
1.85085e-09
1.51021e-09
1.23093e-09
1.00221e-09
8.15102e-10
6.62213e-10
5.37419e-10
4.35671e-10
3.52805e-10
2.85391e-10
2.30609e-10
1.86141e-10
1.50086e-10
1.20883e-10
9.72574e-11
7.81646e-11
6.2752e-11
5.0324e-11
4.03137e-11
3.22598e-11
2.57869e-11
2.05906e-11
1.64236e-11
1.30857e-11
1.0415e-11
8.28037e-12
6.57614e-12
5.21703e-12
4.13434e-12
3.2728e-12
2.58799e-12
2.04427e-12
1.61303e-12
1.27139e-12
1.00103e-12
7.87311e-13
6.18551e-13
4.85441e-13
3.80564e-13
2.98024e-13
2.33134e-13
1.82176e-13
1.42203e-13
1.10881e-13
8.63645e-14
6.71965e-14
5.22263e-14
4.05475e-14
3.14464e-14
2.43618e-14
1.8853e-14
1.45741e-14
1.12542e-14
8.68125e-15
6.6893e-15
5.14887e-15
3.95891e-15
3.04068e-15
2.33292e-15
1.78797e-15
1.36884e-15
1.04684e-15
7.99723e-16
6.10284e-16
4.65219e-16
3.54255e-16
2.69468e-16
2.04754e-16
1.55414e-16
1.17837e-16
8.925e-17
6.75255e-17
5.10341e-17
3.8529e-17
2.90569e-17
2.18899e-17
1.6473e-17
1.23833e-17
9.29897e-18
6.97537e-18
5.22678e-18
3.91234e-18
2.92532e-18
2.18496e-18
1.63024e-18
1.21505e-18
9.04628e-19
6.72794e-19
4.99839e-19
3.70948e-19
2.75e-19
2.03652e-19
1.50653e-19
1.11328e-19
8.21805e-20
6.05994e-20
4.4638e-20
3.28456e-20
2.41427e-20
1.77269e-20
1.30021e-20
9.52652e-21
6.97254e-21
5.09783e-21
3.72321e-21
2.71635e-21
1.97967e-21
1.44124e-21
1.04814e-21
7.61448e-22
5.52584e-22
4.00586e-22
2.90089e-22
2.09848e-22
1.51641e-22
1.09463e-22
7.8933e-23
5.68576e-23
4.09126e-23
2.94079e-23
2.1116e-23
1.5146e-23
1.08524e-23
7.76771e-24
5.55392e-24
3.96686e-24
2.83031e-24
2.01726e-24
1.43625e-24
1.0215e-24
7.25754e-25
5.15087e-25
3.65185e-25
2.58634e-25
1.82979e-25
1.29318e-25
9.1297e-26
6.43868e-26
4.53606e-26
3.1923e-26
2.24425e-26
1.57609e-26
1.10569e-26
7.74868e-27
5.42457e-27
3.79356e-27
2.65015e-27
1.84943e-27
1.28929e-27
8.97853e-28
6.24603e-28
4.34057e-28
3.01325e-28
2.08961e-28
1.44758e-28
1.00176e-28
6.92514e-29
4.78233e-29
3.2991e-29
2.27351e-29
1.5651e-29
1.0763e-29
7.39388e-30
5.07407e-30
3.47846e-30
2.38212e-30
1.62962e-30
1.11367e-30
7.60275e-31
5.18482e-31
3.53219e-31
2.40382e-31
1.6342e-31
1.10984e-31
7.52938e-32
5.10278e-32
3.45464e-32
2.3364e-32
1.57849e-32
1.06533e-32
7.18245e-33
4.8374e-33
3.25462e-33
2.18745e-33
1.46867e-33
9.85058e-34
6.60007e-34
4.41759e-34
2.95374e-34
1.97292e-34
1.31643e-34
8.77475e-35
5.84284e-35
3.88655e-35
2.58259e-35
1.71434e-35
1.13682e-35
7.53075e-36
4.98352e-36
3.29447e-36
2.17565e-36
1.4353e-36
9.45911e-37
6.22745e-37
4.09566e-37
2.69085e-37
1.76608e-37
1.15793e-37
7.5842e-38
4.96238e-38
3.24358e-38
2.11794e-38
1.38152e-38
9.00235e-39
5.86015e-39
3.8108e-39
2.4756e-39
1.60656e-39
1.04153e-39
6.74531e-40
4.36403e-40
2.82052e-40
1.82107e-40
1.17458e-40
7.56821e-41
4.87148e-41
3.13246e-41
2.01219e-41
1.29124e-41
8.27761e-42
5.30103e-42
3.39135e-42
2.16743e-42
1.3838e-42
8.82596e-43
5.62353e-43
3.57943e-43
2.27604e-43
1.44578e-43
9.1746e-44
5.81608e-44
3.68327e-44
2.33022e-44
1.47272e-44
9.29832e-45
5.86475e-45
3.69534e-45
2.32606e-45
1.46268e-45
9.18837e-46
5.7662e-46
3.61495e-46
2.264e-46
1.41649e-46
8.85347e-47
5.52809e-47
3.44826e-47
2.14876e-47
1.33764e-47
8.31866e-48
5.16811e-48
3.20755e-48
1.98875e-48
1.23184e-48
7.6225e-49
4.71217e-49
2.91037e-49
1.79618e-49
1.10816e-49
6.84199e-50
4.23987e-50
2.65699e-50
1.71582e-50
1.19112e-50
9.56925e-51
)
;

boundaryField
{
    sides
    {
        type            zeroGradient;
    }
    empty
    {
        type            empty;
    }
}


// ************************************************************************* //
