/*--------------------------------*- C++ -*----------------------------------*\
  =========                 |
  \\      /  F ield         | OpenFOAM: The Open Source CFD Toolbox
   \\    /   O peration     | Website:  https://openfoam.org
    \\  /    A nd           | Version:  13
     \\/     M anipulation  |
\*---------------------------------------------------------------------------*/
FoamFile
{
    format      ascii;
    class       volScalarField;
    location    "1.42";
    object      T;
}
// * * * * * * * * * * * * * * * * * * * * * * * * * * * * * * * * * * * * * //

dimensions      [0 0 0 1 0 0 0];

internalField   nonuniform List<scalar> 
1000
(
4.98561e-136
1.34846e-135
4.48829e-135
1.5223e-134
5.163e-134
1.74815e-133
5.90832e-133
1.99321e-132
6.71186e-132
2.25597e-131
7.56872e-131
2.5346e-130
8.47211e-130
2.82663e-129
9.41326e-129
3.12898e-128
1.03814e-127
3.43795e-127
1.1364e-126
3.74928e-126
1.23467e-125
4.05823e-125
1.33139e-124
4.35968e-124
1.4249e-123
4.64828e-123
1.51348e-122
4.91856e-122
1.59541e-121
5.16511e-121
1.669e-120
5.38277e-120
1.7327e-119
5.56681e-119
1.78507e-118
5.71307e-118
1.82493e-117
5.81813e-117
1.85132e-116
5.87945e-116
1.86359e-115
5.89547e-115
1.86141e-114
5.86566e-114
1.84477e-113
5.79054e-113
1.81403e-112
5.67173e-112
1.76983e-111
5.51179e-111
1.71315e-110
5.31421e-110
1.64521e-109
5.08327e-109
1.56747e-108
4.82384e-108
1.48156e-107
4.54126e-107
1.3892e-106
4.24113e-106
1.29219e-105
3.92912e-105
1.19231e-104
3.61083e-104
1.0913e-103
3.29157e-103
9.90784e-103
2.97627e-102
8.92236e-102
2.66932e-101
7.96955e-101
2.37453e-100
7.06041e-100
2.09503e-99
6.20376e-99
1.83326e-98
5.40626e-98
1.591e-97
4.67242e-97
1.36934e-96
4.00477e-96
1.1688e-95
3.40402e-95
9.89322e-95
2.86928e-94
8.30415e-94
2.39831e-93
6.91192e-93
1.98782e-92
5.70474e-92
1.63371e-91
4.66866e-91
1.33133e-90
3.7884e-90
1.07572e-89
3.04799e-89
8.61783e-89
2.43137e-88
6.84495e-88
1.92289e-87
5.39019e-87
1.5077e-86
4.20808e-86
1.17196e-85
3.25685e-85
9.03104e-85
2.4988e-84
6.89885e-84
1.90052e-83
5.22414e-83
1.43286e-82
3.92138e-82
1.07082e-81
2.91767e-81
7.9322e-81
2.15174e-80
5.82402e-80
1.57286e-79
4.23827e-79
1.13951e-78
3.05688e-78
8.18211e-78
2.18513e-77
5.82256e-77
1.54801e-76
4.10631e-76
1.0868e-75
2.86987e-75
7.56121e-75
1.98762e-74
5.213e-74
1.36411e-73
3.56141e-73
9.27681e-73
2.4109e-72
6.2512e-72
1.61714e-71
4.17379e-71
1.07476e-70
2.76113e-70
7.07709e-70
1.80973e-69
4.61704e-69
1.17517e-68
2.98418e-68
7.56018e-68
1.91083e-67
4.81827e-67
1.2121e-66
3.04204e-66
7.61667e-66
1.90256e-65
4.74114e-65
1.17868e-64
2.92332e-64
7.23307e-64
1.78539e-63
4.39646e-63
1.08003e-62
2.64681e-62
6.47095e-62
1.57822e-61
3.83989e-61
9.32008e-61
2.25668e-60
5.45087e-60
1.31343e-59
3.15711e-59
7.57031e-59
1.81082e-58
4.32091e-58
1.02851e-57
2.44218e-57
5.78462e-57
1.36679e-56
3.22149e-56
7.57418e-56
1.77639e-55
4.15587e-55
9.69851e-55
2.2577e-54
5.24253e-54
1.21431e-53
2.80563e-53
6.46606e-53
1.48647e-52
3.40863e-52
7.79661e-52
1.77882e-51
4.04818e-51
9.18934e-51
2.08068e-50
4.69913e-50
1.05858e-49
2.37858e-49
5.33088e-49
1.1917e-48
2.65715e-48
5.90947e-48
1.31087e-47
2.90034e-47
6.4005e-47
1.40881e-46
3.09286e-46
6.77235e-46
1.47906e-45
3.22178e-45
6.99955e-45
1.51672e-44
3.27793e-44
7.06564e-44
1.519e-43
3.257e-43
6.96512e-43
1.48555e-42
3.16006e-42
6.70419e-42
1.41854e-41
2.99347e-41
6.30013e-41
1.32239e-40
2.76824e-40
5.77939e-40
1.20334e-39
2.49877e-39
5.17474e-39
1.06875e-38
2.20133e-38
4.52183e-38
9.26322e-38
1.89245e-37
3.8557e-37
7.83416e-37
1.58742e-36
3.20774e-36
6.46415e-36
1.29906e-35
2.60343e-35
5.20311e-35
1.037e-34
2.06105e-34
4.085e-34
8.07398e-34
1.59137e-33
3.12783e-33
6.13055e-33
1.19823e-32
2.33539e-32
4.53898e-32
8.797e-32
1.70014e-31
3.27649e-31
6.29655e-31
1.20661e-30
2.30566e-30
4.39328e-30
8.34728e-30
1.58147e-29
2.9877e-29
5.62818e-29
1.05719e-28
1.98012e-28
3.6981e-28
6.88675e-28
1.27878e-27
2.36768e-27
4.3711e-27
8.04635e-27
1.47688e-26
2.70288e-26
4.93223e-26
8.9741e-26
1.62805e-25
2.94493e-25
5.31136e-25
9.55128e-25
1.71253e-24
3.06151e-24
5.45697e-24
9.69801e-24
1.71841e-23
3.03588e-23
5.34752e-23
9.39134e-23
1.64441e-22
2.87074e-22
4.99669e-22
8.67102e-22
1.50023e-21
2.58785e-21
4.45058e-21
7.63109e-21
1.30451e-20
2.22329e-20
3.77774e-20
6.39961e-20
1.08083e-19
1.81988e-19
3.05497e-19
5.11269e-19
8.53037e-19
1.41893e-18
2.35301e-18
3.89007e-18
6.41149e-18
1.05348e-17
1.72568e-17
2.81811e-17
4.58791e-17
7.44615e-17
1.20478e-16
1.94329e-16
3.1248e-16
5.00909e-16
8.00473e-16
1.27522e-15
2.0252e-15
3.20625e-15
5.06025e-15
7.96138e-15
1.24866e-14
1.95228e-14
3.04281e-14
4.72764e-14
7.32232e-14
1.13054e-13
1.74002e-13
2.66963e-13
4.08297e-13
6.22485e-13
9.46033e-13
1.4332e-12
2.16437e-12
3.25818e-12
4.88921e-12
7.31342e-12
1.09048e-11
1.62081e-11
2.40137e-11
3.5465e-11
5.22097e-11
7.66147e-11
1.12068e-10
1.63403e-10
2.37489e-10
3.44059e-10
4.96851e-10
7.15191e-10
1.02617e-09
1.46764e-09
2.09226e-09
2.97312e-09
4.21121e-09
5.94562e-09
8.36726e-09
1.17372e-08
1.64111e-08
2.28721e-08
3.17735e-08
4.39963e-08
6.07237e-08
8.3539e-08
1.14554e-07
1.56574e-07
2.13312e-07
2.89667e-07
3.92076e-07
5.28965e-07
7.11328e-07
9.53451e-07
1.27383e-06
1.69633e-06
2.2516e-06
2.97892e-06
3.92834e-06
5.16348e-06
6.76489e-06
8.83411e-06
1.14987e-05
1.49182e-05
1.92917e-05
2.48661e-05
3.1947e-05
4.09107e-05
5.22191e-05
6.64366e-05
8.42502e-05
0.000106493
0.000134171
0.000168495
0.000210913
0.000263153
0.000327269
0.000405689
0.000501275
0.000617381
0.000757925
0.000927463
0.00113127
0.00137542
0.0016669
0.00201367
0.00242478
0.00291049
0.00348234
0.00415327
0.00493771
0.00585167
0.00691284
0.00814063
0.00955627
0.0111828
0.0130451
0.01517
0.0175859
0.0203232
0.0234138
0.0268911
0.0307898
0.0351456
0.0399952
0.0453756
0.0513241
0.0578774
0.0650719
0.0729425
0.0815228
0.0908436
0.100934
0.111818
0.123518
0.13605
0.149426
0.163654
0.178734
0.194661
0.211424
0.229004
0.247376
0.266509
0.286364
0.306895
0.32805
0.349773
0.372
0.394663
0.417687
0.440998
0.464516
0.488158
0.511842
0.535484
0.559002
0.582313
0.605337
0.628
0.650227
0.67195
0.693105
0.713636
0.733491
0.752624
0.770996
0.788576
0.805338
0.821265
0.836345
0.850573
0.86395
0.876482
0.888181
0.899065
0.909154
0.918474
0.927054
0.934923
0.942116
0.948667
0.954613
0.95999
0.964835
0.969185
0.973077
0.976545
0.979625
0.982348
0.984746
0.986848
0.988683
0.990275
0.991648
0.992824
0.993821
0.994657
0.995345
0.9959
0.996332
0.996648
0.996855
0.996958
0.996958
0.996855
0.996648
0.996332
0.9959
0.995345
0.994657
0.993821
0.992824
0.991648
0.990275
0.988683
0.986848
0.984746
0.982348
0.979625
0.976545
0.973077
0.969185
0.964835
0.95999
0.954613
0.948667
0.942116
0.934923
0.927054
0.918474
0.909154
0.899065
0.888181
0.876482
0.86395
0.850573
0.836345
0.821265
0.805338
0.788576
0.770996
0.752624
0.733491
0.713636
0.693105
0.67195
0.650227
0.628
0.605337
0.582313
0.559002
0.535484
0.511842
0.488158
0.464516
0.440998
0.417687
0.394663
0.372
0.349773
0.32805
0.306895
0.286364
0.266509
0.247376
0.229004
0.211424
0.194661
0.178734
0.163654
0.149426
0.13605
0.123518
0.111818
0.100934
0.0908436
0.0815228
0.0729425
0.0650719
0.0578774
0.0513241
0.0453756
0.0399952
0.0351456
0.0307898
0.0268911
0.0234138
0.0203232
0.0175859
0.01517
0.0130451
0.0111828
0.00955627
0.00814063
0.00691284
0.00585167
0.00493771
0.00415327
0.00348234
0.00291049
0.00242478
0.00201367
0.0016669
0.00137542
0.00113127
0.000927463
0.000757925
0.000617381
0.000501275
0.000405689
0.000327269
0.000263153
0.000210913
0.000168495
0.000134171
0.000106493
8.42502e-05
6.64366e-05
5.22191e-05
4.09107e-05
3.1947e-05
2.48661e-05
1.92917e-05
1.49182e-05
1.14987e-05
8.83411e-06
6.76489e-06
5.16348e-06
3.92834e-06
2.97892e-06
2.2516e-06
1.69633e-06
1.27383e-06
9.53451e-07
7.11328e-07
5.28965e-07
3.92076e-07
2.89667e-07
2.13312e-07
1.56574e-07
1.14554e-07
8.3539e-08
6.07237e-08
4.39963e-08
3.17735e-08
2.28721e-08
1.64111e-08
1.17372e-08
8.36726e-09
5.94562e-09
4.21121e-09
2.97312e-09
2.09226e-09
1.46764e-09
1.02617e-09
7.15191e-10
4.96851e-10
3.44059e-10
2.37489e-10
1.63403e-10
1.12068e-10
7.66147e-11
5.22097e-11
3.5465e-11
2.40137e-11
1.62081e-11
1.09048e-11
7.31342e-12
4.88921e-12
3.25818e-12
2.16437e-12
1.4332e-12
9.46033e-13
6.22485e-13
4.08297e-13
2.66963e-13
1.74002e-13
1.13054e-13
7.32232e-14
4.72764e-14
3.04281e-14
1.95228e-14
1.24866e-14
7.96138e-15
5.06025e-15
3.20625e-15
2.0252e-15
1.27522e-15
8.00473e-16
5.00909e-16
3.1248e-16
1.94329e-16
1.20478e-16
7.44615e-17
4.58791e-17
2.81811e-17
1.72568e-17
1.05348e-17
6.41149e-18
3.89007e-18
2.35301e-18
1.41893e-18
8.53037e-19
5.11269e-19
3.05497e-19
1.81988e-19
1.08083e-19
6.39961e-20
3.77774e-20
2.22329e-20
1.30451e-20
7.63109e-21
4.45058e-21
2.58785e-21
1.50023e-21
8.67102e-22
4.99669e-22
2.87074e-22
1.64441e-22
9.39134e-23
5.34752e-23
3.03588e-23
1.71841e-23
9.69801e-24
5.45697e-24
3.06151e-24
1.71253e-24
9.55128e-25
5.31136e-25
2.94493e-25
1.62805e-25
8.9741e-26
4.93223e-26
2.70288e-26
1.47688e-26
8.04635e-27
4.3711e-27
2.36768e-27
1.27878e-27
6.88675e-28
3.6981e-28
1.98012e-28
1.05719e-28
5.62818e-29
2.9877e-29
1.58147e-29
8.34728e-30
4.39328e-30
2.30566e-30
1.20661e-30
6.29655e-31
3.27649e-31
1.70014e-31
8.797e-32
4.53898e-32
2.33539e-32
1.19823e-32
6.13055e-33
3.12783e-33
1.59137e-33
8.07398e-34
4.085e-34
2.06105e-34
1.037e-34
5.20311e-35
2.60343e-35
1.29906e-35
6.46415e-36
3.20774e-36
1.58742e-36
7.83416e-37
3.8557e-37
1.89245e-37
9.26322e-38
4.52183e-38
2.20133e-38
1.06875e-38
5.17474e-39
2.49877e-39
1.20334e-39
5.77939e-40
2.76824e-40
1.32239e-40
6.30013e-41
2.99347e-41
1.41854e-41
6.70419e-42
3.16006e-42
1.48555e-42
6.96512e-43
3.257e-43
1.519e-43
7.06564e-44
3.27793e-44
1.51672e-44
6.99955e-45
3.22178e-45
1.47906e-45
6.77235e-46
3.09286e-46
1.40881e-46
6.4005e-47
2.90034e-47
1.31087e-47
5.90947e-48
2.65715e-48
1.1917e-48
5.33088e-49
2.37858e-49
1.05858e-49
4.69913e-50
2.08068e-50
9.18934e-51
4.04818e-51
1.77882e-51
7.79661e-52
3.40863e-52
1.48647e-52
6.46606e-53
2.80563e-53
1.21431e-53
5.24253e-54
2.2577e-54
9.69851e-55
4.15587e-55
1.77639e-55
7.57418e-56
3.22149e-56
1.36679e-56
5.78462e-57
2.44218e-57
1.02851e-57
4.32091e-58
1.81082e-58
7.57031e-59
3.15711e-59
1.31343e-59
5.45087e-60
2.25668e-60
9.32008e-61
3.83989e-61
1.57822e-61
6.47095e-62
2.64681e-62
1.08003e-62
4.39646e-63
1.78539e-63
7.23307e-64
2.92332e-64
1.17868e-64
4.74114e-65
1.90256e-65
7.61667e-66
3.04204e-66
1.2121e-66
4.81827e-67
1.91083e-67
7.56018e-68
2.98418e-68
1.17517e-68
4.61704e-69
1.80973e-69
7.07709e-70
2.76113e-70
1.07476e-70
4.17379e-71
1.61714e-71
6.2512e-72
2.4109e-72
9.27681e-73
3.56141e-73
1.36411e-73
5.213e-74
1.98762e-74
7.56121e-75
2.86987e-75
1.0868e-75
4.10631e-76
1.54801e-76
5.82256e-77
2.18513e-77
8.18211e-78
3.05688e-78
1.13951e-78
4.23827e-79
1.57286e-79
5.82402e-80
2.15174e-80
7.9322e-81
2.91767e-81
1.07082e-81
3.92138e-82
1.43286e-82
5.22414e-83
1.90052e-83
6.89885e-84
2.4988e-84
9.03104e-85
3.25685e-85
1.17196e-85
4.20808e-86
1.5077e-86
5.39019e-87
1.92289e-87
6.84495e-88
2.43137e-88
8.61783e-89
3.04799e-89
1.07572e-89
3.7884e-90
1.33133e-90
4.66866e-91
1.63371e-91
5.70474e-92
1.98782e-92
6.91192e-93
2.39831e-93
8.30415e-94
2.86928e-94
9.89322e-95
3.40402e-95
1.1688e-95
4.00477e-96
1.36934e-96
4.67242e-97
1.591e-97
5.40626e-98
1.83326e-98
6.20376e-99
2.09503e-99
7.06041e-100
2.37453e-100
7.96955e-101
2.66932e-101
8.92236e-102
2.97627e-102
9.90784e-103
3.29157e-103
1.0913e-103
3.61083e-104
1.19231e-104
3.92912e-105
1.29219e-105
4.24113e-106
1.3892e-106
4.54126e-107
1.48156e-107
4.82384e-108
1.56747e-108
5.08327e-109
1.64521e-109
5.31421e-110
1.71315e-110
5.51179e-111
1.76983e-111
5.67173e-112
1.81403e-112
5.79054e-113
1.84477e-113
5.86566e-114
1.86141e-114
5.89547e-115
1.86359e-115
5.87945e-116
1.85132e-116
5.81813e-117
1.82493e-117
5.71307e-118
1.78507e-118
5.56681e-119
1.7327e-119
5.38277e-120
1.669e-120
5.16511e-121
1.59541e-121
4.91856e-122
1.51348e-122
4.64828e-123
1.4249e-123
4.35968e-124
1.33139e-124
4.05823e-125
1.23467e-125
3.74928e-126
1.1364e-126
3.43795e-127
1.03814e-127
3.12898e-128
9.41326e-129
2.82663e-129
8.47211e-130
2.5346e-130
7.56872e-131
2.25597e-131
6.71186e-132
1.99321e-132
5.90832e-133
1.74815e-133
5.163e-134
1.5223e-134
4.48829e-135
1.34846e-135
4.98561e-136
)
;

boundaryField
{
    sides
    {
        type            zeroGradient;
    }
    empty
    {
        type            empty;
    }
}


// ************************************************************************* //
