/*--------------------------------*- C++ -*----------------------------------*\
  =========                 |
  \\      /  F ield         | OpenFOAM: The Open Source CFD Toolbox
   \\    /   O peration     | Website:  https://openfoam.org
    \\  /    A nd           | Version:  13
     \\/     M anipulation  |
\*---------------------------------------------------------------------------*/
FoamFile
{
    format      ascii;
    class       volScalarField;
    location    "5";
    object      rho;
}
// * * * * * * * * * * * * * * * * * * * * * * * * * * * * * * * * * * * * * //

dimensions      [1 -3 0 0 0 0 0];

internalField   nonuniform List<scalar> 
5250
(
1.40001
1.40002
1.40006
1.40016
1.40037
1.40097
1.4022
1.40591
1.41325
1.43447
1.4785
1.58444
1.80152
2.28387
4.23553
5.92598
5.76018
5.64721
5.66592
5.74738
5.83671
5.88862
5.9292
5.96066
5.98666
1.40001
1.40002
1.40006
1.40015
1.40039
1.40088
1.40237
1.40529
1.41416
1.43205
1.47977
1.57939
1.7979
2.26867
4.18268
5.93347
5.76167
5.64451
5.66368
5.74575
5.83518
5.88731
5.92868
5.9609
5.9878
1.40001
1.40002
1.40006
1.40013
1.40039
1.40082
1.40235
1.405
1.41387
1.4307
1.47762
1.57347
1.7867
2.23917
4.06431
5.95031
5.76473
5.636
5.65487
5.73553
5.82413
5.87605
5.91654
5.94919
5.97634
1.40001
1.40002
1.40005
1.40015
1.40033
1.40088
1.402
1.40524
1.41218
1.43078
1.47155
1.56768
1.76758
2.19701
3.88068
5.97675
5.77122
5.62245
5.63851
5.71766
5.80429
5.85321
5.89406
5.92482
5.95241
1.40001
1.40002
1.40005
1.40013
1.40031
1.40082
1.40184
1.40497
1.41109
1.42914
1.46613
1.55757
1.74474
2.14392
3.63773
6.00751
5.78256
5.60619
5.61848
5.69045
5.77691
5.82318
5.86012
5.89076
5.91925
1.40001
1.40002
1.40005
1.40012
1.4003
1.40069
1.40185
1.40413
1.41109
1.425
1.46304
1.54262
1.72084
2.08418
3.34672
6.023
5.79667
5.58962
5.59562
5.65769
5.73849
5.78186
5.81447
5.84184
5.87224
1.40001
1.40002
1.40005
1.4001
1.40029
1.40061
1.40171
1.40373
1.41006
1.42275
1.45734
1.53019
1.69458
2.0282
3.06718
5.97545
5.78873
5.56633
5.566
5.61604
5.69016
5.72523
5.75101
5.77201
5.80303
1.40001
1.40002
1.40004
1.40011
1.40023
1.40064
1.40138
1.40376
1.40842
1.42204
1.45041
1.52172
1.6692
1.98085
2.87219
5.78245
5.71476
5.52894
5.52483
5.55855
5.62396
5.64997
5.66377
5.67277
5.69952
1.40001
1.40001
1.40004
1.40008
1.40024
1.4005
1.40143
1.40302
1.40845
1.41851
1.44812
1.50837
1.64931
1.93445
2.69793
5.47396
5.58608
5.50418
5.47656
5.48807
5.53765
5.54983
5.54493
5.52832
5.53113
1.40001
1.40002
1.40003
1.40009
1.40018
1.40052
1.4011
1.4031
1.4067
1.41823
1.44071
1.50095
1.62336
1.89
2.53561
5.08508
5.51808
5.46823
5.4099
5.41112
5.43179
5.42399
5.39266
5.31994
5.26026
1.40001
1.40001
1.40003
1.40008
1.40017
1.40044
1.40103
1.40258
1.40628
1.41532
1.43719
1.48801
1.60081
1.83892
2.38403
4.62015
5.47784
5.43692
5.34002
5.32385
5.3142
5.28085
5.18687
4.96136
4.30291
1.40001
1.40001
1.40003
1.40007
1.40015
1.40038
1.40085
1.40232
1.40509
1.41382
1.43087
1.47753
1.57353
1.78594
2.23735
4.07493
5.46103
5.41206
5.28362
5.23407
5.20026
5.12822
4.97209
4.64776
3.9384
1.40001
1.40001
1.40002
1.40006
1.40012
1.40033
1.40069
1.40196
1.40421
1.41152
1.42572
1.46501
1.54625
1.72868
2.09848
3.46672
5.4529
5.39977
5.2492
5.15148
5.08951
4.9838
4.78179
4.43842
3.86477
1.40001
1.40001
1.40002
1.40005
1.4001
1.40026
1.40058
1.40154
1.40353
1.40906
1.42124
1.4522
1.52008
1.67121
1.97499
2.84949
5.36331
5.3521
5.2416
5.08895
4.98861
4.86123
4.64394
4.31866
3.87155
1.40001
1.40001
1.40002
1.40004
1.40008
1.40022
1.40047
1.40125
1.40289
1.40739
1.41738
1.44288
1.49943
1.62688
1.88921
2.53818
4.96539
5.25273
5.18727
5.02997
4.90294
4.75641
4.5538
4.24766
3.88111
1.40001
1.40001
1.40001
1.40003
1.40007
1.40017
1.40039
1.40099
1.40239
1.40584
1.41433
1.43436
1.48192
1.58699
1.80918
2.29923
4.27508
5.14198
5.10785
4.98656
4.83307
4.6729
4.48093
4.2068
3.88434
1.40001
1.40001
1.40001
1.40003
1.40006
1.40013
1.40031
1.4008
1.4018
1.40482
1.41073
1.42813
1.46358
1.55154
1.73075
2.10513
3.53149
5.09335
5.06984
4.96862
4.78444
4.60961
4.42187
4.17589
3.88721
1.40001
1.40001
1.40001
1.40002
1.40004
1.40011
1.40023
1.40063
1.40133
1.40372
1.40793
1.42157
1.44754
1.51671
1.6555
1.9403
2.72486
4.95579
5.05296
4.96864
4.77433
4.57183
4.37988
4.1524
3.89248
1.40001
1.40001
1.40001
1.40002
1.40003
1.40008
1.40018
1.40046
1.40107
1.40267
1.40648
1.41566
1.43791
1.48908
1.6027
1.83829
2.38163
4.45474
4.96362
4.91244
4.762
4.54739
4.35015
4.1367
3.89808
1.40001
1.40001
1.40001
1.40001
1.40003
1.40006
1.40013
1.40036
1.40076
1.40214
1.40452
1.41252
1.42737
1.4697
1.55472
1.74619
2.12931
3.65162
4.86963
4.84785
4.7503
4.53981
4.33289
4.12705
3.90668
1.40001
1.40001
1.40001
1.40001
1.40002
1.40004
1.40011
1.40023
1.40064
1.40134
1.40375
1.408
1.42161
1.44771
1.51663
1.65494
1.93074
2.72807
4.70253
4.82692
4.75314
4.56672
4.33573
4.12709
3.92054
1.40001
1.40001
1.40001
1.40001
1.40002
1.40003
1.40008
1.40017
1.40046
1.40097
1.40272
1.40573
1.41579
1.43443
1.48636
1.59026
1.81461
2.30888
4.17584
4.75259
4.71204
4.58474
4.35413
4.1394
3.93787
1.40001
1.40001
1.40001
1.40001
1.40001
1.40003
1.40005
1.40013
1.40031
1.40073
1.40185
1.40426
1.41095
1.42512
1.46197
1.54025
1.71216
2.04609
3.31294
4.63345
4.63942
4.57354
4.39337
4.16834
3.96204
1.40001
1.40001
1.40001
1.40001
1.40001
1.40002
1.40004
1.4001
1.4002
1.40054
1.40119
1.4031
1.40711
1.41789
1.44162
1.49876
1.62034
1.85441
2.45487
4.32584
4.62249
4.5707
4.43023
4.20624
3.99224
1.40001
1.40001
1.40001
1.40001
1.40001
1.40002
1.40003
1.40007
1.40014
1.40037
1.4008
1.40221
1.40467
1.41282
1.4279
1.47064
1.55592
1.74432
2.11748
3.57756
4.53799
4.52179
4.45118
4.26824
4.03442
1.40001
1.40001
1.40001
1.40001
1.40001
1.40001
1.40002
1.40004
1.4001
1.40023
1.40057
1.40139
1.40325
1.40824
1.41883
1.44691
1.50566
1.63952
1.87822
2.5752
4.30675
4.51425
4.46225
4.33041
4.09656
1.40001
1.40001
1.40001
1.40001
1.40001
1.40001
1.40002
1.40003
1.40007
1.40017
1.40035
1.40098
1.40207
1.40565
1.41228
1.43208
1.47115
1.56813
1.75351
2.15603
3.66992
4.43818
4.42495
4.35619
4.18549
1.40001
1.40001
1.40001
1.40001
1.40001
1.40001
1.40001
1.40002
1.40004
1.40011
1.40023
1.40063
1.40137
1.4036
1.40813
1.42062
1.4471
1.51185
1.6449
1.89319
2.66963
4.20871
4.40713
4.36462
4.24958
1.40001
1.40001
1.40001
1.40001
1.40001
1.40001
1.40001
1.40002
1.40003
1.40007
1.40016
1.40039
1.40094
1.4022
1.40553
1.41269
1.43168
1.4721
1.56695
1.74929
2.14814
3.60538
4.32623
4.32368
4.27002
1.40001
1.40001
1.40001
1.40001
1.40001
1.40001
1.40001
1.40001
1.40002
1.40005
1.4001
1.40026
1.40055
1.40149
1.4032
1.40857
1.41879
1.44775
1.50542
1.63901
1.86911
2.59572
4.07607
4.30454
4.27343
1.40001
1.40001
1.40001
1.40001
1.40001
1.40001
1.40001
1.40001
1.40002
1.40003
1.40007
1.40015
1.40037
1.40089
1.40206
1.40527
1.41185
1.43011
1.46739
1.55784
1.72771
2.09531
3.43571
4.21093
4.24176
1.40001
1.40001
1.40001
1.40001
1.40001
1.40001
1.40001
1.40001
1.40001
1.40002
1.40004
1.4001
1.40021
1.40056
1.40124
1.40318
1.40724
1.41798
1.44146
1.49729
1.61324
1.81886
2.38214
3.92772
4.22092
1.40001
1.40001
1.40001
1.40001
1.40001
1.40001
1.40001
1.40001
1.40001
1.40001
1.40003
1.40006
1.40014
1.40034
1.40075
1.402
1.40428
1.41151
1.42487
1.46285
1.53724
1.69958
2.01019
3.18368
4.08056
1.40001
1.40001
1.40001
1.40001
1.40001
1.40001
1.40001
1.40001
1.40001
1.40001
1.40002
1.40004
1.40009
1.40019
1.40048
1.40111
1.40271
1.4065
1.41532
1.43685
1.48435
1.58933
1.7739
2.24543
3.7013
1.40001
1.40001
1.40001
1.40001
1.40001
1.40001
1.40001
1.40001
1.40001
1.40001
1.40001
1.40002
1.40006
1.40011
1.4003
1.40063
1.40171
1.40364
1.40968
1.4211
1.45329
1.51635
1.65789
1.90925
2.80582
1.40001
1.40001
1.40001
1.40001
1.40001
1.40001
1.40001
1.40001
1.40001
1.40001
1.40001
1.40002
1.40003
1.40007
1.40016
1.40041
1.4009
1.40236
1.40509
1.41346
1.42929
1.47237
1.55752
1.72477
2.09604
1.40001
1.40001
1.40001
1.40001
1.40001
1.40001
1.40001
1.40001
1.40001
1.40001
1.40001
1.40001
1.40002
1.40004
1.4001
1.40022
1.40056
1.40122
1.40324
1.40686
1.41819
1.43916
1.49545
1.60132
1.79495
1.40001
1.40001
1.40001
1.40001
1.40001
1.40001
1.40001
1.40001
1.40001
1.40001
1.40001
1.40001
1.40001
1.40003
1.40006
1.40014
1.40029
1.40077
1.40169
1.4043
1.4098
1.42394
1.45505
1.52616
1.66568
1.40001
1.40001
1.40001
1.40001
1.40001
1.40001
1.40001
1.40001
1.40001
1.40001
1.40001
1.40001
1.40001
1.40002
1.40004
1.40007
1.40018
1.40041
1.40099
1.40236
1.40552
1.41351
1.43091
1.47315
1.561
1.40001
1.40001
1.40001
1.40001
1.40001
1.40001
1.40001
1.40001
1.40001
1.40001
1.40001
1.40001
1.40001
1.40001
1.40002
1.40004
1.4001
1.40022
1.40058
1.40122
1.40327
1.4069
1.41818
1.43901
1.49492
1.40001
1.40001
1.40001
1.40001
1.40001
1.40001
1.40001
1.40001
1.40001
1.40001
1.40001
1.40001
1.40001
1.40001
1.40001
1.40003
1.40006
1.40014
1.40029
1.40078
1.40162
1.40435
1.40922
1.424
1.452
1.40001
1.40001
1.40001
1.40001
1.40001
1.40001
1.40001
1.40001
1.40001
1.40001
1.40001
1.40001
1.40001
1.40001
1.40001
1.40002
1.40004
1.40007
1.40018
1.4004
1.40099
1.40229
1.40544
1.41306
1.43013
1.40001
1.40001
1.40001
1.40001
1.40001
1.40001
1.40001
1.40001
1.40001
1.40001
1.40001
1.40001
1.40001
1.40001
1.40001
1.40001
1.40002
1.40005
1.40011
1.40023
1.4006
1.40127
1.40339
1.40716
1.4188
1.40001
1.40001
1.40001
1.40001
1.40001
1.40001
1.40001
1.40001
1.40001
1.40001
1.40001
1.40001
1.40001
1.40001
1.40001
1.40001
1.40002
1.40004
1.40007
1.40017
1.40037
1.40096
1.40216
1.40544
1.41255
1.40001
1.40001
1.40001
1.40001
1.40001
1.40001
1.40001
1.40001
1.40001
1.40001
1.40001
1.40001
1.40001
1.40001
1.40001
1.40001
1.40001
1.40003
1.40006
1.40014
1.4003
1.40081
1.40172
1.40475
1.41018
1.40001
1.40001
1.40001
1.40001
1.40001
1.40001
1.40001
1.40001
1.40001
1.40001
1.40001
1.40001
1.40001
1.40001
1.40001
1.40001
1.40001
1.40002
1.40005
1.40012
1.40028
1.40072
1.40164
1.40432
1.40976
1.40001
1.40001
1.40001
1.40001
1.40001
1.40001
1.40001
1.40001
1.40001
1.40001
1.40001
1.40001
1.40001
1.40001
1.40001
1.40001
1.40001
1.40002
1.40005
1.40011
1.4003
1.40063
1.40175
1.40383
1.41031
1.40001
1.40001
1.40001
1.40001
1.40001
1.40001
1.40001
1.40001
1.40001
1.40001
1.40001
1.40001
1.40001
1.40001
1.40001
1.40001
1.40001
1.40002
1.40005
1.40012
1.40026
1.40071
1.40153
1.40427
1.40926
1.40001
1.40001
1.40001
1.40001
1.40001
1.40001
1.40001
1.40001
1.40001
1.40001
1.40001
1.40001
1.40001
1.40001
1.40001
1.40001
1.40001
1.40002
1.40005
1.40012
1.40026
1.40071
1.4015
1.40426
1.40917
1.40001
1.40001
1.40001
1.40001
1.40001
1.40001
1.40001
1.40001
1.40001
1.40001
1.40001
1.40001
1.40001
1.40001
1.40001
1.40001
1.40001
1.40002
1.40005
1.40012
1.40027
1.40067
1.40162
1.40396
1.40984
1.90568
1.05627
0.801766
0.790648
0.9093
1.22093
1.42336
1.46036
1.51263
1.54639
1.55287
1.54878
1.54685
1.55058
1.54842
1.54158
1.53288
1.52014
1.50829
1.49652
1.48289
1.47059
1.45402
1.44372
1.44131
1.44147
1.44359
1.45797
1.48468
1.52585
1.57669
1.63346
1.69288
1.75153
1.80749
1.85851
1.9039
1.94577
1.98197
2.01569
2.04515
2.07062
2.09355
2.11315
2.12963
2.14119
2.15145
2.15695
2.16229
2.16375
2.16597
2.16163
2.15966
2.15226
2.14769
2.13741
2.13044
2.11775
2.1087
2.09444
2.08369
2.06808
2.056
2.03941
2.02627
2.00895
1.99503
1.97727
1.96279
1.94487
1.93008
1.91238
1.89749
1.88036
1.86555
1.84944
1.83504
1.82054
1.80709
1.7946
1.78301
1.77289
1.76415
1.75706
1.75189
1.7491
1.7496
1.75054
1.7524
1.75605
1.76235
1.77146
1.77962
1.79001
1.79783
1.80658
1.81214
1.81664
1.81921
1.82402
2.3519
1.56812
1.21945
1.19202
1.21263
1.30183
1.51092
1.54073
1.53408
1.53114
1.52567
1.52051
1.51591
1.50981
1.50247
1.49085
1.47348
1.45901
1.45035
1.43618
1.42259
1.41151
1.39639
1.38468
1.38048
1.37936
1.38015
1.39242
1.4183
1.46068
1.51504
1.57581
1.64096
1.70614
1.77003
1.82818
1.88203
1.93124
1.97881
2.02111
2.06143
2.09364
2.12467
2.14975
2.17292
2.1895
2.20486
2.21514
2.22415
2.22986
2.23538
2.23471
2.23426
2.23027
2.22698
2.21988
2.21358
2.20359
2.19486
2.18268
2.17195
2.15815
2.14585
2.13075
2.11733
2.10117
2.08702
2.07014
2.05547
2.03816
2.02318
2.00588
1.99081
1.97403
1.95907
1.94339
1.92889
1.91478
1.90141
1.88923
1.87798
1.86816
1.85987
1.85326
1.84864
1.84651
1.84775
1.84969
1.85247
1.85684
1.86423
1.87375
1.88293
1.8938
1.90281
1.91182
1.91852
1.92312
1.92666
1.93294
2.87511
2.15284
1.7098
1.4357
1.40013
1.41051
1.49428
1.65501
1.65196
1.60983
1.59023
1.57129
1.55384
1.53542
1.51507
1.49231
1.47038
1.44874
1.42996
1.41302
1.39624
1.37691
1.35556
1.33853
1.33188
1.33115
1.3326
1.34413
1.36945
1.41136
1.46949
1.53814
1.61001
1.68488
1.75865
1.82905
1.89359
1.95134
2.00511
2.05261
2.09442
2.13091
2.16361
2.19174
2.21682
2.23646
2.25399
2.26644
2.2772
2.28494
2.29233
2.29412
2.29409
2.291
2.28846
2.2823
2.27636
2.26709
2.25825
2.24649
2.23541
2.22161
2.2089
2.19352
2.17958
2.16303
2.14811
2.13075
2.1151
2.09736
2.08126
2.06365
2.04741
2.03039
2.01438
1.99837
1.9831
1.96856
1.95478
1.94216
1.93073
1.92073
1.91243
1.90592
1.90139
1.89933
1.90059
1.90254
1.90548
1.90973
1.91671
1.92524
1.93369
1.94313
1.95149
1.95928
1.96556
1.96962
1.97296
1.97999
3.17091
2.54027
2.05693
1.73328
1.56955
1.5551
1.57604
1.67909
1.76926
1.76194
1.72429
1.67968
1.64294
1.61683
1.58598
1.55105
1.51904
1.48825
1.45676
1.42864
1.40383
1.37942
1.35603
1.33821
1.32681
1.32036
1.32058
1.32893
1.35274
1.40039
1.46702
1.54205
1.62403
1.70592
1.78698
1.8592
1.92625
1.98579
2.04172
2.09046
2.13559
2.17393
2.20989
2.23976
2.26734
2.28896
2.30831
2.32225
2.33398
2.34263
2.35104
2.35448
2.35442
2.35149
2.3491
2.34381
2.33833
2.32979
2.32131
2.30997
2.29915
2.28564
2.27301
2.25792
2.24384
2.22762
2.21242
2.19544
2.17944
2.16205
2.1456
2.12818
2.11162
2.09461
2.07834
2.06226
2.04691
2.03231
2.01868
2.00621
1.99508
1.98553
1.97768
1.97168
1.96772
1.96591
1.96722
1.96919
1.972
1.97608
1.98207
1.98867
1.99585
2.00274
2.00943
2.01517
2.02002
2.02327
2.02646
2.03371
3.34685
2.81199
2.35276
2.01882
1.77329
1.69799
1.68919
1.71343
1.82346
1.86801
1.85393
1.81747
1.77484
1.73066
1.68541
1.64405
1.60992
1.56937
1.52679
1.49071
1.45889
1.42576
1.39725
1.37599
1.36015
1.351
1.35071
1.36071
1.38939
1.44051
1.50628
1.58353
1.66305
1.74633
1.82708
1.90223
1.97209
2.03515
2.0935
2.14562
2.1928
2.23402
2.27083
2.30241
2.33027
2.35292
2.37247
2.38706
2.39884
2.40757
2.41574
2.41985
2.41967
2.41571
2.41181
2.40548
2.39903
2.38951
2.38022
2.36796
2.35634
2.34202
2.32856
2.31271
2.29782
2.28098
2.26498
2.24764
2.23087
2.2134
2.19621
2.17904
2.16187
2.14534
2.12885
2.11335
2.09832
2.08439
2.07143
2.0598
2.04961
2.04091
2.03413
2.0289
2.02581
2.02424
2.02565
2.02726
2.02969
2.03287
2.03708
2.0411
2.04548
2.04895
2.05241
2.05454
2.05702
2.05811
2.06057
2.06618
3.46108
3.00756
2.59801
2.25815
2.00698
1.82583
1.79658
1.78808
1.81849
1.92658
1.95503
1.92984
1.88979
1.85511
1.80797
1.75598
1.71114
1.6659
1.62239
1.58588
1.54426
1.50344
1.47583
1.45464
1.43077
1.42361
1.42335
1.43925
1.47462
1.52229
1.58251
1.65114
1.72684
1.80167
1.87998
1.95577
2.02781
2.0927
2.15275
2.20528
2.25362
2.29472
2.33238
2.36353
2.39186
2.41404
2.4338
2.44776
2.45957
2.46717
2.47522
2.479
2.48045
2.47563
2.47131
2.46406
2.45754
2.44753
2.43818
2.42534
2.41328
2.39842
2.38417
2.36797
2.35216
2.33505
2.31821
2.30063
2.28308
2.26536
2.24747
2.22991
2.21228
2.1953
2.17865
2.16294
2.1479
2.13419
2.12161
2.11053
2.10125
2.09335
2.08772
2.08322
2.08114
2.07966
2.08073
2.08172
2.08373
2.08476
2.08675
2.08746
2.08877
2.08771
2.08762
2.08563
2.0851
2.08334
2.08481
2.0881
3.53798
3.15374
2.7876
2.46908
2.20443
2.00714
1.88611
1.87102
1.86567
1.89755
2.0041
2.02407
1.99062
1.95679
1.92099
1.87128
1.8233
1.77411
1.72239
1.68354
1.64325
1.60553
1.57486
1.54922
1.53081
1.52768
1.52978
1.55924
1.59827
1.6404
1.68911
1.74388
1.80337
1.86268
1.92832
2.00009
2.07316
2.14175
2.20437
2.25929
2.30843
2.35042
2.38819
2.41955
2.44757
2.46974
2.48913
2.50302
2.5145
2.52143
2.52875
2.53243
2.53462
2.52984
2.52462
2.5164
2.50868
2.49824
2.48785
2.47501
2.46196
2.44699
2.43176
2.41534
2.39857
2.38128
2.36356
2.34577
2.32774
2.30979
2.29199
2.27429
2.25704
2.24022
2.22414
2.2089
2.19485
2.18182
2.17059
2.16046
2.1525
2.1457
2.14108
2.13739
2.13555
2.13402
2.13384
2.13328
2.13321
2.13145
2.13003
2.12636
2.12298
2.11744
2.11275
2.10653
2.10221
2.09703
2.09504
2.09712
3.59102
3.26332
2.93601
2.64105
2.38031
2.17432
2.01398
1.94346
1.93316
1.93507
1.96876
2.06156
2.07332
2.0449
2.0155
1.97541
1.92852
1.87957
1.82941
1.78388
1.74245
1.7063
1.6789
1.66287
1.64658
1.64487
1.66821
1.71989
1.76096
1.79378
1.82836
1.86167
1.89667
1.93665
1.98182
2.03332
2.10377
2.17639
2.2454
2.30572
2.35812
2.40167
2.44022
2.47148
2.49953
2.52131
2.54042
2.55389
2.56518
2.57086
2.5773
2.58044
2.58273
2.57867
2.5723
2.56329
2.55393
2.543
2.53136
2.51841
2.50447
2.4895
2.47357
2.45699
2.43967
2.42203
2.40401
2.38582
2.36763
2.34942
2.33146
2.31384
2.29669
2.28024
2.26473
2.25008
2.23704
2.22515
2.21536
2.20684
2.20051
2.19523
2.19187
2.18897
2.18747
2.18553
2.18424
2.18155
2.17906
2.17406
2.16906
2.16135
2.15358
2.14418
2.13556
2.12592
2.11795
2.11
2.10386
2.10559
3.63379
3.34132
3.05548
2.77753
2.53412
2.32044
2.15513
2.02705
1.98854
1.98252
1.98811
2.03587
2.10781
2.11161
2.08972
2.05907
2.0248
1.97714
1.9276
1.88316
1.84255
1.81375
1.78797
1.77262
1.7656
1.78513
1.85085
1.91708
1.95086
1.97087
1.99157
2.00321
2.00014
2.01963
2.04512
2.07629
2.12109
2.18413
2.25505
2.32296
2.38136
2.43084
2.47109
2.50379
2.53138
2.55282
2.57145
2.58472
2.59583
2.60175
2.60697
2.60997
2.61193
2.60988
2.60369
2.59498
2.585
2.57394
2.56163
2.5485
2.53404
2.51882
2.50258
2.48573
2.46844
2.45075
2.43305
2.41522
2.39754
2.38001
2.36281
2.34598
2.32995
2.31466
2.30055
2.28759
2.2763
2.2664
2.25849
2.25194
2.24732
2.24355
2.24122
2.23889
2.2372
2.23433
2.23138
2.22615
2.22027
2.21212
2.20296
2.1912
2.1798
2.16667
2.15487
2.14186
2.13107
2.1201
2.1106
2.11022
3.66658
3.41074
3.14801
2.89643
2.66032
2.45549
2.27671
2.14384
2.04421
2.02664
2.02002
2.03129
2.08727
2.14
2.14616
2.1233
2.09859
2.0651
2.01715
1.97327
1.93529
1.91692
1.89783
1.88983
1.89748
1.95177
2.06735
2.1451
2.16144
2.17616
2.17961
2.14997
2.11568
2.10144
2.1126
2.13275
2.15841
2.19575
2.24908
2.31524
2.38025
2.43766
2.48555
2.52375
2.55397
2.57747
2.59621
2.61012
2.62135
2.6287
2.63285
2.63592
2.63745
2.63688
2.63181
2.6237
2.61373
2.60263
2.59044
2.57713
2.56295
2.54773
2.53177
2.51515
2.49793
2.4805
2.4628
2.44521
2.42784
2.41086
2.39447
2.37881
2.36411
2.35043
2.33804
2.32705
2.31767
2.30988
2.30379
2.299
2.29564
2.29286
2.29093
2.2884
2.28586
2.28141
2.2759
2.26794
2.25862
2.24655
2.23312
2.21808
2.20327
2.18701
2.17215
2.15611
2.14229
2.12852
2.11622
2.11247
3.69706
3.46403
3.22702
2.9924
2.77396
2.57074
2.39606
2.24789
2.13589
2.0674
2.05922
2.05022
2.07083
2.12197
2.17017
2.16932
2.15163
2.13153
2.099
2.05939
2.02728
2.01098
1.99737
2.00742
2.04483
2.17083
2.32186
2.38183
2.39067
2.39081
2.36328
2.29642
2.24046
2.20313
2.18674
2.19225
2.20638
2.22765
2.25678
2.29774
2.35489
2.41441
2.46966
2.51678
2.55414
2.58251
2.60397
2.61987
2.63145
2.63948
2.64385
2.64632
2.64784
2.64781
2.64511
2.63803
2.62863
2.61774
2.6057
2.59277
2.57893
2.56434
2.54905
2.53309
2.51665
2.49989
2.48296
2.46623
2.44976
2.43391
2.41883
2.40487
2.39205
2.38062
2.37067
2.3623
2.35554
2.3502
2.34626
2.34315
2.34103
2.33885
2.33695
2.33377
2.32969
2.32323
2.31505
2.30416
2.2912
2.2756
2.25959
2.24202
2.22478
2.20631
2.18897
2.17098
2.15472
2.13911
2.12447
2.11796
3.72836
3.51266
3.29307
3.07582
2.8696
2.67553
2.50277
2.34976
2.22831
2.12921
2.09017
2.08462
2.08214
2.09908
2.1567
2.19352
2.18879
2.17734
2.15678
2.13429
2.11653
2.10362
2.10223
2.12963
2.21911
2.44666
2.59974
2.61939
2.62128
2.60388
2.53034
2.44082
2.36618
2.31362
2.27809
2.26081
2.25856
2.26863
2.28299
2.30335
2.33251
2.37739
2.43112
2.4837
2.52996
2.56796
2.59683
2.61805
2.6329
2.64296
2.64922
2.65175
2.65343
2.65415
2.65322
2.64894
2.64105
2.63118
2.61998
2.60768
2.59452
2.58053
2.56593
2.55069
2.53512
2.51933
2.50356
2.48814
2.47319
2.45906
2.44609
2.43432
2.42408
2.41541
2.40842
2.40301
2.39905
2.39613
2.39401
2.39217
2.39046
2.38822
2.38513
2.38026
2.37341
2.36417
2.35244
2.33789
2.32148
2.30376
2.28546
2.26593
2.24659
2.22634
2.20706
2.1873
2.16899
2.15134
2.13487
2.12509
3.75985
3.55811
3.35191
3.15278
2.95333
2.77189
2.59858
2.44899
2.31594
2.21283
2.13
2.10712
2.10311
2.10473
2.12452
2.18608
2.2118
2.21093
2.20306
2.19195
2.18459
2.1864
2.21456
2.28571
2.48874
2.7532
2.8533
2.85501
2.8411
2.78727
2.67862
2.57733
2.49479
2.43022
2.38115
2.34646
2.32415
2.31215
2.31655
2.32455
2.3361
2.35583
2.38862
2.43375
2.48213
2.52742
2.56642
2.59683
2.61955
2.63503
2.64497
2.65054
2.65229
2.65353
2.65357
2.65189
2.64636
2.63821
2.62834
2.61731
2.60532
2.5926
2.57931
2.56547
2.55134
2.53701
2.52281
2.50905
2.49599
2.48415
2.47361
2.46465
2.45736
2.45185
2.44793
2.44547
2.44405
2.44318
2.44244
2.44147
2.43996
2.43704
2.43213
2.42458
2.41453
2.4014
2.3858
2.36836
2.34998
2.33038
2.31017
2.28911
2.2681
2.24665
2.22583
2.20489
2.18514
2.16604
2.14827
2.13585
3.79518
3.60249
3.41009
3.2181
3.03442
2.85518
2.69202
2.53808
2.40703
2.28989
2.20296
2.13622
2.12407
2.12068
2.12076
2.15012
2.2053
2.23167
2.23839
2.2397
2.24823
2.27351
2.34627
2.5112
2.84007
3.05296
3.07366
3.06803
3.034
2.93421
2.81207
2.70644
2.6193
2.54737
2.48818
2.44023
2.40206
2.37437
2.3561
2.34859
2.35267
2.35899
2.37021
2.39215
2.4296
2.47313
2.51753
2.55827
2.59068
2.61549
2.63235
2.64295
2.64844
2.65022
2.65138
2.6513
2.64931
2.64355
2.63543
2.62584
2.61513
2.60375
2.59175
2.57953
2.56714
2.55497
2.54307
2.53193
2.52175
2.51297
2.50573
2.50005
2.49629
2.494
2.49292
2.49307
2.49329
2.49348
2.49346
2.49266
2.49072
2.48573
2.47801
2.46677
2.45275
2.43598
2.41814
2.39859
2.37829
2.35679
2.33493
2.31243
2.29001
2.26736
2.2453
2.22326
2.20237
2.18206
2.16327
2.14878
3.83655
3.64901
3.46732
3.28412
3.10745
2.93671
2.77469
2.62615
2.48943
2.37105
2.27158
2.1908
2.14556
2.14086
2.13816
2.1418
2.17408
2.22836
2.25874
2.28088
2.31334
2.37898
2.52071
2.8734
3.18678
3.28373
3.28015
3.25546
3.18027
3.05157
2.93133
2.82788
2.73934
2.66239
2.59555
2.53727
2.4873
2.4458
2.41227
2.38799
2.37358
2.37166
2.37345
2.37933
2.39182
2.41797
2.45798
2.50136
2.5432
2.57887
2.60687
2.62571
2.63765
2.64419
2.64621
2.64768
2.64818
2.64689
2.64162
2.63418
2.62543
2.61559
2.60538
2.59486
2.58465
2.57477
2.56563
2.55746
2.5508
2.54543
2.54195
2.53982
2.54005
2.54069
2.54195
2.54459
2.5452
2.54552
2.54548
2.54374
2.53974
2.53107
2.51906
2.50369
2.48663
2.46757
2.44743
2.42568
2.40339
2.38015
2.35687
2.33314
2.30977
2.28622
2.26341
2.24063
2.219
2.19788
2.17841
2.1622
3.88934
3.70154
3.52329
3.34851
3.176
3.01333
2.85387
2.70925
2.57061
2.45134
2.34209
2.25756
2.18177
2.15825
2.15563
2.15446
2.16766
2.20982
2.2693
2.3227
2.38781
2.52456
2.83681
3.26299
3.46647
3.46674
3.45103
3.40037
3.27672
3.15196
3.04033
2.94114
2.85287
2.77272
2.7003
2.63427
2.57547
2.52345
2.47843
2.44132
2.41314
2.39258
2.38707
2.38255
2.38697
2.39537
2.411
2.4433
2.4832
2.52549
2.56339
2.59393
2.61648
2.63103
2.63949
2.6432
2.64483
2.64557
2.6447
2.64052
2.63447
2.62684
2.61877
2.61071
2.60296
2.59615
2.59006
2.58609
2.58302
2.58198
2.58242
2.58367
2.58639
2.59072
2.5948
2.5967
2.59722
2.59716
2.59581
2.59148
2.58263
2.56929
2.5538
2.53564
2.51625
2.49459
2.47234
2.44853
2.42472
2.39998
2.37564
2.35085
2.32667
2.30241
2.27895
2.25566
2.23349
2.21182
2.19196
2.17454
3.95514
3.76103
3.5807
3.41151
3.24498
3.08309
2.93176
2.78503
2.65201
2.52629
2.41864
2.32045
2.24576
2.18467
2.17613
2.17504
2.18018
2.20873
2.28181
2.36434
2.4894
2.74543
3.25912
3.58544
3.63967
3.62875
3.58956
3.48892
3.36256
3.2465
3.14228
3.04724
2.95915
2.87713
2.8002
2.72889
2.66364
2.60412
2.55181
2.50561
2.46676
2.43527
2.41262
2.40045
2.39379
2.39115
2.39723
2.40799
2.42866
2.46518
2.50446
2.54336
2.57716
2.60348
2.62166
2.63252
2.63897
2.64137
2.64249
2.64282
2.64143
2.63676
2.63176
2.62673
2.62215
2.61899
2.61694
2.61756
2.61854
2.6206
2.62475
2.63086
2.63695
2.64196
2.64511
2.64543
2.64513
2.64344
2.63888
2.62893
2.61541
2.59899
2.58083
2.56016
2.53839
2.51479
2.49073
2.46557
2.44043
2.41475
2.38949
2.36402
2.33929
2.31455
2.29083
2.26721
2.24491
2.22302
2.20309
2.18508
4.02452
3.82174
3.6419
3.47206
3.31199
3.1533
3.00473
2.86002
2.72832
2.60161
2.49113
2.38926
2.30822
2.23332
2.20639
2.20381
2.21018
2.23481
2.305
2.42578
2.64424
3.14606
3.63125
3.78703
3.78034
3.75118
3.67496
3.55508
3.43913
3.33337
3.2353
3.14411
3.05669
2.97398
2.89546
2.82248
2.75391
2.6906
2.63283
2.57988
2.53359
2.49318
2.45947
2.43302
2.41622
2.40515
2.39664
2.39991
2.40657
2.41878
2.44366
2.48014
2.5197
2.55583
2.58573
2.60746
2.62263
2.63122
2.63657
2.64
2.64083
2.64176
2.64206
2.64115
2.64149
2.6422
2.64394
2.64761
2.65422
2.66182
2.66962
2.6782
2.68446
2.68874
2.68871
2.68799
2.68614
2.68091
2.67022
2.65625
2.63963
2.62046
2.5996
2.57693
2.55328
2.52854
2.50335
2.47756
2.45178
2.42572
2.40019
2.37453
2.34986
2.32508
2.30161
2.27806
2.25608
2.23432
2.21472
2.19663
4.12637
3.89896
3.70834
3.53695
3.37739
3.22347
3.07646
2.93467
2.80268
2.67865
2.56331
2.46077
2.37229
2.29674
2.25308
2.24928
2.25572
2.28626
2.36187
2.53832
2.9132
3.55177
3.86688
3.88277
3.86933
3.8284
3.72465
3.61565
3.51216
3.41676
3.32536
3.23816
3.15357
3.07278
2.99471
2.92091
2.84976
2.78388
2.7208
2.66371
2.60994
2.56241
2.51946
2.48301
2.45204
2.42977
2.41366
2.40213
2.39471
2.39949
2.40754
2.42301
2.45551
2.49097
2.52808
2.56101
2.58773
2.60771
2.62065
2.63057
2.63714
2.64286
2.64818
2.65312
2.65829
2.66506
2.67253
2.68114
2.69123
2.70229
2.71307
2.72137
2.72746
2.72763
2.72707
2.72518
2.72005
2.70922
2.69559
2.67831
2.65916
2.63729
2.61458
2.58987
2.56515
2.53898
2.51333
2.48664
2.46081
2.43434
2.40895
2.3833
2.35884
2.33438
2.31124
2.28829
2.26677
2.24571
2.22656
2.20902
4.18423
3.97994
3.77868
3.60449
3.44407
3.29274
3.14686
3.0095
2.87398
2.75414
2.63625
2.53306
2.4432
2.36271
2.33162
2.32888
2.341
2.38791
2.49559
2.74794
3.33741
3.81378
3.96837
3.96426
3.94277
3.88813
3.79606
3.7004
3.60872
3.5192
3.43348
3.34829
3.26633
3.18487
3.10707
3.0304
2.95738
2.88584
2.8181
2.75348
2.69389
2.6383
2.58772
2.54187
2.50123
2.46621
2.43761
2.41845
2.40168
2.38903
2.39047
2.39539
2.40505
2.42564
2.4591
2.49719
2.53418
2.56602
2.5921
2.61235
2.62832
2.64181
2.65409
2.66605
2.678
2.69033
2.70359
2.71713
2.73106
2.74296
2.75472
2.76168
2.76215
2.76212
2.76067
2.75507
2.74486
2.73079
2.7138
2.69392
2.67243
2.64891
2.62458
2.59891
2.57305
2.54646
2.52011
2.49341
2.46728
2.44106
2.41579
2.39059
2.36662
2.34272
2.32013
2.29762
2.27661
2.25591
2.2373
2.22014
4.1998
4.085
3.86646
3.6792
3.51326
3.36423
3.21612
3.08363
2.94816
2.82754
2.71193
2.60679
2.52118
2.44279
2.43619
2.43943
2.46874
2.55367
2.73668
3.18794
3.63934
3.90765
4.01313
4.01361
4.00192
3.96936
3.89714
3.8087
3.72087
3.63432
3.54916
3.46361
3.37907
3.29521
3.21398
3.13321
3.05563
2.97945
2.90708
2.83786
2.77336
2.71231
2.65656
2.60336
2.55573
2.51147
2.47372
2.44106
2.41812
2.39812
2.38438
2.37698
2.38022
2.38724
2.40158
2.4327
2.46942
2.5093
2.54746
2.58168
2.61093
2.63633
2.65851
2.6792
2.69854
2.7178
2.73602
2.75356
2.76856
2.78285
2.79031
2.79211
2.79243
2.79087
2.78596
2.77576
2.76158
2.74382
2.72404
2.70192
2.67878
2.6539
2.62884
2.60254
2.57664
2.54989
2.52394
2.4975
2.47222
2.44665
2.42234
2.39779
2.37457
2.35127
2.32935
2.3076
2.28734
2.2677
2.24988
2.23425
4.19935
4.13152
3.96613
3.76503
3.58672
3.43703
3.28753
3.15584
3.02348
2.9028
2.78923
2.6891
2.60371
2.56778
2.56485
2.58406
2.64998
2.8063
3.1944
3.54986
3.78712
3.93571
4.01855
4.03435
4.03196
4.01802
3.98021
3.90654
3.82532
3.74185
3.65576
3.56888
3.48145
3.39676
3.31262
3.2314
3.15091
3.07297
2.99696
2.92475
2.85492
2.78982
2.72689
2.66878
2.61382
2.56363
2.51822
2.47771
2.44352
2.41566
2.39523
2.37786
2.36701
2.36883
2.37385
2.38457
2.40694
2.44423
2.48865
2.535
2.57985
2.62056
2.65686
2.68907
2.71793
2.74364
2.76665
2.78641
2.8025
2.81253
2.81702
2.81771
2.8165
2.81241
2.80368
2.78923
2.77184
2.75193
2.73061
2.70725
2.68335
2.65792
2.63258
2.60603
2.58011
2.55353
2.52803
2.50219
2.47748
2.45256
2.42879
2.40492
2.38229
2.35967
2.3385
2.31753
2.29826
2.27977
2.26307
2.24936
4.1743
4.14158
4.05102
3.85501
3.66642
3.51056
3.3616
3.22735
3.09875
2.97968
2.87227
2.77831
2.72425
2.71768
2.73101
2.78733
2.9301
3.28979
3.60368
3.77355
3.8596
3.92911
3.98691
4.0271
4.03998
4.03879
4.02759
3.99643
3.93018
3.84926
3.76044
3.67052
3.5805
3.49335
3.4075
3.32338
3.24057
3.15982
3.08098
3.00542
2.93245
2.86294
2.79684
2.73392
2.67501
2.61975
2.56839
2.52208
2.47956
2.44372
2.41264
2.39099
2.37272
2.36167
2.36284
2.36674
2.37589
2.39489
2.43074
2.48125
2.53693
2.59337
2.6463
2.6942
2.73499
2.76844
2.79623
2.81537
2.83103
2.83868
2.83899
2.83791
2.83472
2.82624
2.81224
2.7947
2.77555
2.75404
2.73161
2.70738
2.68314
2.65733
2.63203
2.60571
2.58055
2.5547
2.53012
2.505
2.48115
2.4569
2.43396
2.41086
2.38914
2.36755
2.34743
2.32786
2.30991
2.29336
2.27816
2.26736
4.12351
4.11751
4.07393
3.96163
3.76173
3.59092
3.43892
3.30276
3.17604
3.06259
2.96415
2.89998
2.89006
2.90041
2.95198
3.09406
3.4488
3.74422
3.86809
3.9066
3.91359
3.92582
3.94941
3.99232
4.03387
4.05496
4.05531
4.04593
4.01666
3.95211
3.86457
3.77081
3.67754
3.58635
3.49759
3.41105
3.32702
3.244
3.16457
3.08553
3.0106
2.93692
2.86689
2.80017
2.73645
2.67743
2.62182
2.57049
2.52409
2.48112
2.44506
2.41313
2.38977
2.37352
2.36605
2.36802
2.37334
2.38365
2.40327
2.4409
2.4895
2.55085
2.61535
2.67652
2.73147
2.7757
2.80943
2.83329
2.8489
2.85073
2.85069
2.84913
2.8427
2.82896
2.81282
2.79441
2.77451
2.7525
2.73005
2.706
2.68198
2.65653
2.6319
2.60631
2.58199
2.55687
2.53305
2.5086
2.48538
2.46185
2.43956
2.41733
2.39648
2.37601
2.35719
2.33915
2.323
2.3088
2.2956
2.28798
3.90405
4.08987
4.07306
4.01189
3.86073
3.6779
3.51971
3.38228
3.26073
3.1566
3.08822
3.07651
3.08637
3.14104
3.28982
3.65671
3.93883
4.02446
4.02787
4.01273
3.96776
3.93786
3.94317
3.96105
3.99841
4.05157
4.0729
4.07257
4.06236
4.02954
3.96037
3.87022
3.77445
3.67985
3.58647
3.49669
3.40946
3.32465
3.24238
3.16203
3.0839
3.00846
2.93509
2.86596
2.79896
2.7372
2.67807
2.6236
2.5731
2.52624
2.48515
2.44844
2.41875
2.39675
2.3806
2.38323
2.38596
2.39347
2.40789
2.43384
2.47293
2.51976
2.58075
2.64511
2.70572
2.75979
2.80175
2.83092
2.85049
2.85176
2.85161
2.84867
2.84085
2.82542
2.80772
2.78767
2.76724
2.74546
2.72351
2.69973
2.67618
2.65157
2.628
2.60363
2.58037
2.55635
2.53348
2.51008
2.48795
2.46551
2.44457
2.42352
2.40432
2.38533
2.36856
2.35259
2.33919
2.32772
2.31691
2.31383
3.36724
3.99201
4.05109
4.02306
3.94785
3.77473
3.60853
3.47091
3.35664
3.28647
3.27372
3.28406
3.34825
3.52
3.90072
4.17162
4.22245
4.21782
4.18311
4.09072
4.00326
3.95763
3.95821
3.96621
3.98565
4.02875
4.07216
4.08331
4.08206
4.06943
4.0345
3.95974
3.8691
3.77442
3.67825
3.58481
3.49272
3.40451
3.31906
3.23655
3.1569
3.0794
3.0044
2.93251
2.86299
2.79832
2.73615
2.67935
2.62585
2.57694
2.5332
2.49368
2.46141
2.43543
2.4165
2.41009
2.41196
2.41683
2.42689
2.44553
2.47885
2.51564
2.56033
2.61173
2.66564
2.71861
2.76392
2.80038
2.82546
2.83673
2.83709
2.83535
2.8302
2.81625
2.799
2.77916
2.75933
2.73748
2.71604
2.69287
2.67087
2.64719
2.62496
2.60122
2.57927
2.55606
2.5346
2.51201
2.49105
2.46954
2.4497
2.43016
2.41229
2.39555
2.38067
2.36802
2.35715
2.34901
2.3426
2.3434
2.32862
3.68501
4.01504
4.01093
3.97626
3.88558
3.71893
3.57716
3.49555
3.4814
3.49333
3.56849
3.77598
4.1799
4.44177
4.46127
4.44795
4.39668
4.26301
4.14243
4.05589
4.00354
3.99058
3.99247
4.0002
4.01749
4.0557
4.08029
4.08209
4.07889
4.06648
4.03059
3.95425
3.86373
3.76866
3.67317
3.57872
3.48582
3.39692
3.30989
3.22811
3.14763
3.07177
2.99751
2.92707
2.86013
2.79649
2.73812
2.68281
2.63341
2.58778
2.54834
2.51471
2.48732
2.4679
2.45426
2.45652
2.45911
2.46532
2.47701
2.49706
2.52609
2.55381
2.58663
2.62509
2.66494
2.70534
2.74145
2.7723
2.79371
2.80263
2.80257
2.80057
2.79505
2.7812
2.76378
2.74415
2.72365
2.70297
2.6819
2.66087
2.63955
2.61826
2.59692
2.57554
2.55451
2.5335
2.51318
2.49306
2.47396
2.45543
2.43843
2.42259
2.40892
2.39733
2.38823
2.38054
2.37741
2.37631
2.37922
1.93952
2.90905
3.82379
3.99034
3.97957
3.94304
3.84434
3.72851
3.70986
3.72027
3.80837
4.05501
4.48659
4.73718
4.73735
4.71057
4.63187
4.46596
4.32185
4.21273
4.13504
4.08026
4.04804
4.03087
4.02912
4.0317
4.04058
4.05895
4.07444
4.07479
4.06994
4.05428
4.01829
3.94346
3.85311
3.75782
3.66121
3.56594
3.47349
3.38348
3.29833
3.21603
3.13834
3.0631
2.9918
2.92354
2.85961
2.79975
2.74484
2.69508
2.65049
2.61164
2.57842
2.55187
2.53271
2.51976
2.51614
2.51796
2.52029
2.52456
2.53322
2.54681
2.55829
2.57548
2.59366
2.61667
2.64078
2.67048
2.69933
2.72645
2.74469
2.75677
2.75704
2.75593
2.75254
2.74285
2.72661
2.70737
2.68777
2.66749
2.64765
2.62752
2.60779
2.58782
2.56817
2.54849
2.52929
2.51053
2.4925
2.47543
2.45953
2.4451
2.43275
2.42282
2.41542
2.41007
2.40933
2.40912
2.41199
2.42444
1.72292
2.10341
3.34856
3.89696
3.99123
3.9797
3.96033
3.94178
3.9583
4.06953
4.39134
4.83348
5.0534
5.04744
5.00109
4.87729
4.69456
4.53659
4.4149
4.32035
4.24377
4.18048
4.1285
4.08881
4.06511
4.04696
4.04542
4.04814
4.05408
4.05805
4.05819
4.05308
4.036
3.99727
3.92282
3.83473
3.74
3.64353
3.54921
3.45741
3.36994
3.28583
3.20623
3.13005
3.05788
2.98953
2.92536
2.86617
2.81232
2.76351
2.72081
2.68385
2.65353
2.62942
2.6114
2.59933
2.59125
2.58836
2.58514
2.58254
2.57791
2.5744
2.57203
2.57221
2.57332
2.57564
2.58087
2.59732
2.61872
2.64195
2.66478
2.68511
2.69797
2.70463
2.70427
2.7022
2.69763
2.68477
2.66865
2.65014
2.63169
2.61302
2.59482
2.57675
2.55895
2.54146
2.52439
2.50792
2.4924
2.47797
2.46525
2.45417
2.44668
2.43978
2.43847
2.43751
2.43924
2.44444
2.45329
2.48178
1.59753
1.78756
2.31511
3.58621
3.95308
4.04457
4.08403
4.1753
4.38521
4.81698
5.23992
5.39678
5.38086
5.31054
5.13646
4.93712
4.76952
4.63872
4.5352
4.44575
4.36552
4.29055
4.22346
4.16369
4.11657
4.08169
4.05596
4.04215
4.03713
4.03741
4.03661
4.03323
4.02433
4.00478
3.96121
3.89054
3.8067
3.71519
3.62047
3.52825
3.4388
3.3533
3.27205
3.19548
3.12324
3.05536
2.99217
2.93461
2.88263
2.83758
2.79797
2.76531
2.7377
2.71706
2.69939
2.6871
2.67413
2.66368
2.65002
2.63659
2.61941
2.60228
2.58335
2.56747
2.55178
2.53968
2.53736
2.53805
2.5422
2.55139
2.57115
2.59271
2.61367
2.63063
2.64241
2.64616
2.64556
2.64316
2.63785
2.62364
2.60831
2.59152
2.57498
2.55872
2.54318
2.5281
2.51395
2.50056
2.48872
2.47824
2.47017
2.46471
2.46205
2.46143
2.46275
2.46649
2.47758
2.4959
2.50822
2.54582
1.52351
1.65295
1.91787
2.80756
3.7537
4.06673
4.29821
4.62943
5.27189
5.72524
5.79206
5.75871
5.65127
5.40173
5.18905
5.0124
4.87579
4.76608
4.66906
4.57753
4.4881
4.40193
4.31945
4.24392
4.17688
4.1212
4.07727
4.04278
4.02054
4.00805
4.00133
3.99646
3.99077
3.97839
3.9547
3.91017
3.84582
3.76963
3.68568
3.59621
3.50651
3.42011
3.33799
3.26088
3.18914
3.12259
3.06194
3.00739
2.95915
2.9181
2.88277
2.85417
2.83
2.80995
2.7924
2.77425
2.75602
2.73368
2.70992
2.68202
2.65337
2.62223
2.59233
2.5623
2.53536
2.51142
2.49323
2.48035
2.47925
2.47993
2.4845
2.49533
2.51562
2.53706
2.55745
2.57251
2.58334
2.58538
2.58504
2.583
2.57682
2.56411
2.55059
2.53653
2.52299
2.51038
2.49928
2.48933
2.48229
2.47625
2.4751
2.47488
2.47602
2.47984
2.49017
2.50589
2.52445
2.55034
2.566
2.6064
1.47072
1.55606
1.71645
2.08285
3.25906
3.97612
4.72447
5.64831
6.20836
6.21195
6.14903
5.96412
5.68425
5.44239
5.25178
5.11084
4.99774
4.89768
4.79914
4.70163
4.60241
4.50561
4.41125
4.32222
4.23985
4.16629
4.10367
4.05127
4.00885
3.97895
3.95884
3.94598
3.93673
3.92763
3.91368
3.88904
3.84785
3.78939
3.71991
3.64244
3.56118
3.47896
3.40004
3.32356
3.25374
3.18935
3.13262
3.08218
3.03942
3.00282
2.97252
2.94606
2.92314
2.9005
2.87749
2.85124
2.82204
2.78778
2.75157
2.71136
2.6716
2.62953
2.59027
2.55019
2.51551
2.48185
2.45521
2.43126
2.41617
2.40869
2.40839
2.41011
2.41685
2.43256
2.45383
2.47517
2.49509
2.50843
2.51869
2.52059
2.52088
2.51965
2.51462
2.50505
2.49542
2.48632
2.47923
2.47354
2.47275
2.47333
2.47528
2.47955
2.49065
2.50529
2.52526
2.54895
2.57317
2.60199
2.61865
2.6562
1.4404
1.49814
1.60677
1.82087
2.35753
3.63937
5.75706
6.67166
6.67661
6.55853
6.23705
5.9318
5.68495
5.48618
5.33807
5.22355
5.11894
5.01658
4.9108
4.80429
4.69582
4.59043
4.4865
4.38694
4.2921
4.20382
4.124
4.0542
3.99337
3.94373
3.90584
3.87868
3.85987
3.8471
3.83625
3.82219
3.79972
3.76433
3.71393
3.65268
3.58569
3.51368
3.44292
3.37328
3.30875
3.24884
3.19675
3.1519
3.11403
3.08205
3.0538
3.02786
3.00113
2.97266
2.94044
2.90384
2.86267
2.81783
2.77025
2.72154
2.67223
2.62371
2.5764
2.53165
2.489
2.45113
2.41546
2.38668
2.36039
2.34334
2.33106
2.33014
2.33073
2.33498
2.34566
2.36552
2.38864
2.41044
2.42941
2.44273
2.4522
2.45715
2.4585
2.45913
2.45805
2.45419
2.45384
2.45516
2.45793
2.46276
2.4738
2.48769
2.50896
2.53316
2.5605
2.58887
2.61532
2.64278
2.6574
2.68841
1.43056
1.47058
1.56216
1.7529
2.16512
3.32632
6.39154
6.73716
6.65736
6.33987
6.0225
5.78535
5.61198
5.48248
5.37695
5.27584
5.17144
5.0635
4.95192
4.8391
4.72611
4.61409
4.50451
4.39814
4.29515
4.19777
4.10578
4.0224
3.94825
3.88268
3.82863
3.78617
3.7549
3.73292
3.71897
3.70807
3.69672
3.67844
3.65152
3.61135
3.56298
3.5083
3.45029
3.39367
3.33876
3.28886
3.24312
3.20529
3.17106
3.1416
3.11198
3.08208
3.04779
3.01033
2.96714
2.92013
2.86859
2.81526
2.75997
2.70528
2.65031
2.5979
2.54626
2.49875
2.45241
2.41085
2.3715
2.33774
2.30656
2.28229
2.26211
2.24946
2.24665
2.24685
2.24989
2.25759
2.27625
2.29925
2.32358
2.34578
2.36475
2.37954
2.3908
2.39943
2.40668
2.41237
2.41874
2.4288
2.43955
2.45194
2.47318
2.49732
2.52649
2.5566
2.58759
2.61652
2.64124
2.66391
2.67442
2.69767
1.42716
1.46015
1.54514
1.71709
2.08999
3.19439
6.33939
6.31601
6.11868
5.86935
5.69275
5.57123
5.4796
5.39932
5.31238
5.21673
5.11292
5.00511
4.89361
4.78063
4.66719
4.55322
4.44195
4.33324
4.22757
4.12598
4.02917
3.93853
3.85584
3.78119
3.71636
3.66204
3.61913
3.58711
3.56551
3.55204
3.54372
3.5373
3.52716
3.51049
3.48351
3.4504
3.4112
3.37108
3.33143
3.29417
3.25905
3.22587
3.19526
3.16424
3.13137
3.09342
3.05158
3.00376
2.95228
2.89626
2.83901
2.77983
2.72159
2.66327
2.60734
2.55274
2.50134
2.45182
2.40604
2.36188
2.32216
2.28454
2.25213
2.22209
2.19852
2.17828
2.16562
2.16148
2.16179
2.16436
2.17136
2.18772
2.21075
2.23761
2.26317
2.28796
2.30876
2.32819
2.34472
2.36151
2.37827
2.39682
2.41745
2.44308
2.4711
2.5035
2.53588
2.56899
2.59808
2.62446
2.64354
2.66056
2.66601
2.6824
1.42532
1.45784
1.53839
1.70552
2.05731
3.15731
6.2188
6.01257
5.70001
5.54641
5.46953
5.40812
5.34678
5.2735
5.18639
5.09078
4.98844
4.88246
4.77411
4.66397
4.55284
4.44104
4.32919
4.2203
4.11373
4.01173
3.9131
3.82091
3.73437
3.65586
3.58515
3.52368
3.47245
3.43228
3.40247
3.38346
3.37299
3.37102
3.37061
3.36879
3.36276
3.34836
3.33085
3.31014
3.28803
3.26267
3.23634
3.2075
3.17703
3.14165
3.10134
3.05498
3.0038
2.94837
2.89031
2.83078
2.77093
2.71171
2.65365
2.59753
2.54344
2.49153
2.4419
2.39452
2.34986
2.30738
2.2675
2.23031
2.19604
2.1651
2.13747
2.11437
2.09556
2.08266
2.0785
2.07882
2.08112
2.08805
2.10301
2.12759
2.15605
2.18658
2.21651
2.24607
2.27392
2.30237
2.33048
2.36057
2.39241
2.42737
2.46247
2.49842
2.53149
2.562
2.58658
2.60686
2.62017
2.63087
2.63342
2.64378
1.42337
1.45896
1.53391
1.70339
2.04617
3.14542
6.20095
5.92518
5.58172
5.43023
5.36088
5.30221
5.23422
5.15402
5.06414
4.96687
4.86617
4.76107
4.65342
4.54546
4.43511
4.32509
4.21569
4.10667
4.00202
3.90056
3.8026
3.71126
3.62339
3.54317
3.46979
3.40332
3.34741
3.29967
3.26369
3.23783
3.22288
3.22219
3.2236
3.2268
3.23283
3.23416
3.2356
3.23263
3.22576
3.20896
3.18907
3.16163
3.12986
3.09025
3.04581
2.99484
2.94116
2.88357
2.82547
2.76625
2.70817
2.65074
2.59515
2.54108
2.48896
2.43882
2.39052
2.34441
2.30018
2.25841
2.21827
2.18096
2.14532
2.1133
2.08294
2.05725
2.03387
2.0167
2.00305
2.00071
2.00088
2.0034
2.00962
2.02729
2.05268
2.086
2.12032
2.15929
2.19682
2.23763
2.27665
2.31875
2.35948
2.4013
2.43945
2.47541
2.50499
2.53027
2.54827
2.5622
2.57002
2.5752
2.57605
2.58152
1.42493
1.45607
1.53598
1.69939
2.04401
3.13845
6.19235
5.89705
5.53551
5.37733
5.30754
5.2466
5.17224
5.08553
4.99179
4.89133
4.78728
4.68066
4.57268
4.46246
4.35379
4.24444
4.13571
4.0293
3.92486
3.82316
3.72625
3.63369
3.54485
3.46351
3.3874
3.31805
3.25847
3.20617
3.16485
3.13518
3.11494
3.11464
3.11543
3.11964
3.12837
3.14526
3.1589
3.16849
3.16813
3.16381
3.15319
3.12874
3.095
3.05162
3.00346
2.94896
2.89244
2.83314
2.77436
2.71539
2.65801
2.60176
2.54724
2.49447
2.44337
2.39429
2.3467
2.30103
2.25683
2.21444
2.1739
2.13517
2.09882
2.06447
2.03333
2.00451
1.97995
1.95848
1.9427
1.93252
1.93253
1.93386
1.93821
1.948
1.9702
2.00112
2.03935
2.08245
2.13028
2.17961
2.23042
2.28054
2.3283
2.3726
2.41087
2.44357
2.46819
2.488
2.50019
2.50944
2.51333
2.51509
2.51485
2.51682
1.42493
1.45564
1.5358
1.69821
2.04232
3.13225
6.18508
5.88688
5.5147
5.35316
5.28756
5.2305
5.15531
5.0664
4.96849
4.86411
4.75768
4.6482
4.53789
4.42742
4.31756
4.20771
4.09992
3.99343
3.88908
3.78701
3.69055
3.59568
3.50688
3.42438
3.3456
3.27538
3.21281
3.1577
3.11335
3.08099
3.05765
3.05702
3.05753
3.06223
3.07258
3.09472
3.12122
3.13794
3.13955
3.13809
3.13147
3.11373
3.0793
3.03098
2.978
2.91946
2.85914
2.79821
2.73783
2.67898
2.62145
2.56542
2.51102
2.45849
2.40741
2.35856
2.31069
2.26499
2.22044
2.17793
2.1372
2.0984
2.06191
2.02749
1.9958
1.96682
1.94108
1.91877
1.90142
1.88719
1.88612
1.88682
1.88976
1.89689
1.91378
1.9423
1.98095
2.02743
2.08039
2.13753
2.1955
2.25119
2.30279
2.34641
2.38317
2.41094
2.43171
2.44544
2.45454
2.45894
2.45989
2.45938
2.45716
2.45742
1.42363
1.4574
1.53366
1.69942
2.04056
3.12887
6.18106
5.88326
5.50678
5.34362
5.28154
5.22826
5.15464
5.06562
4.96608
4.86051
4.75301
4.64214
4.53099
4.42023
4.30924
4.19964
4.09109
3.98529
3.87975
3.77869
3.68063
3.5858
3.49609
3.41291
3.33314
3.26189
3.19818
3.14171
3.09558
3.06203
3.03725
3.03647
3.03603
3.04171
3.05151
3.07912
3.10749
3.13185
3.1336
3.1312
3.1241
3.10774
3.07552
3.02427
2.96835
2.90608
2.84344
2.78085
2.71958
2.66018
2.6018
2.5456
2.49073
2.43839
2.38719
2.3385
2.29049
2.24496
2.20034
2.15794
2.11719
2.07848
2.04194
2.00759
1.97582
1.94668
1.92065
1.89781
1.87966
1.86443
1.861
1.86167
1.86428
1.87069
1.88484
1.9118
1.94988
1.99725
2.05307
2.11374
2.17498
2.23351
2.28502
2.32803
2.36218
2.38735
2.4048
2.41667
2.42256
2.42578
2.4245
2.42318
2.41963
2.41977
)
;

boundaryField
{
    inlet
    {
        type            calculated;
        value           uniform 1.40001;
    }
    outlet
    {
        type            calculated;
        value           nonuniform List<scalar> 
40
(
1.81649
1.92505
1.97196
2.02552
2.05783
2.07969
2.08892
2.0977
2.10269
2.10536
2.11127
2.11876
2.12983
2.14299
2.15659
2.16906
2.1797
2.19132
2.20375
2.2149
2.22901
2.2441
2.26205
2.28259
2.30834
2.33778
2.37343
2.41834
2.47534
2.53901
2.59925
2.6488
2.68086
2.69007
2.67482
2.6363
2.57421
2.50967
2.45042
2.41288
)
;
    }
    bottom
    {
        type            symmetryPlane;
    }
    top
    {
        type            symmetryPlane;
    }
    obstacle
    {
        type            calculated;
        value           nonuniform List<scalar> 
110
(
5.98666
5.9878
5.97634
5.95241
5.91925
5.87224
5.80303
5.69952
5.53113
5.26026
1.90568
1.05627
0.801766
0.790648
0.9093
1.22093
1.42336
1.46036
1.51263
1.54639
1.55287
1.54878
1.54685
1.55058
1.54842
1.54158
1.53288
1.52014
1.50829
1.49652
1.48289
1.47059
1.45402
1.44372
1.44131
1.44147
1.44359
1.45797
1.48468
1.52585
1.57669
1.63346
1.69288
1.75153
1.80749
1.85851
1.9039
1.94577
1.98197
2.01569
2.04515
2.07062
2.09355
2.11315
2.12963
2.14119
2.15145
2.15695
2.16229
2.16375
2.16597
2.16163
2.15966
2.15226
2.14769
2.13741
2.13044
2.11775
2.1087
2.09444
2.08369
2.06808
2.056
2.03941
2.02627
2.00895
1.99503
1.97727
1.96279
1.94487
1.93008
1.91238
1.89749
1.88036
1.86555
1.84944
1.83504
1.82054
1.80709
1.7946
1.78301
1.77289
1.76415
1.75706
1.75189
1.7491
1.7496
1.75054
1.7524
1.75605
1.76235
1.77146
1.77962
1.79001
1.79783
1.80658
1.81214
1.81664
1.81921
1.82402
)
;
    }
    defaultFaces
    {
        type            empty;
    }
}


// ************************************************************************* //
