/*--------------------------------*- C++ -*----------------------------------*\
  =========                 |
  \\      /  F ield         | OpenFOAM: The Open Source CFD Toolbox
   \\    /   O peration     | Website:  https://openfoam.org
    \\  /    A nd           | Version:  13
     \\/     M anipulation  |
\*---------------------------------------------------------------------------*/
FoamFile
{
    format      ascii;
    class       volScalarField;
    location    "1.925";
    object      T;
}
// * * * * * * * * * * * * * * * * * * * * * * * * * * * * * * * * * * * * * //

dimensions      [0 0 0 1 0 0 0];

internalField   nonuniform List<scalar> 
1000
(
2.50191e-106
5.15406e-106
1.32476e-105
3.52712e-105
9.42446e-105
2.51587e-104
6.70569e-104
1.78436e-103
4.74025e-103
1.25718e-102
3.32864e-102
8.79858e-102
2.32184e-101
6.1168e-101
1.60875e-100
4.224e-100
1.10721e-99
2.89736e-99
7.56911e-99
1.97403e-98
5.1396e-98
1.33589e-97
3.46636e-97
8.97925e-97
2.32204e-96
5.99459e-96
1.54493e-95
3.97484e-95
1.02091e-94
2.61765e-94
6.70026e-94
1.71209e-93
4.36734e-93
1.11214e-92
2.82719e-92
7.17465e-92
1.81759e-91
4.59666e-91
1.16047e-90
2.92466e-90
7.35803e-90
1.84796e-89
4.63306e-89
1.15954e-88
2.89698e-88
7.22514e-88
1.79882e-87
4.47061e-87
1.10913e-86
2.74687e-86
6.79092e-86
1.67592e-85
4.12869e-85
1.01532e-84
2.49245e-84
6.10773e-84
1.49404e-83
3.64817e-83
8.89229e-83
2.16361e-82
5.25497e-82
1.27405e-81
3.08336e-81
7.44878e-81
1.79625e-80
4.32384e-80
1.03894e-79
2.4919e-79
5.96606e-79
1.4258e-78
3.40132e-78
8.09932e-78
1.92514e-77
4.5676e-77
1.08175e-76
2.55724e-76
6.03428e-76
1.42131e-75
3.34161e-75
7.84206e-75
1.837e-74
4.29526e-74
1.00247e-73
2.33538e-73
5.43052e-73
1.26045e-72
2.92016e-72
6.7528e-72
1.55868e-71
3.59108e-71
8.25824e-71
1.89558e-70
4.34297e-70
9.93167e-70
2.26698e-69
5.16487e-69
1.17452e-68
2.66591e-68
6.03971e-68
1.36575e-67
3.08253e-67
6.94425e-67
1.56143e-66
3.5043e-66
7.84979e-66
1.75506e-65
3.91653e-65
8.72339e-65
1.93929e-64
4.30303e-64
9.52965e-64
2.10644e-63
4.64721e-63
1.0233e-62
2.24896e-62
4.93316e-62
1.08003e-61
2.35997e-61
5.14686e-61
1.12031e-60
2.43387e-60
5.27734e-60
1.14206e-59
2.46674e-59
5.31755e-59
1.14408e-58
2.4567e-58
5.26506e-58
1.12617e-57
2.40413e-57
5.12223e-57
1.0892e-56
2.31156e-56
4.89608e-56
1.03499e-55
2.18357e-55
4.59772e-55
9.66179e-55
2.02635e-54
4.2414e-54
8.86017e-54
1.84719e-53
3.84343e-53
7.98104e-53
1.65399e-52
3.4209e-52
7.06121e-52
1.45461e-51
2.99051e-51
6.13579e-51
1.25639e-50
2.56744e-50
5.23605e-50
1.06569e-49
2.1646e-49
4.3878e-49
8.87638e-49
1.79203e-48
3.61052e-48
7.2596e-48
1.4567e-47
2.91704e-47
5.82946e-47
1.16259e-46
2.31385e-46
4.59571e-46
9.1092e-46
1.80183e-45
3.55677e-45
7.00651e-45
1.37737e-44
2.70212e-44
5.29006e-44
1.03351e-43
2.01498e-43
3.92036e-43
7.61161e-43
1.47477e-42
2.85145e-42
5.50178e-42
1.05933e-41
2.03541e-41
3.90269e-41
7.46732e-41
1.42578e-40
2.71663e-40
5.16525e-40
9.80028e-40
1.85554e-39
3.50576e-39
6.60963e-39
1.24352e-38
2.33457e-38
4.3736e-38
8.17614e-38
1.52522e-37
2.83918e-37
5.27384e-37
9.77537e-37
1.80805e-36
3.33701e-36
6.14575e-36
1.12943e-35
2.07115e-35
3.78991e-35
6.92007e-35
1.26083e-34
2.29226e-34
4.15847e-34
7.52771e-34
1.35973e-33
2.45074e-33
4.40759e-33
7.90971e-33
1.41636e-32
2.53071e-32
4.51193e-32
8.02663e-32
1.4248e-31
2.52363e-31
4.4601e-31
7.8652e-31
1.38395e-30
2.42984e-30
4.25675e-30
7.44083e-30
1.29779e-29
2.25855e-29
3.92188e-29
6.79512e-29
1.17473e-28
2.02634e-28
3.48758e-28
5.98921e-28
1.02624e-27
1.75452e-27
2.99294e-27
5.09411e-27
8.65103e-27
1.46587e-26
2.47827e-26
4.18049e-26
7.03608e-26
1.18157e-25
1.97974e-25
3.30962e-25
5.52039e-25
9.18715e-25
1.52549e-24
2.52729e-24
4.17752e-24
6.88963e-24
1.13367e-23
1.8612e-23
3.04867e-23
4.98241e-23
8.12415e-23
1.32168e-22
2.14527e-22
3.47413e-22
5.61326e-22
9.04878e-22
1.45536e-21
2.33535e-21
3.73883e-21
5.97203e-21
9.51719e-21
1.51319e-20
2.40037e-20
3.79893e-20
5.99845e-20
9.4496e-20
1.48519e-19
2.32887e-19
3.64334e-19
5.68653e-19
8.85494e-19
1.37567e-18
2.13222e-18
3.29714e-18
5.08664e-18
7.82908e-18
1.2022e-17
1.84173e-17
2.81488e-17
4.29217e-17
6.52944e-17
9.90961e-17
1.50044e-16
2.26651e-16
3.41568e-16
5.1354e-16
7.70279e-16
1.15265e-15
1.72078e-15
2.56286e-15
3.80802e-15
5.64478e-15
8.3477e-15
1.23157e-14
1.81267e-14
2.66166e-14
3.899e-14
5.698e-14
8.30731e-14
1.20827e-13
1.75322e-13
2.53788e-13
3.66499e-13
5.28005e-13
7.5887e-13
1.08808e-12
1.55637e-12
2.2209e-12
3.16158e-12
4.48994e-12
6.36116e-12
8.99066e-12
1.26767e-11
1.7831e-11
2.50209e-11
3.50258e-11
4.89135e-11
6.81436e-11
9.47057e-11
1.31305e-10
1.8161e-10
2.50584e-10
3.4492e-10
4.73627e-10
6.48793e-10
8.86599e-10
1.20865e-09
1.6437e-09
2.22995e-09
3.01798e-09
4.07463e-09
5.48794e-09
7.37358e-09
9.88315e-09
1.32148e-08
1.76268e-08
2.34549e-08
3.11345e-08
4.12283e-08
5.44623e-08
7.17699e-08
9.43485e-08
1.2373e-07
1.61867e-07
2.11246e-07
2.75019e-07
3.57177e-07
4.62753e-07
5.9808e-07
7.71108e-07
9.91782e-07
1.27251e-06
1.62874e-06
2.07964e-06
2.64892e-06
3.36586e-06
4.26646e-06
5.39491e-06
6.80529e-06
8.56358e-06
1.075e-05
1.3462e-05
1.68174e-05
2.09581e-05
2.60552e-05
3.23135e-05
3.9978e-05
4.93408e-05
6.07493e-05
7.46149e-05
9.14239e-05
0.000111749
0.000136264
0.000165756
0.000201146
0.000243503
0.000294072
0.000354289
0.000425811
0.000510544
0.000610672
0.000728688
0.000867432
0.00103013
0.00122042
0.00144241
0.00170073
0.00200055
0.00234763
0.00274841
0.00320998
0.00374022
0.00434777
0.00504211
0.00583359
0.00673349
0.00775402
0.00890837
0.0102107
0.0116763
0.0133212
0.0151627
0.0172189
0.0195091
0.0220531
0.0248718
0.0279869
0.0314205
0.0351955
0.0393351
0.0438628
0.0488021
0.0541765
0.0600093
0.066323
0.0731397
0.0804803
0.0883648
0.0968114
0.105837
0.115455
0.12568
0.13652
0.147984
0.160075
0.172795
0.186142
0.200109
0.21469
0.229869
0.245633
0.261959
0.278825
0.296202
0.314061
0.332367
0.351082
0.370165
0.389574
0.409262
0.429182
0.449284
0.469518
0.48983
0.510169
0.530482
0.550715
0.570817
0.590737
0.610426
0.629834
0.648917
0.667632
0.685937
0.703795
0.721172
0.738037
0.754362
0.770124
0.785302
0.79988
0.813845
0.827188
0.839904
0.85199
0.863447
0.87428
0.884495
0.894103
0.903114
0.911544
0.919408
0.926724
0.933511
0.93979
0.94558
0.950904
0.955783
0.960239
0.964294
0.967969
0.971284
0.974261
0.976917
0.979271
0.981339
0.983137
0.984678
0.985976
0.987041
0.987882
0.988506
0.988919
0.989124
0.989124
0.988919
0.988506
0.987882
0.987041
0.985976
0.984678
0.983137
0.981339
0.979271
0.976917
0.974261
0.971284
0.967969
0.964294
0.960239
0.955783
0.950904
0.94558
0.93979
0.933511
0.926724
0.919408
0.911544
0.903114
0.894103
0.884495
0.87428
0.863447
0.85199
0.839904
0.827188
0.813845
0.79988
0.785302
0.770124
0.754362
0.738037
0.721172
0.703795
0.685937
0.667632
0.648917
0.629834
0.610426
0.590737
0.570817
0.550715
0.530482
0.510169
0.48983
0.469518
0.449284
0.429182
0.409262
0.389574
0.370165
0.351082
0.332367
0.314061
0.296202
0.278825
0.261959
0.245633
0.229869
0.21469
0.200109
0.186142
0.172795
0.160075
0.147984
0.13652
0.12568
0.115455
0.105837
0.0968114
0.0883648
0.0804803
0.0731397
0.066323
0.0600093
0.0541765
0.0488021
0.0438628
0.0393351
0.0351955
0.0314205
0.0279869
0.0248718
0.0220531
0.0195091
0.0172189
0.0151627
0.0133212
0.0116763
0.0102107
0.00890837
0.00775402
0.00673349
0.00583359
0.00504211
0.00434777
0.00374022
0.00320998
0.00274841
0.00234763
0.00200055
0.00170073
0.00144241
0.00122042
0.00103013
0.000867432
0.000728688
0.000610672
0.000510544
0.000425811
0.000354289
0.000294072
0.000243503
0.000201146
0.000165756
0.000136264
0.000111749
9.14239e-05
7.46149e-05
6.07493e-05
4.93408e-05
3.9978e-05
3.23135e-05
2.60552e-05
2.09581e-05
1.68174e-05
1.3462e-05
1.075e-05
8.56358e-06
6.80529e-06
5.39491e-06
4.26646e-06
3.36586e-06
2.64892e-06
2.07964e-06
1.62874e-06
1.27251e-06
9.91782e-07
7.71108e-07
5.9808e-07
4.62753e-07
3.57177e-07
2.75019e-07
2.11246e-07
1.61867e-07
1.2373e-07
9.43485e-08
7.17699e-08
5.44623e-08
4.12283e-08
3.11345e-08
2.34549e-08
1.76268e-08
1.32148e-08
9.88315e-09
7.37358e-09
5.48794e-09
4.07463e-09
3.01798e-09
2.22995e-09
1.6437e-09
1.20865e-09
8.86599e-10
6.48793e-10
4.73627e-10
3.4492e-10
2.50584e-10
1.8161e-10
1.31305e-10
9.47057e-11
6.81436e-11
4.89135e-11
3.50258e-11
2.50209e-11
1.7831e-11
1.26767e-11
8.99066e-12
6.36116e-12
4.48994e-12
3.16158e-12
2.2209e-12
1.55637e-12
1.08808e-12
7.5887e-13
5.28005e-13
3.66499e-13
2.53788e-13
1.75322e-13
1.20827e-13
8.30731e-14
5.698e-14
3.899e-14
2.66166e-14
1.81267e-14
1.23157e-14
8.3477e-15
5.64478e-15
3.80802e-15
2.56286e-15
1.72078e-15
1.15265e-15
7.70279e-16
5.1354e-16
3.41568e-16
2.26651e-16
1.50044e-16
9.90961e-17
6.52944e-17
4.29217e-17
2.81488e-17
1.84173e-17
1.2022e-17
7.82908e-18
5.08664e-18
3.29714e-18
2.13222e-18
1.37567e-18
8.85494e-19
5.68653e-19
3.64334e-19
2.32887e-19
1.48519e-19
9.4496e-20
5.99845e-20
3.79893e-20
2.40037e-20
1.51319e-20
9.51719e-21
5.97203e-21
3.73883e-21
2.33535e-21
1.45536e-21
9.04878e-22
5.61326e-22
3.47413e-22
2.14527e-22
1.32168e-22
8.12415e-23
4.98241e-23
3.04867e-23
1.8612e-23
1.13367e-23
6.88963e-24
4.17752e-24
2.52729e-24
1.52549e-24
9.18715e-25
5.52039e-25
3.30962e-25
1.97974e-25
1.18157e-25
7.03608e-26
4.18049e-26
2.47827e-26
1.46587e-26
8.65103e-27
5.09411e-27
2.99294e-27
1.75452e-27
1.02624e-27
5.98921e-28
3.48758e-28
2.02634e-28
1.17473e-28
6.79512e-29
3.92188e-29
2.25855e-29
1.29779e-29
7.44083e-30
4.25675e-30
2.42984e-30
1.38395e-30
7.8652e-31
4.4601e-31
2.52363e-31
1.4248e-31
8.02663e-32
4.51193e-32
2.53071e-32
1.41636e-32
7.90971e-33
4.40759e-33
2.45074e-33
1.35973e-33
7.52771e-34
4.15847e-34
2.29226e-34
1.26083e-34
6.92007e-35
3.78991e-35
2.07115e-35
1.12943e-35
6.14575e-36
3.33701e-36
1.80805e-36
9.77537e-37
5.27384e-37
2.83918e-37
1.52522e-37
8.17614e-38
4.3736e-38
2.33457e-38
1.24352e-38
6.60963e-39
3.50576e-39
1.85554e-39
9.80028e-40
5.16525e-40
2.71663e-40
1.42578e-40
7.46732e-41
3.90269e-41
2.03541e-41
1.05933e-41
5.50178e-42
2.85145e-42
1.47477e-42
7.61161e-43
3.92036e-43
2.01498e-43
1.03351e-43
5.29006e-44
2.70212e-44
1.37737e-44
7.00651e-45
3.55677e-45
1.80183e-45
9.1092e-46
4.59571e-46
2.31385e-46
1.16259e-46
5.82946e-47
2.91704e-47
1.4567e-47
7.2596e-48
3.61052e-48
1.79203e-48
8.87638e-49
4.3878e-49
2.1646e-49
1.06569e-49
5.23605e-50
2.56744e-50
1.25639e-50
6.13579e-51
2.99051e-51
1.45461e-51
7.06121e-52
3.4209e-52
1.65399e-52
7.98104e-53
3.84343e-53
1.84719e-53
8.86017e-54
4.2414e-54
2.02635e-54
9.66179e-55
4.59772e-55
2.18357e-55
1.03499e-55
4.89608e-56
2.31156e-56
1.0892e-56
5.12223e-57
2.40413e-57
1.12617e-57
5.26506e-58
2.4567e-58
1.14408e-58
5.31755e-59
2.46674e-59
1.14206e-59
5.27734e-60
2.43387e-60
1.12031e-60
5.14686e-61
2.35997e-61
1.08003e-61
4.93316e-62
2.24896e-62
1.0233e-62
4.64721e-63
2.10644e-63
9.52965e-64
4.30303e-64
1.93929e-64
8.72339e-65
3.91653e-65
1.75506e-65
7.84979e-66
3.5043e-66
1.56143e-66
6.94425e-67
3.08253e-67
1.36575e-67
6.03971e-68
2.66591e-68
1.17452e-68
5.16487e-69
2.26698e-69
9.93167e-70
4.34297e-70
1.89558e-70
8.25824e-71
3.59108e-71
1.55868e-71
6.7528e-72
2.92016e-72
1.26045e-72
5.43052e-73
2.33538e-73
1.00247e-73
4.29526e-74
1.837e-74
7.84206e-75
3.34161e-75
1.42131e-75
6.03428e-76
2.55724e-76
1.08175e-76
4.5676e-77
1.92514e-77
8.09932e-78
3.40132e-78
1.4258e-78
5.96606e-79
2.4919e-79
1.03894e-79
4.32384e-80
1.79625e-80
7.44878e-81
3.08336e-81
1.27405e-81
5.25497e-82
2.16361e-82
8.89229e-83
3.64817e-83
1.49404e-83
6.10773e-84
2.49245e-84
1.01532e-84
4.12869e-85
1.67592e-85
6.79092e-86
2.74687e-86
1.10913e-86
4.47061e-87
1.79882e-87
7.22514e-88
2.89698e-88
1.15954e-88
4.63306e-89
1.84796e-89
7.35803e-90
2.92466e-90
1.16047e-90
4.59666e-91
1.81759e-91
7.17465e-92
2.82719e-92
1.11214e-92
4.36734e-93
1.71209e-93
6.70026e-94
2.61765e-94
1.02091e-94
3.97484e-95
1.54493e-95
5.99459e-96
2.32204e-96
8.97925e-97
3.46636e-97
1.33589e-97
5.1396e-98
1.97403e-98
7.56911e-99
2.89736e-99
1.10721e-99
4.224e-100
1.60875e-100
6.1168e-101
2.32184e-101
8.79858e-102
3.32864e-102
1.25718e-102
4.74025e-103
1.78436e-103
6.70569e-104
2.51587e-104
9.42446e-105
3.52712e-105
1.32476e-105
5.15406e-106
2.50191e-106
)
;

boundaryField
{
    sides
    {
        type            zeroGradient;
    }
    empty
    {
        type            empty;
    }
}


// ************************************************************************* //
