/*--------------------------------*- C++ -*----------------------------------*\
  =========                 |
  \\      /  F ield         | OpenFOAM: The Open Source CFD Toolbox
   \\    /   O peration     | Website:  https://openfoam.org
    \\  /    A nd           | Version:  13
     \\/     M anipulation  |
\*---------------------------------------------------------------------------*/
FoamFile
{
    format      ascii;
    class       volScalarField;
    location    "1.605";
    object      T;
}
// * * * * * * * * * * * * * * * * * * * * * * * * * * * * * * * * * * * * * //

dimensions      [0 0 0 1 0 0 0];

internalField   nonuniform List<scalar> 
1000
(
1.8711e-123
4.5177e-123
1.35292e-122
4.15309e-122
1.27622e-121
3.91599e-121
1.1995e-120
3.66769e-120
1.11947e-119
3.41083e-119
1.03737e-118
3.14946e-118
9.54465e-118
2.8874e-117
8.71919e-117
2.62824e-116
7.90815e-116
2.37521e-115
7.12108e-115
2.13111e-114
6.3662e-114
1.89831e-113
5.65025e-113
1.67872e-112
4.97849e-112
1.47376e-111
4.35474e-111
1.28441e-110
3.78137e-110
1.11122e-109
3.2595e-109
9.5434e-109
2.78904e-108
8.13591e-108
2.36894e-107
6.8849e-107
1.99727e-106
5.78319e-106
1.67144e-105
4.82177e-105
1.38839e-104
3.99027e-104
1.14468e-103
3.27754e-103
9.36693e-103
2.67196e-102
7.60754e-102
2.16192e-101
6.13217e-101
1.73607e-100
4.90564e-100
1.38357e-99
3.89474e-99
1.09428e-98
3.06869e-98
8.58906e-98
2.39943e-97
6.69016e-97
1.8618e-96
5.17121e-96
1.43356e-95
3.96645e-95
1.09534e-94
3.01895e-94
8.30462e-94
2.28003e-93
6.24767e-93
1.70864e-92
4.66373e-92
1.27048e-91
3.45425e-91
9.37321e-91
2.53846e-90
6.86116e-90
1.85084e-89
4.98293e-89
1.33888e-88
3.59038e-88
9.60899e-88
2.56657e-87
6.8417e-87
1.82016e-86
4.83271e-86
1.28057e-85
3.38646e-85
8.93755e-85
2.35407e-84
6.18794e-84
1.6233e-83
4.24987e-83
1.11039e-82
2.8953e-82
7.53414e-82
1.95655e-81
5.07068e-81
1.31146e-80
3.38501e-80
8.71919e-80
2.24132e-79
5.74964e-79
1.47193e-78
3.76043e-78
9.58728e-78
2.43925e-77
6.19328e-77
1.56923e-76
3.9678e-76
1.00118e-75
2.52099e-75
6.33469e-75
1.58845e-74
3.97479e-74
9.92533e-74
2.47324e-73
6.14998e-73
1.52605e-72
3.77875e-72
9.33709e-72
2.30227e-71
5.66477e-71
1.39087e-70
3.40776e-70
8.33156e-70
2.03263e-69
4.9484e-69
1.2021e-68
2.914e-68
7.04863e-68
1.70133e-67
4.09766e-67
9.848e-67
2.36169e-66
5.65143e-66
1.34944e-65
3.21519e-65
7.64393e-65
1.81335e-64
4.29239e-64
1.01384e-63
2.3894e-63
5.61899e-63
1.31848e-62
3.087e-62
7.21178e-62
1.68109e-61
3.91004e-61
9.07425e-61
2.10125e-60
4.85492e-60
1.11923e-59
2.5745e-59
5.90877e-59
1.35311e-58
3.09168e-58
7.04831e-58
1.60325e-57
3.63865e-57
8.23954e-57
1.8616e-56
4.19651e-56
9.43862e-56
2.11809e-55
4.74238e-55
1.0594e-54
2.36121e-54
5.25074e-54
1.16497e-53
2.57878e-53
5.69535e-53
1.25496e-52
2.75892e-52
6.05133e-52
1.32422e-51
2.89113e-51
6.29754e-51
1.36857e-50
2.96727e-50
6.41855e-50
1.38518e-49
2.98238e-49
6.40627e-49
1.37288e-48
2.93523e-48
6.26084e-48
1.3323e-47
2.82847e-47
5.99068e-47
1.26583e-46
2.66839e-46
5.61168e-46
1.17735e-45
2.46427e-45
5.14563e-45
1.07189e-44
2.22756e-44
4.61816e-44
9.55143e-44
1.97073e-43
4.05641e-43
8.32937e-43
1.70622e-42
3.48668e-42
7.10787e-42
1.44549e-41
2.9325e-41
5.9348e-41
1.19817e-40
2.41309e-40
4.84807e-40
9.71636e-40
1.94257e-39
3.87421e-39
7.70772e-39
1.52968e-38
3.02835e-38
5.98056e-38
1.17816e-37
2.31523e-37
4.53845e-37
8.87451e-37
1.73102e-36
3.36806e-36
6.53695e-36
1.26557e-35
2.44407e-35
4.70819e-35
9.04701e-35
1.73407e-34
3.3154e-34
6.32284e-34
1.2028e-33
2.28233e-33
4.31982e-33
8.15553e-33
1.53581e-32
2.88483e-32
5.40504e-32
1.01011e-31
1.88293e-31
3.50097e-31
6.49281e-31
1.20106e-30
2.21605e-30
4.07832e-30
7.48626e-30
1.37066e-29
2.50307e-29
4.55927e-29
8.28312e-29
1.50095e-28
2.71277e-28
4.89024e-28
8.7926e-28
1.57679e-27
2.8203e-27
5.03133e-27
8.95229e-27
1.58872e-26
2.81204e-26
4.96426e-26
8.74067e-26
1.53494e-25
2.68838e-25
4.69618e-25
8.18181e-25
1.42169e-24
2.4638e-24
4.25848e-24
7.3409e-24
1.26208e-23
2.16405e-23
3.70073e-23
6.31171e-23
1.0736e-22
1.82128e-22
3.08138e-22
5.19931e-22
8.74941e-22
1.46839e-21
2.45772e-21
4.10252e-21
6.8296e-21
1.13387e-20
1.87739e-20
3.10005e-20
5.10506e-20
8.38401e-20
1.37316e-19
2.24287e-19
3.65345e-19
5.93491e-19
9.61472e-19
1.55335e-18
2.50271e-18
4.02123e-18
6.44338e-18
1.02961e-17
1.64072e-17
2.60735e-17
4.13204e-17
6.53024e-17
1.02918e-16
1.61752e-16
2.53515e-16
3.96234e-16
6.17578e-16
9.59895e-16
1.4878e-15
2.29962e-15
3.5445e-15
5.44804e-15
8.35046e-15
1.27633e-14
1.94537e-14
2.95679e-14
4.48145e-14
6.77325e-14
1.02083e-13
1.53421e-13
2.2993e-13
3.4362e-13
5.12077e-13
7.60964e-13
1.12763e-12
1.66623e-12
2.45514e-12
3.60732e-12
5.28518e-12
7.72149e-12
1.12488e-11
1.6341e-11
2.36708e-11
3.41907e-11
4.92454e-11
7.07267e-11
1.01289e-10
1.44643e-10
2.05963e-10
2.92442e-10
4.14043e-10
5.8453e-10
8.22853e-10
1.15503e-09
1.61664e-09
2.25625e-09
3.13988e-09
4.35702e-09
6.02858e-09
8.31746e-09
1.14423e-08
1.56959e-08
2.14688e-08
2.92802e-08
3.98187e-08
5.39941e-08
7.30047e-08
9.84239e-08
1.32311e-07
1.77351e-07
2.37036e-07
3.15893e-07
4.19768e-07
5.56187e-07
7.3481e-07
9.67992e-07
1.27148e-06
1.6653e-06
2.17478e-06
2.83191e-06
3.67694e-06
4.7603e-06
6.14505e-06
7.90966e-06
1.01515e-05
1.29912e-05
1.65771e-05
2.10916e-05
2.67581e-05
3.38489e-05
4.2695e-05
5.36974e-05
6.73403e-05
8.42057e-05
0.000104992
0.000130531
0.000161816
0.000200021
0.000246535
0.000302993
0.000371311
0.000453728
0.000552847
0.000671691
0.000813748
0.000983031
0.00118414
0.00142232
0.00170355
0.00203459
0.00242305
0.00287751
0.00340752
0.00402377
0.00473806
0.00556344
0.00651427
0.00760621
0.00885636
0.0102832
0.0119067
0.0137482
0.0158307
0.0181782
0.0208164
0.0237721
0.0270732
0.0307487
0.0348285
0.0393428
0.0443226
0.0497988
0.0558021
0.062363
0.069511
0.0772744
0.0856801
0.0947528
0.104515
0.114987
0.126185
0.138122
0.150807
0.164246
0.178438
0.19338
0.209063
0.225471
0.242584
0.260378
0.278822
0.297881
0.317512
0.337671
0.358308
0.379367
0.400791
0.422518
0.444483
0.466621
0.488862
0.511138
0.533379
0.555517
0.577482
0.599209
0.620633
0.641692
0.662328
0.682488
0.702119
0.721177
0.739621
0.757415
0.774529
0.790936
0.806618
0.82156
0.835752
0.84919
0.861875
0.873811
0.885007
0.895477
0.905237
0.914307
0.922709
0.930468
0.93761
0.944164
0.950159
0.955624
0.96059
0.965087
0.969146
0.972796
0.976066
0.978984
0.981575
0.983866
0.98588
0.98764
0.989164
0.990472
0.99158
0.992503
0.993252
0.99384
0.994273
0.994558
0.994699
0.994699
0.994558
0.994273
0.99384
0.993252
0.992503
0.99158
0.990472
0.989164
0.98764
0.98588
0.983866
0.981575
0.978984
0.976066
0.972796
0.969146
0.965087
0.96059
0.955624
0.950159
0.944164
0.93761
0.930468
0.922709
0.914307
0.905237
0.895477
0.885007
0.873811
0.861875
0.84919
0.835752
0.82156
0.806618
0.790936
0.774529
0.757415
0.739621
0.721177
0.702119
0.682488
0.662328
0.641692
0.620633
0.599209
0.577482
0.555517
0.533379
0.511138
0.488862
0.466621
0.444483
0.422518
0.400791
0.379367
0.358308
0.337671
0.317512
0.297881
0.278822
0.260378
0.242584
0.225471
0.209063
0.19338
0.178438
0.164246
0.150807
0.138122
0.126185
0.114987
0.104515
0.0947528
0.0856801
0.0772744
0.069511
0.062363
0.0558021
0.0497988
0.0443226
0.0393428
0.0348285
0.0307487
0.0270732
0.0237721
0.0208164
0.0181782
0.0158307
0.0137482
0.0119067
0.0102832
0.00885636
0.00760621
0.00651427
0.00556344
0.00473806
0.00402377
0.00340752
0.00287751
0.00242305
0.00203459
0.00170355
0.00142232
0.00118414
0.000983031
0.000813748
0.000671691
0.000552847
0.000453728
0.000371311
0.000302993
0.000246535
0.000200021
0.000161816
0.000130531
0.000104992
8.42057e-05
6.73403e-05
5.36974e-05
4.2695e-05
3.38489e-05
2.67581e-05
2.10916e-05
1.65771e-05
1.29912e-05
1.01515e-05
7.90966e-06
6.14505e-06
4.7603e-06
3.67694e-06
2.83191e-06
2.17478e-06
1.6653e-06
1.27148e-06
9.67992e-07
7.3481e-07
5.56187e-07
4.19768e-07
3.15893e-07
2.37036e-07
1.77351e-07
1.32311e-07
9.84239e-08
7.30047e-08
5.39941e-08
3.98187e-08
2.92802e-08
2.14688e-08
1.56959e-08
1.14423e-08
8.31746e-09
6.02858e-09
4.35702e-09
3.13988e-09
2.25625e-09
1.61664e-09
1.15503e-09
8.22853e-10
5.8453e-10
4.14043e-10
2.92442e-10
2.05963e-10
1.44643e-10
1.01289e-10
7.07267e-11
4.92454e-11
3.41907e-11
2.36708e-11
1.6341e-11
1.12488e-11
7.72149e-12
5.28518e-12
3.60732e-12
2.45514e-12
1.66623e-12
1.12763e-12
7.60964e-13
5.12077e-13
3.4362e-13
2.2993e-13
1.53421e-13
1.02083e-13
6.77325e-14
4.48145e-14
2.95679e-14
1.94537e-14
1.27633e-14
8.35046e-15
5.44804e-15
3.5445e-15
2.29962e-15
1.4878e-15
9.59895e-16
6.17578e-16
3.96234e-16
2.53515e-16
1.61752e-16
1.02918e-16
6.53024e-17
4.13204e-17
2.60735e-17
1.64072e-17
1.02961e-17
6.44338e-18
4.02123e-18
2.50271e-18
1.55335e-18
9.61472e-19
5.93491e-19
3.65345e-19
2.24287e-19
1.37316e-19
8.38401e-20
5.10506e-20
3.10005e-20
1.87739e-20
1.13387e-20
6.8296e-21
4.10252e-21
2.45772e-21
1.46839e-21
8.74941e-22
5.19931e-22
3.08138e-22
1.82128e-22
1.0736e-22
6.31171e-23
3.70073e-23
2.16405e-23
1.26208e-23
7.3409e-24
4.25848e-24
2.4638e-24
1.42169e-24
8.18181e-25
4.69618e-25
2.68838e-25
1.53494e-25
8.74067e-26
4.96426e-26
2.81204e-26
1.58872e-26
8.95229e-27
5.03133e-27
2.8203e-27
1.57679e-27
8.7926e-28
4.89024e-28
2.71277e-28
1.50095e-28
8.28312e-29
4.55927e-29
2.50307e-29
1.37066e-29
7.48626e-30
4.07832e-30
2.21605e-30
1.20106e-30
6.49281e-31
3.50097e-31
1.88293e-31
1.01011e-31
5.40504e-32
2.88483e-32
1.53581e-32
8.15553e-33
4.31982e-33
2.28233e-33
1.2028e-33
6.32284e-34
3.3154e-34
1.73407e-34
9.04701e-35
4.70819e-35
2.44407e-35
1.26557e-35
6.53695e-36
3.36806e-36
1.73102e-36
8.87451e-37
4.53845e-37
2.31523e-37
1.17816e-37
5.98056e-38
3.02835e-38
1.52968e-38
7.70772e-39
3.87421e-39
1.94257e-39
9.71636e-40
4.84807e-40
2.41309e-40
1.19817e-40
5.9348e-41
2.9325e-41
1.44549e-41
7.10787e-42
3.48668e-42
1.70622e-42
8.32937e-43
4.05641e-43
1.97073e-43
9.55143e-44
4.61816e-44
2.22756e-44
1.07189e-44
5.14563e-45
2.46427e-45
1.17735e-45
5.61168e-46
2.66839e-46
1.26583e-46
5.99068e-47
2.82847e-47
1.3323e-47
6.26084e-48
2.93523e-48
1.37288e-48
6.40627e-49
2.98238e-49
1.38518e-49
6.41855e-50
2.96727e-50
1.36857e-50
6.29754e-51
2.89113e-51
1.32422e-51
6.05133e-52
2.75892e-52
1.25496e-52
5.69535e-53
2.57878e-53
1.16497e-53
5.25074e-54
2.36121e-54
1.0594e-54
4.74238e-55
2.11809e-55
9.43862e-56
4.19651e-56
1.8616e-56
8.23954e-57
3.63865e-57
1.60325e-57
7.04831e-58
3.09168e-58
1.35311e-58
5.90877e-59
2.5745e-59
1.11923e-59
4.85492e-60
2.10125e-60
9.07425e-61
3.91004e-61
1.68109e-61
7.21178e-62
3.087e-62
1.31848e-62
5.61899e-63
2.3894e-63
1.01384e-63
4.29239e-64
1.81335e-64
7.64393e-65
3.21519e-65
1.34944e-65
5.65143e-66
2.36169e-66
9.848e-67
4.09766e-67
1.70133e-67
7.04863e-68
2.914e-68
1.2021e-68
4.9484e-69
2.03263e-69
8.33156e-70
3.40776e-70
1.39087e-70
5.66477e-71
2.30227e-71
9.33709e-72
3.77875e-72
1.52605e-72
6.14998e-73
2.47324e-73
9.92533e-74
3.97479e-74
1.58845e-74
6.33469e-75
2.52099e-75
1.00118e-75
3.9678e-76
1.56923e-76
6.19328e-77
2.43925e-77
9.58728e-78
3.76043e-78
1.47193e-78
5.74964e-79
2.24132e-79
8.71919e-80
3.38501e-80
1.31146e-80
5.07068e-81
1.95655e-81
7.53414e-82
2.8953e-82
1.11039e-82
4.24987e-83
1.6233e-83
6.18794e-84
2.35407e-84
8.93755e-85
3.38646e-85
1.28057e-85
4.83271e-86
1.82016e-86
6.8417e-87
2.56657e-87
9.60899e-88
3.59038e-88
1.33888e-88
4.98293e-89
1.85084e-89
6.86116e-90
2.53846e-90
9.37321e-91
3.45425e-91
1.27048e-91
4.66373e-92
1.70864e-92
6.24767e-93
2.28003e-93
8.30462e-94
3.01895e-94
1.09534e-94
3.96645e-95
1.43356e-95
5.17121e-96
1.8618e-96
6.69016e-97
2.39943e-97
8.58906e-98
3.06869e-98
1.09428e-98
3.89474e-99
1.38357e-99
4.90564e-100
1.73607e-100
6.13217e-101
2.16192e-101
7.60754e-102
2.67196e-102
9.36693e-103
3.27754e-103
1.14468e-103
3.99027e-104
1.38839e-104
4.82177e-105
1.67144e-105
5.78319e-106
1.99727e-106
6.8849e-107
2.36894e-107
8.13591e-108
2.78904e-108
9.5434e-109
3.2595e-109
1.11122e-109
3.78137e-110
1.28441e-110
4.35474e-111
1.47376e-111
4.97849e-112
1.67872e-112
5.65025e-113
1.89831e-113
6.3662e-114
2.13111e-114
7.12108e-115
2.37521e-115
7.90815e-116
2.62824e-116
8.71919e-117
2.8874e-117
9.54465e-118
3.14946e-118
1.03737e-118
3.41083e-119
1.11947e-119
3.66769e-120
1.1995e-120
3.91599e-121
1.27622e-121
4.15309e-122
1.35292e-122
4.5177e-123
1.8711e-123
)
;

boundaryField
{
    sides
    {
        type            zeroGradient;
    }
    empty
    {
        type            empty;
    }
}


// ************************************************************************* //
