/*--------------------------------*- C++ -*----------------------------------*\
  =========                 |
  \\      /  F ield         | OpenFOAM: The Open Source CFD Toolbox
   \\    /   O peration     | Website:  https://openfoam.org
    \\  /    A nd           | Version:  13
     \\/     M anipulation  |
\*---------------------------------------------------------------------------*/
FoamFile
{
    format      ascii;
    class       volScalarField;
    location    "4.195";
    object      T;
}
// * * * * * * * * * * * * * * * * * * * * * * * * * * * * * * * * * * * * * //

dimensions      [0 0 0 1 0 0 0];

internalField   nonuniform List<scalar> 
1000
(
3.34762e-53
4.24924e-53
6.2913e-53
1.00136e-52
1.63975e-52
2.71194e-52
4.49847e-52
7.46483e-52
1.23807e-51
2.05162e-51
3.39645e-51
5.61707e-51
9.27992e-51
1.53153e-50
2.52497e-50
4.15844e-50
6.8415e-50
1.12439e-49
1.84599e-49
3.0275e-49
4.96004e-49
8.11766e-49
1.32715e-48
2.16747e-48
3.53616e-48
5.76305e-48
9.38247e-48
1.5259e-47
2.47899e-47
4.02317e-47
6.52236e-47
1.05629e-46
1.70885e-46
2.76163e-46
4.45829e-46
7.18975e-46
1.15824e-45
1.86392e-45
2.99637e-45
4.81176e-45
7.71884e-45
1.23692e-44
1.98002e-44
3.1662e-44
5.05762e-44
8.07037e-44
1.28641e-43
2.04835e-43
3.25813e-43
5.1769e-43
8.21693e-43
1.30283e-42
2.06349e-42
3.2648e-42
5.15996e-42
8.14656e-42
1.28481e-41
2.02414e-41
3.1855e-41
5.00785e-41
7.86431e-41
1.23369e-40
1.93325e-40
3.02624e-40
4.73212e-40
7.39167e-40
1.15336e-39
1.79771e-39
2.79905e-39
4.35346e-39
6.76384e-39
1.04975e-38
1.62746e-38
2.5204e-38
3.89908e-38
6.02541e-38
9.30132e-38
1.43428e-37
2.20931e-37
3.39947e-37
5.22514e-37
8.02262e-37
1.23045e-36
1.88515e-36
2.88508e-36
4.41063e-36
6.73557e-36
1.02749e-35
1.56571e-35
2.38329e-35
3.62385e-35
5.5042e-35
8.35118e-35
1.2657e-34
1.9162e-34
2.89789e-34
4.37775e-34
6.60615e-34
9.95806e-34
1.49944e-33
2.25533e-33
3.3886e-33
5.08577e-33
7.62467e-33
1.14186e-32
1.70817e-32
2.55256e-32
3.8102e-32
5.68128e-32
8.46195e-32
1.25898e-31
1.8711e-31
2.77778e-31
4.11932e-31
6.10207e-31
9.02931e-31
1.33462e-30
1.97053e-30
2.90626e-30
4.28164e-30
6.30101e-30
9.26261e-30
1.36013e-29
1.99504e-29
2.92312e-29
4.27822e-29
6.25466e-29
9.13413e-29
1.33246e-28
1.94161e-28
2.82613e-28
4.10909e-28
5.96788e-28
8.65798e-28
1.25469e-27
1.81624e-27
2.62624e-27
3.7933e-27
5.47293e-27
7.88757e-27
1.1355e-26
1.63287e-26
2.3455e-26
3.36543e-26
4.82353e-26
6.90573e-26
9.87582e-26
1.41077e-25
2.01307e-25
2.86932e-25
4.08526e-25
5.81003e-25
8.25383e-25
1.17125e-24
1.66022e-24
2.3507e-24
3.32466e-24
4.69693e-24
6.62825e-24
9.34333e-24
1.31559e-23
1.85037e-23
2.59963e-23
3.64823e-23
5.1141e-23
7.16098e-23
1.00159e-22
1.39935e-22
1.9529e-22
2.72237e-22
3.7908e-22
5.27266e-22
7.32561e-22
1.01665e-21
1.40935e-21
1.95154e-21
2.6993e-21
3.72942e-21
5.14688e-21
7.09516e-21
9.77e-21
1.34382e-20
1.84629e-20
2.53381e-20
3.47346e-20
4.75623e-20
6.50545e-20
8.88802e-20
1.21296e-19
1.65348e-19
2.25147e-19
3.06229e-19
4.16042e-19
5.64601e-19
7.65347e-19
1.0363e-18
1.40161e-18
1.89357e-18
2.55532e-18
3.44446e-18
4.63777e-18
6.23747e-18
8.37952e-18
1.12445e-17
1.50721e-17
2.01798e-17
2.69881e-17
3.60527e-17
4.81075e-17
6.41209e-17
8.53682e-17
1.13528e-16
1.50807e-16
2.001e-16
2.65207e-16
3.51101e-16
4.64289e-16
6.13274e-16
8.09152e-16
1.06639e-15
1.40381e-15
1.84592e-15
2.42452e-15
3.18088e-15
4.16849e-15
5.45654e-15
7.13454e-15
9.318e-15
1.21559e-14
1.58402e-14
2.06179e-14
2.68061e-14
3.48123e-14
4.51585e-14
5.85132e-14
7.57315e-14
9.79054e-14
1.26429e-13
1.63076e-13
2.10109e-13
2.70399e-13
3.47595e-13
4.46324e-13
5.72444e-13
7.33371e-13
9.38472e-13
1.19957e-12
1.53157e-12
1.95325e-12
2.48818e-12
3.16603e-12
4.02397e-12
5.10859e-12
6.4782e-12
8.20567e-12
1.0382e-11
1.31206e-11
1.65628e-11
2.08842e-11
2.63033e-11
3.3091e-11
4.15829e-11
5.21947e-11
6.54401e-11
8.19536e-11
1.02518e-10
1.28096e-10
1.59874e-10
1.99309e-10
2.48188e-10
3.08704e-10
3.83539e-10
4.75973e-10
5.90013e-10
7.30545e-10
9.03521e-10
1.11618e-09
1.37733e-09
1.69765e-09
2.09009e-09
2.57031e-09
3.15728e-09
3.87389e-09
4.74774e-09
5.8121e-09
7.10698e-09
8.68047e-09
1.05903e-08
1.29056e-08
1.57092e-08
1.91002e-08
2.31967e-08
2.81398e-08
3.40976e-08
4.12697e-08
4.98938e-08
6.02514e-08
7.26766e-08
8.75647e-08
1.05383e-07
1.26683e-07
1.52115e-07
1.82445e-07
2.18575e-07
2.61563e-07
3.1265e-07
3.73291e-07
4.45189e-07
5.30333e-07
6.31044e-07
7.5003e-07
8.90442e-07
1.05594e-06
1.25078e-06
1.4799e-06
1.749e-06
2.0647e-06
2.43463e-06
2.86758e-06
3.37371e-06
3.96469e-06
4.65392e-06
5.4568e-06
6.39096e-06
7.47659e-06
8.73677e-06
1.01978e-05
1.18898e-05
1.38469e-05
1.61079e-05
1.8717e-05
2.17243e-05
2.51864e-05
2.91673e-05
3.37395e-05
3.89846e-05
4.49944e-05
5.18724e-05
5.97346e-05
6.87114e-05
7.89487e-05
9.06095e-05
0.000103876
0.000118952
0.000136063
0.000155463
0.000177429
0.000202273
0.000230339
0.000262007
0.000297696
0.00033787
0.00038304
0.000433765
0.000490662
0.000554407
0.000625738
0.000705465
0.00079447
0.000893715
0.00100425
0.0011272
0.00126382
0.00141543
0.00158349
0.00176955
0.00197531
0.00220257
0.00245328
0.00272955
0.0030336
0.00336785
0.00373485
0.00413733
0.0045782
0.00506055
0.00558765
0.00616298
0.0067902
0.00747317
0.00821597
0.00902289
0.00989841
0.0108472
0.0118743
0.0129847
0.0141838
0.0154772
0.0168705
0.0183698
0.0199811
0.0217109
0.0235655
0.0255517
0.0276761
0.0299459
0.032368
0.0349495
0.0376977
0.0406199
0.0437233
0.0470154
0.0505034
0.0541946
0.0580961
0.0622151
0.0665585
0.071133
0.0759453
0.0810016
0.0863081
0.0918703
0.0976939
0.103784
0.110144
0.11678
0.123694
0.13089
0.13837
0.146136
0.15419
0.162533
0.171163
0.180081
0.189286
0.198774
0.208543
0.21859
0.22891
0.239498
0.250347
0.261452
0.272803
0.284394
0.296214
0.308255
0.320504
0.332952
0.345586
0.358393
0.371361
0.384475
0.397721
0.411084
0.42455
0.438102
0.451724
0.465401
0.479115
0.49285
0.50659
0.520317
0.534014
0.547665
0.561252
0.57476
0.588171
0.60147
0.61464
0.627667
0.640534
0.653227
0.665732
0.678035
0.690123
0.701982
0.713602
0.724969
0.736073
0.746904
0.757452
0.767708
0.777663
0.787309
0.796639
0.805646
0.814325
0.822668
0.830673
0.838333
0.845644
0.852604
0.859209
0.865457
0.871344
0.87687
0.882031
0.886828
0.891258
0.895321
0.899017
0.902343
0.905301
0.907889
0.910108
0.911958
0.913437
0.914547
0.915287
0.915657
0.915657
0.915287
0.914547
0.913437
0.911958
0.910108
0.907889
0.905301
0.902343
0.899017
0.895321
0.891258
0.886828
0.882031
0.87687
0.871344
0.865457
0.859209
0.852604
0.845644
0.838333
0.830673
0.822668
0.814325
0.805646
0.796639
0.787309
0.777663
0.767708
0.757452
0.746904
0.736073
0.724969
0.713602
0.701982
0.690123
0.678035
0.665732
0.653227
0.640534
0.627667
0.61464
0.60147
0.588171
0.57476
0.561252
0.547665
0.534014
0.520317
0.50659
0.49285
0.479115
0.465401
0.451724
0.438102
0.42455
0.411084
0.397721
0.384475
0.371361
0.358393
0.345586
0.332952
0.320504
0.308255
0.296214
0.284394
0.272803
0.261452
0.250347
0.239498
0.22891
0.21859
0.208543
0.198774
0.189286
0.180081
0.171163
0.162533
0.15419
0.146136
0.13837
0.13089
0.123694
0.11678
0.110144
0.103784
0.0976939
0.0918703
0.0863081
0.0810016
0.0759453
0.071133
0.0665585
0.0622151
0.0580961
0.0541946
0.0505034
0.0470154
0.0437233
0.0406199
0.0376977
0.0349495
0.032368
0.0299459
0.0276761
0.0255517
0.0235655
0.0217109
0.0199811
0.0183698
0.0168705
0.0154772
0.0141838
0.0129847
0.0118743
0.0108472
0.00989841
0.00902289
0.00821597
0.00747317
0.0067902
0.00616298
0.00558765
0.00506055
0.0045782
0.00413733
0.00373485
0.00336785
0.0030336
0.00272955
0.00245328
0.00220257
0.00197531
0.00176955
0.00158349
0.00141543
0.00126382
0.0011272
0.00100425
0.000893715
0.00079447
0.000705465
0.000625738
0.000554407
0.000490662
0.000433765
0.00038304
0.00033787
0.000297696
0.000262007
0.000230339
0.000202273
0.000177429
0.000155463
0.000136063
0.000118952
0.000103876
9.06095e-05
7.89487e-05
6.87114e-05
5.97346e-05
5.18724e-05
4.49944e-05
3.89846e-05
3.37395e-05
2.91673e-05
2.51864e-05
2.17243e-05
1.8717e-05
1.61079e-05
1.38469e-05
1.18898e-05
1.01978e-05
8.73677e-06
7.47659e-06
6.39096e-06
5.4568e-06
4.65392e-06
3.96469e-06
3.37371e-06
2.86758e-06
2.43463e-06
2.0647e-06
1.749e-06
1.4799e-06
1.25078e-06
1.05594e-06
8.90442e-07
7.5003e-07
6.31044e-07
5.30333e-07
4.45189e-07
3.73291e-07
3.1265e-07
2.61563e-07
2.18575e-07
1.82445e-07
1.52115e-07
1.26683e-07
1.05383e-07
8.75647e-08
7.26766e-08
6.02514e-08
4.98938e-08
4.12697e-08
3.40976e-08
2.81398e-08
2.31967e-08
1.91002e-08
1.57092e-08
1.29056e-08
1.05903e-08
8.68047e-09
7.10698e-09
5.8121e-09
4.74774e-09
3.87389e-09
3.15728e-09
2.57031e-09
2.09009e-09
1.69765e-09
1.37733e-09
1.11618e-09
9.03521e-10
7.30545e-10
5.90013e-10
4.75973e-10
3.83539e-10
3.08704e-10
2.48188e-10
1.99309e-10
1.59874e-10
1.28096e-10
1.02518e-10
8.19536e-11
6.54401e-11
5.21947e-11
4.15829e-11
3.3091e-11
2.63033e-11
2.08842e-11
1.65628e-11
1.31206e-11
1.0382e-11
8.20567e-12
6.4782e-12
5.10859e-12
4.02397e-12
3.16603e-12
2.48818e-12
1.95325e-12
1.53157e-12
1.19957e-12
9.38472e-13
7.33371e-13
5.72444e-13
4.46324e-13
3.47595e-13
2.70399e-13
2.10109e-13
1.63076e-13
1.26429e-13
9.79054e-14
7.57315e-14
5.85132e-14
4.51585e-14
3.48123e-14
2.68061e-14
2.06179e-14
1.58402e-14
1.21559e-14
9.318e-15
7.13454e-15
5.45654e-15
4.16849e-15
3.18088e-15
2.42452e-15
1.84592e-15
1.40381e-15
1.06639e-15
8.09152e-16
6.13274e-16
4.64289e-16
3.51101e-16
2.65207e-16
2.001e-16
1.50807e-16
1.13528e-16
8.53682e-17
6.41209e-17
4.81075e-17
3.60527e-17
2.69881e-17
2.01798e-17
1.50721e-17
1.12445e-17
8.37952e-18
6.23747e-18
4.63777e-18
3.44446e-18
2.55532e-18
1.89357e-18
1.40161e-18
1.0363e-18
7.65347e-19
5.64601e-19
4.16042e-19
3.06229e-19
2.25147e-19
1.65348e-19
1.21296e-19
8.88802e-20
6.50545e-20
4.75623e-20
3.47346e-20
2.53381e-20
1.84629e-20
1.34382e-20
9.77e-21
7.09516e-21
5.14688e-21
3.72942e-21
2.6993e-21
1.95154e-21
1.40935e-21
1.01665e-21
7.32561e-22
5.27266e-22
3.7908e-22
2.72237e-22
1.9529e-22
1.39935e-22
1.00159e-22
7.16098e-23
5.1141e-23
3.64823e-23
2.59963e-23
1.85037e-23
1.31559e-23
9.34333e-24
6.62825e-24
4.69693e-24
3.32466e-24
2.3507e-24
1.66022e-24
1.17125e-24
8.25383e-25
5.81003e-25
4.08526e-25
2.86932e-25
2.01307e-25
1.41077e-25
9.87582e-26
6.90573e-26
4.82353e-26
3.36543e-26
2.3455e-26
1.63287e-26
1.1355e-26
7.88757e-27
5.47293e-27
3.7933e-27
2.62624e-27
1.81624e-27
1.25469e-27
8.65798e-28
5.96788e-28
4.10909e-28
2.82613e-28
1.94161e-28
1.33246e-28
9.13413e-29
6.25466e-29
4.27822e-29
2.92312e-29
1.99504e-29
1.36013e-29
9.26261e-30
6.30101e-30
4.28164e-30
2.90626e-30
1.97053e-30
1.33462e-30
9.02931e-31
6.10207e-31
4.11932e-31
2.77778e-31
1.8711e-31
1.25898e-31
8.46195e-32
5.68128e-32
3.8102e-32
2.55256e-32
1.70817e-32
1.14186e-32
7.62467e-33
5.08577e-33
3.3886e-33
2.25533e-33
1.49944e-33
9.95806e-34
6.60615e-34
4.37775e-34
2.89789e-34
1.9162e-34
1.2657e-34
8.35118e-35
5.5042e-35
3.62385e-35
2.38329e-35
1.56571e-35
1.02749e-35
6.73557e-36
4.41063e-36
2.88508e-36
1.88515e-36
1.23045e-36
8.02262e-37
5.22514e-37
3.39947e-37
2.20931e-37
1.43428e-37
9.30132e-38
6.02541e-38
3.89908e-38
2.5204e-38
1.62746e-38
1.04975e-38
6.76384e-39
4.35346e-39
2.79905e-39
1.79771e-39
1.15336e-39
7.39167e-40
4.73212e-40
3.02624e-40
1.93325e-40
1.23369e-40
7.86431e-41
5.00785e-41
3.1855e-41
2.02414e-41
1.28481e-41
8.14656e-42
5.15996e-42
3.2648e-42
2.06349e-42
1.30283e-42
8.21693e-43
5.1769e-43
3.25813e-43
2.04835e-43
1.28641e-43
8.07037e-44
5.05762e-44
3.1662e-44
1.98002e-44
1.23692e-44
7.71884e-45
4.81176e-45
2.99637e-45
1.86392e-45
1.15824e-45
7.18975e-46
4.45829e-46
2.76163e-46
1.70885e-46
1.05629e-46
6.52236e-47
4.02317e-47
2.47899e-47
1.5259e-47
9.38247e-48
5.76305e-48
3.53616e-48
2.16747e-48
1.32715e-48
8.11766e-49
4.96004e-49
3.0275e-49
1.84599e-49
1.12439e-49
6.8415e-50
4.15844e-50
2.52497e-50
1.53153e-50
9.27992e-51
5.61707e-51
3.39645e-51
2.05162e-51
1.23807e-51
7.46483e-52
4.49847e-52
2.71194e-52
1.63975e-52
1.00136e-52
6.2913e-53
4.24924e-53
3.34762e-53
)
;

boundaryField
{
    sides
    {
        type            zeroGradient;
    }
    empty
    {
        type            empty;
    }
}


// ************************************************************************* //
