/*--------------------------------*- C++ -*----------------------------------*\
  =========                 |
  \\      /  F ield         | OpenFOAM: The Open Source CFD Toolbox
   \\    /   O peration     | Website:  https://openfoam.org
    \\  /    A nd           | Version:  13
     \\/     M anipulation  |
\*---------------------------------------------------------------------------*/
FoamFile
{
    format      ascii;
    class       volScalarField;
    location    "1.8";
    object      T;
}
// * * * * * * * * * * * * * * * * * * * * * * * * * * * * * * * * * * * * * //

dimensions      [0 0 0 1 0 0 0];

internalField   nonuniform List<scalar> 
1000
(
1.94917e-112
4.25122e-112
1.1554e-111
3.23946e-111
9.10538e-111
2.55631e-110
7.16501e-110
2.00486e-109
5.60029e-109
1.56169e-108
4.34745e-108
1.20818e-107
3.35182e-107
9.28293e-107
2.5665e-106
7.08351e-106
1.95167e-105
5.36801e-105
1.4739e-104
4.03989e-104
1.1054e-103
3.01933e-103
8.23279e-103
2.24092e-102
6.08901e-102
1.65161e-101
4.47207e-101
1.20878e-100
3.26155e-100
8.7849e-100
2.36203e-99
6.33967e-99
1.69856e-98
4.54284e-98
1.21284e-97
3.2323e-97
8.59899e-97
2.28355e-96
6.0534e-96
1.60182e-95
4.23109e-95
1.11561e-94
2.93628e-94
7.71439e-94
2.02314e-93
5.29624e-93
1.38397e-92
3.60997e-92
9.39928e-92
2.44287e-91
6.3375e-91
1.64115e-90
4.24217e-90
1.09456e-89
2.81901e-89
7.24707e-89
1.85966e-88
4.76333e-88
1.21784e-87
3.10795e-87
7.91698e-87
2.013e-86
5.10892e-86
1.29423e-85
3.27258e-85
8.25972e-85
2.08082e-84
5.23237e-84
1.31327e-83
3.29003e-83
8.22691e-83
2.05334e-82
5.11534e-82
1.27196e-81
3.15688e-81
7.82037e-81
1.93365e-80
4.77213e-80
1.17551e-79
2.89014e-79
7.09236e-79
1.73716e-78
4.24682e-78
1.03625e-77
2.52368e-77
6.13451e-77
1.48832e-76
3.60397e-76
8.71034e-76
2.10115e-75
5.05877e-75
1.21562e-74
2.91552e-74
6.97903e-74
1.66739e-73
3.97592e-73
9.46233e-73
2.24759e-72
5.32833e-72
1.26073e-71
2.97719e-71
7.01687e-71
1.65057e-70
3.87501e-70
9.07949e-70
2.12324e-69
4.95545e-69
1.15428e-68
2.68341e-68
6.22592e-68
1.44166e-67
3.33168e-67
7.68426e-67
1.7688e-66
4.06344e-66
9.31633e-66
2.13172e-65
4.86797e-65
1.10942e-64
2.52336e-64
5.72782e-64
1.29756e-63
2.93356e-63
6.6189e-63
1.4904e-62
3.34921e-62
7.5111e-62
1.68107e-61
3.75481e-61
8.36967e-61
1.86185e-60
4.13331e-60
9.15727e-60
2.02464e-59
4.46724e-59
9.83655e-59
2.1615e-58
4.73999e-58
1.0373e-57
2.26537e-57
4.93715e-57
1.07379e-56
2.33056e-56
5.04782e-56
1.09106e-55
2.35336e-55
5.06553e-55
1.08807e-54
2.33231e-54
4.98891e-54
1.06492e-53
2.2684e-53
4.82181e-53
1.0228e-52
2.16498e-52
4.57304e-52
9.63916e-52
2.02748e-51
4.25554e-51
8.9132e-51
1.86291e-50
3.88531e-50
8.08605e-50
1.67928e-49
3.48002e-49
7.19638e-49
1.48497e-48
3.05766e-48
6.28247e-48
1.28807e-47
2.6352e-47
5.37962e-47
1.09586e-46
2.2275e-46
4.51796e-46
9.1438e-46
1.84658e-45
3.72107e-45
7.48209e-45
1.50118e-44
3.00534e-44
6.00353e-44
1.19666e-43
2.38004e-43
4.72328e-43
9.353e-43
1.848e-42
3.64334e-42
7.16701e-42
1.40675e-41
2.7551e-41
5.38389e-41
1.04976e-40
2.04232e-40
3.96452e-40
7.67876e-40
1.48397e-39
2.86146e-39
5.50529e-39
1.05682e-38
2.02418e-38
3.86834e-38
7.37604e-38
1.40328e-37
2.66372e-37
5.04491e-37
9.53316e-37
1.79737e-36
3.38109e-36
6.34586e-36
1.18833e-35
2.22024e-35
4.13878e-35
7.69759e-35
1.42839e-34
2.64452e-34
4.88486e-34
9.00251e-34
1.65531e-33
3.03666e-33
5.55797e-33
1.01493e-32
1.84907e-32
3.36101e-32
6.09511e-32
1.10278e-31
1.99062e-31
3.58495e-31
6.44121e-31
1.15463e-30
2.06493e-30
3.68431e-30
6.55833e-30
1.1647e-29
2.06358e-29
3.64762e-29
6.43249e-29
1.13169e-28
1.98635e-28
3.47826e-28
6.07637e-28
1.05901e-27
1.84133e-27
3.194e-27
5.52727e-27
9.54235e-27
1.6435e-26
2.82391e-26
4.8406e-26
8.27775e-26
1.41218e-25
2.40342e-25
4.08067e-25
6.91185e-25
1.16793e-24
1.96877e-24
3.31079e-24
5.55423e-24
9.29546e-24
1.55193e-23
2.58478e-23
4.29464e-23
7.11836e-23
1.17701e-22
1.94147e-22
3.19467e-22
5.24406e-22
8.58722e-22
1.40275e-21
2.28586e-21
3.71587e-21
6.02573e-21
9.7476e-21
1.57298e-20
2.53212e-20
4.06613e-20
6.51347e-20
1.04082e-19
1.65909e-19
2.63813e-19
4.18458e-19
6.62119e-19
1.04507e-18
1.64545e-18
2.58433e-18
4.04889e-18
6.3277e-18
9.86458e-18
1.53403e-17
2.37961e-17
3.68213e-17
5.68343e-17
8.75062e-17
1.34395e-16
2.05893e-16
3.14641e-16
4.79626e-16
7.29291e-16
1.10614e-15
1.67352e-15
2.52557e-15
3.80187e-15
5.70877e-15
8.55054e-15
1.27747e-14
1.90376e-14
2.82994e-14
4.1961e-14
6.20605e-14
9.1556e-14
1.34728e-13
1.97756e-13
2.89533e-13
4.22829e-13
6.15926e-13
8.94929e-13
1.29701e-12
1.87496e-12
2.70356e-12
3.88841e-12
5.57828e-12
7.98215e-12
1.13928e-11
1.62192e-11
2.30314e-11
3.2621e-11
4.60854e-11
6.49405e-11
9.12757e-11
1.27962e-10
1.78933e-10
2.49566e-10
3.47188e-10
4.81756e-10
6.66763e-10
9.20448e-10
1.26738e-09
1.7406e-09
2.38434e-09
3.25777e-09
4.43967e-09
6.03476e-09
8.18179e-09
1.10641e-08
1.49231e-08
2.00762e-08
2.6939e-08
3.60543e-08
4.81293e-08
6.40823e-08
8.51026e-08
1.12726e-07
1.48928e-07
1.96249e-07
2.57937e-07
3.38137e-07
4.42127e-07
5.76601e-07
7.5003e-07
9.73096e-07
1.25923e-06
1.62529e-06
2.09233e-06
2.68661e-06
3.44074e-06
4.39515e-06
5.59976e-06
7.11607e-06
9.01956e-06
1.14026e-05
1.43781e-05
1.8083e-05
2.26839e-05
2.83818e-05
3.54192e-05
4.40873e-05
5.47352e-05
6.77794e-05
8.37156e-05
0.000103132
0.000126725
0.000155314
0.000189863
0.0002315
0.000281543
0.000341525
0.000413223
0.000498691
0.000600296
0.000720754
0.000863173
0.0010311
0.00122855
0.00146008
0.00173084
0.00204659
0.00241381
0.00283972
0.00333233
0.00390053
0.00455412
0.00530385
0.0061615
0.00713992
0.00825303
0.00951589
0.0109447
0.0125568
0.0143707
0.016406
0.0186835
0.0212249
0.0240529
0.0271914
0.0306646
0.0344976
0.0387161
0.043346
0.0484133
0.053944
0.0599638
0.0664979
0.0735704
0.0812047
0.0894224
0.0982437
0.107687
0.117767
0.128498
0.13989
0.15195
0.164682
0.178087
0.192159
0.206893
0.222275
0.23829
0.254918
0.272135
0.289911
0.308213
0.327006
0.346249
0.365897
0.385903
0.406218
0.426789
0.447561
0.468478
0.489483
0.510517
0.531521
0.552439
0.573211
0.593782
0.614096
0.634103
0.653751
0.672993
0.691786
0.710088
0.727864
0.74508
0.761707
0.777722
0.793103
0.807835
0.821906
0.835309
0.848038
0.860095
0.871484
0.88221
0.892285
0.901721
0.910533
0.918741
0.926362
0.933418
0.939933
0.945929
0.951431
0.956464
0.961052
0.965221
0.968994
0.972395
0.975448
0.978175
0.980596
0.982731
0.984598
0.986215
0.987595
0.988753
0.9897
0.990446
0.990999
0.991364
0.991545
0.991545
0.991364
0.990999
0.990446
0.9897
0.988753
0.987595
0.986215
0.984598
0.982731
0.980596
0.978175
0.975448
0.972395
0.968994
0.965221
0.961052
0.956464
0.951431
0.945929
0.939933
0.933418
0.926362
0.918741
0.910533
0.901721
0.892285
0.88221
0.871484
0.860095
0.848038
0.835309
0.821906
0.807835
0.793103
0.777722
0.761707
0.74508
0.727864
0.710088
0.691786
0.672993
0.653751
0.634103
0.614096
0.593782
0.573211
0.552439
0.531521
0.510517
0.489483
0.468478
0.447561
0.426789
0.406218
0.385903
0.365897
0.346249
0.327006
0.308213
0.289911
0.272135
0.254918
0.23829
0.222275
0.206893
0.192159
0.178087
0.164682
0.15195
0.13989
0.128498
0.117767
0.107687
0.0982437
0.0894224
0.0812047
0.0735704
0.0664979
0.0599638
0.053944
0.0484133
0.043346
0.0387161
0.0344976
0.0306646
0.0271914
0.0240529
0.0212249
0.0186835
0.016406
0.0143707
0.0125568
0.0109447
0.00951589
0.00825303
0.00713992
0.0061615
0.00530385
0.00455412
0.00390053
0.00333233
0.00283972
0.00241381
0.00204659
0.00173084
0.00146008
0.00122855
0.0010311
0.000863173
0.000720754
0.000600296
0.000498691
0.000413223
0.000341525
0.000281543
0.0002315
0.000189863
0.000155314
0.000126725
0.000103132
8.37156e-05
6.77794e-05
5.47352e-05
4.40873e-05
3.54192e-05
2.83818e-05
2.26839e-05
1.8083e-05
1.43781e-05
1.14026e-05
9.01956e-06
7.11607e-06
5.59976e-06
4.39515e-06
3.44074e-06
2.68661e-06
2.09233e-06
1.62529e-06
1.25923e-06
9.73096e-07
7.5003e-07
5.76601e-07
4.42127e-07
3.38137e-07
2.57937e-07
1.96249e-07
1.48928e-07
1.12726e-07
8.51026e-08
6.40823e-08
4.81293e-08
3.60543e-08
2.6939e-08
2.00762e-08
1.49231e-08
1.10641e-08
8.18179e-09
6.03476e-09
4.43967e-09
3.25777e-09
2.38434e-09
1.7406e-09
1.26738e-09
9.20448e-10
6.66763e-10
4.81756e-10
3.47188e-10
2.49566e-10
1.78933e-10
1.27962e-10
9.12757e-11
6.49405e-11
4.60854e-11
3.2621e-11
2.30314e-11
1.62192e-11
1.13928e-11
7.98215e-12
5.57828e-12
3.88841e-12
2.70356e-12
1.87496e-12
1.29701e-12
8.94929e-13
6.15926e-13
4.22829e-13
2.89533e-13
1.97756e-13
1.34728e-13
9.1556e-14
6.20605e-14
4.1961e-14
2.82994e-14
1.90376e-14
1.27747e-14
8.55054e-15
5.70877e-15
3.80187e-15
2.52557e-15
1.67352e-15
1.10614e-15
7.29291e-16
4.79626e-16
3.14641e-16
2.05893e-16
1.34395e-16
8.75062e-17
5.68343e-17
3.68213e-17
2.37961e-17
1.53403e-17
9.86458e-18
6.3277e-18
4.04889e-18
2.58433e-18
1.64545e-18
1.04507e-18
6.62119e-19
4.18458e-19
2.63813e-19
1.65909e-19
1.04082e-19
6.51347e-20
4.06613e-20
2.53212e-20
1.57298e-20
9.7476e-21
6.02573e-21
3.71587e-21
2.28586e-21
1.40275e-21
8.58722e-22
5.24406e-22
3.19467e-22
1.94147e-22
1.17701e-22
7.11836e-23
4.29464e-23
2.58478e-23
1.55193e-23
9.29546e-24
5.55423e-24
3.31079e-24
1.96877e-24
1.16793e-24
6.91185e-25
4.08067e-25
2.40342e-25
1.41218e-25
8.27775e-26
4.8406e-26
2.82391e-26
1.6435e-26
9.54235e-27
5.52727e-27
3.194e-27
1.84133e-27
1.05901e-27
6.07637e-28
3.47826e-28
1.98635e-28
1.13169e-28
6.43249e-29
3.64762e-29
2.06358e-29
1.1647e-29
6.55833e-30
3.68431e-30
2.06493e-30
1.15463e-30
6.44121e-31
3.58495e-31
1.99062e-31
1.10278e-31
6.09511e-32
3.36101e-32
1.84907e-32
1.01493e-32
5.55797e-33
3.03666e-33
1.65531e-33
9.00251e-34
4.88486e-34
2.64452e-34
1.42839e-34
7.69759e-35
4.13878e-35
2.22024e-35
1.18833e-35
6.34586e-36
3.38109e-36
1.79737e-36
9.53316e-37
5.04491e-37
2.66372e-37
1.40328e-37
7.37604e-38
3.86834e-38
2.02418e-38
1.05682e-38
5.50529e-39
2.86146e-39
1.48397e-39
7.67876e-40
3.96452e-40
2.04232e-40
1.04976e-40
5.38389e-41
2.7551e-41
1.40675e-41
7.16701e-42
3.64334e-42
1.848e-42
9.353e-43
4.72328e-43
2.38004e-43
1.19666e-43
6.00353e-44
3.00534e-44
1.50118e-44
7.48209e-45
3.72107e-45
1.84658e-45
9.1438e-46
4.51796e-46
2.2275e-46
1.09586e-46
5.37962e-47
2.6352e-47
1.28807e-47
6.28247e-48
3.05766e-48
1.48497e-48
7.19638e-49
3.48002e-49
1.67928e-49
8.08605e-50
3.88531e-50
1.86291e-50
8.9132e-51
4.25554e-51
2.02748e-51
9.63916e-52
4.57304e-52
2.16498e-52
1.0228e-52
4.82181e-53
2.2684e-53
1.06492e-53
4.98891e-54
2.33231e-54
1.08807e-54
5.06553e-55
2.35336e-55
1.09106e-55
5.04782e-56
2.33056e-56
1.07379e-56
4.93715e-57
2.26537e-57
1.0373e-57
4.73999e-58
2.1615e-58
9.83655e-59
4.46724e-59
2.02464e-59
9.15727e-60
4.13331e-60
1.86185e-60
8.36967e-61
3.75481e-61
1.68107e-61
7.5111e-62
3.34921e-62
1.4904e-62
6.6189e-63
2.93356e-63
1.29756e-63
5.72782e-64
2.52336e-64
1.10942e-64
4.86797e-65
2.13172e-65
9.31633e-66
4.06344e-66
1.7688e-66
7.68426e-67
3.33168e-67
1.44166e-67
6.22592e-68
2.68341e-68
1.15428e-68
4.95545e-69
2.12324e-69
9.07949e-70
3.87501e-70
1.65057e-70
7.01687e-71
2.97719e-71
1.26073e-71
5.32833e-72
2.24759e-72
9.46233e-73
3.97592e-73
1.66739e-73
6.97903e-74
2.91552e-74
1.21562e-74
5.05877e-75
2.10115e-75
8.71034e-76
3.60397e-76
1.48832e-76
6.13451e-77
2.52368e-77
1.03625e-77
4.24682e-78
1.73716e-78
7.09236e-79
2.89014e-79
1.17551e-79
4.77213e-80
1.93365e-80
7.82037e-81
3.15688e-81
1.27196e-81
5.11534e-82
2.05334e-82
8.22691e-83
3.29003e-83
1.31327e-83
5.23237e-84
2.08082e-84
8.25972e-85
3.27258e-85
1.29423e-85
5.10892e-86
2.013e-86
7.91698e-87
3.10795e-87
1.21784e-87
4.76333e-88
1.85966e-88
7.24707e-89
2.81901e-89
1.09456e-89
4.24217e-90
1.64115e-90
6.3375e-91
2.44287e-91
9.39928e-92
3.60997e-92
1.38397e-92
5.29624e-93
2.02314e-93
7.71439e-94
2.93628e-94
1.11561e-94
4.23109e-95
1.60182e-95
6.0534e-96
2.28355e-96
8.59899e-97
3.2323e-97
1.21284e-97
4.54284e-98
1.69856e-98
6.33967e-99
2.36203e-99
8.7849e-100
3.26155e-100
1.20878e-100
4.47207e-101
1.65161e-101
6.08901e-102
2.24092e-102
8.23279e-103
3.01933e-103
1.1054e-103
4.03989e-104
1.4739e-104
5.36801e-105
1.95167e-105
7.08351e-106
2.5665e-106
9.28293e-107
3.35182e-107
1.20818e-107
4.34745e-108
1.56169e-108
5.60029e-109
2.00486e-109
7.16501e-110
2.55631e-110
9.10538e-111
3.23946e-111
1.1554e-111
4.25122e-112
1.94917e-112
)
;

boundaryField
{
    sides
    {
        type            zeroGradient;
    }
    empty
    {
        type            empty;
    }
}


// ************************************************************************* //
