/*--------------------------------*- C++ -*----------------------------------*\
  =========                 |
  \\      /  F ield         | OpenFOAM: The Open Source CFD Toolbox
   \\    /   O peration     | Website:  https://openfoam.org
    \\  /    A nd           | Version:  13
     \\/     M anipulation  |
\*---------------------------------------------------------------------------*/
FoamFile
{
    format      ascii;
    class       volScalarField;
    location    "1.755";
    object      T;
}
// * * * * * * * * * * * * * * * * * * * * * * * * * * * * * * * * * * * * * //

dimensions      [0 0 0 1 0 0 0];

internalField   nonuniform List<scalar> 
1000
(
8.32777e-115
1.85676e-114
5.15465e-114
1.47409e-113
4.22451e-113
1.20916e-112
3.45519e-112
9.8563e-112
2.80678e-111
7.9791e-111
2.26438e-110
6.41493e-110
1.81419e-109
5.12177e-109
1.44345e-108
4.06097e-108
1.14051e-107
3.1975e-107
8.94877e-107
2.50009e-106
6.97247e-106
1.94113e-105
5.39461e-105
1.49658e-104
4.14453e-104
1.14573e-103
3.16172e-103
8.70951e-103
2.39494e-102
6.5739e-102
1.80127e-101
4.92677e-101
1.34515e-100
3.66609e-100
9.97375e-100
2.70854e-99
7.34233e-99
1.98679e-98
5.36645e-98
1.44691e-97
3.89413e-97
1.04615e-96
2.80539e-96
7.50937e-96
2.00644e-95
5.3513e-95
1.42463e-94
3.78575e-94
1.00417e-93
2.65872e-93
7.02651e-93
1.85358e-92
4.88072e-92
1.2828e-91
3.36536e-91
8.81262e-91
2.30343e-90
6.00955e-90
1.56496e-89
4.06781e-89
1.05538e-88
2.73306e-88
7.06448e-88
1.82264e-87
4.69363e-87
1.20643e-86
3.09517e-86
7.92592e-86
2.02581e-85
5.16807e-85
1.31595e-84
3.34449e-84
8.48398e-84
2.14806e-83
5.42836e-83
1.3692e-82
3.44696e-82
8.66123e-82
2.17217e-81
5.43724e-81
1.35841e-80
3.38728e-80
8.4302e-80
2.09406e-79
5.19164e-79
1.28464e-78
3.17264e-78
7.82024e-78
1.92388e-77
4.72381e-77
1.15762e-76
2.83133e-76
6.91149e-76
1.68385e-75
4.09439e-75
9.93626e-75
2.40661e-74
5.8175e-74
1.4035e-73
3.37937e-73
8.12084e-73
1.94764e-72
4.66185e-72
1.11365e-71
2.65507e-71
6.31744e-71
1.50018e-70
3.55532e-70
8.40908e-70
1.98496e-69
4.6761e-69
1.09938e-68
2.57952e-68
6.04028e-68
1.41157e-67
3.29208e-67
7.66236e-67
1.77982e-66
4.12583e-66
9.54478e-66
2.20363e-65
5.07724e-65
1.16743e-64
2.67887e-64
6.13456e-64
1.40193e-63
3.19728e-63
7.27685e-63
1.65278e-62
3.7462e-62
8.47369e-62
1.91275e-61
4.3087e-61
9.6858e-61
2.17282e-60
4.8642e-60
1.08667e-59
2.42257e-59
5.38954e-59
1.19652e-58
2.65082e-58
5.86044e-58
1.29291e-57
2.84641e-57
6.25333e-57
1.37092e-56
2.99912e-56
6.54726e-56
1.42629e-55
3.10051e-55
6.72572e-55
1.45587e-54
3.1447e-54
6.77817e-54
1.45787e-53
3.12893e-53
6.70108e-53
1.43206e-52
3.05385e-52
6.49829e-52
1.3798e-51
2.92346e-51
6.18073e-51
1.3039e-50
2.74478e-50
5.7654e-50
1.20839e-49
2.52722e-49
5.27391e-49
1.09818e-48
2.28175e-48
4.73055e-48
9.78598e-48
2.01997e-47
4.16036e-47
8.54991e-47
1.75322e-46
3.58718e-46
7.32335e-46
1.49179e-45
3.03209e-45
6.14912e-45
1.24428e-44
2.51223e-44
5.06096e-44
1.01727e-43
2.04019e-43
4.08257e-43
8.15124e-43
1.62382e-42
3.22759e-42
6.40091e-42
1.26656e-41
2.50052e-41
4.92555e-41
9.68046e-41
1.89825e-40
3.71386e-40
7.24956e-40
1.41192e-39
2.74359e-39
5.31909e-39
1.02888e-38
1.98562e-38
3.82327e-38
7.34475e-38
1.40774e-37
2.69196e-37
5.13587e-37
9.77594e-37
1.85652e-36
3.51753e-36
6.64922e-36
1.25399e-35
2.35946e-35
4.42915e-35
8.29501e-35
1.54989e-34
2.88916e-34
5.37314e-34
9.96936e-34
1.84539e-33
3.40794e-33
6.27877e-33
1.15408e-32
2.11628e-32
3.87156e-32
7.06601e-32
1.28657e-31
2.33705e-31
4.23516e-31
7.65671e-31
1.38096e-30
2.48478e-30
4.46024e-30
7.98716e-30
1.42689e-29
2.543e-29
4.52131e-29
8.01937e-29
1.41897e-28
2.50474e-28
4.41068e-28
7.74823e-28
1.35785e-27
2.37383e-27
4.13998e-27
7.2027e-27
1.25008e-26
2.16435e-26
3.73818e-26
6.44073e-26
1.10701e-25
1.89806e-25
3.24643e-25
5.53912e-25
9.42783e-25
1.60073e-24
2.71118e-24
4.58069e-24
7.72031e-24
1.29798e-23
2.17687e-23
3.64187e-23
6.07773e-23
1.01178e-22
1.68016e-22
2.78318e-22
4.59889e-22
7.58027e-22
1.24634e-21
2.04411e-21
3.34419e-21
5.45748e-21
8.88399e-21
1.44257e-20
2.33657e-20
3.77511e-20
6.08403e-20
9.78051e-20
1.56834e-19
2.50855e-19
4.00231e-19
6.36948e-19
1.01111e-18
1.60102e-18
2.52868e-18
3.98373e-18
6.26016e-18
9.81246e-18
1.53414e-17
2.39249e-17
3.72158e-17
5.77427e-17
8.93633e-17
1.37947e-16
2.124e-16
3.262e-16
4.99693e-16
7.63498e-16
1.16358e-15
1.76878e-15
2.68183e-15
4.05576e-15
6.11778e-15
9.20442e-15
1.38127e-14
2.06747e-14
3.08658e-14
4.59613e-14
6.82626e-14
1.01123e-13
1.49413e-13
2.20191e-13
3.23656e-13
4.74503e-13
6.93849e-13
1.01195e-12
1.47205e-12
2.13577e-12
3.09067e-12
4.46085e-12
6.42165e-12
9.22021e-12
1.32038e-11
1.8859e-11
2.68659e-11
3.81721e-11
5.40941e-11
7.64566e-11
1.0778e-10
1.51538e-10
2.12501e-10
2.97207e-10
4.14585e-10
5.76797e-10
8.00366e-10
1.10767e-09
1.52891e-09
2.1048e-09
2.88996e-09
3.95753e-09
5.40518e-09
7.36286e-09
1.00031e-08
1.35542e-08
1.83173e-08
2.46888e-08
3.31884e-08
4.44962e-08
5.94988e-08
7.93489e-08
1.05541e-07
1.40007e-07
1.85237e-07
2.44427e-07
3.21677e-07
4.22218e-07
5.52713e-07
7.21621e-07
9.39648e-07
1.2203e-06
1.58058e-06
2.04178e-06
2.63057e-06
3.38016e-06
4.33181e-06
5.53667e-06
7.05788e-06
8.97319e-06
1.1378e-05
1.4389e-05
1.81487e-05
2.283e-05
2.86427e-05
3.58403e-05
4.47278e-05
5.56715e-05
6.91095e-05
8.55643e-05
0.000105657
0.000130124
0.000159833
0.000195808
0.000239247
0.000291554
0.000354361
0.000429566
0.000519363
0.000626284
0.000753237
0.000903552
0.00108103
0.00128999
0.00153532
0.00182254
0.00215787
0.00254826
0.00300147
0.00352613
0.00413178
0.00482897
0.00562925
0.0065453
0.00759089
0.00878097
0.0101317
0.0116604
0.0133856
0.0153272
0.017506
0.0199441
0.0226647
0.0256918
0.0290506
0.0327668
0.0368666
0.0413771
0.046325
0.0517376
0.0576417
0.0640636
0.0710288
0.078562
0.0866862
0.095423
0.104792
0.11481
0.125492
0.136849
0.14889
0.161619
0.175038
0.189144
0.203929
0.219383
0.235489
0.252228
0.269574
0.287499
0.305969
0.324947
0.34439
0.364254
0.384489
0.405045
0.425866
0.446897
0.468077
0.489349
0.510651
0.531923
0.553103
0.574134
0.594955
0.61551
0.635746
0.65561
0.675053
0.69403
0.7125
0.730424
0.74777
0.764509
0.780614
0.796067
0.810852
0.824957
0.838374
0.851101
0.86314
0.874494
0.885172
0.895185
0.904548
0.913278
0.921393
0.928916
0.935867
0.942273
0.948157
0.953545
0.958463
0.962938
0.966994
0.970658
0.973954
0.976906
0.979537
0.981868
0.98392
0.985711
0.987259
0.988578
0.989684
0.990587
0.991297
0.991822
0.99217
0.992342
0.992342
0.99217
0.991822
0.991297
0.990587
0.989684
0.988578
0.987259
0.985711
0.98392
0.981868
0.979537
0.976906
0.973954
0.970658
0.966994
0.962938
0.958463
0.953545
0.948157
0.942273
0.935867
0.928916
0.921393
0.913278
0.904548
0.895185
0.885172
0.874494
0.86314
0.851101
0.838374
0.824957
0.810852
0.796067
0.780614
0.764509
0.74777
0.730424
0.7125
0.69403
0.675053
0.65561
0.635746
0.61551
0.594955
0.574134
0.553103
0.531923
0.510651
0.489349
0.468077
0.446897
0.425866
0.405045
0.384489
0.364254
0.34439
0.324947
0.305969
0.287499
0.269574
0.252228
0.235489
0.219383
0.203929
0.189144
0.175038
0.161619
0.14889
0.136849
0.125492
0.11481
0.104792
0.095423
0.0866862
0.078562
0.0710288
0.0640636
0.0576417
0.0517376
0.046325
0.0413771
0.0368666
0.0327668
0.0290506
0.0256918
0.0226647
0.0199441
0.017506
0.0153272
0.0133856
0.0116604
0.0101317
0.00878097
0.00759089
0.0065453
0.00562925
0.00482897
0.00413178
0.00352613
0.00300147
0.00254826
0.00215787
0.00182254
0.00153532
0.00128999
0.00108103
0.000903552
0.000753237
0.000626284
0.000519363
0.000429566
0.000354361
0.000291554
0.000239247
0.000195808
0.000159833
0.000130124
0.000105657
8.55643e-05
6.91095e-05
5.56715e-05
4.47278e-05
3.58403e-05
2.86427e-05
2.283e-05
1.81487e-05
1.4389e-05
1.1378e-05
8.97319e-06
7.05788e-06
5.53667e-06
4.33181e-06
3.38016e-06
2.63057e-06
2.04178e-06
1.58058e-06
1.2203e-06
9.39648e-07
7.21621e-07
5.52713e-07
4.22218e-07
3.21677e-07
2.44427e-07
1.85237e-07
1.40007e-07
1.05541e-07
7.93489e-08
5.94988e-08
4.44962e-08
3.31884e-08
2.46888e-08
1.83173e-08
1.35542e-08
1.00031e-08
7.36286e-09
5.40518e-09
3.95753e-09
2.88996e-09
2.1048e-09
1.52891e-09
1.10767e-09
8.00366e-10
5.76797e-10
4.14585e-10
2.97207e-10
2.12501e-10
1.51538e-10
1.0778e-10
7.64566e-11
5.40941e-11
3.81721e-11
2.68659e-11
1.8859e-11
1.32038e-11
9.22021e-12
6.42165e-12
4.46085e-12
3.09067e-12
2.13577e-12
1.47205e-12
1.01195e-12
6.93849e-13
4.74503e-13
3.23656e-13
2.20191e-13
1.49413e-13
1.01123e-13
6.82626e-14
4.59613e-14
3.08658e-14
2.06747e-14
1.38127e-14
9.20442e-15
6.11778e-15
4.05576e-15
2.68183e-15
1.76878e-15
1.16358e-15
7.63498e-16
4.99693e-16
3.262e-16
2.124e-16
1.37947e-16
8.93633e-17
5.77427e-17
3.72158e-17
2.39249e-17
1.53414e-17
9.81246e-18
6.26016e-18
3.98373e-18
2.52868e-18
1.60102e-18
1.01111e-18
6.36948e-19
4.00231e-19
2.50855e-19
1.56834e-19
9.78051e-20
6.08403e-20
3.77511e-20
2.33657e-20
1.44257e-20
8.88399e-21
5.45748e-21
3.34419e-21
2.04411e-21
1.24634e-21
7.58027e-22
4.59889e-22
2.78318e-22
1.68016e-22
1.01178e-22
6.07773e-23
3.64187e-23
2.17687e-23
1.29798e-23
7.72031e-24
4.58069e-24
2.71118e-24
1.60073e-24
9.42783e-25
5.53912e-25
3.24643e-25
1.89806e-25
1.10701e-25
6.44073e-26
3.73818e-26
2.16435e-26
1.25008e-26
7.2027e-27
4.13998e-27
2.37383e-27
1.35785e-27
7.74823e-28
4.41068e-28
2.50474e-28
1.41897e-28
8.01937e-29
4.52131e-29
2.543e-29
1.42689e-29
7.98716e-30
4.46024e-30
2.48478e-30
1.38096e-30
7.65671e-31
4.23516e-31
2.33705e-31
1.28657e-31
7.06601e-32
3.87156e-32
2.11628e-32
1.15408e-32
6.27877e-33
3.40794e-33
1.84539e-33
9.96936e-34
5.37314e-34
2.88916e-34
1.54989e-34
8.29501e-35
4.42915e-35
2.35946e-35
1.25399e-35
6.64922e-36
3.51753e-36
1.85652e-36
9.77594e-37
5.13587e-37
2.69196e-37
1.40774e-37
7.34475e-38
3.82327e-38
1.98562e-38
1.02888e-38
5.31909e-39
2.74359e-39
1.41192e-39
7.24956e-40
3.71386e-40
1.89825e-40
9.68046e-41
4.92555e-41
2.50052e-41
1.26656e-41
6.40091e-42
3.22759e-42
1.62382e-42
8.15124e-43
4.08257e-43
2.04019e-43
1.01727e-43
5.06096e-44
2.51223e-44
1.24428e-44
6.14912e-45
3.03209e-45
1.49179e-45
7.32335e-46
3.58718e-46
1.75322e-46
8.54991e-47
4.16036e-47
2.01997e-47
9.78598e-48
4.73055e-48
2.28175e-48
1.09818e-48
5.27391e-49
2.52722e-49
1.20839e-49
5.7654e-50
2.74478e-50
1.3039e-50
6.18073e-51
2.92346e-51
1.3798e-51
6.49829e-52
3.05385e-52
1.43206e-52
6.70108e-53
3.12893e-53
1.45787e-53
6.77817e-54
3.1447e-54
1.45587e-54
6.72572e-55
3.10051e-55
1.42629e-55
6.54726e-56
2.99912e-56
1.37092e-56
6.25333e-57
2.84641e-57
1.29291e-57
5.86044e-58
2.65082e-58
1.19652e-58
5.38954e-59
2.42257e-59
1.08667e-59
4.8642e-60
2.17282e-60
9.6858e-61
4.3087e-61
1.91275e-61
8.47369e-62
3.7462e-62
1.65278e-62
7.27685e-63
3.19728e-63
1.40193e-63
6.13456e-64
2.67887e-64
1.16743e-64
5.07724e-65
2.20363e-65
9.54478e-66
4.12583e-66
1.77982e-66
7.66236e-67
3.29208e-67
1.41157e-67
6.04028e-68
2.57952e-68
1.09938e-68
4.6761e-69
1.98496e-69
8.40908e-70
3.55532e-70
1.50018e-70
6.31744e-71
2.65507e-71
1.11365e-71
4.66185e-72
1.94764e-72
8.12084e-73
3.37937e-73
1.4035e-73
5.8175e-74
2.40661e-74
9.93626e-75
4.09439e-75
1.68385e-75
6.91149e-76
2.83133e-76
1.15762e-76
4.72381e-77
1.92388e-77
7.82024e-78
3.17264e-78
1.28464e-78
5.19164e-79
2.09406e-79
8.4302e-80
3.38728e-80
1.35841e-80
5.43724e-81
2.17217e-81
8.66123e-82
3.44696e-82
1.3692e-82
5.42836e-83
2.14806e-83
8.48398e-84
3.34449e-84
1.31595e-84
5.16807e-85
2.02581e-85
7.92592e-86
3.09517e-86
1.20643e-86
4.69363e-87
1.82264e-87
7.06448e-88
2.73306e-88
1.05538e-88
4.06781e-89
1.56496e-89
6.00955e-90
2.30343e-90
8.81262e-91
3.36536e-91
1.2828e-91
4.88072e-92
1.85358e-92
7.02651e-93
2.65872e-93
1.00417e-93
3.78575e-94
1.42463e-94
5.3513e-95
2.00644e-95
7.50937e-96
2.80539e-96
1.04615e-96
3.89413e-97
1.44691e-97
5.36645e-98
1.98679e-98
7.34233e-99
2.70854e-99
9.97375e-100
3.66609e-100
1.34515e-100
4.92677e-101
1.80127e-101
6.5739e-102
2.39494e-102
8.70951e-103
3.16172e-103
1.14573e-103
4.14453e-104
1.49658e-104
5.39461e-105
1.94113e-105
6.97247e-106
2.50009e-106
8.94877e-107
3.1975e-107
1.14051e-107
4.06097e-108
1.44345e-108
5.12177e-109
1.81419e-109
6.41493e-110
2.26438e-110
7.9791e-111
2.80678e-111
9.8563e-112
3.45519e-112
1.20916e-112
4.22451e-113
1.47409e-113
5.15465e-114
1.85676e-114
8.32777e-115
)
;

boundaryField
{
    sides
    {
        type            zeroGradient;
    }
    empty
    {
        type            empty;
    }
}


// ************************************************************************* //
