/*--------------------------------*- C++ -*----------------------------------*\
  =========                 |
  \\      /  F ield         | OpenFOAM: The Open Source CFD Toolbox
   \\    /   O peration     | Website:  https://openfoam.org
    \\  /    A nd           | Version:  13
     \\/     M anipulation  |
\*---------------------------------------------------------------------------*/
FoamFile
{
    format      ascii;
    class       volScalarField;
    location    "4.96";
    object      T;
}
// * * * * * * * * * * * * * * * * * * * * * * * * * * * * * * * * * * * * * //

dimensions      [0 0 0 1 0 0 0];

internalField   nonuniform List<scalar> 
1000
(
1.5011e-45
1.79595e-45
2.44244e-45
3.56486e-45
5.37845e-45
8.22977e-45
1.26617e-44
1.95145e-44
3.00823e-44
4.63521e-44
7.13696e-44
1.09798e-43
1.68771e-43
2.59184e-43
3.97671e-43
6.09599e-43
9.33616e-43
1.42855e-42
2.18387e-42
3.33548e-42
5.08973e-42
7.75948e-42
1.18188e-41
1.79852e-41
2.73439e-41
4.15343e-41
6.30311e-41
9.55663e-41
1.44762e-40
2.19083e-40
3.31255e-40
5.00399e-40
7.55218e-40
1.13875e-39
1.71548e-39
2.58192e-39
3.8824e-39
5.83255e-39
8.75419e-39
1.31272e-38
1.96667e-38
2.94366e-38
4.40195e-38
6.57659e-38
9.81647e-38
1.46389e-37
2.18103e-37
3.24649e-37
4.82797e-37
7.17321e-37
1.06478e-36
1.57909e-36
2.33964e-36
3.46331e-36
5.12189e-36
7.56776e-36
1.11713e-35
1.64753e-35
2.42752e-35
3.57346e-35
5.25548e-35
7.72206e-35
1.13357e-34
1.66251e-34
2.43598e-34
3.56599e-34
5.21534e-34
7.62046e-34
1.11244e-33
1.62243e-33
2.36402e-33
3.44139e-33
5.00508e-33
7.27249e-33
1.05572e-32
1.53113e-32
2.21856e-32
3.21161e-32
4.64483e-32
6.71137e-32
9.68828e-32
1.39726e-31
2.01327e-31
2.89814e-31
4.16804e-31
5.98877e-31
8.5968e-31
1.23291e-30
1.76651e-30
2.52869e-30
3.61634e-30
5.16695e-30
7.37553e-30
1.05183e-29
1.49861e-29
2.13317e-29
3.03357e-29
4.30999e-29
6.11772e-29
8.67551e-29
1.22912e-28
1.73973e-28
2.46016e-28
3.47565e-28
4.90569e-28
6.91759e-28
9.74544e-28
1.37164e-27
1.92871e-27
2.70949e-27
3.80275e-27
5.33211e-27
7.46948e-27
1.04538e-26
1.46165e-26
2.04177e-26
2.84944e-26
3.97284e-26
5.53393e-26
7.70115e-26
1.0707e-25
1.4872e-25
2.06376e-25
2.86114e-25
3.96285e-25
5.4836e-25
7.58076e-25
1.047e-24
1.44469e-24
1.99153e-24
2.74276e-24
3.7738e-24
5.18749e-24
7.124e-24
9.77415e-24
1.33974e-23
1.83465e-23
2.50999e-23
3.43066e-23
4.68459e-23
6.39077e-23
8.71008e-23
1.18598e-22
1.61332e-22
2.19256e-22
2.97694e-22
4.03807e-22
5.47224e-22
7.40872e-22
1.00209e-21
1.35413e-21
1.82809e-21
2.46559e-21
3.32223e-21
4.47225e-21
6.01463e-21
8.08122e-21
1.08475e-20
1.45469e-20
1.94893e-20
2.6086e-20
3.48822e-20
4.66e-20
6.21948e-20
8.2929e-20
1.1047e-19
1.47017e-19
1.95468e-19
2.59638e-19
3.44544e-19
4.5678e-19
6.04999e-19
8.00545e-19
1.05828e-18
1.39766e-18
1.84411e-18
2.43084e-18
3.20117e-18
4.21159e-18
5.53564e-18
7.26897e-18
9.5359e-18
1.24978e-17
1.63641e-17
2.14058e-17
2.7974e-17
3.65226e-17
4.76379e-17
6.20764e-17
8.08134e-17
1.05105e-16
1.36567e-16
1.77278e-16
2.29902e-16
2.97863e-16
3.85542e-16
4.98551e-16
6.44066e-16
8.31254e-16
1.07182e-15
1.38067e-15
1.77681e-15
2.28441e-15
2.9342e-15
3.7652e-15
4.82691e-15
6.18204e-15
7.91e-15
1.01112e-14
1.29126e-14
1.64742e-14
2.0998e-14
2.67382e-14
3.40149e-14
4.32302e-14
5.48893e-14
6.96257e-14
8.82334e-14
1.11706e-13
1.41288e-13
1.78531e-13
2.25373e-13
2.84233e-13
3.58118e-13
4.50776e-13
5.6686e-13
7.12151e-13
8.9382e-13
1.12075e-12
1.40394e-12
1.75699e-12
2.19671e-12
2.74382e-12
3.4239e-12
4.26841e-12
5.31609e-12
6.61455e-12
8.22221e-12
1.02108e-11
1.2668e-11
1.57014e-11
1.94425e-11
2.40516e-11
2.97247e-11
3.67006e-11
4.52698e-11
5.57859e-11
6.86786e-11
8.44693e-11
1.0379e-10
1.27408e-10
1.56249e-10
1.91433e-10
2.34314e-10
2.86524e-10
3.50029e-10
4.27197e-10
5.20874e-10
6.3448e-10
7.72118e-10
9.38708e-10
1.14014e-09
1.38346e-09
1.67709e-09
2.03108e-09
2.45741e-09
2.97036e-09
3.58692e-09
4.32728e-09
5.21542e-09
6.27979e-09
7.55408e-09
9.07819e-09
1.08993e-08
1.30731e-08
1.56653e-08
1.87534e-08
2.24286e-08
2.67983e-08
3.19884e-08
3.8147e-08
4.54473e-08
5.40926e-08
6.43205e-08
7.64086e-08
9.06811e-08
1.07516e-07
1.27353e-07
1.50706e-07
1.78169e-07
2.10434e-07
2.48302e-07
2.92704e-07
3.44713e-07
4.05573e-07
4.7672e-07
5.59809e-07
6.56748e-07
7.69734e-07
9.01291e-07
1.05432e-06
1.23215e-06
1.43858e-06
1.678e-06
1.95537e-06
2.27642e-06
2.64764e-06
3.07643e-06
3.57125e-06
4.14169e-06
4.79864e-06
5.55447e-06
6.42321e-06
7.42071e-06
8.56492e-06
9.8761e-06
1.13771e-05
1.30938e-05
1.5055e-05
1.72936e-05
1.9846e-05
2.27534e-05
2.60618e-05
2.98229e-05
3.40942e-05
3.89402e-05
4.44327e-05
5.06517e-05
5.76861e-05
6.56351e-05
7.46085e-05
8.47282e-05
9.61293e-05
0.000108961
0.000123389
0.000139594
0.000157779
0.000178163
0.000200992
0.000226531
0.000255074
0.000286942
0.000322488
0.000362095
0.000406185
0.000455214
0.000509681
0.00057013
0.00063715
0.000711379
0.000793513
0.000884301
0.000984555
0.00109515
0.00121703
0.00135121
0.00149879
0.00166094
0.00183892
0.00203408
0.00224787
0.00248182
0.00273758
0.00301691
0.00332166
0.00365382
0.0040155
0.00440891
0.00483641
0.0053005
0.00580379
0.00634904
0.00693918
0.00757723
0.00826641
0.00901007
0.00981169
0.0106749
0.0116036
0.0126017
0.0136732
0.0148225
0.0160539
0.017372
0.0187814
0.0202871
0.0218938
0.0236068
0.0254311
0.0273721
0.0294351
0.0316256
0.0339492
0.0364115
0.039018
0.0417745
0.0446867
0.0477602
0.0510008
0.0544141
0.0580056
0.0617809
0.0657453
0.0699042
0.0742627
0.0788258
0.0835982
0.0885845
0.0937891
0.0992161
0.104869
0.110752
0.116867
0.123219
0.129808
0.136637
0.143708
0.151021
0.158578
0.166379
0.174423
0.182709
0.191237
0.200005
0.209009
0.218248
0.227717
0.237413
0.247331
0.257465
0.26781
0.278359
0.289107
0.300044
0.311163
0.322456
0.333914
0.345527
0.357285
0.369177
0.381194
0.393323
0.405554
0.417873
0.430269
0.442729
0.455241
0.467791
0.480367
0.492955
0.505541
0.518111
0.530654
0.543154
0.555598
0.567974
0.580266
0.592463
0.604551
0.616517
0.628348
0.640032
0.651557
0.662911
0.674082
0.68506
0.695832
0.706388
0.716719
0.726815
0.736666
0.746263
0.755597
0.764661
0.773447
0.781946
0.790154
0.798062
0.805664
0.812956
0.819931
0.826584
0.832912
0.838909
0.844572
0.849897
0.85488
0.859519
0.863811
0.867754
0.871344
0.874581
0.877463
0.879987
0.882154
0.88396
0.885407
0.886492
0.887216
0.887578
0.887578
0.887216
0.886492
0.885407
0.88396
0.882154
0.879987
0.877463
0.874581
0.871344
0.867754
0.863811
0.859519
0.85488
0.849897
0.844572
0.838909
0.832912
0.826584
0.819931
0.812956
0.805664
0.798062
0.790154
0.781946
0.773447
0.764661
0.755597
0.746263
0.736666
0.726815
0.716719
0.706388
0.695832
0.68506
0.674082
0.662911
0.651557
0.640032
0.628348
0.616517
0.604551
0.592463
0.580266
0.567974
0.555598
0.543154
0.530654
0.518111
0.505541
0.492955
0.480367
0.467791
0.455241
0.442729
0.430269
0.417873
0.405554
0.393323
0.381194
0.369177
0.357285
0.345527
0.333914
0.322456
0.311163
0.300044
0.289107
0.278359
0.26781
0.257465
0.247331
0.237413
0.227717
0.218248
0.209009
0.200005
0.191237
0.182709
0.174423
0.166379
0.158578
0.151021
0.143708
0.136637
0.129808
0.123219
0.116867
0.110752
0.104869
0.0992161
0.0937891
0.0885845
0.0835982
0.0788258
0.0742627
0.0699042
0.0657453
0.0617809
0.0580056
0.0544141
0.0510008
0.0477602
0.0446867
0.0417745
0.039018
0.0364115
0.0339492
0.0316256
0.0294351
0.0273721
0.0254311
0.0236068
0.0218938
0.0202871
0.0187814
0.017372
0.0160539
0.0148225
0.0136732
0.0126017
0.0116036
0.0106749
0.00981169
0.00901007
0.00826641
0.00757723
0.00693918
0.00634904
0.00580379
0.0053005
0.00483641
0.00440891
0.0040155
0.00365382
0.00332166
0.00301691
0.00273758
0.00248182
0.00224787
0.00203408
0.00183892
0.00166094
0.00149879
0.00135121
0.00121703
0.00109515
0.000984555
0.000884301
0.000793513
0.000711379
0.00063715
0.00057013
0.000509681
0.000455214
0.000406185
0.000362095
0.000322488
0.000286942
0.000255074
0.000226531
0.000200992
0.000178163
0.000157779
0.000139594
0.000123389
0.000108961
9.61293e-05
8.47282e-05
7.46085e-05
6.56351e-05
5.76861e-05
5.06517e-05
4.44327e-05
3.89402e-05
3.40942e-05
2.98229e-05
2.60618e-05
2.27534e-05
1.9846e-05
1.72936e-05
1.5055e-05
1.30938e-05
1.13771e-05
9.8761e-06
8.56492e-06
7.42071e-06
6.42321e-06
5.55447e-06
4.79864e-06
4.14169e-06
3.57125e-06
3.07643e-06
2.64764e-06
2.27642e-06
1.95537e-06
1.678e-06
1.43858e-06
1.23215e-06
1.05432e-06
9.01291e-07
7.69734e-07
6.56748e-07
5.59809e-07
4.7672e-07
4.05573e-07
3.44713e-07
2.92704e-07
2.48302e-07
2.10434e-07
1.78169e-07
1.50706e-07
1.27353e-07
1.07516e-07
9.06811e-08
7.64086e-08
6.43205e-08
5.40926e-08
4.54473e-08
3.8147e-08
3.19884e-08
2.67983e-08
2.24286e-08
1.87534e-08
1.56653e-08
1.30731e-08
1.08993e-08
9.07819e-09
7.55408e-09
6.27979e-09
5.21542e-09
4.32728e-09
3.58692e-09
2.97036e-09
2.45741e-09
2.03108e-09
1.67709e-09
1.38346e-09
1.14014e-09
9.38708e-10
7.72118e-10
6.3448e-10
5.20874e-10
4.27197e-10
3.50029e-10
2.86524e-10
2.34314e-10
1.91433e-10
1.56249e-10
1.27408e-10
1.0379e-10
8.44693e-11
6.86786e-11
5.57859e-11
4.52698e-11
3.67006e-11
2.97247e-11
2.40516e-11
1.94425e-11
1.57014e-11
1.2668e-11
1.02108e-11
8.22221e-12
6.61455e-12
5.31609e-12
4.26841e-12
3.4239e-12
2.74382e-12
2.19671e-12
1.75699e-12
1.40394e-12
1.12075e-12
8.9382e-13
7.12151e-13
5.6686e-13
4.50776e-13
3.58118e-13
2.84233e-13
2.25373e-13
1.78531e-13
1.41288e-13
1.11706e-13
8.82334e-14
6.96257e-14
5.48893e-14
4.32302e-14
3.40149e-14
2.67382e-14
2.0998e-14
1.64742e-14
1.29126e-14
1.01112e-14
7.91e-15
6.18204e-15
4.82691e-15
3.7652e-15
2.9342e-15
2.28441e-15
1.77681e-15
1.38067e-15
1.07182e-15
8.31254e-16
6.44066e-16
4.98551e-16
3.85542e-16
2.97863e-16
2.29902e-16
1.77278e-16
1.36567e-16
1.05105e-16
8.08134e-17
6.20764e-17
4.76379e-17
3.65226e-17
2.7974e-17
2.14058e-17
1.63641e-17
1.24978e-17
9.5359e-18
7.26897e-18
5.53564e-18
4.21159e-18
3.20117e-18
2.43084e-18
1.84411e-18
1.39766e-18
1.05828e-18
8.00545e-19
6.04999e-19
4.5678e-19
3.44544e-19
2.59638e-19
1.95468e-19
1.47017e-19
1.1047e-19
8.2929e-20
6.21948e-20
4.66e-20
3.48822e-20
2.6086e-20
1.94893e-20
1.45469e-20
1.08475e-20
8.08122e-21
6.01463e-21
4.47225e-21
3.32223e-21
2.46559e-21
1.82809e-21
1.35413e-21
1.00209e-21
7.40872e-22
5.47224e-22
4.03807e-22
2.97694e-22
2.19256e-22
1.61332e-22
1.18598e-22
8.71008e-23
6.39077e-23
4.68459e-23
3.43066e-23
2.50999e-23
1.83465e-23
1.33974e-23
9.77415e-24
7.124e-24
5.18749e-24
3.7738e-24
2.74276e-24
1.99153e-24
1.44469e-24
1.047e-24
7.58076e-25
5.4836e-25
3.96285e-25
2.86114e-25
2.06376e-25
1.4872e-25
1.0707e-25
7.70115e-26
5.53393e-26
3.97284e-26
2.84944e-26
2.04177e-26
1.46165e-26
1.04538e-26
7.46948e-27
5.33211e-27
3.80275e-27
2.70949e-27
1.92871e-27
1.37164e-27
9.74544e-28
6.91759e-28
4.90569e-28
3.47565e-28
2.46016e-28
1.73973e-28
1.22912e-28
8.67551e-29
6.11772e-29
4.30999e-29
3.03357e-29
2.13317e-29
1.49861e-29
1.05183e-29
7.37553e-30
5.16695e-30
3.61634e-30
2.52869e-30
1.76651e-30
1.23291e-30
8.5968e-31
5.98877e-31
4.16804e-31
2.89814e-31
2.01327e-31
1.39726e-31
9.68828e-32
6.71137e-32
4.64483e-32
3.21161e-32
2.21856e-32
1.53113e-32
1.05572e-32
7.27249e-33
5.00508e-33
3.44139e-33
2.36402e-33
1.62243e-33
1.11244e-33
7.62046e-34
5.21534e-34
3.56599e-34
2.43598e-34
1.66251e-34
1.13357e-34
7.72206e-35
5.25548e-35
3.57346e-35
2.42752e-35
1.64753e-35
1.11713e-35
7.56776e-36
5.12189e-36
3.46331e-36
2.33964e-36
1.57909e-36
1.06478e-36
7.17321e-37
4.82797e-37
3.24649e-37
2.18103e-37
1.46389e-37
9.81647e-38
6.57659e-38
4.40195e-38
2.94366e-38
1.96667e-38
1.31272e-38
8.75419e-39
5.83255e-39
3.8824e-39
2.58192e-39
1.71548e-39
1.13875e-39
7.55218e-40
5.00399e-40
3.31255e-40
2.19083e-40
1.44762e-40
9.55663e-41
6.30311e-41
4.15343e-41
2.73439e-41
1.79852e-41
1.18188e-41
7.75948e-42
5.08973e-42
3.33548e-42
2.18387e-42
1.42855e-42
9.33616e-43
6.09599e-43
3.97671e-43
2.59184e-43
1.68771e-43
1.09798e-43
7.13696e-44
4.63521e-44
3.00823e-44
1.95145e-44
1.26617e-44
8.22977e-45
5.37845e-45
3.56486e-45
2.44244e-45
1.79595e-45
1.5011e-45
)
;

boundaryField
{
    sides
    {
        type            zeroGradient;
    }
    empty
    {
        type            empty;
    }
}


// ************************************************************************* //
