/*--------------------------------*- C++ -*----------------------------------*\
  =========                 |
  \\      /  F ield         | OpenFOAM: The Open Source CFD Toolbox
   \\    /   O peration     | Website:  https://openfoam.org
    \\  /    A nd           | Version:  13
     \\/     M anipulation  |
\*---------------------------------------------------------------------------*/
FoamFile
{
    format      ascii;
    class       volScalarField;
    location    "3.695";
    object      T;
}
// * * * * * * * * * * * * * * * * * * * * * * * * * * * * * * * * * * * * * //

dimensions      [0 0 0 1 0 0 0];

internalField   nonuniform List<scalar> 
1000
(
8.61537e-60
1.15515e-59
1.84097e-59
3.14885e-59
5.5157e-59
9.72936e-59
1.71868e-58
3.03504e-58
5.35487e-58
9.43779e-58
1.66152e-57
2.92175e-57
5.13198e-57
9.00382e-57
1.57786e-56
2.76193e-56
4.82898e-56
8.4333e-56
1.47109e-55
2.56318e-55
4.46085e-55
7.75452e-55
1.34645e-54
2.33519e-54
4.04532e-54
6.9997e-54
1.20977e-53
2.08845e-53
3.60114e-53
6.2023e-53
1.06699e-52
1.83343e-52
3.14675e-52
5.39455e-52
9.23725e-52
1.57988e-51
2.69898e-51
4.6054e-51
7.84927e-51
1.33624e-50
2.27212e-50
3.85896e-50
6.5464e-50
1.10924e-49
1.87733e-49
3.17355e-49
5.35849e-49
9.03711e-49
1.52232e-48
2.56138e-48
4.30458e-48
7.22565e-48
1.21147e-47
2.02879e-47
3.39351e-47
5.66956e-47
9.46101e-47
1.57693e-46
2.62529e-46
4.36543e-46
7.25044e-46
1.20278e-45
1.99295e-45
3.29832e-45
5.45223e-45
9.00202e-45
1.48454e-44
2.44527e-44
4.02298e-44
6.61077e-44
1.08503e-43
1.77874e-43
2.91251e-43
4.76327e-43
7.78083e-43
1.26949e-42
2.06878e-42
3.36729e-42
5.47431e-42
8.88913e-42
1.44168e-41
2.3354e-41
3.77862e-41
6.1064e-41
9.85638e-41
1.58902e-40
2.5587e-40
4.11518e-40
6.61055e-40
1.06063e-39
1.69969e-39
2.72052e-39
4.34924e-39
6.94466e-39
1.10756e-38
1.76424e-38
2.80689e-38
4.46037e-38
7.07931e-38
1.12224e-37
1.77688e-37
2.80999e-37
4.43841e-37
7.00202e-37
1.1033e-36
1.73635e-36
2.72933e-36
4.28498e-36
6.71914e-36
1.05233e-35
1.64612e-35
2.57185e-35
4.01329e-35
6.25501e-35
9.73705e-35
1.5139e-34
2.35093e-34
3.64629e-34
5.64851e-34
8.73951e-34
1.35055e-33
2.08451e-33
3.21341e-33
4.94763e-33
7.60849e-33
1.16861e-32
1.79269e-32
2.74671e-32
4.20326e-32
6.42434e-32
9.80704e-32
1.49525e-31
2.27698e-31
3.46313e-31
5.26072e-31
7.98157e-31
1.20948e-30
1.83051e-30
2.76702e-30
4.17751e-30
6.29923e-30
9.48686e-30
1.42699e-29
2.1438e-29
3.21671e-29
4.82063e-29
7.21537e-29
1.07864e-28
1.61049e-28
2.4016e-28
3.5769e-28
5.32077e-28
7.90506e-28
1.173e-27
1.7384e-27
2.57315e-27
3.80401e-27
5.61666e-27
8.28277e-27
1.21993e-26
1.79453e-26
2.63651e-26
3.86871e-26
5.66974e-26
8.29887e-26
1.2132e-25
1.77136e-25
2.58309e-25
3.76209e-25
5.4724e-25
7.95032e-25
1.15358e-24
1.67174e-24
2.41962e-24
3.4977e-24
5.04981e-24
7.28155e-24
1.04864e-23
1.50831e-23
2.16674e-23
3.1087e-23
4.45457e-23
6.37513e-23
9.11228e-23
1.30083e-22
1.85467e-22
2.641e-22
3.75599e-22
5.33499e-22
7.56828e-22
1.07229e-21
1.51734e-21
2.14441e-21
3.0268e-21
4.2669e-21
6.00751e-21
8.4475e-21
1.18635e-20
1.664e-20
2.331e-20
3.26124e-20
4.55696e-20
6.35944e-20
8.86367e-20
1.23384e-19
1.71536e-19
2.38178e-19
3.30292e-19
4.57451e-19
6.32762e-19
8.74152e-19
1.2061e-18
1.66199e-18
2.28729e-18
3.14387e-18
4.31575e-18
5.91693e-18
8.10186e-18
1.10795e-17
1.51324e-17
2.06414e-17
2.81204e-17
3.82604e-17
5.19906e-17
7.05583e-17
9.56353e-17
1.2946e-16
1.75025e-16
2.36325e-16
3.18689e-16
4.29211e-16
5.77324e-16
7.7556e-16
1.04054e-15
1.39426e-15
1.86585e-15
2.49376e-15
3.32873e-15
4.43759e-15
5.90828e-15
7.85632e-15
1.04333e-14
1.38379e-14
1.833e-14
2.42493e-14
3.20391e-14
4.22772e-14
5.57153e-14
7.3331e-14
9.63928e-14
1.26545e-13
1.65916e-13
2.17258e-13
2.84123e-13
3.71091e-13
4.84057e-13
6.30603e-13
8.20463e-13
1.06612e-12
1.38354e-12
1.79317e-12
2.32111e-12
3.00062e-12
3.87408e-12
4.99538e-12
6.43295e-12
8.27359e-12
1.06272e-11
1.36329e-11
1.74662e-11
2.23485e-11
2.85589e-11
3.64482e-11
4.64571e-11
5.91383e-11
7.51844e-11
9.54615e-11
1.21051e-10
1.53303e-10
1.93899e-10
2.44929e-10
3.08992e-10
3.89308e-10
4.89871e-10
6.15617e-10
7.72646e-10
9.68482e-10
1.21239e-09
1.51578e-09
1.89264e-09
2.36017e-09
2.9394e-09
3.65607e-09
4.54162e-09
5.63441e-09
6.98114e-09
8.63864e-09
1.06759e-08
1.31767e-08
1.62423e-08
1.99954e-08
2.4584e-08
3.01868e-08
3.70188e-08
4.53386e-08
5.54568e-08
6.77459e-08
8.26518e-08
1.00708e-07
1.2255e-07
1.48938e-07
1.80776e-07
2.19137e-07
2.65298e-07
3.20769e-07
3.8734e-07
4.67127e-07
5.62625e-07
6.76776e-07
8.13041e-07
9.7549e-07
1.16889e-06
1.39885e-06
1.67189e-06
1.99566e-06
2.37909e-06
2.83254e-06
3.3681e-06
3.99979e-06
4.74387e-06
5.61917e-06
6.64746e-06
7.85385e-06
9.26731e-06
1.09212e-05
1.28537e-05
1.5109e-05
1.77372e-05
2.0796e-05
2.43512e-05
2.84779e-05
3.32614e-05
3.87988e-05
4.52006e-05
5.25916e-05
6.11133e-05
7.09255e-05
8.22085e-05
9.51654e-05
0.000110025
0.000127043
0.000146507
0.000168739
0.000194099
0.000222988
0.000255853
0.00029319
0.000335552
0.00038355
0.000437862
0.000499235
0.000568493
0.000646546
0.000734392
0.000833127
0.00094395
0.00106818
0.00120724
0.0013627
0.00153626
0.00172976
0.00194522
0.00218478
0.0024508
0.0027458
0.00307249
0.00343379
0.00383284
0.00427297
0.00475778
0.00529107
0.0058769
0.00651958
0.00722367
0.00799402
0.00883571
0.00975412
0.0107549
0.0118439
0.0130274
0.0143118
0.0157038
0.0172105
0.0188391
0.020597
0.0224919
0.0245319
0.0267249
0.0290795
0.0316039
0.0343068
0.037197
0.0402832
0.0435743
0.0470791
0.0508066
0.0547653
0.0589642
0.0634116
0.0681159
0.0730854
0.0783277
0.0838504
0.0896607
0.0957652
0.10217
0.108881
0.115904
0.123242
0.130901
0.138881
0.147187
0.15582
0.16478
0.174068
0.183681
0.193619
0.203878
0.214454
0.225343
0.236538
0.248032
0.259818
0.271886
0.284226
0.296828
0.30968
0.322768
0.33608
0.349599
0.363312
0.377202
0.391252
0.405445
0.419762
0.434185
0.448695
0.463273
0.477898
0.492551
0.507212
0.521861
0.536477
0.55104
0.565531
0.57993
0.594217
0.608373
0.622381
0.636221
0.649877
0.663331
0.676568
0.689571
0.702326
0.714819
0.727037
0.738967
0.750599
0.76192
0.772923
0.783597
0.793934
0.803927
0.813571
0.822858
0.831784
0.840346
0.848538
0.85636
0.863808
0.87088
0.877576
0.883894
0.889835
0.895399
0.900585
0.905395
0.909828
0.913887
0.917572
0.920884
0.923825
0.926396
0.928596
0.930429
0.931894
0.932992
0.933724
0.934089
0.934089
0.933724
0.932992
0.931894
0.930429
0.928596
0.926396
0.923825
0.920884
0.917572
0.913887
0.909828
0.905395
0.900585
0.895399
0.889835
0.883894
0.877576
0.87088
0.863808
0.85636
0.848538
0.840346
0.831784
0.822858
0.813571
0.803927
0.793934
0.783597
0.772923
0.76192
0.750599
0.738967
0.727037
0.714819
0.702326
0.689571
0.676568
0.663331
0.649877
0.636221
0.622381
0.608373
0.594217
0.57993
0.565531
0.55104
0.536477
0.521861
0.507212
0.492551
0.477898
0.463273
0.448695
0.434185
0.419762
0.405445
0.391252
0.377202
0.363312
0.349599
0.33608
0.322768
0.30968
0.296828
0.284226
0.271886
0.259818
0.248032
0.236538
0.225343
0.214454
0.203878
0.193619
0.183681
0.174068
0.16478
0.15582
0.147187
0.138881
0.130901
0.123242
0.115904
0.108881
0.10217
0.0957652
0.0896607
0.0838504
0.0783277
0.0730854
0.0681159
0.0634116
0.0589642
0.0547653
0.0508066
0.0470791
0.0435743
0.0402832
0.037197
0.0343068
0.0316039
0.0290795
0.0267249
0.0245319
0.0224919
0.020597
0.0188391
0.0172105
0.0157038
0.0143118
0.0130274
0.0118439
0.0107549
0.00975412
0.00883571
0.00799402
0.00722367
0.00651958
0.0058769
0.00529107
0.00475778
0.00427297
0.00383284
0.00343379
0.00307249
0.0027458
0.0024508
0.00218478
0.00194522
0.00172976
0.00153626
0.0013627
0.00120724
0.00106818
0.00094395
0.000833127
0.000734392
0.000646546
0.000568493
0.000499235
0.000437862
0.00038355
0.000335552
0.00029319
0.000255853
0.000222988
0.000194099
0.000168739
0.000146507
0.000127043
0.000110025
9.51654e-05
8.22085e-05
7.09255e-05
6.11133e-05
5.25916e-05
4.52006e-05
3.87988e-05
3.32614e-05
2.84779e-05
2.43512e-05
2.0796e-05
1.77372e-05
1.5109e-05
1.28537e-05
1.09212e-05
9.26731e-06
7.85385e-06
6.64746e-06
5.61917e-06
4.74387e-06
3.99979e-06
3.3681e-06
2.83254e-06
2.37909e-06
1.99566e-06
1.67189e-06
1.39885e-06
1.16889e-06
9.7549e-07
8.13041e-07
6.76776e-07
5.62625e-07
4.67127e-07
3.8734e-07
3.20769e-07
2.65298e-07
2.19137e-07
1.80776e-07
1.48938e-07
1.2255e-07
1.00708e-07
8.26518e-08
6.77459e-08
5.54568e-08
4.53386e-08
3.70188e-08
3.01868e-08
2.4584e-08
1.99954e-08
1.62423e-08
1.31767e-08
1.06759e-08
8.63864e-09
6.98114e-09
5.63441e-09
4.54162e-09
3.65607e-09
2.9394e-09
2.36017e-09
1.89264e-09
1.51578e-09
1.21239e-09
9.68482e-10
7.72646e-10
6.15617e-10
4.89871e-10
3.89308e-10
3.08992e-10
2.44929e-10
1.93899e-10
1.53303e-10
1.21051e-10
9.54615e-11
7.51844e-11
5.91383e-11
4.64571e-11
3.64482e-11
2.85589e-11
2.23485e-11
1.74662e-11
1.36329e-11
1.06272e-11
8.27359e-12
6.43295e-12
4.99538e-12
3.87408e-12
3.00062e-12
2.32111e-12
1.79317e-12
1.38354e-12
1.06612e-12
8.20463e-13
6.30603e-13
4.84057e-13
3.71091e-13
2.84123e-13
2.17258e-13
1.65916e-13
1.26545e-13
9.63928e-14
7.3331e-14
5.57153e-14
4.22772e-14
3.20391e-14
2.42493e-14
1.833e-14
1.38379e-14
1.04333e-14
7.85632e-15
5.90828e-15
4.43759e-15
3.32873e-15
2.49376e-15
1.86585e-15
1.39426e-15
1.04054e-15
7.7556e-16
5.77324e-16
4.29211e-16
3.18689e-16
2.36325e-16
1.75025e-16
1.2946e-16
9.56353e-17
7.05583e-17
5.19906e-17
3.82604e-17
2.81204e-17
2.06414e-17
1.51324e-17
1.10795e-17
8.10186e-18
5.91693e-18
4.31575e-18
3.14387e-18
2.28729e-18
1.66199e-18
1.2061e-18
8.74152e-19
6.32762e-19
4.57451e-19
3.30292e-19
2.38178e-19
1.71536e-19
1.23384e-19
8.86367e-20
6.35944e-20
4.55696e-20
3.26124e-20
2.331e-20
1.664e-20
1.18635e-20
8.4475e-21
6.00751e-21
4.2669e-21
3.0268e-21
2.14441e-21
1.51734e-21
1.07229e-21
7.56828e-22
5.33499e-22
3.75599e-22
2.641e-22
1.85467e-22
1.30083e-22
9.11228e-23
6.37513e-23
4.45457e-23
3.1087e-23
2.16674e-23
1.50831e-23
1.04864e-23
7.28155e-24
5.04981e-24
3.4977e-24
2.41962e-24
1.67174e-24
1.15358e-24
7.95032e-25
5.4724e-25
3.76209e-25
2.58309e-25
1.77136e-25
1.2132e-25
8.29887e-26
5.66974e-26
3.86871e-26
2.63651e-26
1.79453e-26
1.21993e-26
8.28277e-27
5.61666e-27
3.80401e-27
2.57315e-27
1.7384e-27
1.173e-27
7.90506e-28
5.32077e-28
3.5769e-28
2.4016e-28
1.61049e-28
1.07864e-28
7.21537e-29
4.82063e-29
3.21671e-29
2.1438e-29
1.42699e-29
9.48686e-30
6.29923e-30
4.17751e-30
2.76702e-30
1.83051e-30
1.20948e-30
7.98157e-31
5.26072e-31
3.46313e-31
2.27698e-31
1.49525e-31
9.80704e-32
6.42434e-32
4.20326e-32
2.74671e-32
1.79269e-32
1.16861e-32
7.60849e-33
4.94763e-33
3.21341e-33
2.08451e-33
1.35055e-33
8.73951e-34
5.64851e-34
3.64629e-34
2.35093e-34
1.5139e-34
9.73705e-35
6.25501e-35
4.01329e-35
2.57185e-35
1.64612e-35
1.05233e-35
6.71914e-36
4.28498e-36
2.72933e-36
1.73635e-36
1.1033e-36
7.00202e-37
4.43841e-37
2.80999e-37
1.77688e-37
1.12224e-37
7.07931e-38
4.46037e-38
2.80689e-38
1.76424e-38
1.10756e-38
6.94466e-39
4.34924e-39
2.72052e-39
1.69969e-39
1.06063e-39
6.61055e-40
4.11518e-40
2.5587e-40
1.58902e-40
9.85638e-41
6.1064e-41
3.77862e-41
2.3354e-41
1.44168e-41
8.88913e-42
5.47431e-42
3.36729e-42
2.06878e-42
1.26949e-42
7.78083e-43
4.76327e-43
2.91251e-43
1.77874e-43
1.08503e-43
6.61077e-44
4.02298e-44
2.44527e-44
1.48454e-44
9.00202e-45
5.45223e-45
3.29832e-45
1.99295e-45
1.20278e-45
7.25044e-46
4.36543e-46
2.62529e-46
1.57693e-46
9.46101e-47
5.66956e-47
3.39351e-47
2.02879e-47
1.21147e-47
7.22565e-48
4.30458e-48
2.56138e-48
1.52232e-48
9.03711e-49
5.35849e-49
3.17355e-49
1.87733e-49
1.10924e-49
6.5464e-50
3.85896e-50
2.27212e-50
1.33624e-50
7.84927e-51
4.6054e-51
2.69898e-51
1.57988e-51
9.23725e-52
5.39455e-52
3.14675e-52
1.83343e-52
1.06699e-52
6.2023e-53
3.60114e-53
2.08845e-53
1.20977e-53
6.9997e-54
4.04532e-54
2.33519e-54
1.34645e-54
7.75452e-55
4.46085e-55
2.56318e-55
1.47109e-55
8.4333e-56
4.82898e-56
2.76193e-56
1.57786e-56
9.00382e-57
5.13198e-57
2.92175e-57
1.66152e-57
9.43779e-58
5.35487e-58
3.03504e-58
1.71868e-58
9.72936e-59
5.5157e-59
3.14885e-59
1.84097e-59
1.15515e-59
8.61537e-60
)
;

boundaryField
{
    sides
    {
        type            zeroGradient;
    }
    empty
    {
        type            empty;
    }
}


// ************************************************************************* //
