/*--------------------------------*- C++ -*----------------------------------*\
  =========                 |
  \\      /  F ield         | OpenFOAM: The Open Source CFD Toolbox
   \\    /   O peration     | Website:  https://openfoam.org
    \\  /    A nd           | Version:  13
     \\/     M anipulation  |
\*---------------------------------------------------------------------------*/
FoamFile
{
    format      ascii;
    class       volScalarField;
    location    "2.79";
    object      T;
}
// * * * * * * * * * * * * * * * * * * * * * * * * * * * * * * * * * * * * * //

dimensions      [0 0 0 1 0 0 0];

internalField   nonuniform List<scalar> 
1000
(
4.29296e-77
6.71999e-77
1.29309e-76
2.63896e-76
5.45768e-76
1.13101e-75
2.34242e-75
4.84556e-75
1.00102e-74
2.0651e-74
4.25444e-74
8.75271e-74
1.79821e-73
3.68923e-73
7.55839e-73
1.54639e-72
3.15939e-72
6.44591e-72
1.31329e-71
2.67196e-71
5.42868e-71
1.10141e-70
2.23152e-70
4.51484e-70
9.12171e-70
1.84035e-69
3.7078e-69
7.4597e-69
1.49871e-68
3.00677e-68
6.02382e-68
1.20512e-67
2.40757e-67
4.803e-67
9.56825e-67
1.90343e-66
3.78119e-66
7.50074e-66
1.48581e-65
2.93904e-65
5.80539e-65
1.14509e-64
2.25543e-64
4.43609e-64
8.7127e-64
1.70877e-63
3.34654e-63
6.54466e-63
1.27808e-62
2.49232e-62
4.85321e-62
9.43692e-62
1.83235e-61
3.55273e-61
6.87847e-61
1.32983e-60
2.56728e-60
4.94909e-60
9.52688e-60
1.83125e-59
3.51494e-59
6.73688e-59
1.28935e-58
2.46407e-58
4.70224e-58
8.96038e-58
1.70497e-57
3.23948e-57
6.14612e-57
1.16438e-56
2.20269e-56
4.16083e-56
7.84821e-56
1.47818e-55
2.78002e-55
5.22074e-55
9.78994e-55
1.83312e-54
3.42739e-54
6.39879e-54
1.19287e-53
2.22049e-53
4.1273e-53
7.66022e-53
1.41963e-52
2.62706e-52
4.85423e-52
8.95631e-52
1.65004e-51
3.0354e-51
5.57562e-51
1.02265e-50
1.87289e-50
3.42495e-50
6.25388e-50
1.14024e-49
2.07586e-49
3.77355e-49
6.84942e-49
1.24139e-48
2.24654e-48
4.05947e-48
7.32442e-48
1.31955e-47
2.37371e-47
4.2636e-47
7.64667e-47
1.36935e-46
2.44852e-46
4.37158e-46
7.79323e-46
1.38721e-45
2.46552e-45
4.37543e-45
7.75309e-45
1.37174e-44
2.42331e-44
4.27454e-44
7.52852e-44
1.32395e-43
2.32472e-43
4.07578e-43
7.13491e-43
1.24711e-42
2.1765e-42
3.79271e-42
6.599e-42
1.14641e-41
1.98857e-41
3.4441e-41
5.95585e-41
1.02836e-40
1.77289e-40
3.05177e-40
5.24509e-40
9.00091e-40
1.54224e-39
2.63844e-39
4.50685e-39
7.68649e-39
1.30892e-38
2.2255e-38
3.77806e-38
6.40381e-38
1.08377e-37
1.8313e-37
3.08965e-37
5.20457e-37
8.75358e-37
1.46998e-36
2.46468e-36
4.12605e-36
6.89654e-36
1.15093e-35
1.91775e-35
3.19047e-35
5.29955e-35
8.78908e-35
1.45535e-34
2.4061e-34
3.9717e-34
6.54575e-34
1.07711e-33
1.76961e-33
2.90278e-33
4.75407e-33
7.77381e-33
1.26916e-32
2.06879e-32
3.3669e-32
5.4709e-32
8.87566e-32
1.43766e-31
2.325e-31
3.75408e-31
6.05195e-31
9.74089e-31
1.56535e-30
2.51152e-30
4.02319e-30
6.43449e-30
1.02746e-29
1.63805e-29
2.60733e-29
4.14355e-29
6.5744e-29
1.04147e-28
1.64718e-28
2.60102e-28
4.10063e-28
6.45449e-28
1.01433e-27
1.59146e-27
2.49298e-27
3.89893e-27
6.08798e-27
9.4908e-27
1.47718e-26
2.29544e-26
3.56122e-26
5.5161e-26
8.5303e-26
1.31703e-25
2.03014e-25
3.12432e-25
4.80045e-25
7.36387e-25
1.12779e-24
1.72443e-24
2.63244e-24
4.01207e-24
6.10483e-24
9.27412e-24
1.40659e-23
2.12988e-23
3.21985e-23
4.85971e-23
7.32281e-23
1.10163e-22
1.65458e-22
2.48103e-22
3.7142e-22
5.55124e-22
8.28332e-22
1.23398e-21
1.83528e-21
2.72512e-21
4.03977e-21
5.97882e-21
8.83411e-21
1.30316e-20
1.91919e-20
2.82181e-20
4.14211e-20
6.07018e-20
8.88111e-20
1.29723e-19
1.8917e-19
2.75405e-19
4.00291e-19
5.80848e-19
8.41458e-19
1.21699e-18
1.7572e-18
2.53301e-18
3.64533e-18
5.23741e-18
7.51239e-18
1.07577e-17
1.53795e-17
2.19505e-17
3.1277e-17
4.44924e-17
6.31867e-17
8.95868e-17
1.26806e-16
1.7919e-16
2.52794e-16
3.56037e-16
5.00612e-16
7.02722e-16
9.84786e-16
1.37777e-15
1.92436e-15
2.68332e-15
3.73536e-15
5.1912e-15
7.2024e-15
9.9761e-15
1.37949e-14
1.90436e-14
2.62454e-14
3.61102e-14
4.95998e-14
6.80146e-14
9.31101e-14
1.27251e-13
1.7362e-13
2.36488e-13
3.2158e-13
4.36557e-13
5.91646e-13
8.00486e-13
1.08122e-12
1.45797e-12
1.96268e-12
2.63766e-12
3.53883e-12
4.73989e-12
6.3379e-12
8.46041e-12
1.12747e-11
1.49999e-11
1.99223e-11
2.64154e-11
3.49657e-11
4.62056e-11
6.09557e-11
8.02789e-11
1.05549e-10
1.3854e-10
1.81536e-10
2.37474e-10
3.10124e-10
4.04315e-10
5.26225e-10
6.83736e-10
8.86893e-10
1.14847e-09
1.48468e-09
1.91607e-09
2.46863e-09
3.17516e-09
4.07699e-09
5.22611e-09
6.68778e-09
8.5438e-09
1.08964e-08
1.38734e-08
1.76338e-08
2.23755e-08
2.83442e-08
3.58443e-08
4.52524e-08
5.70331e-08
7.1759e-08
9.01345e-08
1.13024e-07
1.41486e-07
1.76816e-07
2.20594e-07
2.74745e-07
3.41611e-07
4.24032e-07
5.25448e-07
6.50018e-07
8.02762e-07
9.89721e-07
1.21816e-06
1.49679e-06
1.83605e-06
2.24839e-06
2.74868e-06
3.35463e-06
4.08724e-06
4.97144e-06
6.03672e-06
7.31789e-06
8.85601e-06
1.06994e-05
1.29046e-05
1.55381e-05
1.86776e-05
2.24136e-05
2.68517e-05
3.21144e-05
3.83441e-05
4.57052e-05
5.43879e-05
6.46116e-05
7.66282e-05
9.07274e-05
0.000107241
0.000126547
0.00014908
0.000175331
0.00020586
0.000241301
0.000282371
0.000329881
0.000384742
0.00044798
0.000520745
0.000604323
0.000700151
0.00080983
0.000935138
0.00107805
0.00124074
0.00142564
0.00163538
0.00187289
0.00214136
0.0024443
0.00278552
0.00316917
0.00359976
0.00408217
0.00462169
0.00522399
0.00589518
0.00664181
0.00747088
0.00838986
0.00940667
0.0105297
0.0117679
0.0131306
0.0146277
0.0162694
0.0180665
0.0200303
0.0221723
0.0245046
0.0270395
0.0297897
0.0327682
0.0359881
0.0394628
0.0432058
0.0472306
0.0515507
0.0561793
0.0611298
0.066415
0.0720474
0.0780392
0.0844018
0.0911462
0.0982824
0.10582
0.113766
0.12213
0.130916
0.140129
0.149774
0.159852
0.170363
0.181308
0.192682
0.204483
0.216703
0.229336
0.242372
0.255799
0.269605
0.283774
0.29829
0.313136
0.328291
0.343734
0.359443
0.375393
0.391558
0.407913
0.424431
0.441081
0.457837
0.474667
0.491543
0.508433
0.525308
0.542137
0.55889
0.575538
0.59205
0.6084
0.624559
0.640501
0.656199
0.671631
0.686772
0.701601
0.716099
0.730246
0.744025
0.757422
0.770422
0.783014
0.795187
0.806933
0.818244
0.829116
0.839544
0.849526
0.859061
0.868149
0.876792
0.884993
0.892755
0.900082
0.906981
0.913457
0.919516
0.925167
0.930416
0.93527
0.939738
0.943828
0.947545
0.950899
0.953895
0.956541
0.958842
0.960804
0.962431
0.963728
0.964697
0.965342
0.965664
0.965664
0.965342
0.964697
0.963728
0.962431
0.960804
0.958842
0.956541
0.953895
0.950899
0.947545
0.943828
0.939738
0.93527
0.930416
0.925167
0.919516
0.913457
0.906981
0.900082
0.892755
0.884993
0.876792
0.868149
0.859061
0.849526
0.839544
0.829116
0.818244
0.806933
0.795187
0.783014
0.770422
0.757422
0.744025
0.730246
0.716099
0.701601
0.686772
0.671631
0.656199
0.640501
0.624559
0.6084
0.59205
0.575538
0.55889
0.542137
0.525308
0.508433
0.491543
0.474667
0.457837
0.441081
0.424431
0.407913
0.391558
0.375393
0.359443
0.343734
0.328291
0.313136
0.29829
0.283774
0.269605
0.255799
0.242372
0.229336
0.216703
0.204483
0.192682
0.181308
0.170363
0.159852
0.149774
0.140129
0.130916
0.12213
0.113766
0.10582
0.0982824
0.0911462
0.0844018
0.0780392
0.0720474
0.066415
0.0611298
0.0561793
0.0515507
0.0472306
0.0432058
0.0394628
0.0359881
0.0327682
0.0297897
0.0270395
0.0245046
0.0221723
0.0200303
0.0180665
0.0162694
0.0146277
0.0131306
0.0117679
0.0105297
0.00940667
0.00838986
0.00747088
0.00664181
0.00589518
0.00522399
0.00462169
0.00408217
0.00359976
0.00316917
0.00278552
0.0024443
0.00214136
0.00187289
0.00163538
0.00142564
0.00124074
0.00107805
0.000935138
0.00080983
0.000700151
0.000604323
0.000520745
0.00044798
0.000384742
0.000329881
0.000282371
0.000241301
0.00020586
0.000175331
0.00014908
0.000126547
0.000107241
9.07274e-05
7.66282e-05
6.46116e-05
5.43879e-05
4.57052e-05
3.83441e-05
3.21144e-05
2.68517e-05
2.24136e-05
1.86776e-05
1.55381e-05
1.29046e-05
1.06994e-05
8.85601e-06
7.31789e-06
6.03672e-06
4.97144e-06
4.08724e-06
3.35463e-06
2.74868e-06
2.24839e-06
1.83605e-06
1.49679e-06
1.21816e-06
9.89721e-07
8.02762e-07
6.50018e-07
5.25448e-07
4.24032e-07
3.41611e-07
2.74745e-07
2.20594e-07
1.76816e-07
1.41486e-07
1.13024e-07
9.01345e-08
7.1759e-08
5.70331e-08
4.52524e-08
3.58443e-08
2.83442e-08
2.23755e-08
1.76338e-08
1.38734e-08
1.08964e-08
8.5438e-09
6.68778e-09
5.22611e-09
4.07699e-09
3.17516e-09
2.46863e-09
1.91607e-09
1.48468e-09
1.14847e-09
8.86893e-10
6.83736e-10
5.26225e-10
4.04315e-10
3.10124e-10
2.37474e-10
1.81536e-10
1.3854e-10
1.05549e-10
8.02789e-11
6.09557e-11
4.62056e-11
3.49657e-11
2.64154e-11
1.99223e-11
1.49999e-11
1.12747e-11
8.46041e-12
6.3379e-12
4.73989e-12
3.53883e-12
2.63766e-12
1.96268e-12
1.45797e-12
1.08122e-12
8.00486e-13
5.91646e-13
4.36557e-13
3.2158e-13
2.36488e-13
1.7362e-13
1.27251e-13
9.31101e-14
6.80146e-14
4.95998e-14
3.61102e-14
2.62454e-14
1.90436e-14
1.37949e-14
9.9761e-15
7.2024e-15
5.1912e-15
3.73536e-15
2.68332e-15
1.92436e-15
1.37777e-15
9.84786e-16
7.02722e-16
5.00612e-16
3.56037e-16
2.52794e-16
1.7919e-16
1.26806e-16
8.95868e-17
6.31867e-17
4.44924e-17
3.1277e-17
2.19505e-17
1.53795e-17
1.07577e-17
7.51239e-18
5.23741e-18
3.64533e-18
2.53301e-18
1.7572e-18
1.21699e-18
8.41458e-19
5.80848e-19
4.00291e-19
2.75405e-19
1.8917e-19
1.29723e-19
8.88111e-20
6.07018e-20
4.14211e-20
2.82181e-20
1.91919e-20
1.30316e-20
8.83411e-21
5.97882e-21
4.03977e-21
2.72512e-21
1.83528e-21
1.23398e-21
8.28332e-22
5.55124e-22
3.7142e-22
2.48103e-22
1.65458e-22
1.10163e-22
7.32281e-23
4.85971e-23
3.21985e-23
2.12988e-23
1.40659e-23
9.27412e-24
6.10483e-24
4.01207e-24
2.63244e-24
1.72443e-24
1.12779e-24
7.36387e-25
4.80045e-25
3.12432e-25
2.03014e-25
1.31703e-25
8.5303e-26
5.5161e-26
3.56122e-26
2.29544e-26
1.47718e-26
9.4908e-27
6.08798e-27
3.89893e-27
2.49298e-27
1.59146e-27
1.01433e-27
6.45449e-28
4.10063e-28
2.60102e-28
1.64718e-28
1.04147e-28
6.5744e-29
4.14355e-29
2.60733e-29
1.63805e-29
1.02746e-29
6.43449e-30
4.02319e-30
2.51152e-30
1.56535e-30
9.74089e-31
6.05195e-31
3.75408e-31
2.325e-31
1.43766e-31
8.87566e-32
5.4709e-32
3.3669e-32
2.06879e-32
1.26916e-32
7.77381e-33
4.75407e-33
2.90278e-33
1.76961e-33
1.07711e-33
6.54575e-34
3.9717e-34
2.4061e-34
1.45535e-34
8.78908e-35
5.29955e-35
3.19047e-35
1.91775e-35
1.15093e-35
6.89654e-36
4.12605e-36
2.46468e-36
1.46998e-36
8.75358e-37
5.20457e-37
3.08965e-37
1.8313e-37
1.08377e-37
6.40381e-38
3.77806e-38
2.2255e-38
1.30892e-38
7.68649e-39
4.50685e-39
2.63844e-39
1.54224e-39
9.00091e-40
5.24509e-40
3.05177e-40
1.77289e-40
1.02836e-40
5.95585e-41
3.4441e-41
1.98857e-41
1.14641e-41
6.599e-42
3.79271e-42
2.1765e-42
1.24711e-42
7.13491e-43
4.07578e-43
2.32472e-43
1.32395e-43
7.52852e-44
4.27454e-44
2.42331e-44
1.37174e-44
7.75309e-45
4.37543e-45
2.46552e-45
1.38721e-45
7.79323e-46
4.37158e-46
2.44852e-46
1.36935e-46
7.64667e-47
4.2636e-47
2.37371e-47
1.31955e-47
7.32442e-48
4.05947e-48
2.24654e-48
1.24139e-48
6.84942e-49
3.77355e-49
2.07586e-49
1.14024e-49
6.25388e-50
3.42495e-50
1.87289e-50
1.02265e-50
5.57562e-51
3.0354e-51
1.65004e-51
8.95631e-52
4.85423e-52
2.62706e-52
1.41963e-52
7.66022e-53
4.1273e-53
2.22049e-53
1.19287e-53
6.39879e-54
3.42739e-54
1.83312e-54
9.78994e-55
5.22074e-55
2.78002e-55
1.47818e-55
7.84821e-56
4.16083e-56
2.20269e-56
1.16438e-56
6.14612e-57
3.23948e-57
1.70497e-57
8.96038e-58
4.70224e-58
2.46407e-58
1.28935e-58
6.73688e-59
3.51494e-59
1.83125e-59
9.52688e-60
4.94909e-60
2.56728e-60
1.32983e-60
6.87847e-61
3.55273e-61
1.83235e-61
9.43692e-62
4.85321e-62
2.49232e-62
1.27808e-62
6.54466e-63
3.34654e-63
1.70877e-63
8.7127e-64
4.43609e-64
2.25543e-64
1.14509e-64
5.80539e-65
2.93904e-65
1.48581e-65
7.50074e-66
3.78119e-66
1.90343e-66
9.56825e-67
4.803e-67
2.40757e-67
1.20512e-67
6.02382e-68
3.00677e-68
1.49871e-68
7.4597e-69
3.7078e-69
1.84035e-69
9.12171e-70
4.51484e-70
2.23152e-70
1.10141e-70
5.42868e-71
2.67196e-71
1.31329e-71
6.44591e-72
3.15939e-72
1.54639e-72
7.55839e-73
3.68923e-73
1.79821e-73
8.75271e-74
4.25444e-74
2.0651e-74
1.00102e-74
4.84556e-75
2.34242e-75
1.13101e-75
5.45768e-76
2.63896e-76
1.29309e-76
6.71999e-77
4.29296e-77
)
;

boundaryField
{
    sides
    {
        type            zeroGradient;
    }
    empty
    {
        type            empty;
    }
}


// ************************************************************************* //
