/*--------------------------------*- C++ -*----------------------------------*\
  =========                 |
  \\      /  F ield         | OpenFOAM: The Open Source CFD Toolbox
   \\    /   O peration     | Website:  https://openfoam.org
    \\  /    A nd           | Version:  13
     \\/     M anipulation  |
\*---------------------------------------------------------------------------*/
FoamFile
{
    format      ascii;
    class       volScalarField;
    location    "0.195";
    object      T;
}
// * * * * * * * * * * * * * * * * * * * * * * * * * * * * * * * * * * * * * //

dimensions      [0 0 0 1 0 0 0];

internalField   nonuniform List<scalar> 
1000
(
0
0
0
0
0
0
0
0
0
0
0
0
0
0
0
0
0
0
0
0
0
0
0
0
0
0
0
0
0
0
0
0
0
0
0
0
0
0
0
0
0
0
0
0
0
0
0
0
0
0
0
0
0
0
0
0
0
0
0
0
0
0
0
0
0
0
0
0
0
0
0
0
0
0
0
0
0
1.4822e-323
4.39718e-322
7.49498e-321
1.22859e-319
2.00495e-318
3.26438e-317
5.30285e-316
8.59469e-315
1.38983e-313
2.24232e-312
3.60941e-311
5.79664e-310
9.2878e-309
1.48471e-307
2.3679e-306
3.76765e-305
5.98084e-304
9.47185e-303
1.49653e-301
2.35889e-300
3.7094e-299
5.81923e-298
9.10736e-297
1.42194e-295
2.21475e-294
3.44131e-293
5.33426e-292
8.24842e-291
1.27236e-289
1.95791e-288
3.00546e-287
4.60216e-286
7.02979e-285
1.07115e-283
1.62809e-282
2.46847e-281
3.73329e-280
5.63206e-279
8.47523e-278
1.27215e-276
1.90471e-275
2.84456e-274
4.23734e-273
6.29597e-272
9.33075e-271
1.37928e-269
2.0336e-268
2.99057e-267
4.38645e-266
6.41708e-265
9.3632e-264
1.3626e-262
1.97774e-261
2.86299e-260
4.13348e-259
5.95188e-258
8.54734e-257
1.22417e-255
1.74857e-254
2.49086e-253
3.53865e-252
5.01353e-251
7.08373e-250
9.98136e-249
1.40256e-247
1.96541e-246
2.74652e-245
3.82738e-244
5.31874e-243
7.37052e-242
1.01851e-240
1.40348e-239
1.92849e-238
2.64236e-237
3.61016e-236
4.91832e-235
6.68125e-234
9.04992e-233
1.22229e-231
1.64603e-230
2.21022e-229
2.95909e-228
3.95007e-227
5.25736e-226
6.97659e-225
9.23052e-224
1.21762e-222
1.60138e-221
2.09976e-220
2.74494e-219
3.57748e-218
4.64835e-217
6.02134e-216
7.77595e-215
1.0011e-213
1.28485e-212
1.64393e-211
2.0968e-210
2.66607e-209
3.37925e-208
4.26971e-207
5.37775e-206
6.75181e-205
8.44991e-204
1.05412e-202
1.31078e-201
1.62468e-200
2.0072e-199
2.47173e-198
3.0338e-197
3.71147e-196
4.52554e-195
5.4999e-194
6.66184e-193
8.04231e-192
9.67631e-191
1.16031e-189
1.38665e-188
1.65153e-187
1.96029e-186
2.3188e-185
2.73346e-184
3.21114e-183
3.75921e-182
4.3855e-181
5.09823e-180
5.90597e-179
6.81754e-178
7.8419e-177
8.98808e-176
1.02649e-174
1.16811e-173
1.32446e-172
1.4963e-171
1.68429e-170
1.88895e-169
2.11071e-168
2.34979e-167
2.60626e-166
2.87995e-165
3.17049e-164
3.47721e-163
3.79921e-162
4.13529e-161
4.48394e-160
4.84337e-159
5.21149e-158
5.58591e-157
5.96399e-156
6.34281e-155
6.71926e-154
7.09e-153
7.4516e-152
7.80049e-151
8.13309e-150
8.44582e-149
8.73518e-148
8.99782e-147
9.2306e-146
9.43062e-145
9.59532e-144
9.72252e-143
9.81047e-142
9.85786e-141
9.86389e-140
9.82828e-139
9.75126e-138
9.63362e-137
9.47661e-136
9.28202e-135
9.05207e-134
8.78941e-133
8.49704e-132
8.17828e-131
7.83669e-130
7.47601e-129
7.10007e-128
6.71275e-127
6.31792e-126
5.91932e-125
5.52057e-124
5.12505e-123
4.73593e-122
4.35605e-121
3.98797e-120
3.63386e-119
3.29559e-118
2.97464e-117
2.67214e-116
2.3889e-115
2.12538e-114
1.88177e-113
1.65795e-112
1.4536e-111
1.26814e-110
1.10086e-109
9.50876e-109
8.17206e-108
6.98781e-107
5.94484e-106
5.03171e-105
4.23696e-104
3.5493e-103
2.95779e-102
2.45197e-101
2.02195e-100
1.65853e-99
1.35318e-98
1.09813e-97
8.86346e-97
7.11527e-96
5.6807e-95
4.51045e-94
3.56149e-93
2.79653e-92
2.18359e-91
1.69538e-90
1.30886e-89
1.0047e-88
7.66791e-88
5.81835e-87
4.38922e-86
3.29173e-85
2.4541e-84
1.81876e-83
1.33985e-82
9.81106e-82
7.14065e-81
5.16539e-80
3.71359e-79
2.65334e-78
1.88399e-77
1.32934e-76
9.32053e-76
6.49348e-75
4.49496e-74
3.09147e-73
2.1124e-72
1.43396e-71
9.67e-71
6.47778e-70
4.31036e-69
2.84883e-68
1.87009e-67
1.21922e-66
7.89409e-66
5.07572e-65
3.24076e-64
2.0546e-63
1.29334e-62
8.0832e-62
5.01546e-61
3.08939e-60
1.88905e-59
1.14656e-58
6.90726e-58
4.12998e-57
2.45072e-56
1.44317e-55
8.43321e-55
4.88979e-54
2.81308e-53
1.60561e-52
9.09149e-52
5.10667e-51
2.84524e-50
1.57234e-49
8.6177e-49
4.68405e-48
2.52468e-47
1.34931e-46
7.14999e-46
3.75625e-45
1.95626e-44
1.00991e-43
5.16768e-43
2.62074e-42
1.31714e-41
6.55973e-41
3.23703e-40
1.58262e-39
7.66545e-39
3.67782e-38
1.74781e-37
8.22642e-37
3.8344e-36
1.76975e-35
8.08751e-35
3.65897e-34
1.63871e-33
7.26441e-33
3.18718e-32
1.38381e-31
5.9451e-31
2.52703e-30
1.06262e-29
4.41995e-29
1.81833e-28
7.3977e-28
2.976e-27
1.18367e-26
4.6541e-26
1.8088e-25
6.94772e-25
2.63712e-24
9.89004e-24
3.66425e-23
1.34101e-22
4.84705e-22
1.73004e-21
6.09689e-21
2.12112e-20
7.2839e-20
2.46851e-19
8.25485e-19
2.72345e-18
8.86323e-18
2.84483e-17
9.00405e-17
2.80972e-16
8.64281e-16
2.62021e-15
7.8276e-15
2.30384e-14
6.67923e-14
1.90707e-13
5.36158e-13
1.48394e-12
4.04253e-12
1.08372e-11
2.85835e-11
7.41588e-11
1.8922e-10
4.7472e-10
1.17079e-09
2.83794e-09
6.75945e-09
1.58165e-08
3.63503e-08
8.20361e-08
1.81764e-07
3.95295e-07
8.43626e-07
1.76644e-06
3.62807e-06
7.3078e-06
1.44325e-05
2.79415e-05
5.30183e-05
9.85792e-05
0.000179576
0.000320431
0.000559985
0.000958307
0.00160568
0.00263382
0.004229
0.0066463
0.0102232
0.01539
0.0226745
0.032696
0.0461465
0.0637552
0.0862368
0.114224
0.148192
0.188378
0.234717
0.286792
0.34382
0.404675
0.467949
0.532051
0.595325
0.65618
0.713208
0.765283
0.811622
0.851808
0.885776
0.913763
0.936245
0.953854
0.967304
0.977326
0.98461
0.989777
0.993354
0.995771
0.997366
0.998394
0.999042
0.99944
0.99968
0.99982
0.999901
0.999947
0.999972
0.999986
0.999993
0.999996
0.999998
0.999999
1
1
1
1
1
1
1
1
1
1
1
1
1
1
1
1
1
1
1
1
1
1
1
1
1
1
1
1
1
1
1
1
1
1
1
1
1
1
0.999999
0.999998
0.999996
0.999993
0.999986
0.999972
0.999947
0.999901
0.99982
0.99968
0.99944
0.999042
0.998394
0.997366
0.995771
0.993354
0.989777
0.98461
0.977326
0.967304
0.953854
0.936245
0.913763
0.885776
0.851808
0.811622
0.765283
0.713208
0.65618
0.595325
0.532051
0.467949
0.404675
0.34382
0.286792
0.234717
0.188378
0.148192
0.114224
0.0862368
0.0637552
0.0461465
0.032696
0.0226745
0.01539
0.0102232
0.0066463
0.004229
0.00263382
0.00160568
0.000958307
0.000559985
0.000320431
0.000179576
9.85792e-05
5.30183e-05
2.79415e-05
1.44325e-05
7.3078e-06
3.62807e-06
1.76644e-06
8.43626e-07
3.95295e-07
1.81764e-07
8.20361e-08
3.63503e-08
1.58165e-08
6.75945e-09
2.83794e-09
1.17079e-09
4.7472e-10
1.8922e-10
7.41588e-11
2.85835e-11
1.08372e-11
4.04253e-12
1.48394e-12
5.36158e-13
1.90707e-13
6.67923e-14
2.30384e-14
7.8276e-15
2.62021e-15
8.64281e-16
2.80972e-16
9.00405e-17
2.84483e-17
8.86323e-18
2.72345e-18
8.25485e-19
2.46851e-19
7.2839e-20
2.12112e-20
6.09689e-21
1.73004e-21
4.84705e-22
1.34101e-22
3.66425e-23
9.89004e-24
2.63712e-24
6.94772e-25
1.8088e-25
4.6541e-26
1.18367e-26
2.976e-27
7.3977e-28
1.81833e-28
4.41995e-29
1.06262e-29
2.52703e-30
5.9451e-31
1.38381e-31
3.18718e-32
7.26441e-33
1.63871e-33
3.65897e-34
8.08751e-35
1.76975e-35
3.8344e-36
8.22642e-37
1.74781e-37
3.67782e-38
7.66545e-39
1.58262e-39
3.23703e-40
6.55973e-41
1.31714e-41
2.62074e-42
5.16768e-43
1.00991e-43
1.95626e-44
3.75625e-45
7.14999e-46
1.34931e-46
2.52468e-47
4.68405e-48
8.6177e-49
1.57234e-49
2.84524e-50
5.10667e-51
9.09149e-52
1.60561e-52
2.81308e-53
4.88979e-54
8.43321e-55
1.44317e-55
2.45072e-56
4.12998e-57
6.90726e-58
1.14656e-58
1.88905e-59
3.08939e-60
5.01546e-61
8.0832e-62
1.29334e-62
2.0546e-63
3.24076e-64
5.07572e-65
7.89409e-66
1.21922e-66
1.87009e-67
2.84883e-68
4.31036e-69
6.47778e-70
9.67e-71
1.43396e-71
2.1124e-72
3.09147e-73
4.49496e-74
6.49348e-75
9.32053e-76
1.32934e-76
1.88399e-77
2.65334e-78
3.71359e-79
5.16539e-80
7.14065e-81
9.81106e-82
1.33985e-82
1.81876e-83
2.4541e-84
3.29173e-85
4.38922e-86
5.81835e-87
7.66791e-88
1.0047e-88
1.30886e-89
1.69538e-90
2.18359e-91
2.79653e-92
3.56149e-93
4.51045e-94
5.6807e-95
7.11527e-96
8.86346e-97
1.09813e-97
1.35318e-98
1.65853e-99
2.02195e-100
2.45197e-101
2.95779e-102
3.5493e-103
4.23696e-104
5.03171e-105
5.94484e-106
6.98781e-107
8.17206e-108
9.50876e-109
1.10086e-109
1.26814e-110
1.4536e-111
1.65795e-112
1.88177e-113
2.12538e-114
2.3889e-115
2.67214e-116
2.97464e-117
3.29559e-118
3.63386e-119
3.98797e-120
4.35605e-121
4.73593e-122
5.12505e-123
5.52057e-124
5.91932e-125
6.31792e-126
6.71275e-127
7.10007e-128
7.47601e-129
7.83669e-130
8.17828e-131
8.49704e-132
8.78941e-133
9.05207e-134
9.28202e-135
9.47661e-136
9.63362e-137
9.75126e-138
9.82828e-139
9.86389e-140
9.85786e-141
9.81047e-142
9.72252e-143
9.59532e-144
9.43062e-145
9.2306e-146
8.99782e-147
8.73518e-148
8.44582e-149
8.13309e-150
7.80049e-151
7.4516e-152
7.09e-153
6.71926e-154
6.34281e-155
5.96399e-156
5.58591e-157
5.21149e-158
4.84337e-159
4.48394e-160
4.13529e-161
3.79921e-162
3.47721e-163
3.17049e-164
2.87995e-165
2.60626e-166
2.34979e-167
2.11071e-168
1.88895e-169
1.68429e-170
1.4963e-171
1.32446e-172
1.16811e-173
1.02649e-174
8.98808e-176
7.8419e-177
6.81754e-178
5.90597e-179
5.09823e-180
4.3855e-181
3.75921e-182
3.21114e-183
2.73346e-184
2.3188e-185
1.96029e-186
1.65153e-187
1.38665e-188
1.16031e-189
9.67631e-191
8.04231e-192
6.66184e-193
5.4999e-194
4.52554e-195
3.71147e-196
3.0338e-197
2.47173e-198
2.0072e-199
1.62468e-200
1.31078e-201
1.05412e-202
8.44991e-204
6.75181e-205
5.37775e-206
4.26971e-207
3.37925e-208
2.66607e-209
2.0968e-210
1.64393e-211
1.28485e-212
1.0011e-213
7.77595e-215
6.02134e-216
4.64835e-217
3.57748e-218
2.74494e-219
2.09976e-220
1.60138e-221
1.21762e-222
9.23052e-224
6.97659e-225
5.25736e-226
3.95007e-227
2.95909e-228
2.21022e-229
1.64603e-230
1.22229e-231
9.04992e-233
6.68125e-234
4.91832e-235
3.61016e-236
2.64236e-237
1.92849e-238
1.40348e-239
1.01851e-240
7.37052e-242
5.31874e-243
3.82738e-244
2.74652e-245
1.96541e-246
1.40256e-247
9.98136e-249
7.08373e-250
5.01353e-251
3.53865e-252
2.49086e-253
1.74857e-254
1.22417e-255
8.54734e-257
5.95188e-258
4.13348e-259
2.86299e-260
1.97774e-261
1.3626e-262
9.3632e-264
6.41708e-265
4.38645e-266
2.99057e-267
2.0336e-268
1.37928e-269
9.33075e-271
6.29597e-272
4.23734e-273
2.84456e-274
1.90471e-275
1.27215e-276
8.47523e-278
5.63206e-279
3.73329e-280
2.46847e-281
1.62809e-282
1.07115e-283
7.02979e-285
4.60216e-286
3.00546e-287
1.95791e-288
1.27236e-289
8.24842e-291
5.33426e-292
3.44131e-293
2.21475e-294
1.42194e-295
9.10736e-297
5.81923e-298
3.7094e-299
2.35889e-300
1.49653e-301
9.47185e-303
5.98084e-304
3.76765e-305
2.3679e-306
1.48471e-307
9.2878e-309
5.79664e-310
3.60941e-311
2.24232e-312
1.38983e-313
8.59469e-315
5.30285e-316
3.26438e-317
2.00494e-318
1.22849e-319
7.49004e-321
4.39718e-322
1.4822e-323
0
0
0
0
0
0
0
0
0
0
0
0
0
0
0
0
0
0
0
0
0
0
0
0
0
0
0
0
0
0
0
0
0
0
0
0
0
0
0
0
0
0
0
0
0
0
0
0
0
0
0
0
0
0
0
0
0
0
0
0
0
0
0
0
0
0
0
0
0
0
0
0
0
0
0
0
0
)
;

boundaryField
{
    sides
    {
        type            zeroGradient;
    }
    empty
    {
        type            empty;
    }
}


// ************************************************************************* //
