/*--------------------------------*- C++ -*----------------------------------*\
  =========                 |
  \\      /  F ield         | OpenFOAM: The Open Source CFD Toolbox
   \\    /   O peration     | Website:  https://openfoam.org
    \\  /    A nd           | Version:  13
     \\/     M anipulation  |
\*---------------------------------------------------------------------------*/
FoamFile
{
    format      ascii;
    class       volScalarField;
    location    "4.53";
    object      T;
}
// * * * * * * * * * * * * * * * * * * * * * * * * * * * * * * * * * * * * * //

dimensions      [0 0 0 1 0 0 0];

internalField   nonuniform List<scalar> 
1000
(
1.49753e-49
1.84672e-49
2.62508e-49
4.01054e-49
6.31892e-49
1.00746e-48
1.61274e-48
2.58416e-48
4.13971e-48
6.62703e-48
1.05996e-47
1.69376e-47
2.70392e-47
4.31232e-47
6.87073e-47
1.09362e-46
1.73902e-46
2.76258e-46
4.38427e-46
6.95107e-46
1.10098e-45
1.74211e-45
2.75387e-45
4.34894e-45
6.86112e-45
1.08138e-44
1.70267e-44
2.67826e-44
4.20868e-44
6.60707e-44
1.0362e-43
1.62348e-43
2.54108e-43
3.97339e-43
6.20686e-43
9.68618e-43
1.51009e-42
2.3519e-42
3.65937e-42
5.68802e-42
8.8325e-42
1.37017e-41
2.12341e-41
3.28745e-41
5.08456e-41
7.85623e-41
1.21267e-40
1.86998e-40
2.8807e-40
4.4333e-40
6.81587e-40
1.04684e-39
1.60623e-39
2.46208e-39
3.77016e-39
5.76744e-39
8.81399e-39
1.34563e-38
2.05232e-38
3.12701e-38
4.75969e-38
7.23755e-38
1.09943e-37
1.66844e-37
2.52939e-37
3.83076e-37
5.79586e-37
8.76021e-37
1.32274e-36
1.99525e-36
3.00664e-36
4.52617e-36
6.80677e-36
1.02262e-35
1.53479e-35
2.30117e-35
3.44673e-35
5.15738e-35
7.70925e-35
1.15121e-34
1.71736e-34
2.55934e-34
3.81028e-34
5.66689e-34
8.41965e-34
1.24969e-33
1.85299e-33
2.74475e-33
4.06156e-33
6.00403e-33
8.86649e-33
1.30804e-32
1.92774e-32
2.83815e-32
4.17429e-32
6.1332e-32
9.00225e-32
1.32e-31
1.93354e-31
2.82939e-31
4.13609e-31
6.0401e-31
8.81164e-31
1.28418e-30
1.86962e-30
2.71919e-30
3.95076e-30
5.73429e-30
8.31449e-30
1.20434e-29
1.74268e-29
2.51908e-29
3.63767e-29
5.2476e-29
7.56231e-29
1.08869e-28
1.5657e-28
2.24941e-28
3.22837e-28
4.62865e-28
6.62949e-28
9.48551e-28
1.3558e-27
1.93591e-27
2.76141e-27
3.93485e-27
5.6012e-27
7.96504e-27
1.13148e-26
1.60569e-26
2.27631e-26
3.22368e-26
4.56065e-26
6.44547e-26
9.09987e-26
1.28342e-25
1.80824e-25
2.54504e-25
3.57837e-25
5.02608e-25
7.05221e-25
9.88492e-25
1.38412e-24
1.93609e-24
2.70538e-24
3.77644e-24
5.2661e-24
7.33578e-24
1.02083e-23
1.41911e-23
1.97072e-23
2.73392e-23
3.78877e-23
5.24518e-23
7.25392e-23
1.00216e-22
1.38308e-22
1.90683e-22
2.62618e-22
3.61315e-22
4.9659e-22
6.81804e-22
9.35127e-22
1.28124e-21
1.75364e-21
2.39772e-21
3.27495e-21
4.46849e-21
6.09066e-21
8.29311e-21
1.12803e-20
1.53274e-20
2.08049e-20
2.82106e-20
3.82125e-20
5.17067e-20
6.98934e-20
9.43785e-20
1.27308e-19
1.71549e-19
2.30923e-19
3.10523e-19
4.17126e-19
5.59741e-19
7.50333e-19
1.00477e-18
1.34409e-18
1.79612e-18
2.39766e-18
3.19733e-18
4.25925e-18
5.66794e-18
7.53466e-18
1.00057e-17
1.32732e-17
1.75895e-17
2.32849e-17
3.07922e-17
4.06773e-17
5.36797e-17
7.0764e-17
9.31881e-17
1.2259e-16
1.61098e-16
2.11482e-16
2.77333e-16
3.63307e-16
4.75435e-16
6.21517e-16
8.11632e-16
1.05879e-15
1.37976e-15
1.79615e-15
2.33575e-15
3.03427e-15
3.93754e-15
5.10435e-15
6.60997e-15
8.55071e-15
1.10497e-14
1.42639e-14
1.83939e-14
2.36946e-14
3.0491e-14
3.91954e-14
5.03318e-14
6.45644e-14
8.27345e-14
1.05907e-13
1.35427e-13
1.72992e-13
2.20746e-13
2.81385e-13
3.58305e-13
4.55771e-13
5.79141e-13
7.35129e-13
9.32151e-13
1.18073e-12
1.49403e-12
1.88846e-12
2.38452e-12
3.0077e-12
3.78976e-12
4.77014e-12
5.99781e-12
7.5335e-12
9.45241e-12
1.18476e-11
1.48341e-11
1.85538e-11
2.31818e-11
2.89337e-11
3.60747e-11
4.49306e-11
5.59017e-11
6.94783e-11
8.62612e-11
1.06985e-10
1.32548e-10
1.64046e-10
2.02814e-10
2.50481e-10
3.09024e-10
3.80847e-10
4.68869e-10
5.76626e-10
7.08401e-10
8.69371e-10
1.06579e-09
1.30522e-09
1.59674e-09
1.95132e-09
2.38213e-09
2.90497e-09
3.53884e-09
4.30648e-09
5.23511e-09
6.35727e-09
7.71184e-09
9.34516e-09
1.13125e-08
1.36795e-08
1.65244e-08
1.99399e-08
2.4036e-08
2.8943e-08
3.48151e-08
4.18344e-08
5.0216e-08
6.02134e-08
7.21251e-08
8.63022e-08
1.03157e-07
1.23175e-07
1.46921e-07
1.75062e-07
2.08373e-07
2.47761e-07
2.94285e-07
3.49177e-07
4.13873e-07
4.9004e-07
5.79615e-07
6.84842e-07
8.08324e-07
9.53068e-07
1.12255e-06
1.32078e-06
1.55239e-06
1.8227e-06
2.13783e-06
2.50482e-06
2.93172e-06
3.42779e-06
4.0036e-06
4.67124e-06
5.4445e-06
6.33912e-06
7.37302e-06
8.56657e-06
9.94293e-06
1.15284e-05
1.33526e-05
1.54494e-05
1.78568e-05
2.06178e-05
2.37808e-05
2.74005e-05
3.15382e-05
3.6263e-05
4.16521e-05
4.77924e-05
5.47807e-05
6.27257e-05
7.17483e-05
8.19834e-05
9.35814e-05
0.000106709
0.000121553
0.000138317
0.000157231
0.000178546
0.000202541
0.000229523
0.000259831
0.000293838
0.000331952
0.000374624
0.000422346
0.000475656
0.000535145
0.000601456
0.000675289
0.000757408
0.000848643
0.000949894
0.00106214
0.00118643
0.00132391
0.00147582
0.00164348
0.00182833
0.0020319
0.00225584
0.00250192
0.00277203
0.0030682
0.00339257
0.00374745
0.00413528
0.00455864
0.00502029
0.00552315
0.00607027
0.00666491
0.00731048
0.00801058
0.00876896
0.00958959
0.0104766
0.0114343
0.0124672
0.0135799
0.0147773
0.0160645
0.0174466
0.0189291
0.0205174
0.0222172
0.0240344
0.0259749
0.0280448
0.0302504
0.0325978
0.0350935
0.037744
0.0405556
0.043535
0.0466886
0.0500231
0.0535447
0.0572601
0.0611754
0.065297
0.0696308
0.0741829
0.0789588
0.0839642
0.0892042
0.0946838
0.100408
0.10638
0.112605
0.119085
0.125825
0.132826
0.140091
0.147621
0.155418
0.163482
0.171812
0.180409
0.18927
0.198395
0.207779
0.217421
0.227316
0.23746
0.247846
0.258471
0.269325
0.280404
0.291697
0.303198
0.314896
0.326782
0.338845
0.351075
0.363459
0.375986
0.388643
0.401418
0.414296
0.427264
0.440307
0.453413
0.466565
0.479749
0.49295
0.506152
0.519341
0.532502
0.545618
0.558675
0.571658
0.584552
0.597342
0.610013
0.622552
0.634944
0.647175
0.659233
0.671104
0.682776
0.694237
0.705476
0.71648
0.72724
0.737746
0.747987
0.757954
0.76764
0.777035
0.786133
0.794925
0.803406
0.811569
0.819409
0.82692
0.834098
0.840938
0.847436
0.853589
0.859394
0.864847
0.869946
0.874689
0.879073
0.883097
0.88676
0.890059
0.892995
0.895566
0.89777
0.899609
0.90108
0.902184
0.90292
0.903288
0.903288
0.90292
0.902184
0.90108
0.899609
0.89777
0.895566
0.892995
0.890059
0.88676
0.883097
0.879073
0.874689
0.869946
0.864847
0.859394
0.853589
0.847436
0.840938
0.834098
0.82692
0.819409
0.811569
0.803406
0.794925
0.786133
0.777035
0.76764
0.757954
0.747987
0.737746
0.72724
0.71648
0.705476
0.694237
0.682776
0.671104
0.659233
0.647175
0.634944
0.622552
0.610013
0.597342
0.584552
0.571658
0.558675
0.545618
0.532502
0.519341
0.506152
0.49295
0.479749
0.466565
0.453413
0.440307
0.427264
0.414296
0.401418
0.388643
0.375986
0.363459
0.351075
0.338845
0.326782
0.314896
0.303198
0.291697
0.280404
0.269325
0.258471
0.247846
0.23746
0.227316
0.217421
0.207779
0.198395
0.18927
0.180409
0.171812
0.163482
0.155418
0.147621
0.140091
0.132826
0.125825
0.119085
0.112605
0.10638
0.100408
0.0946838
0.0892042
0.0839642
0.0789588
0.0741829
0.0696308
0.065297
0.0611754
0.0572601
0.0535447
0.0500231
0.0466886
0.043535
0.0405556
0.037744
0.0350935
0.0325978
0.0302504
0.0280448
0.0259749
0.0240344
0.0222172
0.0205174
0.0189291
0.0174466
0.0160645
0.0147773
0.0135799
0.0124672
0.0114343
0.0104766
0.00958959
0.00876896
0.00801058
0.00731048
0.00666491
0.00607027
0.00552315
0.00502029
0.00455864
0.00413528
0.00374745
0.00339257
0.0030682
0.00277203
0.00250192
0.00225584
0.0020319
0.00182833
0.00164348
0.00147582
0.00132391
0.00118643
0.00106214
0.000949894
0.000848643
0.000757408
0.000675289
0.000601456
0.000535145
0.000475656
0.000422346
0.000374624
0.000331952
0.000293838
0.000259831
0.000229523
0.000202541
0.000178546
0.000157231
0.000138317
0.000121553
0.000106709
9.35814e-05
8.19834e-05
7.17483e-05
6.27257e-05
5.47807e-05
4.77924e-05
4.16521e-05
3.6263e-05
3.15382e-05
2.74005e-05
2.37808e-05
2.06178e-05
1.78568e-05
1.54494e-05
1.33526e-05
1.15284e-05
9.94293e-06
8.56657e-06
7.37302e-06
6.33912e-06
5.4445e-06
4.67124e-06
4.0036e-06
3.42779e-06
2.93172e-06
2.50482e-06
2.13783e-06
1.8227e-06
1.55239e-06
1.32078e-06
1.12255e-06
9.53068e-07
8.08324e-07
6.84842e-07
5.79615e-07
4.9004e-07
4.13873e-07
3.49177e-07
2.94285e-07
2.47761e-07
2.08373e-07
1.75062e-07
1.46921e-07
1.23175e-07
1.03157e-07
8.63022e-08
7.21251e-08
6.02134e-08
5.0216e-08
4.18344e-08
3.48151e-08
2.8943e-08
2.4036e-08
1.99399e-08
1.65244e-08
1.36795e-08
1.13125e-08
9.34516e-09
7.71184e-09
6.35727e-09
5.23511e-09
4.30648e-09
3.53884e-09
2.90497e-09
2.38213e-09
1.95132e-09
1.59674e-09
1.30522e-09
1.06579e-09
8.69371e-10
7.08401e-10
5.76626e-10
4.68869e-10
3.80847e-10
3.09024e-10
2.50481e-10
2.02814e-10
1.64046e-10
1.32548e-10
1.06985e-10
8.62612e-11
6.94783e-11
5.59017e-11
4.49306e-11
3.60747e-11
2.89337e-11
2.31818e-11
1.85538e-11
1.48341e-11
1.18476e-11
9.45241e-12
7.5335e-12
5.99781e-12
4.77014e-12
3.78976e-12
3.0077e-12
2.38452e-12
1.88846e-12
1.49403e-12
1.18073e-12
9.32151e-13
7.35129e-13
5.79141e-13
4.55771e-13
3.58305e-13
2.81385e-13
2.20746e-13
1.72992e-13
1.35427e-13
1.05907e-13
8.27345e-14
6.45644e-14
5.03318e-14
3.91954e-14
3.0491e-14
2.36946e-14
1.83939e-14
1.42639e-14
1.10497e-14
8.55071e-15
6.60997e-15
5.10435e-15
3.93754e-15
3.03427e-15
2.33575e-15
1.79615e-15
1.37976e-15
1.05879e-15
8.11632e-16
6.21517e-16
4.75435e-16
3.63307e-16
2.77333e-16
2.11482e-16
1.61098e-16
1.2259e-16
9.31881e-17
7.0764e-17
5.36797e-17
4.06773e-17
3.07922e-17
2.32849e-17
1.75895e-17
1.32732e-17
1.00057e-17
7.53466e-18
5.66794e-18
4.25925e-18
3.19733e-18
2.39766e-18
1.79612e-18
1.34409e-18
1.00477e-18
7.50333e-19
5.59741e-19
4.17126e-19
3.10523e-19
2.30923e-19
1.71549e-19
1.27308e-19
9.43785e-20
6.98934e-20
5.17067e-20
3.82125e-20
2.82106e-20
2.08049e-20
1.53274e-20
1.12803e-20
8.29311e-21
6.09066e-21
4.46849e-21
3.27495e-21
2.39772e-21
1.75364e-21
1.28124e-21
9.35127e-22
6.81804e-22
4.9659e-22
3.61315e-22
2.62618e-22
1.90683e-22
1.38308e-22
1.00216e-22
7.25392e-23
5.24518e-23
3.78877e-23
2.73392e-23
1.97072e-23
1.41911e-23
1.02083e-23
7.33578e-24
5.2661e-24
3.77644e-24
2.70538e-24
1.93609e-24
1.38412e-24
9.88492e-25
7.05221e-25
5.02608e-25
3.57837e-25
2.54504e-25
1.80824e-25
1.28342e-25
9.09987e-26
6.44547e-26
4.56065e-26
3.22368e-26
2.27631e-26
1.60569e-26
1.13148e-26
7.96504e-27
5.6012e-27
3.93485e-27
2.76141e-27
1.93591e-27
1.3558e-27
9.48551e-28
6.62949e-28
4.62865e-28
3.22837e-28
2.24941e-28
1.5657e-28
1.08869e-28
7.56231e-29
5.2476e-29
3.63767e-29
2.51908e-29
1.74268e-29
1.20434e-29
8.31449e-30
5.73429e-30
3.95076e-30
2.71919e-30
1.86962e-30
1.28418e-30
8.81164e-31
6.0401e-31
4.13609e-31
2.82939e-31
1.93354e-31
1.32e-31
9.00225e-32
6.1332e-32
4.17429e-32
2.83815e-32
1.92774e-32
1.30804e-32
8.86649e-33
6.00403e-33
4.06156e-33
2.74475e-33
1.85299e-33
1.24969e-33
8.41965e-34
5.66689e-34
3.81028e-34
2.55934e-34
1.71736e-34
1.15121e-34
7.70925e-35
5.15738e-35
3.44673e-35
2.30117e-35
1.53479e-35
1.02262e-35
6.80677e-36
4.52617e-36
3.00664e-36
1.99525e-36
1.32274e-36
8.76021e-37
5.79586e-37
3.83076e-37
2.52939e-37
1.66844e-37
1.09943e-37
7.23755e-38
4.75969e-38
3.12701e-38
2.05232e-38
1.34563e-38
8.81399e-39
5.76744e-39
3.77016e-39
2.46208e-39
1.60623e-39
1.04684e-39
6.81587e-40
4.4333e-40
2.8807e-40
1.86998e-40
1.21267e-40
7.85623e-41
5.08456e-41
3.28745e-41
2.12341e-41
1.37017e-41
8.8325e-42
5.68802e-42
3.65937e-42
2.3519e-42
1.51009e-42
9.68618e-43
6.20686e-43
3.97339e-43
2.54108e-43
1.62348e-43
1.0362e-43
6.60707e-44
4.20868e-44
2.67826e-44
1.70267e-44
1.08138e-44
6.86112e-45
4.34894e-45
2.75387e-45
1.74211e-45
1.10098e-45
6.95107e-46
4.38427e-46
2.76258e-46
1.73902e-46
1.09362e-46
6.87073e-47
4.31232e-47
2.70392e-47
1.69376e-47
1.05996e-47
6.62703e-48
4.13971e-48
2.58416e-48
1.61274e-48
1.00746e-48
6.31892e-49
4.01054e-49
2.62508e-49
1.84672e-49
1.49753e-49
)
;

boundaryField
{
    sides
    {
        type            zeroGradient;
    }
    empty
    {
        type            empty;
    }
}


// ************************************************************************* //
