/*--------------------------------*- C++ -*----------------------------------*\
  =========                 |
  \\      /  F ield         | OpenFOAM: The Open Source CFD Toolbox
   \\    /   O peration     | Website:  https://openfoam.org
    \\  /    A nd           | Version:  13
     \\/     M anipulation  |
\*---------------------------------------------------------------------------*/
FoamFile
{
    format      ascii;
    class       volScalarField;
    location    "1.415";
    object      T;
}
// * * * * * * * * * * * * * * * * * * * * * * * * * * * * * * * * * * * * * //

dimensions      [0 0 0 1 0 0 0];

internalField   nonuniform List<scalar> 
1000
(
2.10561e-136
5.71408e-136
1.90775e-135
6.4894e-135
2.20731e-134
7.49534e-134
2.54056e-133
8.59546e-133
2.90275e-132
9.78476e-132
3.29222e-131
1.10566e-130
3.70641e-130
1.24016e-129
4.14185e-129
1.38071e-128
4.5941e-128
1.52576e-127
5.05779e-127
1.67348e-126
5.52669e-126
1.82176e-125
5.99378e-125
1.96829e-124
6.45145e-124
2.11059e-123
6.89167e-123
2.24606e-122
7.30618e-122
2.37209e-121
7.68676e-121
2.48613e-120
8.02551e-120
2.58576e-119
8.31509e-119
2.66876e-118
8.54899e-118
2.73325e-117
8.72176e-117
2.7777e-116
8.82926e-116
2.80102e-115
8.86876e-115
2.8026e-114
8.83911e-114
2.78231e-113
8.74077e-113
2.74056e-112
8.57579e-112
2.67825e-111
8.34777e-111
2.59675e-110
8.0617e-110
2.49782e-109
7.72379e-109
2.38361e-108
7.34126e-108
2.25651e-107
6.92204e-107
2.11913e-106
6.47454e-106
1.97417e-105
6.00736e-105
1.82433e-104
5.52898e-104
1.67226e-103
5.04756e-103
1.52046e-102
4.57068e-102
1.3712e-101
4.10515e-101
1.2265e-100
3.65692e-100
1.0881e-99
3.23092e-99
9.57386e-99
2.83106e-98
8.35432e-98
2.46021e-97
7.22984e-97
2.12022e-96
6.20478e-96
1.81202e-95
5.2807e-95
1.53571e-94
4.45668e-94
1.29063e-93
3.72969e-93
1.07554e-92
3.09501e-92
8.88743e-92
2.54664e-91
7.28172e-91
2.07766e-90
5.91545e-90
1.68063e-89
4.76456e-89
1.34785e-88
3.80477e-88
1.07171e-87
3.01223e-87
8.44812e-87
2.36423e-86
6.60204e-86
1.83959e-85
5.11468e-85
1.41895e-84
3.92796e-84
1.08496e-83
2.99026e-83
8.22336e-83
2.25649e-82
6.17815e-82
1.68781e-81
4.60073e-81
1.25132e-80
3.3958e-80
9.19496e-80
2.48421e-79
6.69665e-79
1.80117e-78
4.83367e-78
1.29427e-77
3.45774e-77
9.21685e-77
2.45127e-76
6.50455e-76
1.7221e-75
4.54898e-75
1.19889e-74
3.15251e-74
8.27069e-74
2.16487e-73
5.65364e-73
1.47308e-72
3.82936e-72
9.93172e-72
2.56992e-71
6.63455e-71
1.70882e-70
4.39109e-70
1.12574e-69
2.87934e-69
7.34741e-69
1.87051e-68
4.7508e-68
1.2038e-67
3.04314e-67
7.67479e-67
1.93102e-66
4.84706e-66
1.21379e-65
3.03232e-65
7.55745e-65
1.87907e-64
4.66092e-64
1.15336e-63
2.84719e-63
7.01174e-63
1.72263e-62
4.22195e-62
1.03225e-61
2.51773e-61
6.12605e-61
1.48696e-60
3.60049e-60
8.69697e-60
2.09563e-59
5.03732e-59
1.20788e-58
2.88921e-58
6.89398e-58
1.64093e-57
3.8962e-57
9.22825e-57
2.18033e-56
5.13864e-56
1.20808e-55
2.83311e-55
6.62746e-55
1.54649e-54
3.59964e-54
8.35763e-54
1.93561e-53
4.47155e-53
1.0304e-52
2.3684e-52
5.43008e-52
1.24181e-51
2.83273e-51
6.44539e-51
1.4628e-50
3.31142e-50
7.47709e-50
1.68399e-49
3.78294e-49
8.47624e-49
1.89434e-48
4.22273e-48
9.38871e-48
2.08206e-47
4.60526e-47
1.01598e-46
2.23556e-46
4.90631e-46
1.07396e-45
2.34468e-45
5.10553e-45
1.10881e-44
2.40176e-44
5.18869e-44
1.11799e-43
2.40254e-43
5.14932e-43
1.10072e-42
2.34665e-42
4.98955e-42
1.05807e-41
2.23773e-41
4.71995e-41
9.92888e-41
2.08303e-40
4.35834e-40
9.0944e-40
1.89258e-39
3.92787e-39
8.12983e-39
1.67813e-38
3.45453e-38
7.09197e-38
1.45197e-37
2.96457e-37
6.03633e-37
1.22572e-36
2.48209e-36
5.01239e-36
1.00943e-35
2.02722e-35
4.06001e-35
8.1086e-35
1.61495e-34
3.20746e-34
6.35261e-34
1.25467e-33
2.47111e-33
4.8533e-33
9.50521e-33
1.85637e-32
3.61529e-32
7.02096e-32
1.35963e-31
2.62553e-31
5.05567e-31
9.7075e-31
1.85866e-30
3.54857e-30
6.75563e-30
1.28244e-29
2.42752e-29
4.58186e-29
8.62327e-29
1.61827e-28
3.02816e-28
5.65002e-28
1.05115e-27
1.94994e-27
3.60675e-27
6.65193e-27
1.22325e-26
2.24292e-26
4.10057e-26
7.47486e-26
1.35859e-25
2.46206e-25
4.44869e-25
8.01468e-25
1.43966e-24
2.57839e-24
4.60417e-24
8.19725e-24
1.45511e-23
2.57532e-23
4.54437e-23
7.99505e-23
1.4024e-22
2.45257e-22
4.27633e-22
7.43392e-22
1.28843e-21
2.22635e-21
3.83547e-21
6.58769e-21
1.12807e-20
1.92585e-20
3.27787e-20
5.56216e-20
9.40967e-20
1.58702e-19
2.6685e-19
4.47328e-19
7.47577e-19
1.24554e-18
2.06883e-18
3.42579e-18
5.65536e-18
9.30729e-18
1.52703e-17
2.49764e-17
4.07259e-17
6.62012e-17
1.07279e-16
1.73308e-16
2.79106e-16
4.48096e-16
7.17164e-16
1.14422e-15
1.8199e-15
2.88553e-15
4.56082e-15
7.18621e-15
1.12874e-14
1.76734e-14
2.75856e-14
4.29217e-14
6.65734e-14
1.02933e-13
1.58648e-13
2.43747e-13
3.73309e-13
5.69928e-13
8.67348e-13
1.31579e-12
1.98974e-12
2.99933e-12
4.50678e-12
6.75029e-12
1.00784e-11
1.49993e-11
2.22515e-11
3.29046e-11
4.85022e-11
7.12643e-11
1.04373e-10
1.52372e-10
2.2173e-10
3.21621e-10
4.65013e-10
6.70167e-10
9.62718e-10
1.37851e-09
1.96752e-09
2.79911e-09
3.9693e-09
5.61048e-09
7.90455e-09
1.11006e-08
1.55382e-08
2.16794e-08
3.01494e-08
4.17925e-08
5.77436e-08
7.95233e-08
1.09161e-07
1.49358e-07
2.0369e-07
2.76882e-07
3.75147e-07
5.06628e-07
6.8196e-07
9.14974e-07
1.2236e-06
1.63098e-06
2.1669e-06
2.86951e-06
3.78753e-06
4.98291e-06
6.53415e-06
8.54033e-06
1.1126e-05
1.44471e-05
1.86984e-05
2.41216e-05
3.1016e-05
3.97509e-05
5.07795e-05
6.46563e-05
8.20567e-05
0.0001038
0.000130878
0.000164482
0.000206041
0.000257261
0.00032017
0.000397167
0.000491084
0.000605239
0.000743515
0.000910427
0.00111121
0.00135188
0.00163939
0.00198164
0.00238764
0.0028676
0.00343299
0.00409671
0.00487315
0.00577828
0.00682975
0.00804694
0.00945105
0.0110651
0.0129141
0.0150246
0.0174254
0.0201468
0.0232206
0.0266806
0.0305613
0.0348988
0.0397299
0.0450916
0.0510215
0.0575567
0.0647336
0.0725875
0.0811521
0.0904587
0.100536
0.11141
0.123101
0.135627
0.149
0.163227
0.17831
0.194243
0.211015
0.228607
0.246995
0.266147
0.286025
0.306581
0.327766
0.349521
0.371782
0.394481
0.417544
0.440895
0.464453
0.488137
0.511863
0.535547
0.559105
0.582456
0.605519
0.628218
0.650479
0.672234
0.693419
0.713975
0.733853
0.753005
0.771393
0.788985
0.805757
0.82169
0.836772
0.850999
0.864373
0.876898
0.888589
0.899462
0.909539
0.918845
0.927409
0.935261
0.942437
0.94897
0.954897
0.960256
0.965082
0.969415
0.973288
0.97674
0.979802
0.98251
0.984893
0.986982
0.988804
0.990384
0.991747
0.992913
0.993902
0.99473
0.995412
0.995962
0.996389
0.996702
0.996907
0.997009
0.997009
0.996907
0.996702
0.996389
0.995962
0.995412
0.99473
0.993902
0.992913
0.991747
0.990384
0.988804
0.986982
0.984893
0.98251
0.979802
0.97674
0.973288
0.969415
0.965082
0.960256
0.954897
0.94897
0.942437
0.935261
0.927409
0.918845
0.909539
0.899462
0.888589
0.876898
0.864373
0.850999
0.836772
0.82169
0.805757
0.788985
0.771393
0.753005
0.733853
0.713975
0.693419
0.672234
0.650479
0.628218
0.605519
0.582456
0.559105
0.535547
0.511863
0.488137
0.464453
0.440895
0.417544
0.394481
0.371782
0.349521
0.327766
0.306581
0.286025
0.266147
0.246995
0.228607
0.211015
0.194243
0.17831
0.163227
0.149
0.135627
0.123101
0.11141
0.100536
0.0904587
0.0811521
0.0725875
0.0647336
0.0575567
0.0510215
0.0450916
0.0397299
0.0348988
0.0305613
0.0266806
0.0232206
0.0201468
0.0174254
0.0150246
0.0129141
0.0110651
0.00945105
0.00804694
0.00682975
0.00577828
0.00487315
0.00409671
0.00343299
0.0028676
0.00238764
0.00198164
0.00163939
0.00135188
0.00111121
0.000910427
0.000743515
0.000605239
0.000491084
0.000397167
0.00032017
0.000257261
0.000206041
0.000164482
0.000130878
0.0001038
8.20567e-05
6.46563e-05
5.07795e-05
3.97509e-05
3.1016e-05
2.41216e-05
1.86984e-05
1.44471e-05
1.1126e-05
8.54033e-06
6.53415e-06
4.98291e-06
3.78753e-06
2.86951e-06
2.1669e-06
1.63098e-06
1.2236e-06
9.14974e-07
6.8196e-07
5.06628e-07
3.75147e-07
2.76882e-07
2.0369e-07
1.49358e-07
1.09161e-07
7.95233e-08
5.77436e-08
4.17925e-08
3.01494e-08
2.16794e-08
1.55382e-08
1.11006e-08
7.90455e-09
5.61048e-09
3.9693e-09
2.79911e-09
1.96752e-09
1.37851e-09
9.62718e-10
6.70167e-10
4.65013e-10
3.21621e-10
2.2173e-10
1.52372e-10
1.04373e-10
7.12643e-11
4.85022e-11
3.29046e-11
2.22515e-11
1.49993e-11
1.00784e-11
6.75029e-12
4.50678e-12
2.99933e-12
1.98974e-12
1.31579e-12
8.67348e-13
5.69928e-13
3.73309e-13
2.43747e-13
1.58648e-13
1.02933e-13
6.65734e-14
4.29217e-14
2.75856e-14
1.76734e-14
1.12874e-14
7.18621e-15
4.56082e-15
2.88553e-15
1.8199e-15
1.14422e-15
7.17164e-16
4.48096e-16
2.79106e-16
1.73308e-16
1.07279e-16
6.62012e-17
4.07259e-17
2.49764e-17
1.52703e-17
9.30729e-18
5.65536e-18
3.42579e-18
2.06883e-18
1.24554e-18
7.47577e-19
4.47328e-19
2.6685e-19
1.58702e-19
9.40967e-20
5.56216e-20
3.27787e-20
1.92585e-20
1.12807e-20
6.58769e-21
3.83547e-21
2.22635e-21
1.28843e-21
7.43392e-22
4.27633e-22
2.45257e-22
1.4024e-22
7.99505e-23
4.54437e-23
2.57532e-23
1.45511e-23
8.19725e-24
4.60417e-24
2.57839e-24
1.43966e-24
8.01468e-25
4.44869e-25
2.46206e-25
1.35859e-25
7.47486e-26
4.10057e-26
2.24292e-26
1.22325e-26
6.65193e-27
3.60675e-27
1.94994e-27
1.05115e-27
5.65002e-28
3.02816e-28
1.61827e-28
8.62327e-29
4.58186e-29
2.42752e-29
1.28244e-29
6.75563e-30
3.54857e-30
1.85866e-30
9.7075e-31
5.05567e-31
2.62553e-31
1.35963e-31
7.02096e-32
3.61529e-32
1.85637e-32
9.50521e-33
4.8533e-33
2.47111e-33
1.25467e-33
6.35261e-34
3.20746e-34
1.61495e-34
8.1086e-35
4.06001e-35
2.02722e-35
1.00943e-35
5.01239e-36
2.48209e-36
1.22572e-36
6.03633e-37
2.96457e-37
1.45197e-37
7.09197e-38
3.45453e-38
1.67813e-38
8.12983e-39
3.92787e-39
1.89258e-39
9.0944e-40
4.35834e-40
2.08303e-40
9.92888e-41
4.71995e-41
2.23773e-41
1.05807e-41
4.98955e-42
2.34665e-42
1.10072e-42
5.14932e-43
2.40254e-43
1.11799e-43
5.18869e-44
2.40176e-44
1.10881e-44
5.10553e-45
2.34468e-45
1.07396e-45
4.90631e-46
2.23556e-46
1.01598e-46
4.60526e-47
2.08206e-47
9.38871e-48
4.22273e-48
1.89434e-48
8.47624e-49
3.78294e-49
1.68399e-49
7.47709e-50
3.31142e-50
1.4628e-50
6.44539e-51
2.83273e-51
1.24181e-51
5.43008e-52
2.3684e-52
1.0304e-52
4.47155e-53
1.93561e-53
8.35763e-54
3.59964e-54
1.54649e-54
6.62746e-55
2.83311e-55
1.20808e-55
5.13864e-56
2.18033e-56
9.22825e-57
3.8962e-57
1.64093e-57
6.89398e-58
2.88921e-58
1.20788e-58
5.03732e-59
2.09563e-59
8.69697e-60
3.60049e-60
1.48696e-60
6.12605e-61
2.51773e-61
1.03225e-61
4.22195e-62
1.72263e-62
7.01174e-63
2.84719e-63
1.15336e-63
4.66092e-64
1.87907e-64
7.55745e-65
3.03232e-65
1.21379e-65
4.84706e-66
1.93102e-66
7.67479e-67
3.04314e-67
1.2038e-67
4.7508e-68
1.87051e-68
7.34741e-69
2.87934e-69
1.12574e-69
4.39109e-70
1.70882e-70
6.63455e-71
2.56992e-71
9.93172e-72
3.82936e-72
1.47308e-72
5.65364e-73
2.16487e-73
8.27069e-74
3.15251e-74
1.19889e-74
4.54898e-75
1.7221e-75
6.50455e-76
2.45127e-76
9.21685e-77
3.45774e-77
1.29427e-77
4.83367e-78
1.80117e-78
6.69665e-79
2.48421e-79
9.19496e-80
3.3958e-80
1.25132e-80
4.60073e-81
1.68781e-81
6.17815e-82
2.25649e-82
8.22336e-83
2.99026e-83
1.08496e-83
3.92796e-84
1.41895e-84
5.11468e-85
1.83959e-85
6.60204e-86
2.36423e-86
8.44812e-87
3.01223e-87
1.07171e-87
3.80477e-88
1.34785e-88
4.76456e-89
1.68063e-89
5.91545e-90
2.07766e-90
7.28172e-91
2.54664e-91
8.88743e-92
3.09501e-92
1.07554e-92
3.72969e-93
1.29063e-93
4.45668e-94
1.53571e-94
5.2807e-95
1.81202e-95
6.20478e-96
2.12022e-96
7.22984e-97
2.46021e-97
8.35432e-98
2.83106e-98
9.57386e-99
3.23092e-99
1.0881e-99
3.65692e-100
1.2265e-100
4.10515e-101
1.3712e-101
4.57068e-102
1.52046e-102
5.04756e-103
1.67226e-103
5.52898e-104
1.82433e-104
6.00736e-105
1.97417e-105
6.47454e-106
2.11913e-106
6.92204e-107
2.25651e-107
7.34126e-108
2.38361e-108
7.72379e-109
2.49782e-109
8.0617e-110
2.59675e-110
8.34777e-111
2.67825e-111
8.57579e-112
2.74056e-112
8.74077e-113
2.78231e-113
8.83911e-114
2.8026e-114
8.86876e-115
2.80102e-115
8.82926e-116
2.7777e-116
8.72176e-117
2.73325e-117
8.54899e-118
2.66876e-118
8.31509e-119
2.58576e-119
8.02551e-120
2.48613e-120
7.68676e-121
2.37209e-121
7.30618e-122
2.24606e-122
6.89167e-123
2.11059e-123
6.45145e-124
1.96829e-124
5.99378e-125
1.82176e-125
5.52669e-126
1.67348e-126
5.05779e-127
1.52576e-127
4.5941e-128
1.38071e-128
4.14185e-129
1.24016e-129
3.70641e-130
1.10566e-130
3.29222e-131
9.78476e-132
2.90275e-132
8.59546e-133
2.54056e-133
7.49534e-134
2.20731e-134
6.4894e-135
1.90775e-135
5.71408e-136
2.10561e-136
)
;

boundaryField
{
    sides
    {
        type            zeroGradient;
    }
    empty
    {
        type            empty;
    }
}


// ************************************************************************* //
