/*--------------------------------*- C++ -*----------------------------------*\
  =========                 |
  \\      /  F ield         | OpenFOAM: The Open Source CFD Toolbox
   \\    /   O peration     | Website:  https://openfoam.org
    \\  /    A nd           | Version:  13
     \\/     M anipulation  |
\*---------------------------------------------------------------------------*/
FoamFile
{
    format      ascii;
    class       volScalarField;
    location    "0.25";
    object      T;
}
// * * * * * * * * * * * * * * * * * * * * * * * * * * * * * * * * * * * * * //

dimensions      [0 0 0 1 0 0 0];

internalField   nonuniform List<scalar> 
1000
(
0
0
0
0
0
0
0
0
0
0
0
0
0
0
0
0
0
0
0
0
0
0
0
0
0
0
0
0
0
0
0
0
0
0
0
0
0
0
0
0
0
0
0
0
0
0
0
0
0
2.12448e-322
3.25095e-321
4.60864e-320
6.50136e-319
9.14572e-318
1.28376e-316
1.79808e-315
2.51302e-314
3.50463e-313
4.87689e-312
6.77168e-311
9.38209e-310
1.29703e-308
1.78914e-307
2.46253e-306
3.38187e-305
4.63413e-304
6.33597e-303
8.64348e-302
1.1765e-300
1.59779e-299
2.16506e-298
2.92711e-297
3.94844e-296
5.31403e-295
7.13565e-294
9.55985e-293
1.27783e-291
1.7041e-290
2.26735e-289
3.00979e-288
3.98609e-287
5.2668e-286
6.94279e-285
9.13071e-284
1.198e-282
1.56814e-281
2.0478e-280
2.66785e-279
3.4674e-278
4.49584e-277
5.81541e-276
7.50426e-275
9.6603e-274
1.24058e-272
1.58932e-271
2.03114e-270
2.58948e-269
3.29324e-268
4.17803e-267
5.28751e-266
6.67513e-265
8.4061e-264
1.05597e-262
1.32321e-261
1.65394e-260
2.06216e-259
2.56469e-258
3.18165e-257
3.93706e-256
4.85947e-255
5.98275e-254
7.34689e-253
8.99899e-252
1.09943e-250
1.33975e-249
1.62837e-248
1.97405e-247
2.38688e-246
2.87852e-245
3.46234e-244
4.15363e-243
4.96982e-242
5.93066e-241
7.05851e-240
8.37848e-239
9.91874e-238
1.17107e-236
1.37892e-235
1.61929e-234
1.89641e-233
2.21493e-232
2.57989e-231
2.99678e-230
3.47148e-229
4.01032e-228
4.61999e-227
5.3076e-226
6.08059e-225
6.94671e-224
7.91399e-223
8.99062e-222
1.01849e-220
1.15052e-219
1.29598e-218
1.45566e-217
1.63035e-216
1.82075e-215
2.02754e-214
2.25129e-213
2.49249e-212
2.75149e-211
3.02853e-210
3.32369e-209
3.63689e-208
3.96785e-207
4.3161e-206
4.68094e-205
5.06148e-204
5.45655e-203
5.86478e-202
6.28451e-201
6.71389e-200
7.15079e-199
7.59289e-198
8.03761e-197
8.48223e-196
8.92382e-195
9.35931e-194
9.78553e-193
1.01992e-191
1.05971e-190
1.09759e-189
1.13323e-188
1.16632e-187
1.19656e-186
1.22367e-185
1.24737e-184
1.26745e-183
1.28368e-182
1.29591e-181
1.30399e-180
1.30784e-179
1.30739e-178
1.30264e-177
1.29361e-176
1.28037e-175
1.26305e-174
1.24179e-173
1.21679e-172
1.18826e-171
1.15648e-170
1.12171e-169
1.08427e-168
1.04449e-167
1.00271e-166
9.59263e-166
9.14516e-165
8.68817e-164
8.22512e-163
7.75938e-162
7.29417e-161
6.83254e-160
6.37735e-159
5.93121e-158
5.49647e-157
5.07524e-156
4.66933e-155
4.28025e-154
3.90928e-153
3.55736e-152
3.2252e-151
2.91324e-150
2.62167e-149
2.35049e-148
2.09946e-147
1.86818e-146
1.65609e-145
1.46251e-144
1.28662e-143
1.12756e-142
9.84351e-142
8.56012e-141
7.41516e-140
6.39828e-139
5.49921e-138
4.70788e-137
4.01448e-136
3.40961e-135
2.88432e-134
2.43017e-133
2.03928e-132
1.70435e-131
1.41863e-130
1.17598e-129
9.7084e-129
7.98179e-128
6.53506e-127
5.32828e-126
4.32617e-125
3.49778e-124
2.81606e-123
2.25759e-122
1.80215e-121
1.43243e-120
1.13366e-119
8.93318e-119
7.00871e-118
5.47479e-117
4.2578e-116
3.29672e-115
2.54125e-114
1.95017e-113
1.48986e-112
1.13308e-111
8.57834e-111
6.46496e-110
4.84995e-109
3.62166e-108
2.69195e-107
1.99161e-106
1.46658e-105
1.0749e-104
7.84104e-104
5.69265e-103
4.1132e-102
2.95772e-101
2.11659e-100
1.50732e-99
1.0682e-98
7.53297e-98
5.28611e-97
3.69104e-96
2.56445e-95
1.77279e-94
1.21935e-93
8.34443e-93
5.68128e-92
3.84827e-91
2.59324e-90
1.73846e-89
1.15936e-88
7.69112e-88
5.07536e-87
3.33148e-86
2.17513e-85
1.41253e-84
9.12352e-84
5.8609e-83
3.74446e-82
2.37916e-81
1.50332e-80
9.44629e-80
5.90249e-79
3.66742e-78
2.2658e-77
1.39188e-76
8.50136e-76
5.16255e-75
3.11684e-74
1.87078e-73
1.11628e-72
6.62136e-72
3.9042e-71
2.28828e-70
1.3331e-69
7.71927e-69
4.44254e-68
2.54103e-67
1.44443e-66
8.15965e-66
4.58055e-65
2.55515e-64
1.41628e-63
7.80009e-63
4.26821e-62
2.32044e-61
1.2533e-60
6.72474e-60
3.5844e-59
1.89783e-58
9.98102e-58
5.21377e-57
2.705e-56
1.39379e-55
7.13221e-55
3.62429e-54
1.82884e-53
9.16337e-53
4.55872e-52
2.25172e-51
1.1042e-50
5.3755e-50
2.59779e-49
1.24618e-48
5.93365e-48
2.80418e-47
1.31524e-46
6.12207e-46
2.82785e-45
1.29615e-44
5.89476e-44
2.6599e-43
1.19076e-42
5.28831e-42
2.32978e-41
1.0181e-40
4.4128e-40
1.89696e-39
8.0871e-39
3.41892e-38
1.43323e-37
5.9572e-37
2.45493e-36
1.00294e-35
4.06178e-35
1.63055e-34
6.48771e-34
2.55834e-33
9.99768e-33
3.87152e-32
1.48549e-31
5.64716e-31
2.1268e-30
7.93453e-30
2.93211e-29
1.07316e-28
3.88989e-28
1.39624e-27
4.96244e-27
1.74623e-26
6.08333e-26
2.09784e-25
7.16069e-25
2.41906e-24
8.08736e-24
2.67542e-23
8.75704e-23
2.8357e-22
9.08359e-22
2.87807e-21
9.0188e-21
2.7948e-20
8.56373e-20
2.59439e-19
7.77e-19
2.30023e-18
6.73032e-18
1.9461e-17
5.56042e-17
1.56969e-16
4.37753e-16
1.20588e-15
3.28081e-15
8.81475e-15
2.33849e-14
6.12495e-14
1.58364e-13
4.04147e-13
1.01788e-12
2.52971e-12
6.20302e-12
1.5005e-11
3.58026e-11
8.42511e-11
1.95507e-10
4.47318e-10
1.00897e-09
2.24328e-09
4.91564e-09
1.06146e-08
2.25838e-08
4.73369e-08
9.77356e-08
1.98746e-07
3.97994e-07
7.84751e-07
1.52337e-06
2.91102e-06
5.4751e-06
1.01343e-05
1.84586e-05
3.30795e-05
5.83206e-05
0.000101145
0.000172536
0.00028946
0.000477565
0.000774778
0.00123592
0.00193843
0.00298902
0.00453118
0.00675285
0.00989352
0.0142497
0.0201772
0.0280888
0.0384459
0.0517428
0.0684826
0.0891458
0.114153
0.143821
0.178324
0.217657
0.261605
0.309732
0.361385
0.415714
0.471715
0.528285
0.584286
0.638615
0.690268
0.738395
0.782343
0.821676
0.856179
0.885847
0.910854
0.931517
0.948257
0.961554
0.971911
0.979823
0.98575
0.990106
0.993247
0.995469
0.997011
0.998062
0.998764
0.999225
0.999522
0.999711
0.999827
0.999899
0.999942
0.999967
0.999982
0.99999
0.999995
0.999997
0.999998
0.999999
1
1
1
1
1
1
1
1
1
1
1
1
1
1
1
1
1
1
1
1
1
1
1
1
1
1
1
1
1
1
0.999999
0.999998
0.999997
0.999995
0.99999
0.999982
0.999967
0.999942
0.999899
0.999827
0.999711
0.999522
0.999225
0.998764
0.998062
0.997011
0.995469
0.993247
0.990106
0.98575
0.979823
0.971911
0.961554
0.948257
0.931517
0.910854
0.885847
0.856179
0.821676
0.782343
0.738395
0.690268
0.638615
0.584286
0.528285
0.471715
0.415714
0.361385
0.309732
0.261605
0.217657
0.178324
0.143821
0.114153
0.0891458
0.0684826
0.0517428
0.0384459
0.0280888
0.0201772
0.0142497
0.00989352
0.00675285
0.00453118
0.00298902
0.00193843
0.00123592
0.000774778
0.000477565
0.00028946
0.000172536
0.000101145
5.83206e-05
3.30795e-05
1.84586e-05
1.01343e-05
5.4751e-06
2.91102e-06
1.52337e-06
7.84751e-07
3.97994e-07
1.98746e-07
9.77356e-08
4.73369e-08
2.25838e-08
1.06146e-08
4.91564e-09
2.24328e-09
1.00897e-09
4.47318e-10
1.95507e-10
8.42511e-11
3.58026e-11
1.5005e-11
6.20302e-12
2.52971e-12
1.01788e-12
4.04147e-13
1.58364e-13
6.12495e-14
2.33849e-14
8.81475e-15
3.28081e-15
1.20588e-15
4.37753e-16
1.56969e-16
5.56042e-17
1.9461e-17
6.73032e-18
2.30023e-18
7.77e-19
2.59439e-19
8.56373e-20
2.7948e-20
9.0188e-21
2.87807e-21
9.08359e-22
2.8357e-22
8.75704e-23
2.67542e-23
8.08736e-24
2.41906e-24
7.16069e-25
2.09784e-25
6.08333e-26
1.74623e-26
4.96244e-27
1.39624e-27
3.88989e-28
1.07316e-28
2.93211e-29
7.93453e-30
2.1268e-30
5.64716e-31
1.48549e-31
3.87152e-32
9.99768e-33
2.55834e-33
6.48771e-34
1.63055e-34
4.06178e-35
1.00294e-35
2.45493e-36
5.9572e-37
1.43323e-37
3.41892e-38
8.0871e-39
1.89696e-39
4.4128e-40
1.0181e-40
2.32978e-41
5.28831e-42
1.19076e-42
2.6599e-43
5.89476e-44
1.29615e-44
2.82785e-45
6.12207e-46
1.31524e-46
2.80418e-47
5.93365e-48
1.24618e-48
2.59779e-49
5.3755e-50
1.1042e-50
2.25172e-51
4.55872e-52
9.16337e-53
1.82884e-53
3.62429e-54
7.13221e-55
1.39379e-55
2.705e-56
5.21377e-57
9.98102e-58
1.89783e-58
3.5844e-59
6.72474e-60
1.2533e-60
2.32044e-61
4.26821e-62
7.80009e-63
1.41628e-63
2.55515e-64
4.58055e-65
8.15965e-66
1.44443e-66
2.54103e-67
4.44254e-68
7.71927e-69
1.3331e-69
2.28828e-70
3.9042e-71
6.62136e-72
1.11628e-72
1.87078e-73
3.11684e-74
5.16255e-75
8.50136e-76
1.39188e-76
2.2658e-77
3.66742e-78
5.90249e-79
9.44629e-80
1.50332e-80
2.37916e-81
3.74446e-82
5.8609e-83
9.12352e-84
1.41253e-84
2.17513e-85
3.33148e-86
5.07536e-87
7.69112e-88
1.15936e-88
1.73846e-89
2.59324e-90
3.84827e-91
5.68128e-92
8.34443e-93
1.21935e-93
1.77279e-94
2.56445e-95
3.69104e-96
5.28611e-97
7.53297e-98
1.0682e-98
1.50732e-99
2.11659e-100
2.95772e-101
4.1132e-102
5.69265e-103
7.84104e-104
1.0749e-104
1.46658e-105
1.99161e-106
2.69195e-107
3.62166e-108
4.84995e-109
6.46496e-110
8.57834e-111
1.13308e-111
1.48986e-112
1.95017e-113
2.54125e-114
3.29672e-115
4.2578e-116
5.47479e-117
7.00871e-118
8.93318e-119
1.13366e-119
1.43243e-120
1.80215e-121
2.25759e-122
2.81606e-123
3.49778e-124
4.32617e-125
5.32828e-126
6.53506e-127
7.98179e-128
9.7084e-129
1.17598e-129
1.41863e-130
1.70435e-131
2.03928e-132
2.43017e-133
2.88432e-134
3.40961e-135
4.01448e-136
4.70788e-137
5.49921e-138
6.39828e-139
7.41516e-140
8.56012e-141
9.84351e-142
1.12756e-142
1.28662e-143
1.46251e-144
1.65609e-145
1.86818e-146
2.09946e-147
2.35049e-148
2.62167e-149
2.91324e-150
3.2252e-151
3.55736e-152
3.90928e-153
4.28025e-154
4.66933e-155
5.07524e-156
5.49647e-157
5.93121e-158
6.37735e-159
6.83254e-160
7.29417e-161
7.75938e-162
8.22512e-163
8.68817e-164
9.14516e-165
9.59263e-166
1.00271e-166
1.04449e-167
1.08427e-168
1.12171e-169
1.15648e-170
1.18826e-171
1.21679e-172
1.24179e-173
1.26305e-174
1.28037e-175
1.29361e-176
1.30264e-177
1.30739e-178
1.30784e-179
1.30399e-180
1.29591e-181
1.28368e-182
1.26745e-183
1.24737e-184
1.22367e-185
1.19656e-186
1.16632e-187
1.13323e-188
1.09759e-189
1.05971e-190
1.01992e-191
9.78553e-193
9.35931e-194
8.92382e-195
8.48223e-196
8.03761e-197
7.59289e-198
7.15079e-199
6.71389e-200
6.28451e-201
5.86478e-202
5.45655e-203
5.06148e-204
4.68094e-205
4.3161e-206
3.96785e-207
3.63689e-208
3.32369e-209
3.02853e-210
2.75149e-211
2.49249e-212
2.25129e-213
2.02754e-214
1.82075e-215
1.63035e-216
1.45566e-217
1.29598e-218
1.15052e-219
1.01849e-220
8.99062e-222
7.91399e-223
6.94671e-224
6.08059e-225
5.3076e-226
4.61999e-227
4.01032e-228
3.47148e-229
2.99678e-230
2.57989e-231
2.21493e-232
1.89641e-233
1.61929e-234
1.37892e-235
1.17107e-236
9.91874e-238
8.37848e-239
7.05851e-240
5.93066e-241
4.96982e-242
4.15363e-243
3.46234e-244
2.87852e-245
2.38688e-246
1.97405e-247
1.62837e-248
1.33975e-249
1.09943e-250
8.99899e-252
7.34689e-253
5.98275e-254
4.85947e-255
3.93706e-256
3.18165e-257
2.56469e-258
2.06216e-259
1.65394e-260
1.32321e-261
1.05597e-262
8.4061e-264
6.67513e-265
5.28751e-266
4.17803e-267
3.29324e-268
2.58948e-269
2.03114e-270
1.58932e-271
1.24058e-272
9.6603e-274
7.50426e-275
5.81541e-276
4.49584e-277
3.4674e-278
2.66785e-279
2.0478e-280
1.56814e-281
1.198e-282
9.13071e-284
6.94279e-285
5.2668e-286
3.98609e-287
3.00979e-288
2.26735e-289
1.7041e-290
1.27783e-291
9.55985e-293
7.13565e-294
5.31403e-295
3.94844e-296
2.92711e-297
2.16506e-298
1.59779e-299
1.1765e-300
8.64348e-302
6.33597e-303
4.63413e-304
3.38187e-305
2.46253e-306
1.78914e-307
1.29703e-308
9.38209e-310
6.77168e-311
4.87689e-312
3.50463e-313
2.51302e-314
1.79808e-315
1.28376e-316
9.14569e-318
6.50136e-319
4.60864e-320
3.25095e-321
2.12448e-322
0
0
0
0
0
0
0
0
0
0
0
0
0
0
0
0
0
0
0
0
0
0
0
0
0
0
0
0
0
0
0
0
0
0
0
0
0
0
0
0
0
0
0
0
0
0
0
0
0
)
;

boundaryField
{
    sides
    {
        type            zeroGradient;
    }
    empty
    {
        type            empty;
    }
}


// ************************************************************************* //
