/*--------------------------------*- C++ -*----------------------------------*\
  =========                 |
  \\      /  F ield         | OpenFOAM: The Open Source CFD Toolbox
   \\    /   O peration     | Website:  https://openfoam.org
    \\  /    A nd           | Version:  13
     \\/     M anipulation  |
\*---------------------------------------------------------------------------*/
FoamFile
{
    format      ascii;
    class       volScalarField;
    location    "2.445";
    object      T;
}
// * * * * * * * * * * * * * * * * * * * * * * * * * * * * * * * * * * * * * //

dimensions      [0 0 0 1 0 0 0];

internalField   nonuniform List<scalar> 
1000
(
1.26234e-86
2.15996e-86
4.58724e-86
1.02488e-85
2.31073e-85
5.21286e-85
1.17472e-84
2.64349e-84
5.93996e-84
1.33274e-83
2.98577e-83
6.67917e-83
1.4919e-82
3.32741e-82
7.41008e-82
1.64774e-81
3.65851e-81
8.11086e-81
1.79546e-80
3.96856e-80
8.75862e-80
1.93011e-79
4.24693e-79
9.33062e-79
2.04687e-78
4.48343e-78
9.80558e-78
2.1413e-77
4.66897e-77
1.01649e-76
2.20967e-76
4.7961e-76
1.03941e-75
2.24917e-75
4.85951e-75
1.04833e-74
2.25809e-74
4.85642e-74
1.04286e-73
2.23597e-73
4.78675e-73
1.02316e-72
2.18364e-72
4.65314e-72
9.90012e-72
2.10312e-71
4.46081e-71
9.44695e-71
1.99754e-70
4.21721e-70
8.88957e-70
1.87094e-69
3.93154e-69
8.24874e-69
1.72797e-68
3.61414e-68
7.54736e-68
1.57364e-67
3.27593e-67
6.80898e-67
1.41302e-66
2.92773e-66
6.05664e-66
1.25097e-65
2.57975e-65
5.31158e-65
1.0919e-64
2.24107e-64
4.59239e-64
9.39583e-64
1.9193e-63
3.91435e-63
7.9705e-63
1.6204e-62
3.28901e-62
6.66524e-62
1.34857e-61
2.72419e-61
5.49422e-61
1.10632e-60
2.22411e-60
4.46413e-60
8.94581e-60
1.7898e-59
3.57511e-59
7.12978e-59
1.41959e-58
2.82193e-58
5.60052e-58
1.10971e-57
2.19526e-57
4.33569e-57
8.54923e-57
1.68302e-56
3.30786e-56
6.49078e-56
1.27157e-55
2.48699e-55
4.85624e-55
9.46707e-55
1.84256e-54
3.58027e-54
6.94543e-54
1.34515e-53
2.60092e-53
5.02078e-53
9.67609e-53
1.86172e-52
3.57612e-52
6.85793e-52
1.31298e-51
2.50959e-51
4.78883e-51
9.12298e-51
1.7351e-50
3.29451e-50
6.24504e-50
1.18184e-49
2.23284e-49
4.21146e-49
7.9302e-49
1.49077e-48
2.79776e-48
5.24185e-48
9.80462e-48
1.83084e-47
3.41302e-47
6.35184e-47
1.18013e-46
2.18892e-46
4.0532e-46
7.49263e-46
1.38273e-45
2.54746e-45
4.68536e-45
8.60287e-45
1.57692e-44
2.8856e-44
5.27143e-44
9.61351e-44
1.75024e-43
3.18107e-43
5.77178e-43
1.04545e-42
1.89043e-42
3.4125e-42
6.14953e-42
1.10629e-41
1.98679e-41
3.56196e-41
6.37502e-41
1.13901e-40
2.03155e-40
3.61726e-40
6.4296e-40
1.14088e-39
2.0209e-39
3.57356e-39
6.3082e-39
1.11162e-38
1.9555e-38
3.43405e-38
6.02006e-38
1.05352e-37
1.84046e-37
3.20963e-37
5.58763e-37
9.71055e-37
1.68462e-36
2.91744e-36
5.04362e-36
8.70409e-36
1.49949e-35
2.57871e-35
4.42691e-35
7.58641e-35
1.2978e-34
2.21624e-34
3.77799e-34
6.42895e-34
1.09208e-33
1.85183e-33
3.13458e-33
5.29653e-33
8.93378e-33
1.50421e-32
2.52822e-32
4.24179e-32
7.10415e-32
1.18769e-31
1.98209e-31
3.30195e-31
5.49089e-31
9.11467e-31
1.5103e-30
2.49812e-30
4.12462e-30
6.79797e-30
1.1184e-29
1.83669e-29
3.0109e-29
4.92694e-29
8.04781e-29
1.31219e-28
2.13568e-28
3.46972e-28
5.62689e-28
9.10876e-28
1.47186e-27
2.37405e-27
3.82232e-27
6.14298e-27
9.85474e-27
1.57806e-26
2.52241e-26
4.02456e-26
6.40962e-26
1.01896e-25
1.61693e-25
2.56116e-25
4.04939e-25
6.39074e-25
1.00675e-24
1.58305e-24
2.48472e-24
3.89284e-24
6.08779e-24
9.50293e-24
1.48068e-23
2.30285e-23
3.57498e-23
5.53968e-23
8.56834e-23
1.32285e-22
2.03857e-22
3.13573e-22
4.81451e-22
7.37845e-22
1.12869e-21
1.72339e-21
2.62658e-21
3.9957e-21
6.06724e-21
9.19571e-21
1.39115e-20
2.10067e-20
3.16618e-20
4.76328e-20
7.1527e-20
1.07208e-19
1.60389e-19
2.39504e-19
3.56979e-19
5.31084e-19
7.88629e-19
1.16888e-18
1.72926e-18
2.55349e-18
3.76356e-18
5.53668e-18
8.12992e-18
1.19154e-17
1.74309e-17
2.54515e-17
3.7093e-17
5.3958e-17
7.83434e-17
1.13536e-16
1.64228e-16
2.37105e-16
3.41679e-16
4.91448e-16
7.05533e-16
1.01097e-15
1.4459e-15
2.06404e-15
2.94088e-15
4.1823e-15
5.93652e-15
8.41059e-15
1.18932e-14
1.6786e-14
2.36468e-14
3.32487e-14
4.66608e-14
6.5359e-14
9.13764e-14
1.27508e-13
1.77588e-13
2.46868e-13
3.42523e-13
4.74339e-13
6.55631e-13
9.04488e-13
1.24543e-12
1.71161e-12
2.34782e-12
3.21436e-12
4.39233e-12
5.99054e-12
8.15469e-12
1.10795e-11
1.50245e-11
2.03352e-11
2.74706e-11
3.70387e-11
4.98438e-11
6.69476e-11
8.97484e-11
1.20084e-10
1.60366e-10
2.1375e-10
2.84359e-10
3.77568e-10
5.00367e-10
6.61833e-10
8.73723e-10
1.15124e-09
1.51399e-09
1.98722e-09
2.60335e-09
3.40397e-09
4.44226e-09
5.7861e-09
7.52199e-09
9.75988e-09
1.26392e-08
1.63365e-08
2.10748e-08
2.71352e-08
3.4871e-08
4.47261e-08
5.7256e-08
7.3155e-08
9.32892e-08
1.18736e-07
1.50833e-07
1.91238e-07
2.42001e-07
3.05649e-07
3.85294e-07
4.84758e-07
6.08725e-07
7.62925e-07
9.54347e-07
1.1915e-06
1.48473e-06
1.84656e-06
2.29216e-06
2.83982e-06
3.51157e-06
4.33387e-06
5.33846e-06
6.56329e-06
8.05364e-06
9.86345e-06
1.20568e-05
1.47096e-05
1.79116e-05
2.1769e-05
2.64063e-05
3.19701e-05
3.86322e-05
4.65932e-05
5.60872e-05
6.73868e-05
8.08083e-05
9.67178e-05
0.000115539
0.000137759
0.00016394
0.000194725
0.000230851
0.000273158
0.000322605
0.00038028
0.000447416
0.000525406
0.000615823
0.000720436
0.000841227
0.000980417
0.00114048
0.00132418
0.00153458
0.00177507
0.0020494
0.00236169
0.00271647
0.00311872
0.00357385
0.00408777
0.00466691
0.0053182
0.00604916
0.00686786
0.00778298
0.00880378
0.00994016
0.0112026
0.0126023
0.014151
0.0158611
0.0177455
0.0198178
0.0220921
0.0245829
0.0273054
0.0302751
0.0335077
0.0370195
0.0408266
0.0449456
0.0493929
0.0541849
0.0593378
0.0648675
0.0707894
0.0771183
0.0838685
0.0910533
0.0986851
0.106775
0.115333
0.124369
0.133888
0.143896
0.154398
0.165394
0.176885
0.188869
0.20134
0.214293
0.227718
0.241604
0.255937
0.270703
0.285882
0.301455
0.317398
0.333688
0.350298
0.367199
0.384362
0.401755
0.419344
0.437096
0.454976
0.472948
0.490974
0.509019
0.527046
0.545017
0.562896
0.580647
0.598235
0.615625
0.632786
0.649684
0.66629
0.682575
0.698513
0.714079
0.72925
0.744006
0.758329
0.772202
0.785611
0.798544
0.810994
0.822951
0.834411
0.845371
0.855831
0.86579
0.875251
0.884219
0.892699
0.900699
0.908226
0.91529
0.921901
0.92807
0.933808
0.939128
0.94404
0.948558
0.952693
0.956457
0.959862
0.962918
0.965637
0.968028
0.970099
0.971859
0.973314
0.974472
0.975335
0.975909
0.976195
0.976195
0.975909
0.975335
0.974472
0.973314
0.971859
0.970099
0.968028
0.965637
0.962918
0.959862
0.956457
0.952693
0.948558
0.94404
0.939128
0.933808
0.92807
0.921901
0.91529
0.908226
0.900699
0.892699
0.884219
0.875251
0.86579
0.855831
0.845371
0.834411
0.822951
0.810994
0.798544
0.785611
0.772202
0.758329
0.744006
0.72925
0.714079
0.698513
0.682575
0.66629
0.649684
0.632786
0.615625
0.598235
0.580647
0.562896
0.545017
0.527046
0.509019
0.490974
0.472948
0.454976
0.437096
0.419344
0.401755
0.384362
0.367199
0.350298
0.333688
0.317398
0.301455
0.285882
0.270703
0.255937
0.241604
0.227718
0.214293
0.20134
0.188869
0.176885
0.165394
0.154398
0.143896
0.133888
0.124369
0.115333
0.106775
0.0986851
0.0910533
0.0838685
0.0771183
0.0707894
0.0648675
0.0593378
0.0541849
0.0493929
0.0449456
0.0408266
0.0370195
0.0335077
0.0302751
0.0273054
0.0245829
0.0220921
0.0198178
0.0177455
0.0158611
0.014151
0.0126023
0.0112026
0.00994016
0.00880378
0.00778298
0.00686786
0.00604916
0.0053182
0.00466691
0.00408777
0.00357385
0.00311872
0.00271647
0.00236169
0.0020494
0.00177507
0.00153458
0.00132418
0.00114048
0.000980417
0.000841227
0.000720436
0.000615823
0.000525406
0.000447416
0.00038028
0.000322605
0.000273158
0.000230851
0.000194725
0.00016394
0.000137759
0.000115539
9.67178e-05
8.08083e-05
6.73868e-05
5.60872e-05
4.65932e-05
3.86322e-05
3.19701e-05
2.64063e-05
2.1769e-05
1.79116e-05
1.47096e-05
1.20568e-05
9.86345e-06
8.05364e-06
6.56329e-06
5.33846e-06
4.33387e-06
3.51157e-06
2.83982e-06
2.29216e-06
1.84656e-06
1.48473e-06
1.1915e-06
9.54347e-07
7.62925e-07
6.08725e-07
4.84758e-07
3.85294e-07
3.05649e-07
2.42001e-07
1.91238e-07
1.50833e-07
1.18736e-07
9.32892e-08
7.3155e-08
5.7256e-08
4.47261e-08
3.4871e-08
2.71352e-08
2.10748e-08
1.63365e-08
1.26392e-08
9.75988e-09
7.52199e-09
5.7861e-09
4.44226e-09
3.40397e-09
2.60335e-09
1.98722e-09
1.51399e-09
1.15124e-09
8.73723e-10
6.61833e-10
5.00367e-10
3.77568e-10
2.84359e-10
2.1375e-10
1.60366e-10
1.20084e-10
8.97484e-11
6.69476e-11
4.98438e-11
3.70387e-11
2.74706e-11
2.03352e-11
1.50245e-11
1.10795e-11
8.15469e-12
5.99054e-12
4.39233e-12
3.21436e-12
2.34782e-12
1.71161e-12
1.24543e-12
9.04488e-13
6.55631e-13
4.74339e-13
3.42523e-13
2.46868e-13
1.77588e-13
1.27508e-13
9.13764e-14
6.5359e-14
4.66608e-14
3.32487e-14
2.36468e-14
1.6786e-14
1.18932e-14
8.41059e-15
5.93652e-15
4.1823e-15
2.94088e-15
2.06404e-15
1.4459e-15
1.01097e-15
7.05533e-16
4.91448e-16
3.41679e-16
2.37105e-16
1.64228e-16
1.13536e-16
7.83434e-17
5.3958e-17
3.7093e-17
2.54515e-17
1.74309e-17
1.19154e-17
8.12992e-18
5.53668e-18
3.76356e-18
2.55349e-18
1.72926e-18
1.16888e-18
7.88629e-19
5.31084e-19
3.56979e-19
2.39504e-19
1.60389e-19
1.07208e-19
7.1527e-20
4.76328e-20
3.16618e-20
2.10067e-20
1.39115e-20
9.19571e-21
6.06724e-21
3.9957e-21
2.62658e-21
1.72339e-21
1.12869e-21
7.37845e-22
4.81451e-22
3.13573e-22
2.03857e-22
1.32285e-22
8.56834e-23
5.53968e-23
3.57498e-23
2.30285e-23
1.48068e-23
9.50293e-24
6.08779e-24
3.89284e-24
2.48472e-24
1.58305e-24
1.00675e-24
6.39074e-25
4.04939e-25
2.56116e-25
1.61693e-25
1.01896e-25
6.40962e-26
4.02456e-26
2.52241e-26
1.57806e-26
9.85474e-27
6.14298e-27
3.82232e-27
2.37405e-27
1.47186e-27
9.10876e-28
5.62689e-28
3.46972e-28
2.13568e-28
1.31219e-28
8.04781e-29
4.92694e-29
3.0109e-29
1.83669e-29
1.1184e-29
6.79797e-30
4.12462e-30
2.49812e-30
1.5103e-30
9.11467e-31
5.49089e-31
3.30195e-31
1.98209e-31
1.18769e-31
7.10415e-32
4.24179e-32
2.52822e-32
1.50421e-32
8.93378e-33
5.29653e-33
3.13458e-33
1.85183e-33
1.09208e-33
6.42895e-34
3.77799e-34
2.21624e-34
1.2978e-34
7.58641e-35
4.42691e-35
2.57871e-35
1.49949e-35
8.70409e-36
5.04362e-36
2.91744e-36
1.68462e-36
9.71055e-37
5.58763e-37
3.20963e-37
1.84046e-37
1.05352e-37
6.02006e-38
3.43405e-38
1.9555e-38
1.11162e-38
6.3082e-39
3.57356e-39
2.0209e-39
1.14088e-39
6.4296e-40
3.61726e-40
2.03155e-40
1.13901e-40
6.37502e-41
3.56196e-41
1.98679e-41
1.10629e-41
6.14953e-42
3.4125e-42
1.89043e-42
1.04545e-42
5.77178e-43
3.18107e-43
1.75024e-43
9.61351e-44
5.27143e-44
2.8856e-44
1.57692e-44
8.60287e-45
4.68536e-45
2.54746e-45
1.38273e-45
7.49263e-46
4.0532e-46
2.18892e-46
1.18013e-46
6.35184e-47
3.41302e-47
1.83084e-47
9.80462e-48
5.24185e-48
2.79776e-48
1.49077e-48
7.9302e-49
4.21146e-49
2.23284e-49
1.18184e-49
6.24504e-50
3.29451e-50
1.7351e-50
9.12298e-51
4.78883e-51
2.50959e-51
1.31298e-51
6.85793e-52
3.57612e-52
1.86172e-52
9.67609e-53
5.02078e-53
2.60092e-53
1.34515e-53
6.94543e-54
3.58027e-54
1.84256e-54
9.46707e-55
4.85624e-55
2.48699e-55
1.27157e-55
6.49078e-56
3.30786e-56
1.68302e-56
8.54923e-57
4.33569e-57
2.19526e-57
1.10971e-57
5.60052e-58
2.82193e-58
1.41959e-58
7.12978e-59
3.57511e-59
1.7898e-59
8.94581e-60
4.46413e-60
2.22411e-60
1.10632e-60
5.49422e-61
2.72419e-61
1.34857e-61
6.66524e-62
3.28901e-62
1.6204e-62
7.9705e-63
3.91435e-63
1.9193e-63
9.39583e-64
4.59239e-64
2.24107e-64
1.0919e-64
5.31158e-65
2.57975e-65
1.25097e-65
6.05664e-66
2.92773e-66
1.41302e-66
6.80898e-67
3.27593e-67
1.57364e-67
7.54736e-68
3.61414e-68
1.72797e-68
8.24874e-69
3.93154e-69
1.87094e-69
8.88957e-70
4.21721e-70
1.99754e-70
9.44695e-71
4.46081e-71
2.10312e-71
9.90012e-72
4.65314e-72
2.18364e-72
1.02316e-72
4.78675e-73
2.23597e-73
1.04286e-73
4.85642e-74
2.25809e-74
1.04833e-74
4.85951e-75
2.24917e-75
1.03941e-75
4.7961e-76
2.20967e-76
1.01649e-76
4.66897e-77
2.1413e-77
9.80558e-78
4.48343e-78
2.04687e-78
9.33062e-79
4.24693e-79
1.93011e-79
8.75862e-80
3.96856e-80
1.79546e-80
8.11086e-81
3.65851e-81
1.64774e-81
7.41008e-82
3.32741e-82
1.4919e-82
6.67917e-83
2.98577e-83
1.33274e-83
5.93996e-84
2.64349e-84
1.17472e-84
5.21286e-85
2.31073e-85
1.02488e-85
4.58724e-86
2.15996e-86
1.26234e-86
)
;

boundaryField
{
    sides
    {
        type            zeroGradient;
    }
    empty
    {
        type            empty;
    }
}


// ************************************************************************* //
