/*--------------------------------*- C++ -*----------------------------------*\
  =========                 |
  \\      /  F ield         | OpenFOAM: The Open Source CFD Toolbox
   \\    /   O peration     | Website:  https://openfoam.org
    \\  /    A nd           | Version:  13
     \\/     M anipulation  |
\*---------------------------------------------------------------------------*/
FoamFile
{
    format      ascii;
    class       volScalarField;
    location    "1.305";
    object      T;
}
// * * * * * * * * * * * * * * * * * * * * * * * * * * * * * * * * * * * * * //

dimensions      [0 0 0 1 0 0 0];

internalField   nonuniform List<scalar> 
1000
(
3.55723e-145
1.04295e-144
3.73749e-144
1.36008e-143
4.94651e-143
1.79584e-142
6.50766e-142
2.3538e-141
8.49767e-141
3.06206e-140
1.10131e-139
3.95354e-139
1.41658e-138
5.06613e-138
1.80837e-137
6.44276e-137
2.29103e-136
8.13133e-136
2.88047e-135
1.01844e-134
3.59395e-134
1.26583e-133
4.44986e-133
1.56127e-132
5.4673e-132
1.91085e-131
6.66561e-131
2.32065e-130
8.06374e-130
2.79651e-129
9.67943e-129
3.34375e-128
1.15284e-127
3.96689e-127
1.36232e-126
4.66931e-126
1.59724e-125
5.45291e-125
1.85793e-124
6.31781e-124
2.14409e-123
7.26197e-123
2.45471e-122
8.28092e-122
2.78797e-121
9.36757e-121
3.14119e-120
1.0512e-119
3.51079e-119
1.17016e-118
3.89232e-118
1.29208e-117
4.28047e-117
1.41517e-116
4.66918e-116
1.5374e-115
5.05177e-115
1.65658e-114
5.42111e-114
1.7704e-113
5.76978e-113
1.87651e-112
6.0904e-112
1.9726e-111
6.37577e-111
2.05647e-110
6.61923e-110
2.12611e-109
6.81485e-109
2.1798e-108
6.95771e-108
2.21617e-107
7.04406e-107
2.23423e-106
7.07154e-106
2.23347e-105
7.03922e-105
2.21384e-104
6.94771e-104
2.17576e-103
6.79909e-103
2.12012e-102
6.59687e-102
2.04824e-101
6.34585e-101
1.96182e-100
6.05189e-100
1.86287e-99
5.72175e-99
1.75361e-98
5.36276e-98
1.63643e-97
4.98259e-97
1.51378e-96
4.58897e-96
1.38808e-95
4.18942e-95
1.26164e-94
3.79102e-94
1.13662e-93
3.40023e-93
1.01493e-92
3.0227e-92
8.98222e-92
2.66318e-91
7.87851e-91
2.32548e-90
6.84861e-90
2.01239e-89
5.89987e-89
1.72579e-88
5.03675e-88
1.46664e-87
4.26099e-87
1.23511e-86
3.57197e-86
1.03066e-85
2.96706e-85
8.52194e-85
2.44203e-84
6.98169e-84
1.99144e-83
5.66716e-83
1.609e-82
4.55762e-82
1.28798e-81
3.6313e-81
1.02141e-80
2.86631e-80
8.02461e-80
2.24132e-79
6.24538e-79
1.73615e-78
4.81492e-78
1.33217e-77
3.67706e-77
1.01252e-76
2.78147e-76
7.62266e-76
2.084e-75
5.68391e-75
1.54651e-74
4.1977e-74
1.13664e-73
3.07031e-73
8.27351e-73
2.22404e-72
5.96404e-72
1.59543e-71
4.25752e-71
1.13337e-70
3.00969e-70
7.97269e-70
2.10678e-69
5.55344e-69
1.46027e-68
3.83024e-68
1.00217e-67
2.61565e-67
6.80982e-67
1.76851e-66
4.58134e-66
1.18383e-65
3.05138e-65
7.84532e-65
2.01201e-64
5.14699e-64
1.31334e-63
3.34272e-63
8.48633e-63
2.14899e-62
5.428e-62
1.36753e-61
3.43653e-61
8.6137e-61
2.15349e-60
5.37004e-60
1.33565e-59
3.31346e-59
8.19873e-59
2.02341e-58
4.98071e-58
1.22283e-57
2.99439e-57
7.31328e-57
1.78147e-56
4.32815e-56
1.04878e-55
2.53466e-55
6.10951e-55
1.46874e-54
3.52151e-54
8.42091e-54
2.00832e-53
4.7769e-53
1.13318e-52
2.68094e-52
6.3257e-52
1.48855e-51
3.49337e-51
8.17626e-51
1.90849e-50
4.44268e-50
1.03139e-49
2.38789e-49
5.51346e-49
1.26954e-48
2.91527e-48
6.67604e-48
1.52463e-47
3.47229e-47
7.88618e-47
1.78614e-46
4.03425e-46
9.08664e-46
2.04096e-45
4.57148e-45
1.02109e-44
2.27435e-44
5.05165e-44
1.11889e-43
2.47127e-43
5.44287e-43
1.19539e-42
2.61793e-42
5.7171e-42
1.24497e-41
2.70338e-41
5.85347e-41
1.2638e-40
2.72082e-40
5.84084e-40
1.25026e-39
2.66855e-39
5.67931e-39
1.2052e-38
2.55015e-38
5.38034e-38
1.13185e-37
2.37414e-37
4.96538e-37
1.03545e-36
2.15293e-36
4.46331e-36
9.22584e-36
1.9014e-35
3.90715e-35
8.00497e-35
1.6352e-34
3.33038e-34
6.76274e-34
1.36917e-33
2.76371e-33
5.56198e-33
1.116e-32
2.2325e-32
4.4526e-32
8.85371e-32
1.75519e-31
3.46905e-31
6.83562e-31
1.34285e-30
2.62998e-30
5.13517e-30
9.99608e-30
1.93988e-29
3.7531e-29
7.23886e-29
1.39192e-28
2.6682e-28
5.09896e-28
9.71406e-28
1.8449e-27
3.493e-27
6.59283e-27
1.24049e-26
2.32678e-26
4.35073e-26
8.10974e-26
1.50691e-25
2.79129e-25
5.15411e-25
9.48707e-25
1.74076e-24
3.18397e-24
5.80526e-24
1.0551e-23
1.91155e-23
3.45218e-23
6.21461e-23
1.11518e-22
1.99473e-22
3.55655e-22
6.32089e-22
1.11977e-21
1.97733e-21
3.48036e-21
6.10613e-21
1.06782e-20
1.86132e-20
3.23395e-20
5.60053e-20
9.66736e-20
1.66329e-19
2.85238e-19
4.87553e-19
8.30636e-19
1.41049e-18
2.38727e-18
4.02717e-18
6.77116e-18
1.13472e-17
1.89529e-17
3.15517e-17
5.2351e-17
8.6573e-17
1.42689e-16
2.34396e-16
3.83759e-16
6.26199e-16
1.01838e-15
1.65063e-15
2.66642e-15
4.29285e-15
6.88809e-15
1.1015e-14
1.75551e-14
2.78838e-14
4.41395e-14
6.96354e-14
1.09485e-13
1.71555e-13
2.679e-13
4.16926e-13
6.4664e-13
9.99494e-13
1.53961e-12
2.36348e-12
3.61579e-12
5.51267e-12
8.37581e-12
1.26822e-11
1.91367e-11
2.87765e-11
4.31231e-11
6.43989e-11
9.58392e-11
1.42135e-10
2.10065e-10
3.09384e-10
4.54079e-10
6.6413e-10
9.67971e-10
1.40591e-09
2.03487e-09
2.93493e-09
4.21835e-09
6.04181e-09
8.62324e-09
1.22646e-08
1.73825e-08
2.45497e-08
3.45506e-08
4.84551e-08
6.77166e-08
9.43025e-08
1.30865e-07
1.80964e-07
2.49362e-07
3.42402e-07
4.68502e-07
6.38782e-07
8.67883e-07
1.17499e-06
1.58517e-06
2.13098e-06
2.85462e-06
3.8105e-06
5.06849e-06
6.71799e-06
8.87287e-06
1.16776e-05
1.53145e-05
2.00133e-05
2.60613e-05
3.38173e-05
4.37266e-05
5.63399e-05
7.23356e-05
9.25451e-05
0.000117983
0.000149884
0.000189739
0.000239346
0.000300861
0.000376856
0.000470389
0.000585075
0.000725172
0.000895667
0.00110238
0.00135205
0.00165249
0.00201264
0.00244276
0.0029545
0.00356104
0.00427725
0.00511976
0.00610708
0.00725973
0.00860032
0.0101536
0.0119464
0.0140079
0.0163694
0.0190642
0.0221277
0.0255972
0.0295115
0.0339107
0.0388363
0.0443301
0.0504345
0.0571913
0.0646418
0.0728259
0.0817816
0.0915442
0.102146
0.113615
0.125974
0.139242
0.153432
0.168548
0.184592
0.201553
0.219415
0.238156
0.257742
0.278134
0.299283
0.321133
0.343622
0.366679
0.390228
0.414187
0.43847
0.462988
0.487647
0.512353
0.537012
0.56153
0.585813
0.609772
0.633321
0.656378
0.678867
0.700717
0.721866
0.742258
0.761844
0.780585
0.798447
0.815408
0.831451
0.846568
0.860758
0.874026
0.886385
0.897854
0.908455
0.918217
0.927173
0.935357
0.942807
0.949563
0.955666
0.961159
0.966083
0.97048
0.974391
0.977857
0.980916
0.983605
0.985958
0.98801
0.98979
0.991327
0.992648
0.993775
0.99473
0.995533
0.9962
0.996745
0.99718
0.997517
0.997762
0.997923
0.998002
0.998002
0.997923
0.997762
0.997517
0.99718
0.996745
0.9962
0.995533
0.99473
0.993775
0.992648
0.991327
0.98979
0.98801
0.985958
0.983605
0.980916
0.977857
0.974391
0.97048
0.966083
0.961159
0.955666
0.949563
0.942807
0.935357
0.927173
0.918217
0.908455
0.897854
0.886385
0.874026
0.860758
0.846568
0.831451
0.815408
0.798447
0.780585
0.761844
0.742258
0.721866
0.700717
0.678867
0.656378
0.633321
0.609772
0.585813
0.56153
0.537012
0.512353
0.487647
0.462988
0.43847
0.414187
0.390228
0.366679
0.343622
0.321133
0.299283
0.278134
0.257742
0.238156
0.219415
0.201553
0.184592
0.168548
0.153432
0.139242
0.125974
0.113615
0.102146
0.0915442
0.0817816
0.0728259
0.0646418
0.0571913
0.0504345
0.0443301
0.0388363
0.0339107
0.0295115
0.0255972
0.0221277
0.0190642
0.0163694
0.0140079
0.0119464
0.0101536
0.00860032
0.00725973
0.00610708
0.00511976
0.00427725
0.00356104
0.0029545
0.00244276
0.00201264
0.00165249
0.00135205
0.00110238
0.000895667
0.000725172
0.000585075
0.000470389
0.000376856
0.000300861
0.000239346
0.000189739
0.000149884
0.000117983
9.25451e-05
7.23356e-05
5.63399e-05
4.37266e-05
3.38173e-05
2.60613e-05
2.00133e-05
1.53145e-05
1.16776e-05
8.87287e-06
6.71799e-06
5.06849e-06
3.8105e-06
2.85462e-06
2.13098e-06
1.58517e-06
1.17499e-06
8.67883e-07
6.38782e-07
4.68502e-07
3.42402e-07
2.49362e-07
1.80964e-07
1.30865e-07
9.43025e-08
6.77166e-08
4.84551e-08
3.45506e-08
2.45497e-08
1.73825e-08
1.22646e-08
8.62324e-09
6.04181e-09
4.21835e-09
2.93493e-09
2.03487e-09
1.40591e-09
9.67971e-10
6.6413e-10
4.54079e-10
3.09384e-10
2.10065e-10
1.42135e-10
9.58392e-11
6.43989e-11
4.31231e-11
2.87765e-11
1.91367e-11
1.26822e-11
8.37581e-12
5.51267e-12
3.61579e-12
2.36348e-12
1.53961e-12
9.99494e-13
6.4664e-13
4.16926e-13
2.679e-13
1.71555e-13
1.09485e-13
6.96354e-14
4.41395e-14
2.78838e-14
1.75551e-14
1.1015e-14
6.88809e-15
4.29285e-15
2.66642e-15
1.65063e-15
1.01838e-15
6.26199e-16
3.83759e-16
2.34396e-16
1.42689e-16
8.6573e-17
5.2351e-17
3.15517e-17
1.89529e-17
1.13472e-17
6.77116e-18
4.02717e-18
2.38727e-18
1.41049e-18
8.30636e-19
4.87553e-19
2.85238e-19
1.66329e-19
9.66736e-20
5.60053e-20
3.23395e-20
1.86132e-20
1.06782e-20
6.10613e-21
3.48036e-21
1.97733e-21
1.11977e-21
6.32089e-22
3.55655e-22
1.99473e-22
1.11518e-22
6.21461e-23
3.45218e-23
1.91155e-23
1.0551e-23
5.80526e-24
3.18397e-24
1.74076e-24
9.48707e-25
5.15411e-25
2.79129e-25
1.50691e-25
8.10974e-26
4.35073e-26
2.32678e-26
1.24049e-26
6.59283e-27
3.493e-27
1.8449e-27
9.71406e-28
5.09896e-28
2.6682e-28
1.39192e-28
7.23886e-29
3.7531e-29
1.93988e-29
9.99608e-30
5.13517e-30
2.62998e-30
1.34285e-30
6.83562e-31
3.46905e-31
1.75519e-31
8.85371e-32
4.4526e-32
2.2325e-32
1.116e-32
5.56198e-33
2.76371e-33
1.36917e-33
6.76274e-34
3.33038e-34
1.6352e-34
8.00497e-35
3.90715e-35
1.9014e-35
9.22584e-36
4.46331e-36
2.15293e-36
1.03545e-36
4.96538e-37
2.37414e-37
1.13185e-37
5.38034e-38
2.55015e-38
1.2052e-38
5.67931e-39
2.66855e-39
1.25026e-39
5.84084e-40
2.72082e-40
1.2638e-40
5.85347e-41
2.70338e-41
1.24497e-41
5.7171e-42
2.61793e-42
1.19539e-42
5.44287e-43
2.47127e-43
1.11889e-43
5.05165e-44
2.27435e-44
1.02109e-44
4.57148e-45
2.04096e-45
9.08664e-46
4.03425e-46
1.78614e-46
7.88618e-47
3.47229e-47
1.52463e-47
6.67604e-48
2.91527e-48
1.26954e-48
5.51346e-49
2.38789e-49
1.03139e-49
4.44268e-50
1.90849e-50
8.17626e-51
3.49337e-51
1.48855e-51
6.3257e-52
2.68094e-52
1.13318e-52
4.7769e-53
2.00832e-53
8.42091e-54
3.52151e-54
1.46874e-54
6.10951e-55
2.53466e-55
1.04878e-55
4.32815e-56
1.78147e-56
7.31328e-57
2.99439e-57
1.22283e-57
4.98071e-58
2.02341e-58
8.19873e-59
3.31346e-59
1.33565e-59
5.37004e-60
2.15349e-60
8.6137e-61
3.43653e-61
1.36753e-61
5.428e-62
2.14899e-62
8.48633e-63
3.34272e-63
1.31334e-63
5.14699e-64
2.01201e-64
7.84532e-65
3.05138e-65
1.18383e-65
4.58134e-66
1.76851e-66
6.80982e-67
2.61565e-67
1.00217e-67
3.83024e-68
1.46027e-68
5.55344e-69
2.10678e-69
7.97269e-70
3.00969e-70
1.13337e-70
4.25752e-71
1.59543e-71
5.96404e-72
2.22404e-72
8.27351e-73
3.07031e-73
1.13664e-73
4.1977e-74
1.54651e-74
5.68391e-75
2.084e-75
7.62266e-76
2.78147e-76
1.01252e-76
3.67706e-77
1.33217e-77
4.81492e-78
1.73615e-78
6.24538e-79
2.24132e-79
8.02461e-80
2.86631e-80
1.02141e-80
3.6313e-81
1.28798e-81
4.55762e-82
1.609e-82
5.66716e-83
1.99144e-83
6.98169e-84
2.44203e-84
8.52194e-85
2.96706e-85
1.03066e-85
3.57197e-86
1.23511e-86
4.26099e-87
1.46664e-87
5.03675e-88
1.72579e-88
5.89987e-89
2.01239e-89
6.84861e-90
2.32548e-90
7.87851e-91
2.66318e-91
8.98222e-92
3.0227e-92
1.01493e-92
3.40023e-93
1.13662e-93
3.79102e-94
1.26164e-94
4.18942e-95
1.38808e-95
4.58897e-96
1.51378e-96
4.98259e-97
1.63643e-97
5.36276e-98
1.75361e-98
5.72175e-99
1.86287e-99
6.05189e-100
1.96182e-100
6.34585e-101
2.04824e-101
6.59687e-102
2.12012e-102
6.79909e-103
2.17576e-103
6.94771e-104
2.21384e-104
7.03922e-105
2.23347e-105
7.07154e-106
2.23423e-106
7.04406e-107
2.21617e-107
6.95771e-108
2.1798e-108
6.81485e-109
2.12611e-109
6.61923e-110
2.05647e-110
6.37577e-111
1.9726e-111
6.0904e-112
1.87651e-112
5.76978e-113
1.7704e-113
5.42111e-114
1.65658e-114
5.05177e-115
1.5374e-115
4.66918e-116
1.41517e-116
4.28047e-117
1.29208e-117
3.89232e-118
1.17016e-118
3.51079e-119
1.0512e-119
3.14119e-120
9.36757e-121
2.78797e-121
8.28092e-122
2.45471e-122
7.26197e-123
2.14409e-123
6.31781e-124
1.85793e-124
5.45291e-125
1.59724e-125
4.66931e-126
1.36232e-126
3.96689e-127
1.15284e-127
3.34375e-128
9.67943e-129
2.79651e-129
8.06374e-130
2.32065e-130
6.66561e-131
1.91085e-131
5.4673e-132
1.56127e-132
4.44986e-133
1.26583e-133
3.59395e-134
1.01844e-134
2.88047e-135
8.13133e-136
2.29103e-136
6.44276e-137
1.80837e-137
5.06613e-138
1.41658e-138
3.95354e-139
1.10131e-139
3.06206e-140
8.49767e-141
2.3538e-141
6.50766e-142
1.79584e-142
4.94651e-143
1.36008e-143
3.73749e-144
1.04295e-144
3.55723e-145
)
;

boundaryField
{
    sides
    {
        type            zeroGradient;
    }
    empty
    {
        type            empty;
    }
}


// ************************************************************************* //
