/*--------------------------------*- C++ -*----------------------------------*\
  =========                 |
  \\      /  F ield         | OpenFOAM: The Open Source CFD Toolbox
   \\    /   O peration     | Website:  https://openfoam.org
    \\  /    A nd           | Version:  13
     \\/     M anipulation  |
\*---------------------------------------------------------------------------*/
FoamFile
{
    format      ascii;
    class       volScalarField;
    location    "3.835";
    object      T;
}
// * * * * * * * * * * * * * * * * * * * * * * * * * * * * * * * * * * * * * //

dimensions      [0 0 0 1 0 0 0];

internalField   nonuniform List<scalar> 
1000
(
8.72564e-58
1.15022e-57
1.79256e-57
3.00045e-57
5.15053e-57
8.91072e-57
1.54445e-56
2.67656e-56
4.63481e-56
8.01767e-56
1.38546e-55
2.39144e-55
4.12327e-55
7.10131e-55
1.22166e-54
2.0993e-54
3.60339e-54
6.1782e-54
1.0581e-53
1.8101e-53
3.09308e-53
5.27948e-53
9.00125e-53
1.53294e-52
2.60772e-52
4.43105e-52
7.52078e-52
1.27506e-51
2.15927e-51
3.65252e-51
6.17146e-51
1.04158e-50
1.75593e-50
2.95685e-50
4.97348e-50
8.35603e-50
1.40232e-49
2.35072e-49
3.93608e-49
6.58313e-49
1.09979e-48
1.83523e-48
3.059e-48
5.09299e-48
8.4698e-48
1.40695e-47
2.33448e-47
3.86905e-47
6.40509e-47
1.05913e-46
1.74935e-46
2.88609e-46
4.75604e-46
7.82862e-46
1.28714e-45
2.11384e-45
3.46752e-45
5.68157e-45
9.29865e-45
1.5201e-44
2.48215e-44
4.04839e-44
6.59537e-44
1.07324e-43
1.74443e-43
2.83212e-43
4.5927e-43
7.43918e-43
1.2036e-42
1.94507e-42
3.13971e-42
5.06224e-42
8.15254e-42
1.31142e-41
2.10711e-41
3.38167e-41
5.42092e-41
8.67982e-41
1.38818e-40
2.21756e-40
3.53837e-40
5.63932e-40
8.97729e-40
1.42745e-39
2.26709e-39
3.59644e-39
5.69865e-39
9.01913e-39
1.42578e-38
2.2513e-38
3.55065e-38
5.59341e-38
8.80111e-38
1.38322e-37
2.17139e-37
3.40469e-37
5.33223e-37
8.34127e-37
1.30331e-36
2.03401e-36
3.17066e-36
4.93672e-36
7.67745e-36
1.19258e-35
1.85031e-35
2.86744e-35
4.43846e-35
6.86216e-35
1.05969e-34
1.6345e-34
2.51813e-34
3.87491e-34
5.95571e-34
9.14309e-34
1.40197e-33
2.14721e-33
3.2847e-33
5.01886e-33
7.65949e-33
1.16757e-32
1.77767e-32
2.70336e-32
4.10624e-32
6.22974e-32
9.44019e-32
1.42882e-31
2.16002e-31
3.26154e-31
4.91895e-31
7.4098e-31
1.11487e-30
1.67543e-30
2.51484e-30
3.77033e-30
5.64587e-30
8.44432e-30
1.26148e-29
1.88226e-29
2.80518e-29
4.17565e-29
6.20825e-29
9.21923e-29
1.36742e-28
2.02577e-28
2.9975e-28
4.43005e-28
6.53941e-28
9.64158e-28
1.41984e-27
2.08837e-27
3.06801e-27
4.50178e-27
6.59768e-27
9.65778e-27
1.41202e-26
2.06198e-26
3.0075e-26
4.38132e-26
6.37501e-26
9.26479e-26
1.34483e-25
1.94973e-25
2.82333e-25
4.08341e-25
5.89878e-25
8.51093e-25
1.2265e-24
1.76537e-24
2.53792e-24
3.64414e-24
5.22623e-24
7.48613e-24
1.07103e-23
1.53045e-23
2.18429e-23
3.1137e-23
4.43321e-23
6.30424e-23
8.95408e-23
1.27023e-22
1.79977e-22
2.54698e-22
3.60004e-22
5.08231e-22
7.16617e-22
1.00922e-21
1.41957e-21
1.99434e-21
2.79843e-21
3.92194e-21
5.48983e-21
7.67517e-21
1.07174e-20
1.49472e-20
2.0821e-20
2.89677e-20
4.02528e-20
5.58662e-20
7.74411e-20
1.07217e-19
1.48261e-19
2.04766e-19
2.82462e-19
3.89162e-19
5.35513e-19
7.36001e-19
1.01031e-18
1.38516e-18
1.89677e-18
2.59416e-18
3.54362e-18
4.83465e-18
6.58795e-18
8.9661e-18
1.21878e-17
1.65467e-17
2.24371e-17
3.03871e-17
4.11034e-17
5.55308e-17
7.493e-17
1.00982e-16
1.35925e-16
1.82734e-16
2.45361e-16
3.29047e-16
4.40733e-16
5.89603e-16
7.87786e-16
1.05129e-15
1.40121e-15
1.86529e-15
2.48002e-15
3.29329e-15
4.36785e-15
5.7859e-15
7.65489e-15
1.01151e-14
1.33495e-14
1.75965e-14
2.31659e-14
3.04605e-14
4.00026e-14
5.24691e-14
6.87356e-14
8.99338e-14
1.17524e-13
1.5339e-13
1.99952e-13
2.60328e-13
3.38515e-13
4.3964e-13
5.70268e-13
7.38795e-13
9.5594e-13
1.23538e-12
1.59453e-12
2.05554e-12
2.64656e-12
3.4033e-12
4.371e-12
5.6069e-12
7.18334e-12
9.19162e-12
1.17468e-11
1.49937e-11
1.91143e-11
2.43372e-11
3.09488e-11
3.93077e-11
4.98625e-11
6.3173e-11
7.99373e-11
1.01025e-10
1.27518e-10
1.60758e-10
2.02411e-10
2.54541e-10
3.197e-10
4.0104e-10
5.02452e-10
6.28727e-10
7.8576e-10
9.80797e-10
1.22272e-09
1.52244e-09
1.89326e-09
2.35149e-09
2.91699e-09
3.61401e-09
4.47202e-09
5.52686e-09
6.82204e-09
8.41029e-09
1.03554e-08
1.27346e-08
1.5641e-08
1.91869e-08
2.35075e-08
2.87652e-08
3.51552e-08
4.29115e-08
5.2314e-08
6.36977e-08
7.74622e-08
9.40845e-08
1.14132e-07
1.38279e-07
1.67328e-07
2.02228e-07
2.44105e-07
2.94288e-07
3.54349e-07
4.26138e-07
5.11837e-07
6.1401e-07
7.35666e-07
8.80335e-07
1.05215e-06
1.25594e-06
1.49736e-06
1.78296e-06
2.12042e-06
2.51864e-06
2.98794e-06
3.54031e-06
4.18961e-06
4.95188e-06
5.84561e-06
6.89213e-06
8.11599e-06
9.54539e-06
1.12127e-05
1.3155e-05
1.54148e-05
1.80405e-05
2.10875e-05
2.46188e-05
2.87061e-05
3.34309e-05
3.88855e-05
4.51746e-05
5.24165e-05
6.07447e-05
7.03098e-05
8.12814e-05
9.38501e-05
0.00010823
0.00012466
0.000143409
0.000164776
0.000189096
0.000216741
0.000248124
0.000283705
0.000323995
0.000369556
0.000421011
0.000479049
0.000544426
0.000617975
0.000700611
0.000793336
0.000897247
0.00101354
0.00114353
0.00128864
0.0014504
0.00163052
0.00183079
0.00205321
0.00229988
0.0025731
0.00287533
0.00320924
0.00357764
0.00398358
0.00443032
0.00492129
0.0054602
0.00605094
0.00669767
0.00740477
0.00817687
0.00901885
0.00993585
0.0109333
0.0120167
0.0131921
0.0144655
0.0158435
0.0173325
0.0189395
0.0206716
0.0225361
0.0245404
0.0266923
0.0289996
0.0314704
0.0341128
0.0369349
0.0399452
0.043152
0.0465637
0.0501886
0.054035
0.0581113
0.0624254
0.0669854
0.0717989
0.0768735
0.0822163
0.0878342
0.0937336
0.0999207
0.106401
0.113179
0.120261
0.127648
0.135346
0.143356
0.15168
0.16032
0.169274
0.178544
0.188127
0.198022
0.208224
0.21873
0.229535
0.240632
0.252015
0.263677
0.275607
0.287796
0.300234
0.312909
0.325809
0.338921
0.35223
0.365722
0.379382
0.393193
0.407139
0.421203
0.435366
0.449611
0.46392
0.478274
0.492653
0.507039
0.521413
0.535755
0.550047
0.564269
0.578403
0.592431
0.606333
0.620094
0.633694
0.647118
0.66035
0.673373
0.686172
0.698734
0.711045
0.723092
0.734862
0.746344
0.757529
0.768405
0.778964
0.789198
0.799099
0.80866
0.817875
0.826739
0.835248
0.843397
0.851182
0.858602
0.865653
0.872334
0.878643
0.88458
0.890143
0.895333
0.900149
0.904591
0.908661
0.912357
0.915682
0.918635
0.921217
0.923429
0.925271
0.926744
0.927848
0.928584
0.928952
0.928952
0.928584
0.927848
0.926744
0.925271
0.923429
0.921217
0.918635
0.915682
0.912357
0.908661
0.904591
0.900149
0.895333
0.890143
0.88458
0.878643
0.872334
0.865653
0.858602
0.851182
0.843397
0.835248
0.826739
0.817875
0.80866
0.799099
0.789198
0.778964
0.768405
0.757529
0.746344
0.734862
0.723092
0.711045
0.698734
0.686172
0.673373
0.66035
0.647118
0.633694
0.620094
0.606333
0.592431
0.578403
0.564269
0.550047
0.535755
0.521413
0.507039
0.492653
0.478274
0.46392
0.449611
0.435366
0.421203
0.407139
0.393193
0.379382
0.365722
0.35223
0.338921
0.325809
0.312909
0.300234
0.287796
0.275607
0.263677
0.252015
0.240632
0.229535
0.21873
0.208224
0.198022
0.188127
0.178544
0.169274
0.16032
0.15168
0.143356
0.135346
0.127648
0.120261
0.113179
0.106401
0.0999207
0.0937336
0.0878342
0.0822163
0.0768735
0.0717989
0.0669854
0.0624254
0.0581113
0.054035
0.0501886
0.0465637
0.043152
0.0399452
0.0369349
0.0341128
0.0314704
0.0289996
0.0266923
0.0245404
0.0225361
0.0206716
0.0189395
0.0173325
0.0158435
0.0144655
0.0131921
0.0120167
0.0109333
0.00993585
0.00901885
0.00817687
0.00740477
0.00669767
0.00605094
0.0054602
0.00492129
0.00443032
0.00398358
0.00357764
0.00320924
0.00287533
0.0025731
0.00229988
0.00205321
0.00183079
0.00163052
0.0014504
0.00128864
0.00114353
0.00101354
0.000897247
0.000793336
0.000700611
0.000617975
0.000544426
0.000479049
0.000421011
0.000369556
0.000323995
0.000283705
0.000248124
0.000216741
0.000189096
0.000164776
0.000143409
0.00012466
0.00010823
9.38501e-05
8.12814e-05
7.03098e-05
6.07447e-05
5.24165e-05
4.51746e-05
3.88855e-05
3.34309e-05
2.87061e-05
2.46188e-05
2.10875e-05
1.80405e-05
1.54148e-05
1.3155e-05
1.12127e-05
9.54539e-06
8.11599e-06
6.89213e-06
5.84561e-06
4.95188e-06
4.18961e-06
3.54031e-06
2.98794e-06
2.51864e-06
2.12042e-06
1.78296e-06
1.49736e-06
1.25594e-06
1.05215e-06
8.80335e-07
7.35666e-07
6.1401e-07
5.11837e-07
4.26138e-07
3.54349e-07
2.94288e-07
2.44105e-07
2.02228e-07
1.67328e-07
1.38279e-07
1.14132e-07
9.40845e-08
7.74622e-08
6.36977e-08
5.2314e-08
4.29115e-08
3.51552e-08
2.87652e-08
2.35075e-08
1.91869e-08
1.5641e-08
1.27346e-08
1.03554e-08
8.41029e-09
6.82204e-09
5.52686e-09
4.47202e-09
3.61401e-09
2.91699e-09
2.35149e-09
1.89326e-09
1.52244e-09
1.22272e-09
9.80797e-10
7.8576e-10
6.28727e-10
5.02452e-10
4.0104e-10
3.197e-10
2.54541e-10
2.02411e-10
1.60758e-10
1.27518e-10
1.01025e-10
7.99373e-11
6.3173e-11
4.98625e-11
3.93077e-11
3.09488e-11
2.43372e-11
1.91143e-11
1.49937e-11
1.17468e-11
9.19162e-12
7.18334e-12
5.6069e-12
4.371e-12
3.4033e-12
2.64656e-12
2.05554e-12
1.59453e-12
1.23538e-12
9.5594e-13
7.38795e-13
5.70268e-13
4.3964e-13
3.38515e-13
2.60328e-13
1.99952e-13
1.5339e-13
1.17524e-13
8.99338e-14
6.87356e-14
5.24691e-14
4.00026e-14
3.04605e-14
2.31659e-14
1.75965e-14
1.33495e-14
1.01151e-14
7.65489e-15
5.7859e-15
4.36785e-15
3.29329e-15
2.48002e-15
1.86529e-15
1.40121e-15
1.05129e-15
7.87786e-16
5.89603e-16
4.40733e-16
3.29047e-16
2.45361e-16
1.82734e-16
1.35925e-16
1.00982e-16
7.493e-17
5.55308e-17
4.11034e-17
3.03871e-17
2.24371e-17
1.65467e-17
1.21878e-17
8.9661e-18
6.58795e-18
4.83465e-18
3.54362e-18
2.59416e-18
1.89677e-18
1.38516e-18
1.01031e-18
7.36001e-19
5.35513e-19
3.89162e-19
2.82462e-19
2.04766e-19
1.48261e-19
1.07217e-19
7.74411e-20
5.58662e-20
4.02528e-20
2.89677e-20
2.0821e-20
1.49472e-20
1.07174e-20
7.67517e-21
5.48983e-21
3.92194e-21
2.79843e-21
1.99434e-21
1.41957e-21
1.00922e-21
7.16617e-22
5.08231e-22
3.60004e-22
2.54698e-22
1.79977e-22
1.27023e-22
8.95408e-23
6.30424e-23
4.43321e-23
3.1137e-23
2.18429e-23
1.53045e-23
1.07103e-23
7.48613e-24
5.22623e-24
3.64414e-24
2.53792e-24
1.76537e-24
1.2265e-24
8.51093e-25
5.89878e-25
4.08341e-25
2.82333e-25
1.94973e-25
1.34483e-25
9.26479e-26
6.37501e-26
4.38132e-26
3.0075e-26
2.06198e-26
1.41202e-26
9.65778e-27
6.59768e-27
4.50178e-27
3.06801e-27
2.08837e-27
1.41984e-27
9.64158e-28
6.53941e-28
4.43005e-28
2.9975e-28
2.02577e-28
1.36742e-28
9.21923e-29
6.20825e-29
4.17565e-29
2.80518e-29
1.88226e-29
1.26148e-29
8.44432e-30
5.64587e-30
3.77033e-30
2.51484e-30
1.67543e-30
1.11487e-30
7.4098e-31
4.91895e-31
3.26154e-31
2.16002e-31
1.42882e-31
9.44019e-32
6.22974e-32
4.10624e-32
2.70336e-32
1.77767e-32
1.16757e-32
7.65949e-33
5.01886e-33
3.2847e-33
2.14721e-33
1.40197e-33
9.14309e-34
5.95571e-34
3.87491e-34
2.51813e-34
1.6345e-34
1.05969e-34
6.86216e-35
4.43846e-35
2.86744e-35
1.85031e-35
1.19258e-35
7.67745e-36
4.93672e-36
3.17066e-36
2.03401e-36
1.30331e-36
8.34127e-37
5.33223e-37
3.40469e-37
2.17139e-37
1.38322e-37
8.80111e-38
5.59341e-38
3.55065e-38
2.2513e-38
1.42578e-38
9.01913e-39
5.69865e-39
3.59644e-39
2.26709e-39
1.42745e-39
8.97729e-40
5.63932e-40
3.53837e-40
2.21756e-40
1.38818e-40
8.67982e-41
5.42092e-41
3.38167e-41
2.10711e-41
1.31142e-41
8.15254e-42
5.06224e-42
3.13971e-42
1.94507e-42
1.2036e-42
7.43918e-43
4.5927e-43
2.83212e-43
1.74443e-43
1.07324e-43
6.59537e-44
4.04839e-44
2.48215e-44
1.5201e-44
9.29865e-45
5.68157e-45
3.46752e-45
2.11384e-45
1.28714e-45
7.82862e-46
4.75604e-46
2.88609e-46
1.74935e-46
1.05913e-46
6.40509e-47
3.86905e-47
2.33448e-47
1.40695e-47
8.4698e-48
5.09299e-48
3.059e-48
1.83523e-48
1.09979e-48
6.58313e-49
3.93608e-49
2.35072e-49
1.40232e-49
8.35603e-50
4.97348e-50
2.95685e-50
1.75593e-50
1.04158e-50
6.17146e-51
3.65252e-51
2.15927e-51
1.27506e-51
7.52078e-52
4.43105e-52
2.60772e-52
1.53294e-52
9.00125e-53
5.27948e-53
3.09308e-53
1.8101e-53
1.0581e-53
6.1782e-54
3.60339e-54
2.0993e-54
1.22166e-54
7.10131e-55
4.12327e-55
2.39144e-55
1.38546e-55
8.01767e-56
4.63481e-56
2.67656e-56
1.54445e-56
8.91072e-57
5.15053e-57
3.00045e-57
1.79256e-57
1.15022e-57
8.72564e-58
)
;

boundaryField
{
    sides
    {
        type            zeroGradient;
    }
    empty
    {
        type            empty;
    }
}


// ************************************************************************* //
