/*--------------------------------*- C++ -*----------------------------------*\
  =========                 |
  \\      /  F ield         | OpenFOAM: The Open Source CFD Toolbox
   \\    /   O peration     | Website:  https://openfoam.org
    \\  /    A nd           | Version:  13
     \\/     M anipulation  |
\*---------------------------------------------------------------------------*/
FoamFile
{
    format      ascii;
    class       volScalarField;
    location    "1.565";
    object      T;
}
// * * * * * * * * * * * * * * * * * * * * * * * * * * * * * * * * * * * * * //

dimensions      [0 0 0 1 0 0 0];

internalField   nonuniform List<scalar> 
1000
(
5.60328e-126
1.38439e-125
4.23645e-125
1.32716e-124
4.16093e-124
1.30255e-123
4.07039e-123
1.2697e-122
3.9536e-122
1.22886e-121
3.81273e-121
1.18083e-120
3.65053e-120
1.12653e-119
3.47011e-119
1.06699e-118
3.27482e-118
1.0033e-117
3.06818e-117
9.36571e-117
2.85371e-116
8.67931e-116
2.63491e-115
7.98458e-115
2.41513e-114
7.29174e-114
2.19747e-113
6.61016e-113
1.98473e-112
5.9482e-112
1.77937e-111
5.313e-111
1.58346e-110
4.71049e-110
1.39867e-109
4.14528e-109
1.22625e-108
3.62069e-108
1.06706e-107
3.13885e-107
9.21581e-107
2.70071e-106
7.89956e-106
2.30625e-105
6.72026e-105
1.95453e-104
5.67379e-104
1.64391e-103
4.75393e-103
1.37214e-102
3.95289e-102
1.13658e-101
3.26173e-101
9.34251e-101
2.67081e-100
7.62051e-100
2.17014e-99
6.16807e-99
1.74973e-98
4.95391e-98
1.39985e-97
3.94793e-97
1.11125e-96
3.12178e-96
8.75277e-96
2.44927e-95
6.84031e-95
1.9066e-94
5.30383e-94
1.47252e-93
4.08016e-93
1.12832e-92
3.11405e-92
8.57744e-92
2.3579e-91
6.46887e-91
1.77119e-90
4.83986e-90
1.31987e-89
3.59219e-89
9.75697e-89
2.64483e-88
7.1549e-88
1.93167e-87
5.20459e-87
1.39946e-86
3.75535e-86
1.00568e-85
2.68773e-85
7.16847e-85
1.90801e-84
5.06811e-84
1.34345e-83
3.55391e-83
9.38208e-83
2.47171e-82
6.49831e-82
1.70493e-81
4.4639e-81
1.16633e-80
3.04108e-80
7.91282e-80
2.05461e-79
5.32382e-79
1.3766e-78
3.55211e-78
9.14645e-78
2.35021e-77
6.02627e-77
1.54197e-76
3.93717e-76
1.00318e-75
2.55064e-75
6.47144e-75
1.63844e-74
4.13938e-74
1.04356e-73
2.62523e-73
6.5901e-73
1.65077e-72
4.12618e-72
1.02915e-71
2.56137e-71
6.36107e-71
1.57634e-70
3.89791e-70
9.6177e-70
2.36793e-69
5.81731e-69
1.42603e-68
3.48811e-68
8.51337e-68
2.0733e-67
5.03817e-67
1.2216e-66
2.95549e-66
7.13467e-66
1.71854e-65
4.13034e-65
9.90492e-65
2.37002e-64
5.65835e-64
1.34791e-63
3.20379e-63
7.59798e-63
1.79788e-62
4.24474e-62
9.99924e-62
2.35021e-61
5.51151e-61
1.2896e-60
3.01063e-60
7.01258e-60
1.62973e-59
3.77891e-59
8.7424e-59
2.01793e-58
4.6472e-58
1.06779e-57
2.44784e-57
5.59871e-57
1.2776e-56
2.90873e-56
6.60711e-56
1.49733e-55
3.38548e-55
7.63692e-55
1.71874e-54
3.85915e-54
8.64497e-54
1.93208e-53
4.30795e-53
9.58303e-53
2.12676e-52
4.70885e-52
1.04014e-51
2.29216e-51
5.03938e-51
1.10531e-50
2.41859e-50
5.27975e-50
1.14983e-49
2.49818e-49
5.41475e-49
1.17084e-48
2.5257e-48
5.43535e-48
1.1669e-47
2.49916e-47
5.33966e-47
1.13812e-46
2.42e-46
5.13326e-46
1.08623e-45
2.29296e-45
4.82857e-45
1.01434e-44
2.12567e-44
4.44371e-44
9.26693e-44
1.92781e-43
4.00062e-43
8.28183e-43
1.71024e-42
3.52305e-42
7.23953e-42
1.48398e-41
3.03441e-41
6.18932e-41
1.25932e-40
2.55592e-40
5.17461e-40
1.04502e-39
2.10519e-39
4.23027e-39
8.47927e-39
1.69535e-38
3.38119e-38
6.72645e-38
1.33477e-37
2.642e-37
5.21628e-37
1.02728e-36
2.01798e-36
3.95402e-36
7.72784e-36
1.5065e-35
2.92937e-35
5.68156e-35
1.09913e-34
2.12089e-34
4.082e-34
7.83628e-34
1.50047e-33
2.86567e-33
5.45888e-33
1.03719e-32
1.96555e-32
3.71522e-32
7.00418e-32
1.31704e-31
2.47007e-31
4.62046e-31
8.62038e-31
1.60409e-30
2.97711e-30
5.51086e-30
1.01742e-29
1.87344e-29
3.4406e-29
6.30202e-29
1.15127e-28
2.09761e-28
3.8117e-28
6.90811e-28
1.24866e-27
2.25098e-27
4.04708e-27
7.2569e-27
1.29777e-26
2.31463e-26
4.11717e-26
7.30381e-26
1.29221e-25
2.28004e-25
4.01221e-25
7.04125e-25
1.23237e-24
2.15107e-24
3.74448e-24
6.50051e-24
1.12544e-23
1.94318e-23
3.34595e-23
5.74565e-23
9.83945e-23
1.6804e-22
2.86197e-22
4.86097e-22
8.23355e-22
1.39077e-21
2.34275e-21
3.93549e-21
6.5928e-21
1.10139e-20
1.83487e-20
3.04836e-20
5.05033e-20
8.34383e-20
1.37468e-19
2.25854e-19
3.70032e-19
6.04557e-19
9.84963e-19
1.60024e-18
2.59258e-18
4.18851e-18
6.74784e-18
1.08405e-17
1.73662e-17
2.7742e-17
4.41919e-17
7.01972e-17
1.1119e-16
1.75623e-16
2.76607e-16
4.34422e-16
6.80337e-16
1.06243e-15
1.65439e-15
2.56883e-15
3.97734e-15
6.14055e-15
9.4532e-15
1.45113e-14
2.22119e-14
3.39015e-14
5.15946e-14
7.82958e-14
1.18474e-13
1.78753e-13
2.68925e-13
4.03418e-13
6.03424e-13
8.9998e-13
1.3384e-12
1.98462e-12
2.93434e-12
4.32595e-12
6.35901e-12
9.32039e-12
1.36212e-11
1.98485e-11
2.88386e-11
4.17786e-11
6.03482e-11
8.6917e-11
1.24817e-10
1.7872e-10
2.55151e-10
3.63203e-10
5.15497e-10
7.29505e-10
1.02933e-09
1.44811e-09
2.0313e-09
2.84096e-09
3.96167e-09
5.50822e-09
7.63596e-09
1.05544e-08
1.45453e-08
1.99861e-08
2.73811e-08
3.74015e-08
5.09381e-08
6.9169e-08
9.36472e-08
1.26413e-07
1.70138e-07
2.28311e-07
3.05466e-07
4.07485e-07
5.41966e-07
7.18695e-07
9.50229e-07
1.25263e-06
1.64638e-06
2.15748e-06
2.81887e-06
3.6721e-06
4.76941e-06
6.17625e-06
7.97437e-06
1.02655e-05
1.31756e-05
1.68607e-05
2.15126e-05
2.73666e-05
3.47105e-05
4.38949e-05
5.53453e-05
6.95761e-05
8.72075e-05
0.000108984
0.000135796
0.000168704
0.00020897
0.000258082
0.000317799
0.000390181
0.000477641
0.000582986
0.000709478
0.000860883
0.00104154
0.00125642
0.00151121
0.00181236
0.00216719
0.00258395
0.00307191
0.00364143
0.00430405
0.00507254
0.00596101
0.00698494
0.00816126
0.00950837
0.0110462
0.0127961
0.0147812
0.0170258
0.0195558
0.0223986
0.0255825
0.0291373
0.0330935
0.0374825
0.0423361
0.0476865
0.0535658
0.0600056
0.0670371
0.0746901
0.082993
0.0919724
0.101652
0.112054
0.123197
0.135094
0.147757
0.161192
0.1754
0.190378
0.206117
0.222604
0.239819
0.257736
0.276324
0.295548
0.315365
0.335728
0.356586
0.377882
0.399557
0.421546
0.443782
0.466197
0.48872
0.51128
0.533803
0.556218
0.578454
0.600443
0.622118
0.643414
0.664272
0.684635
0.704452
0.723676
0.742264
0.760181
0.777395
0.793882
0.809621
0.824599
0.838807
0.852241
0.864903
0.8768
0.887941
0.898341
0.90802
0.916997
0.925297
0.932946
0.939973
0.946407
0.952279
0.95762
0.962462
0.966837
0.970776
0.974309
0.977466
0.980275
0.982765
0.984961
0.986886
0.988564
0.990014
0.991256
0.992306
0.993178
0.993886
0.99444
0.994847
0.995116
0.995249
0.995249
0.995116
0.994847
0.99444
0.993886
0.993178
0.992306
0.991256
0.990014
0.988564
0.986886
0.984961
0.982765
0.980275
0.977466
0.974309
0.970776
0.966837
0.962462
0.95762
0.952279
0.946407
0.939973
0.932946
0.925297
0.916997
0.90802
0.898341
0.887941
0.8768
0.864903
0.852241
0.838807
0.824599
0.809621
0.793882
0.777395
0.760181
0.742264
0.723676
0.704452
0.684635
0.664272
0.643414
0.622118
0.600443
0.578454
0.556218
0.533803
0.51128
0.48872
0.466197
0.443782
0.421546
0.399557
0.377882
0.356586
0.335728
0.315365
0.295548
0.276324
0.257736
0.239819
0.222604
0.206117
0.190378
0.1754
0.161192
0.147757
0.135094
0.123197
0.112054
0.101652
0.0919724
0.082993
0.0746901
0.0670371
0.0600056
0.0535658
0.0476865
0.0423361
0.0374825
0.0330935
0.0291373
0.0255825
0.0223986
0.0195558
0.0170258
0.0147812
0.0127961
0.0110462
0.00950837
0.00816126
0.00698494
0.00596101
0.00507254
0.00430405
0.00364143
0.00307191
0.00258395
0.00216719
0.00181236
0.00151121
0.00125642
0.00104154
0.000860883
0.000709478
0.000582986
0.000477641
0.000390181
0.000317799
0.000258082
0.00020897
0.000168704
0.000135796
0.000108984
8.72075e-05
6.95761e-05
5.53453e-05
4.38949e-05
3.47105e-05
2.73666e-05
2.15126e-05
1.68607e-05
1.31756e-05
1.02655e-05
7.97437e-06
6.17625e-06
4.76941e-06
3.6721e-06
2.81887e-06
2.15748e-06
1.64638e-06
1.25263e-06
9.50229e-07
7.18695e-07
5.41966e-07
4.07485e-07
3.05466e-07
2.28311e-07
1.70138e-07
1.26413e-07
9.36472e-08
6.9169e-08
5.09381e-08
3.74015e-08
2.73811e-08
1.99861e-08
1.45453e-08
1.05544e-08
7.63596e-09
5.50822e-09
3.96167e-09
2.84096e-09
2.0313e-09
1.44811e-09
1.02933e-09
7.29505e-10
5.15497e-10
3.63203e-10
2.55151e-10
1.7872e-10
1.24817e-10
8.6917e-11
6.03482e-11
4.17786e-11
2.88386e-11
1.98485e-11
1.36212e-11
9.32039e-12
6.35901e-12
4.32595e-12
2.93434e-12
1.98462e-12
1.3384e-12
8.9998e-13
6.03424e-13
4.03418e-13
2.68925e-13
1.78753e-13
1.18474e-13
7.82958e-14
5.15946e-14
3.39015e-14
2.22119e-14
1.45113e-14
9.4532e-15
6.14055e-15
3.97734e-15
2.56883e-15
1.65439e-15
1.06243e-15
6.80337e-16
4.34422e-16
2.76607e-16
1.75623e-16
1.1119e-16
7.01972e-17
4.41919e-17
2.7742e-17
1.73662e-17
1.08405e-17
6.74784e-18
4.18851e-18
2.59258e-18
1.60024e-18
9.84963e-19
6.04557e-19
3.70032e-19
2.25854e-19
1.37468e-19
8.34383e-20
5.05033e-20
3.04836e-20
1.83487e-20
1.10139e-20
6.5928e-21
3.93549e-21
2.34275e-21
1.39077e-21
8.23355e-22
4.86097e-22
2.86197e-22
1.6804e-22
9.83945e-23
5.74565e-23
3.34595e-23
1.94318e-23
1.12544e-23
6.50051e-24
3.74448e-24
2.15107e-24
1.23237e-24
7.04125e-25
4.01221e-25
2.28004e-25
1.29221e-25
7.30381e-26
4.11717e-26
2.31463e-26
1.29777e-26
7.2569e-27
4.04708e-27
2.25098e-27
1.24866e-27
6.90811e-28
3.8117e-28
2.09761e-28
1.15127e-28
6.30202e-29
3.4406e-29
1.87344e-29
1.01742e-29
5.51086e-30
2.97711e-30
1.60409e-30
8.62038e-31
4.62046e-31
2.47007e-31
1.31704e-31
7.00418e-32
3.71522e-32
1.96555e-32
1.03719e-32
5.45888e-33
2.86567e-33
1.50047e-33
7.83628e-34
4.082e-34
2.12089e-34
1.09913e-34
5.68156e-35
2.92937e-35
1.5065e-35
7.72784e-36
3.95402e-36
2.01798e-36
1.02728e-36
5.21628e-37
2.642e-37
1.33477e-37
6.72645e-38
3.38119e-38
1.69535e-38
8.47927e-39
4.23027e-39
2.10519e-39
1.04502e-39
5.17461e-40
2.55592e-40
1.25932e-40
6.18932e-41
3.03441e-41
1.48398e-41
7.23953e-42
3.52305e-42
1.71024e-42
8.28183e-43
4.00062e-43
1.92781e-43
9.26693e-44
4.44371e-44
2.12567e-44
1.01434e-44
4.82857e-45
2.29296e-45
1.08623e-45
5.13326e-46
2.42e-46
1.13812e-46
5.33966e-47
2.49916e-47
1.1669e-47
5.43535e-48
2.5257e-48
1.17084e-48
5.41475e-49
2.49818e-49
1.14983e-49
5.27975e-50
2.41859e-50
1.10531e-50
5.03938e-51
2.29216e-51
1.04014e-51
4.70885e-52
2.12676e-52
9.58303e-53
4.30795e-53
1.93208e-53
8.64497e-54
3.85915e-54
1.71874e-54
7.63692e-55
3.38548e-55
1.49733e-55
6.60711e-56
2.90873e-56
1.2776e-56
5.59871e-57
2.44784e-57
1.06779e-57
4.6472e-58
2.01793e-58
8.7424e-59
3.77891e-59
1.62973e-59
7.01258e-60
3.01063e-60
1.2896e-60
5.51151e-61
2.35021e-61
9.99924e-62
4.24474e-62
1.79788e-62
7.59798e-63
3.20379e-63
1.34791e-63
5.65835e-64
2.37002e-64
9.90492e-65
4.13034e-65
1.71854e-65
7.13467e-66
2.95549e-66
1.2216e-66
5.03817e-67
2.0733e-67
8.51337e-68
3.48811e-68
1.42603e-68
5.81731e-69
2.36793e-69
9.6177e-70
3.89791e-70
1.57634e-70
6.36107e-71
2.56137e-71
1.02915e-71
4.12618e-72
1.65077e-72
6.5901e-73
2.62523e-73
1.04356e-73
4.13938e-74
1.63844e-74
6.47144e-75
2.55064e-75
1.00318e-75
3.93717e-76
1.54197e-76
6.02627e-77
2.35021e-77
9.14645e-78
3.55211e-78
1.3766e-78
5.32382e-79
2.05461e-79
7.91282e-80
3.04108e-80
1.16633e-80
4.4639e-81
1.70493e-81
6.49831e-82
2.47171e-82
9.38208e-83
3.55391e-83
1.34345e-83
5.06811e-84
1.90801e-84
7.16847e-85
2.68773e-85
1.00568e-85
3.75535e-86
1.39946e-86
5.20459e-87
1.93167e-87
7.1549e-88
2.64483e-88
9.75697e-89
3.59219e-89
1.31987e-89
4.83986e-90
1.77119e-90
6.46887e-91
2.3579e-91
8.57744e-92
3.11405e-92
1.12832e-92
4.08016e-93
1.47252e-93
5.30383e-94
1.9066e-94
6.84031e-95
2.44927e-95
8.75277e-96
3.12178e-96
1.11125e-96
3.94793e-97
1.39985e-97
4.95391e-98
1.74973e-98
6.16807e-99
2.17014e-99
7.62051e-100
2.67081e-100
9.34251e-101
3.26173e-101
1.13658e-101
3.95289e-102
1.37214e-102
4.75393e-103
1.64391e-103
5.67379e-104
1.95453e-104
6.72026e-105
2.30625e-105
7.89956e-106
2.70071e-106
9.21581e-107
3.13885e-107
1.06706e-107
3.62069e-108
1.22625e-108
4.14528e-109
1.39867e-109
4.71049e-110
1.58346e-110
5.313e-111
1.77937e-111
5.9482e-112
1.98473e-112
6.61016e-113
2.19747e-113
7.29174e-114
2.41513e-114
7.98458e-115
2.63491e-115
8.67931e-116
2.85371e-116
9.36571e-117
3.06818e-117
1.0033e-117
3.27482e-118
1.06699e-118
3.47011e-119
1.12653e-119
3.65053e-120
1.18083e-120
3.81273e-121
1.22886e-121
3.9536e-122
1.2697e-122
4.07039e-123
1.30255e-123
4.16093e-124
1.32716e-124
4.23645e-125
1.38439e-125
5.60328e-126
)
;

boundaryField
{
    sides
    {
        type            zeroGradient;
    }
    empty
    {
        type            empty;
    }
}


// ************************************************************************* //
