/*--------------------------------*- C++ -*----------------------------------*\
  =========                 |
  \\      /  F ield         | OpenFOAM: The Open Source CFD Toolbox
   \\    /   O peration     | Website:  https://openfoam.org
    \\  /    A nd           | Version:  13
     \\/     M anipulation  |
\*---------------------------------------------------------------------------*/
FoamFile
{
    format      ascii;
    class       volScalarField;
    location    "1.19";
    object      T;
}
// * * * * * * * * * * * * * * * * * * * * * * * * * * * * * * * * * * * * * //

dimensions      [0 0 0 1 0 0 0];

internalField   nonuniform List<scalar> 
1000
(
1.34769e-155
4.3227e-155
1.68051e-154
6.61267e-154
2.59943e-153
1.01995e-152
3.99439e-152
1.56133e-151
6.09131e-151
2.37188e-150
9.21811e-150
3.57566e-149
1.38431e-148
5.349e-148
2.06287e-147
7.94019e-147
3.05033e-146
1.16955e-145
4.47552e-145
1.70931e-144
6.51555e-144
2.47873e-143
9.41143e-143
3.56639e-142
1.34879e-141
5.09103e-141
1.91782e-140
7.21022e-140
2.70538e-139
1.01308e-138
3.78613e-138
1.41215e-137
5.25649e-137
1.95273e-136
7.23963e-136
2.67866e-135
9.89108e-135
3.64497e-134
1.34049e-133
4.91991e-133
1.80205e-132
6.58709e-132
2.4029e-131
8.74764e-131
3.17803e-130
1.15222e-129
4.16888e-129
1.50526e-128
5.42386e-128
1.95033e-127
6.99857e-127
2.50617e-126
8.95589e-126
3.19377e-125
1.13656e-124
4.03622e-124
1.43037e-123
5.05836e-123
1.78509e-122
6.28629e-122
2.20909e-121
7.74666e-121
2.71079e-120
9.46575e-120
3.29831e-119
1.14684e-118
3.97912e-118
1.37766e-117
4.75956e-117
1.64081e-116
5.64439e-116
1.93749e-115
6.63626e-115
2.26813e-114
7.73517e-114
2.63226e-113
8.93804e-113
3.02837e-112
1.02382e-111
3.45375e-111
1.16253e-110
3.90447e-110
1.30847e-109
4.37529e-109
1.45978e-108
4.85969e-108
1.61422e-107
5.34998e-107
1.76918e-106
5.83745e-106
1.92177e-105
6.31255e-105
2.06887e-104
6.76522e-104
2.20725e-103
7.1852e-103
2.33368e-102
7.5624e-102
2.44506e-101
7.88729e-101
2.53849e-100
8.15132e-100
2.61147e-99
8.34726e-99
2.66196e-98
8.46952e-98
2.6885e-97
8.51445e-97
2.69026e-96
8.48049e-96
2.66707e-95
8.36825e-95
2.6195e-94
8.18054e-94
2.54874e-93
7.9222e-93
2.45664e-92
7.59992e-92
2.34556e-91
7.22195e-91
2.21834e-90
6.79776e-90
2.0781e-89
6.3376e-89
1.92816e-88
5.85215e-88
1.77191e-87
5.35205e-87
1.61267e-86
4.84752e-86
1.45358e-85
4.34809e-85
1.29748e-84
3.86223e-84
1.14687e-83
3.3972e-83
1.00383e-82
2.95889e-82
8.7001e-82
2.55179e-81
7.46597e-81
2.17896e-80
6.34349e-80
1.84214e-79
5.33619e-79
1.54188e-78
4.44404e-78
1.27765e-77
3.66395e-77
1.04807e-76
2.99039e-76
8.51066e-76
2.41598e-75
6.84094e-75
1.93209e-74
5.44286e-74
1.52937e-73
4.28626e-73
1.19819e-72
3.34081e-72
9.2908e-72
2.57708e-71
7.12972e-71
1.96737e-70
5.41458e-70
1.4863e-69
4.06922e-69
1.11115e-68
3.02616e-68
8.21984e-68
2.22683e-67
6.0167e-67
1.62135e-66
4.35751e-66
1.168e-65
3.12236e-65
8.32456e-65
2.21347e-64
5.86971e-64
1.55235e-63
4.09436e-63
1.07698e-62
2.82521e-62
7.39115e-62
1.92837e-61
5.01742e-61
1.30191e-60
3.36893e-60
8.69376e-60
2.23731e-59
5.74177e-59
1.46948e-58
3.75038e-58
9.54511e-58
2.42257e-57
6.13139e-57
1.54749e-56
3.89473e-56
9.77477e-56
2.44632e-55
6.10511e-55
1.51931e-54
3.77022e-54
9.32942e-54
2.302e-53
5.66393e-53
1.38959e-52
3.39949e-52
8.29263e-52
2.01707e-51
4.89212e-51
1.18309e-50
2.85286e-50
6.85934e-50
1.64445e-49
3.93091e-49
9.36905e-49
2.22652e-48
5.27575e-48
1.24642e-47
2.93605e-47
6.89572e-47
1.61477e-46
3.7701e-46
8.77617e-46
2.03687e-45
4.71328e-45
1.08739e-44
2.50117e-44
5.73584e-44
1.31142e-43
2.98936e-43
6.79359e-43
1.53923e-42
3.47688e-42
7.82984e-42
1.75789e-41
3.93461e-41
8.77974e-41
1.95312e-40
4.3315e-40
9.57654e-40
2.11075e-39
4.6379e-39
1.01591e-38
2.21841e-38
4.82918e-38
1.04797e-37
2.26706e-37
4.88896e-37
1.05101e-36
2.25229e-36
4.81143e-36
1.02459e-35
2.17494e-35
4.60221e-35
9.7074e-35
2.04105e-34
4.27776e-34
8.93691e-34
1.86108e-33
3.86317e-33
7.99326e-33
1.64855e-32
3.389e-32
6.94439e-32
1.41835e-31
2.88749e-31
5.85921e-31
1.18505e-30
2.38897e-30
4.8002e-30
9.61343e-30
1.91896e-29
3.81783e-29
7.5706e-29
1.49625e-28
2.94735e-28
5.78648e-28
1.13226e-27
2.20814e-27
4.29192e-27
8.31414e-27
1.60517e-26
3.08861e-26
5.92292e-26
1.13198e-25
2.1561e-25
4.09283e-25
7.74283e-25
1.4598e-24
2.74286e-24
5.13602e-24
9.58426e-24
1.78237e-23
3.30325e-23
6.10078e-23
1.12287e-22
2.05952e-22
3.76441e-22
6.85673e-22
1.24458e-21
2.25121e-21
4.05778e-21
7.28853e-21
1.30457e-20
2.32684e-20
4.13558e-20
7.32443e-20
1.29264e-19
2.27321e-19
3.98348e-19
6.95571e-19
1.21025e-18
2.09825e-18
3.62485e-18
6.23974e-18
1.07025e-17
1.82914e-17
3.1149e-17
5.28539e-17
8.93596e-17
1.50534e-16
2.52672e-16
4.22573e-16
7.04156e-16
1.16911e-15
1.93401e-15
3.18769e-15
5.23485e-15
8.56529e-15
1.39633e-14
2.26796e-14
3.67017e-14
5.91747e-14
9.50568e-14
1.52133e-13
2.42582e-13
3.85374e-13
6.09948e-13
9.61811e-13
1.51102e-12
2.36499e-12
3.68781e-12
5.72906e-12
8.86692e-12
1.36721e-11
2.10022e-11
3.21414e-11
4.90038e-11
7.44319e-11
1.12629e-10
1.69785e-10
2.54982e-10
3.81482e-10
5.68581e-10
8.44236e-10
1.24878e-09
1.84016e-09
2.70131e-09
3.95037e-09
5.75499e-09
8.35206e-09
1.20749e-08
1.73905e-08
2.49505e-08
3.56602e-08
5.07717e-08
7.20102e-08
1.01742e-07
1.43197e-07
2.0077e-07
2.80411e-07
3.90137e-07
5.40713e-07
7.46522e-07
1.0267e-06
1.40659e-06
1.91963e-06
2.60969e-06
3.53414e-06
4.7676e-06
6.40675e-06
8.57623e-06
1.14361e-05
1.51907e-05
2.01001e-05
2.64935e-05
3.47857e-05
4.54971e-05
5.92772e-05
7.6933e-05
9.94626e-05
0.000128094
0.000164332
0.00021001
0.00026735
0.000339038
0.000428295
0.000538973
0.000675647
0.000843733
0.0010496
0.0013007
0.00160571
0.00197469
0.0024192
0.0029525
0.00358968
0.00434782
0.00524617
0.00630623
0.00755194
0.00900974
0.0107087
0.0126804
0.0149591
0.0175819
0.0205879
0.024019
0.0279188
0.0323329
0.0373084
0.0428933
0.0491359
0.0560847
0.0637872
0.0722895
0.0816354
0.0918655
0.103017
0.115121
0.128205
0.142289
0.157385
0.173499
0.190626
0.208755
0.227863
0.247919
0.268881
0.290698
0.313311
0.336648
0.360634
0.385181
0.410198
0.435586
0.461243
0.487063
0.512937
0.538757
0.564414
0.589802
0.614819
0.639366
0.663352
0.686689
0.709302
0.731119
0.752081
0.772137
0.791245
0.809374
0.826501
0.842615
0.857711
0.871795
0.884879
0.896983
0.908134
0.918364
0.92771
0.936212
0.943915
0.950863
0.957106
0.96269
0.967665
0.972079
0.975977
0.979407
0.982412
0.985032
0.987308
0.989276
0.99097
0.992422
0.993659
0.994708
0.995593
0.996333
0.996948
0.997453
0.997861
0.998184
0.998432
0.998611
0.998728
0.998785
0.998785
0.998728
0.998611
0.998432
0.998184
0.997861
0.997453
0.996948
0.996333
0.995593
0.994708
0.993659
0.992422
0.99097
0.989276
0.987308
0.985032
0.982412
0.979407
0.975977
0.972079
0.967665
0.96269
0.957106
0.950863
0.943915
0.936212
0.92771
0.918364
0.908134
0.896983
0.884879
0.871795
0.857711
0.842615
0.826501
0.809374
0.791245
0.772137
0.752081
0.731119
0.709302
0.686689
0.663352
0.639366
0.614819
0.589802
0.564414
0.538757
0.512937
0.487063
0.461243
0.435586
0.410198
0.385181
0.360634
0.336648
0.313311
0.290698
0.268881
0.247919
0.227863
0.208755
0.190626
0.173499
0.157385
0.142289
0.128205
0.115121
0.103017
0.0918655
0.0816354
0.0722895
0.0637872
0.0560847
0.0491359
0.0428933
0.0373084
0.0323329
0.0279188
0.024019
0.0205879
0.0175819
0.0149591
0.0126804
0.0107087
0.00900974
0.00755194
0.00630623
0.00524617
0.00434782
0.00358968
0.0029525
0.0024192
0.00197469
0.00160571
0.0013007
0.0010496
0.000843733
0.000675647
0.000538973
0.000428295
0.000339038
0.00026735
0.00021001
0.000164332
0.000128094
9.94626e-05
7.6933e-05
5.92772e-05
4.54971e-05
3.47857e-05
2.64935e-05
2.01001e-05
1.51907e-05
1.14361e-05
8.57623e-06
6.40675e-06
4.7676e-06
3.53414e-06
2.60969e-06
1.91963e-06
1.40659e-06
1.0267e-06
7.46522e-07
5.40713e-07
3.90137e-07
2.80411e-07
2.0077e-07
1.43197e-07
1.01742e-07
7.20102e-08
5.07717e-08
3.56602e-08
2.49505e-08
1.73905e-08
1.20749e-08
8.35206e-09
5.75499e-09
3.95037e-09
2.70131e-09
1.84016e-09
1.24878e-09
8.44236e-10
5.68581e-10
3.81482e-10
2.54982e-10
1.69785e-10
1.12629e-10
7.44319e-11
4.90038e-11
3.21414e-11
2.10022e-11
1.36721e-11
8.86692e-12
5.72906e-12
3.68781e-12
2.36499e-12
1.51102e-12
9.61811e-13
6.09948e-13
3.85374e-13
2.42582e-13
1.52133e-13
9.50568e-14
5.91747e-14
3.67017e-14
2.26796e-14
1.39633e-14
8.56529e-15
5.23485e-15
3.18769e-15
1.93401e-15
1.16911e-15
7.04156e-16
4.22573e-16
2.52672e-16
1.50534e-16
8.93596e-17
5.28539e-17
3.1149e-17
1.82914e-17
1.07025e-17
6.23974e-18
3.62485e-18
2.09825e-18
1.21025e-18
6.95571e-19
3.98348e-19
2.27321e-19
1.29264e-19
7.32443e-20
4.13558e-20
2.32684e-20
1.30457e-20
7.28853e-21
4.05778e-21
2.25121e-21
1.24458e-21
6.85673e-22
3.76441e-22
2.05952e-22
1.12287e-22
6.10078e-23
3.30325e-23
1.78237e-23
9.58426e-24
5.13602e-24
2.74286e-24
1.4598e-24
7.74283e-25
4.09283e-25
2.1561e-25
1.13198e-25
5.92292e-26
3.08861e-26
1.60517e-26
8.31414e-27
4.29192e-27
2.20814e-27
1.13226e-27
5.78648e-28
2.94735e-28
1.49625e-28
7.5706e-29
3.81783e-29
1.91896e-29
9.61343e-30
4.8002e-30
2.38897e-30
1.18505e-30
5.85921e-31
2.88749e-31
1.41835e-31
6.94439e-32
3.389e-32
1.64855e-32
7.99326e-33
3.86317e-33
1.86108e-33
8.93691e-34
4.27776e-34
2.04105e-34
9.7074e-35
4.60221e-35
2.17494e-35
1.02459e-35
4.81143e-36
2.25229e-36
1.05101e-36
4.88896e-37
2.26706e-37
1.04797e-37
4.82918e-38
2.21841e-38
1.01591e-38
4.6379e-39
2.11075e-39
9.57654e-40
4.3315e-40
1.95312e-40
8.77974e-41
3.93461e-41
1.75789e-41
7.82984e-42
3.47688e-42
1.53923e-42
6.79359e-43
2.98936e-43
1.31142e-43
5.73584e-44
2.50117e-44
1.08739e-44
4.71328e-45
2.03687e-45
8.77617e-46
3.7701e-46
1.61477e-46
6.89572e-47
2.93605e-47
1.24642e-47
5.27575e-48
2.22652e-48
9.36905e-49
3.93091e-49
1.64445e-49
6.85934e-50
2.85286e-50
1.18309e-50
4.89212e-51
2.01707e-51
8.29263e-52
3.39949e-52
1.38959e-52
5.66393e-53
2.302e-53
9.32942e-54
3.77022e-54
1.51931e-54
6.10511e-55
2.44632e-55
9.77477e-56
3.89473e-56
1.54749e-56
6.13139e-57
2.42257e-57
9.54511e-58
3.75038e-58
1.46948e-58
5.74177e-59
2.23731e-59
8.69376e-60
3.36893e-60
1.30191e-60
5.01742e-61
1.92837e-61
7.39115e-62
2.82521e-62
1.07698e-62
4.09436e-63
1.55235e-63
5.86971e-64
2.21347e-64
8.32456e-65
3.12236e-65
1.168e-65
4.35751e-66
1.62135e-66
6.0167e-67
2.22683e-67
8.21984e-68
3.02616e-68
1.11115e-68
4.06922e-69
1.4863e-69
5.41458e-70
1.96737e-70
7.12972e-71
2.57708e-71
9.2908e-72
3.34081e-72
1.19819e-72
4.28626e-73
1.52937e-73
5.44286e-74
1.93209e-74
6.84094e-75
2.41598e-75
8.51066e-76
2.99039e-76
1.04807e-76
3.66395e-77
1.27765e-77
4.44404e-78
1.54188e-78
5.33619e-79
1.84214e-79
6.34349e-80
2.17896e-80
7.46597e-81
2.55179e-81
8.7001e-82
2.95889e-82
1.00383e-82
3.3972e-83
1.14687e-83
3.86223e-84
1.29748e-84
4.34809e-85
1.45358e-85
4.84752e-86
1.61267e-86
5.35205e-87
1.77191e-87
5.85215e-88
1.92816e-88
6.3376e-89
2.0781e-89
6.79776e-90
2.21834e-90
7.22195e-91
2.34556e-91
7.59992e-92
2.45664e-92
7.9222e-93
2.54874e-93
8.18054e-94
2.6195e-94
8.36825e-95
2.66707e-95
8.48049e-96
2.69026e-96
8.51445e-97
2.6885e-97
8.46952e-98
2.66196e-98
8.34726e-99
2.61147e-99
8.15132e-100
2.53849e-100
7.88729e-101
2.44506e-101
7.5624e-102
2.33368e-102
7.1852e-103
2.20725e-103
6.76522e-104
2.06887e-104
6.31255e-105
1.92177e-105
5.83745e-106
1.76918e-106
5.34998e-107
1.61422e-107
4.85969e-108
1.45978e-108
4.37529e-109
1.30847e-109
3.90447e-110
1.16253e-110
3.45375e-111
1.02382e-111
3.02837e-112
8.93804e-113
2.63226e-113
7.73517e-114
2.26813e-114
6.63626e-115
1.93749e-115
5.64439e-116
1.64081e-116
4.75956e-117
1.37766e-117
3.97912e-118
1.14684e-118
3.29831e-119
9.46575e-120
2.71079e-120
7.74666e-121
2.20909e-121
6.28629e-122
1.78509e-122
5.05836e-123
1.43037e-123
4.03622e-124
1.13656e-124
3.19377e-125
8.95589e-126
2.50617e-126
6.99857e-127
1.95033e-127
5.42386e-128
1.50526e-128
4.16888e-129
1.15222e-129
3.17803e-130
8.74764e-131
2.4029e-131
6.58709e-132
1.80205e-132
4.91991e-133
1.34049e-133
3.64497e-134
9.89108e-135
2.67866e-135
7.23963e-136
1.95273e-136
5.25649e-137
1.41215e-137
3.78613e-138
1.01308e-138
2.70538e-139
7.21022e-140
1.91782e-140
5.09103e-141
1.34879e-141
3.56639e-142
9.41143e-143
2.47873e-143
6.51555e-144
1.70931e-144
4.47552e-145
1.16955e-145
3.05033e-146
7.94019e-147
2.06287e-147
5.349e-148
1.38431e-148
3.57566e-149
9.21811e-150
2.37188e-150
6.09131e-151
1.56133e-151
3.99439e-152
1.01995e-152
2.59943e-153
6.61267e-154
1.68051e-154
4.3227e-155
1.34769e-155
)
;

boundaryField
{
    sides
    {
        type            zeroGradient;
    }
    empty
    {
        type            empty;
    }
}


// ************************************************************************* //
