/*--------------------------------*- C++ -*----------------------------------*\
  =========                 |
  \\      /  F ield         | OpenFOAM: The Open Source CFD Toolbox
   \\    /   O peration     | Website:  https://openfoam.org
    \\  /    A nd           | Version:  13
     \\/     M anipulation  |
\*---------------------------------------------------------------------------*/
FoamFile
{
    format      ascii;
    class       volScalarField;
    location    "1.715";
    object      T;
}
// * * * * * * * * * * * * * * * * * * * * * * * * * * * * * * * * * * * * * //

dimensions      [0 0 0 1 0 0 0];

internalField   nonuniform List<scalar> 
1000
(
5.38971e-117
1.22629e-116
3.47121e-116
1.01083e-115
2.94894e-115
8.59178e-115
2.49902e-114
7.25612e-114
2.10323e-113
6.08572e-113
1.75785e-112
5.06866e-112
1.45897e-111
4.19217e-111
1.20246e-110
3.44304e-110
9.8412e-110
2.80796e-109
7.99774e-109
2.27393e-108
6.45386e-108
1.82849e-107
5.17126e-107
1.45992e-106
4.11423e-106
1.15738e-105
3.25002e-105
9.11009e-105
2.54907e-104
7.11971e-104
1.98502e-103
5.5244e-103
1.53471e-102
4.25581e-102
1.17803e-101
3.25494e-101
8.97728e-101
2.47149e-100
6.7918e-100
1.86304e-99
5.10113e-99
1.39418e-98
3.80346e-98
1.03572e-97
2.81523e-97
7.63813e-97
2.06853e-96
5.59161e-96
1.50873e-95
4.06336e-95
1.09234e-94
2.93104e-94
7.85025e-94
2.09864e-93
5.59997e-93
1.4915e-92
3.96508e-92
1.05213e-91
2.78659e-91
7.36655e-91
1.94375e-90
5.11916e-90
1.34568e-89
3.53073e-89
9.2463e-89
2.41685e-88
6.30537e-88
1.6419e-87
4.26736e-87
1.10699e-86
2.86617e-86
7.40683e-86
1.91044e-85
4.91814e-85
1.26368e-84
3.24071e-84
8.29486e-84
2.11905e-83
5.40301e-83
1.37497e-82
3.49227e-82
8.85285e-82
2.23983e-81
5.65594e-81
1.42544e-80
3.58547e-80
9.00113e-80
2.25527e-79
5.63962e-79
1.4075e-78
3.50588e-78
8.71546e-78
2.16236e-77
5.3544e-77
1.32323e-76
3.26362e-76
8.03347e-76
1.97354e-75
4.83866e-75
1.18397e-74
2.89128e-74
7.04649e-74
1.71391e-73
4.16037e-73
1.00787e-72
2.43673e-72
5.87945e-72
1.41576e-71
3.40226e-71
8.15957e-71
1.95294e-70
4.66476e-70
1.11196e-69
2.64524e-69
6.27997e-69
1.48787e-68
3.51791e-68
8.30073e-68
1.9546e-67
4.59315e-67
1.07713e-66
2.52079e-66
5.88718e-66
1.37209e-65
3.19124e-65
7.40692e-65
1.7156e-64
3.96545e-64
9.14673e-64
2.1054e-63
4.83613e-63
1.10855e-62
2.53573e-62
5.78816e-62
1.31846e-61
2.99696e-61
6.79801e-61
1.53875e-60
3.47564e-60
7.83404e-60
1.76204e-59
3.95482e-59
8.85757e-59
1.97961e-58
4.41487e-58
9.82497e-58
2.18181e-57
4.83474e-57
1.06905e-56
2.35881e-56
5.19341e-56
1.14098e-55
2.50132e-55
5.47168e-55
1.19436e-54
2.6014e-54
5.65378e-54
1.2261e-53
2.65321e-53
5.72888e-53
1.2343e-52
2.65352e-52
5.69213e-52
1.21836e-51
2.60209e-51
5.54519e-51
1.17911e-50
2.5017e-50
5.2961e-50
1.11871e-49
2.35787e-49
4.95858e-49
1.04047e-48
2.17841e-48
4.55072e-48
9.48534e-48
1.97268e-47
4.09343e-47
8.47513e-47
1.75078e-46
3.60861e-46
7.42117e-46
1.52274e-45
3.11746e-45
6.36786e-45
1.29779e-44
2.63894e-44
5.3539e-44
1.08374e-43
2.18872e-43
4.41027e-43
8.86645e-43
1.77845e-42
3.55909e-42
7.10627e-42
1.41562e-41
2.81355e-41
5.57907e-41
1.10374e-40
2.17857e-40
4.29014e-40
8.42879e-40
1.65216e-39
3.23096e-39
6.30378e-39
1.22704e-38
2.38289e-38
4.61675e-38
8.92386e-38
1.72089e-37
3.3108e-37
6.3547e-37
1.21684e-36
2.32463e-36
4.43044e-36
8.42395e-36
1.59793e-35
3.02393e-35
5.70894e-35
1.07525e-34
2.02036e-34
3.78718e-34
7.08219e-34
1.32124e-33
2.45901e-33
4.56559e-33
8.45655e-33
1.5626e-32
2.88044e-32
5.29692e-32
9.71723e-32
1.77834e-31
3.24665e-31
5.91298e-31
1.0743e-30
1.94711e-30
3.52048e-30
6.34975e-30
1.14249e-29
2.05065e-29
3.67171e-29
6.55819e-29
1.16852e-28
2.07694e-28
3.68253e-28
6.5133e-28
1.14918e-27
2.02257e-27
3.55098e-27
6.21899e-27
1.08647e-26
1.89339e-26
3.29144e-26
5.7076e-26
9.87283e-26
1.70353e-25
2.93207e-25
5.03402e-25
8.62129e-25
1.4728e-24
2.50972e-24
4.26599e-24
7.23309e-24
1.22331e-23
2.06375e-23
3.47282e-23
5.82925e-23
9.75993e-23
1.62998e-22
2.71531e-22
4.51186e-22
7.47808e-22
1.23629e-21
2.03868e-21
3.35328e-21
5.50154e-21
9.00307e-21
1.46956e-20
2.39262e-20
3.88551e-20
6.29376e-20
1.01685e-19
1.63866e-19
2.63392e-19
4.2228e-19
6.75271e-19
1.07705e-18
1.71345e-18
2.71884e-18
4.30302e-18
6.79262e-18
1.06949e-17
1.67952e-17
2.63067e-17
4.10978e-17
6.40383e-17
9.95243e-17
1.54271e-16
2.3851e-16
3.67784e-16
5.65644e-16
8.67672e-16
1.32749e-15
2.02565e-15
3.08289e-15
4.6796e-15
7.08464e-15
1.06975e-14
1.61103e-14
2.41979e-14
3.62497e-14
5.41606e-14
8.07075e-14
1.19948e-13
1.77797e-13
2.62846e-13
3.87549e-13
5.69898e-13
8.35822e-13
1.22257e-12
1.78353e-12
2.59494e-12
3.76544e-12
5.44936e-12
7.8653e-12
1.1322e-11
1.62544e-11
2.32732e-11
3.32337e-11
4.733e-11
6.72248e-11
9.52263e-11
1.3453e-10
1.89545e-10
2.66341e-10
3.73247e-10
5.21658e-10
7.27118e-10
1.01077e-09
1.4013e-09
1.93748e-09
2.6716e-09
3.67394e-09
5.03872e-09
6.89182e-09
9.40098e-09
1.2789e-08
1.73511e-08
2.34768e-08
3.16794e-08
4.26321e-08
5.72162e-08
7.65816e-08
1.02224e-07
1.36082e-07
1.80664e-07
2.39202e-07
3.15848e-07
4.15923e-07
5.46219e-07
7.15389e-07
9.34411e-07
1.21718e-06
1.58121e-06
2.04854e-06
2.6468e-06
3.41049e-06
4.38261e-06
5.61654e-06
7.17837e-06
9.14962e-06
1.16306e-05
1.47441e-05
1.86406e-05
2.35028e-05
2.95531e-05
3.70602e-05
4.63485e-05
5.78079e-05
7.19054e-05
8.9199e-05
0.000110353
0.000136155
0.000167536
0.000205594
0.000251617
0.000307114
0.000373842
0.000453845
0.000549489
0.000663503
0.000799026
0.000959654
0.00114949
0.0013732
0.00163607
0.00194407
0.0023039
0.00272309
0.00321
0.00377396
0.00442528
0.00517531
0.00603652
0.00702255
0.00814821
0.00942957
0.010884
0.01253
0.0143874
0.0164774
0.0188223
0.0214456
0.0243717
0.0276262
0.0312355
0.0352266
0.0396271
0.044465
0.0497682
0.0555646
0.0618818
0.0687464
0.0761844
0.08422
0.0928763
0.102174
0.112131
0.122764
0.134086
0.146105
0.158828
0.172257
0.18639
0.20122
0.216736
0.232924
0.249762
0.267225
0.285285
0.303907
0.323053
0.34268
0.362742
0.383188
0.403964
0.425016
0.446284
0.467708
0.489225
0.510775
0.532292
0.553716
0.574984
0.596035
0.616812
0.637258
0.657319
0.676946
0.696092
0.714714
0.732774
0.750237
0.767075
0.783261
0.798777
0.813607
0.827738
0.841166
0.853888
0.865905
0.877224
0.887854
0.897808
0.9071
0.91575
0.923779
0.931207
0.93806
0.944364
0.950143
0.955425
0.960237
0.964606
0.968559
0.972122
0.975321
0.978181
0.980724
0.982973
0.984949
0.986671
0.988156
0.989421
0.990479
0.991341
0.992019
0.992521
0.992852
0.993016
0.993016
0.992852
0.992521
0.992019
0.991341
0.990479
0.989421
0.988156
0.986671
0.984949
0.982973
0.980724
0.978181
0.975321
0.972122
0.968559
0.964606
0.960237
0.955425
0.950143
0.944364
0.93806
0.931207
0.923779
0.91575
0.9071
0.897808
0.887854
0.877224
0.865905
0.853888
0.841166
0.827738
0.813607
0.798777
0.783261
0.767075
0.750237
0.732774
0.714714
0.696092
0.676946
0.657319
0.637258
0.616812
0.596035
0.574984
0.553716
0.532292
0.510775
0.489225
0.467708
0.446284
0.425016
0.403964
0.383188
0.362742
0.34268
0.323053
0.303907
0.285285
0.267225
0.249762
0.232924
0.216736
0.20122
0.18639
0.172257
0.158828
0.146105
0.134086
0.122764
0.112131
0.102174
0.0928763
0.08422
0.0761844
0.0687464
0.0618818
0.0555646
0.0497682
0.044465
0.0396271
0.0352266
0.0312355
0.0276262
0.0243717
0.0214456
0.0188223
0.0164774
0.0143874
0.01253
0.010884
0.00942957
0.00814821
0.00702255
0.00603652
0.00517531
0.00442528
0.00377396
0.00321
0.00272309
0.0023039
0.00194407
0.00163607
0.0013732
0.00114949
0.000959654
0.000799026
0.000663503
0.000549489
0.000453845
0.000373842
0.000307114
0.000251617
0.000205594
0.000167536
0.000136155
0.000110353
8.9199e-05
7.19054e-05
5.78079e-05
4.63485e-05
3.70602e-05
2.95531e-05
2.35028e-05
1.86406e-05
1.47441e-05
1.16306e-05
9.14962e-06
7.17837e-06
5.61654e-06
4.38261e-06
3.41049e-06
2.6468e-06
2.04854e-06
1.58121e-06
1.21718e-06
9.34411e-07
7.15389e-07
5.46219e-07
4.15923e-07
3.15848e-07
2.39202e-07
1.80664e-07
1.36082e-07
1.02224e-07
7.65816e-08
5.72162e-08
4.26321e-08
3.16794e-08
2.34768e-08
1.73511e-08
1.2789e-08
9.40098e-09
6.89182e-09
5.03872e-09
3.67394e-09
2.6716e-09
1.93748e-09
1.4013e-09
1.01077e-09
7.27118e-10
5.21658e-10
3.73247e-10
2.66341e-10
1.89545e-10
1.3453e-10
9.52263e-11
6.72248e-11
4.733e-11
3.32337e-11
2.32732e-11
1.62544e-11
1.1322e-11
7.8653e-12
5.44936e-12
3.76544e-12
2.59494e-12
1.78353e-12
1.22257e-12
8.35822e-13
5.69898e-13
3.87549e-13
2.62846e-13
1.77797e-13
1.19948e-13
8.07075e-14
5.41606e-14
3.62497e-14
2.41979e-14
1.61103e-14
1.06975e-14
7.08464e-15
4.6796e-15
3.08289e-15
2.02565e-15
1.32749e-15
8.67672e-16
5.65644e-16
3.67784e-16
2.3851e-16
1.54271e-16
9.95243e-17
6.40383e-17
4.10978e-17
2.63067e-17
1.67952e-17
1.06949e-17
6.79262e-18
4.30302e-18
2.71884e-18
1.71345e-18
1.07705e-18
6.75271e-19
4.2228e-19
2.63392e-19
1.63866e-19
1.01685e-19
6.29376e-20
3.88551e-20
2.39262e-20
1.46956e-20
9.00307e-21
5.50154e-21
3.35328e-21
2.03868e-21
1.23629e-21
7.47808e-22
4.51186e-22
2.71531e-22
1.62998e-22
9.75993e-23
5.82925e-23
3.47282e-23
2.06375e-23
1.22331e-23
7.23309e-24
4.26599e-24
2.50972e-24
1.4728e-24
8.62129e-25
5.03402e-25
2.93207e-25
1.70353e-25
9.87283e-26
5.7076e-26
3.29144e-26
1.89339e-26
1.08647e-26
6.21899e-27
3.55098e-27
2.02257e-27
1.14918e-27
6.5133e-28
3.68253e-28
2.07694e-28
1.16852e-28
6.55819e-29
3.67171e-29
2.05065e-29
1.14249e-29
6.34975e-30
3.52048e-30
1.94711e-30
1.0743e-30
5.91298e-31
3.24665e-31
1.77834e-31
9.71723e-32
5.29692e-32
2.88044e-32
1.5626e-32
8.45655e-33
4.56559e-33
2.45901e-33
1.32124e-33
7.08219e-34
3.78718e-34
2.02036e-34
1.07525e-34
5.70894e-35
3.02393e-35
1.59793e-35
8.42395e-36
4.43044e-36
2.32463e-36
1.21684e-36
6.3547e-37
3.3108e-37
1.72089e-37
8.92386e-38
4.61675e-38
2.38289e-38
1.22704e-38
6.30378e-39
3.23096e-39
1.65216e-39
8.42879e-40
4.29014e-40
2.17857e-40
1.10374e-40
5.57907e-41
2.81355e-41
1.41562e-41
7.10627e-42
3.55909e-42
1.77845e-42
8.86645e-43
4.41027e-43
2.18872e-43
1.08374e-43
5.3539e-44
2.63894e-44
1.29779e-44
6.36786e-45
3.11746e-45
1.52274e-45
7.42117e-46
3.60861e-46
1.75078e-46
8.47513e-47
4.09343e-47
1.97268e-47
9.48534e-48
4.55072e-48
2.17841e-48
1.04047e-48
4.95858e-49
2.35787e-49
1.11871e-49
5.2961e-50
2.5017e-50
1.17911e-50
5.54519e-51
2.60209e-51
1.21836e-51
5.69213e-52
2.65352e-52
1.2343e-52
5.72888e-53
2.65321e-53
1.2261e-53
5.65378e-54
2.6014e-54
1.19436e-54
5.47168e-55
2.50132e-55
1.14098e-55
5.19341e-56
2.35881e-56
1.06905e-56
4.83474e-57
2.18181e-57
9.82497e-58
4.41487e-58
1.97961e-58
8.85757e-59
3.95482e-59
1.76204e-59
7.83404e-60
3.47564e-60
1.53875e-60
6.79801e-61
2.99696e-61
1.31846e-61
5.78816e-62
2.53573e-62
1.10855e-62
4.83613e-63
2.1054e-63
9.14673e-64
3.96545e-64
1.7156e-64
7.40692e-65
3.19124e-65
1.37209e-65
5.88718e-66
2.52079e-66
1.07713e-66
4.59315e-67
1.9546e-67
8.30073e-68
3.51791e-68
1.48787e-68
6.27997e-69
2.64524e-69
1.11196e-69
4.66476e-70
1.95294e-70
8.15957e-71
3.40226e-71
1.41576e-71
5.87945e-72
2.43673e-72
1.00787e-72
4.16037e-73
1.71391e-73
7.04649e-74
2.89128e-74
1.18397e-74
4.83866e-75
1.97354e-75
8.03347e-76
3.26362e-76
1.32323e-76
5.3544e-77
2.16236e-77
8.71546e-78
3.50588e-78
1.4075e-78
5.63962e-79
2.25527e-79
9.00113e-80
3.58547e-80
1.42544e-80
5.65594e-81
2.23983e-81
8.85285e-82
3.49227e-82
1.37497e-82
5.40301e-83
2.11905e-83
8.29486e-84
3.24071e-84
1.26368e-84
4.91814e-85
1.91044e-85
7.40683e-86
2.86617e-86
1.10699e-86
4.26736e-87
1.6419e-87
6.30537e-88
2.41685e-88
9.2463e-89
3.53073e-89
1.34568e-89
5.11916e-90
1.94375e-90
7.36655e-91
2.78659e-91
1.05213e-91
3.96508e-92
1.4915e-92
5.59997e-93
2.09864e-93
7.85025e-94
2.93104e-94
1.09234e-94
4.06336e-95
1.50873e-95
5.59161e-96
2.06853e-96
7.63813e-97
2.81523e-97
1.03572e-97
3.80346e-98
1.39418e-98
5.10113e-99
1.86304e-99
6.7918e-100
2.47149e-100
8.97728e-101
3.25494e-101
1.17803e-101
4.25581e-102
1.53471e-102
5.5244e-103
1.98502e-103
7.11971e-104
2.54907e-104
9.11009e-105
3.25002e-105
1.15738e-105
4.11423e-106
1.45992e-106
5.17126e-107
1.82849e-107
6.45386e-108
2.27393e-108
7.99774e-109
2.80796e-109
9.8412e-110
3.44304e-110
1.20246e-110
4.19217e-111
1.45897e-111
5.06866e-112
1.75785e-112
6.08572e-113
2.10323e-113
7.25612e-114
2.49902e-114
8.59178e-115
2.94894e-115
1.01083e-115
3.47121e-116
1.22629e-116
5.38971e-117
)
;

boundaryField
{
    sides
    {
        type            zeroGradient;
    }
    empty
    {
        type            empty;
    }
}


// ************************************************************************* //
