/*--------------------------------*- C++ -*----------------------------------*\
  =========                 |
  \\      /  F ield         | OpenFOAM: The Open Source CFD Toolbox
   \\    /   O peration     | Website:  https://openfoam.org
    \\  /    A nd           | Version:  13
     \\/     M anipulation  |
\*---------------------------------------------------------------------------*/
FoamFile
{
    format      ascii;
    class       volScalarField;
    location    "4.76";
    object      T;
}
// * * * * * * * * * * * * * * * * * * * * * * * * * * * * * * * * * * * * * //

dimensions      [0 0 0 1 0 0 0];

internalField   nonuniform List<scalar> 
1000
(
2.51548e-47
3.04968e-47
4.2294e-47
6.30005e-47
9.69117e-47
1.51039e-46
2.36528e-46
3.70917e-46
5.81655e-46
9.11605e-46
1.42759e-45
2.23365e-45
3.49164e-45
5.45301e-45
8.50814e-45
1.32624e-44
2.06539e-44
3.21344e-44
4.9949e-44
7.75663e-44
1.20339e-43
1.86522e-43
2.8883e-43
4.4683e-43
6.90607e-43
1.06637e-42
1.64502e-42
2.53526e-42
3.90357e-42
6.00465e-42
9.22786e-42
1.41678e-41
2.17315e-41
3.33014e-41
5.09828e-41
7.79777e-41
1.19153e-40
1.81896e-40
2.77413e-40
4.22686e-40
6.4342e-40
9.7849e-40
1.48663e-39
2.2565e-39
3.42178e-39
5.18387e-39
7.84586e-39
1.18635e-38
1.79212e-38
2.70462e-38
4.07784e-38
6.14239e-38
9.24333e-38
1.38964e-37
2.08719e-37
3.13186e-37
4.69491e-37
7.03128e-37
1.05202e-36
1.57253e-36
2.3483e-36
3.50341e-36
5.22169e-36
7.77523e-36
1.15664e-35
1.71895e-35
2.55217e-35
3.78564e-35
5.60982e-35
8.30501e-35
1.22832e-34
1.81495e-34
2.67917e-34
3.95106e-34
5.82115e-34
8.56809e-34
1.25991e-33
1.85087e-33
2.71638e-33
3.98277e-33
5.83391e-33
8.53716e-33
1.24809e-32
1.82288e-32
2.65981e-32
3.87722e-32
5.64637e-32
8.2148e-32
1.194e-31
1.73375e-31
2.51507e-31
3.64494e-31
5.27726e-31
7.63317e-31
1.10301e-30
1.59232e-30
2.29646e-30
3.30875e-30
4.76262e-30
6.84867e-30
9.83881e-30
1.41207e-29
2.02463e-29
2.90009e-29
4.15005e-29
5.93296e-29
8.47356e-29
1.20903e-28
1.72338e-28
2.45416e-28
3.49141e-28
4.96219e-28
7.04564e-28
9.99408e-28
1.41625e-27
2.00499e-27
2.8357e-27
4.00665e-27
5.65558e-27
7.97531e-27
1.12355e-26
1.58129e-26
2.22332e-26
3.12298e-26
4.38237e-26
6.14359e-26
8.60417e-26
1.20384e-25
1.68268e-25
2.34968e-25
3.27784e-25
4.56815e-25
6.36011e-25
8.84631e-25
1.22923e-24
1.70637e-24
2.3664e-24
3.2785e-24
4.53768e-24
6.27428e-24
8.66694e-24
1.19602e-23
1.64886e-23
2.27092e-23
3.12456e-23
4.29485e-23
5.89764e-23
8.09058e-23
1.1088e-22
1.51808e-22
2.07638e-22
2.83721e-22
3.87298e-22
5.28165e-22
7.19556e-22
9.79331e-22
1.33157e-21
1.80871e-21
2.45439e-21
3.32726e-21
4.5061e-21
6.09654e-21
8.24017e-21
1.11265e-20
1.50089e-20
2.02259e-20
2.72293e-20
3.66213e-20
4.9204e-20
6.60443e-20
8.85603e-20
1.18634e-19
1.58764e-19
2.12256e-19
2.83489e-19
3.78252e-19
5.04189e-19
6.71389e-19
8.93146e-19
1.18697e-18
1.57588e-18
2.09013e-18
2.76944e-18
3.66588e-18
4.84765e-18
6.404e-18
8.4516e-18
1.11428e-17
1.46762e-17
1.93109e-17
2.53839e-17
3.33334e-17
4.37288e-17
5.73089e-17
7.50315e-17
9.81366e-17
1.28228e-16
1.6738e-16
2.18268e-16
2.84343e-16
3.7005e-16
4.8111e-16
6.24876e-16
8.10792e-16
1.05097e-15
1.36093e-15
1.76055e-15
2.27524e-15
2.93745e-15
3.7886e-15
4.88149e-15
6.28335e-15
8.0797e-15
1.03792e-14
1.33198e-14
1.70764e-14
2.18706e-14
2.79827e-14
3.57671e-14
4.56712e-14
5.82593e-14
7.42425e-14
9.45159e-14
1.20205e-13
1.52722e-13
1.93842e-13
2.45787e-13
3.11338e-13
3.93977e-13
4.98051e-13
6.28986e-13
7.93546e-13
1.00016e-12
1.25929e-12
1.58398e-12
1.99039e-12
2.49855e-12
3.13331e-12
3.92539e-12
4.91276e-12
6.14232e-12
7.6719e-12
9.57276e-12
1.19326e-11
1.48592e-11
1.84851e-11
2.29727e-11
2.85209e-11
3.53737e-11
4.38289e-11
5.42505e-11
6.70827e-11
8.2867e-11
1.02262e-10
1.2607e-10
1.55265e-10
1.91029e-10
2.34794e-10
2.88296e-10
3.53634e-10
4.33344e-10
5.30488e-10
6.48756e-10
7.92593e-10
9.67349e-10
1.17945e-09
1.43661e-09
1.74809e-09
2.12496e-09
2.58048e-09
3.13051e-09
3.79395e-09
4.59339e-09
5.5557e-09
6.71285e-09
8.10288e-09
9.77093e-09
1.17705e-08
1.41651e-08
1.70297e-08
2.04531e-08
2.45399e-08
2.94139e-08
3.52206e-08
4.21312e-08
5.03472e-08
6.0105e-08
7.1682e-08
8.54033e-08
1.01649e-07
1.20864e-07
1.43566e-07
1.70363e-07
2.01958e-07
2.39173e-07
2.82962e-07
3.34432e-07
3.9487e-07
4.65762e-07
5.48832e-07
6.46071e-07
7.59777e-07
8.92601e-07
1.0476e-06
1.22828e-06
1.43868e-06
1.68344e-06
1.96788e-06
2.29807e-06
2.68099e-06
3.12459e-06
3.63796e-06
4.23144e-06
4.91684e-06
5.70756e-06
6.61883e-06
7.66796e-06
8.87453e-06
1.02607e-05
1.18516e-05
1.36756e-05
1.57646e-05
1.81546e-05
2.08862e-05
2.40049e-05
2.75619e-05
3.16146e-05
3.62272e-05
4.14716e-05
4.74282e-05
5.41865e-05
6.18467e-05
7.05199e-05
8.03299e-05
9.1414e-05
0.000103925
0.000118031
0.00013392
0.000151798
0.000171893
0.000194457
0.000219765
0.000248124
0.000279866
0.000315359
0.000355005
0.000399242
0.000448552
0.000503459
0.000564534
0.000632399
0.00070773
0.000791261
0.000883788
0.000986174
0.00109935
0.00122432
0.00136217
0.00151408
0.00168129
0.00186515
0.00206713
0.00228876
0.0025317
0.00279773
0.00308874
0.00340673
0.00375385
0.00413237
0.00454469
0.00499337
0.0054811
0.00601072
0.00658524
0.00720779
0.0078817
0.00861044
0.00939763
0.0102471
0.0111628
0.0121488
0.0132095
0.0143493
0.0155728
0.0168848
0.0182902
0.0197941
0.0214017
0.0231184
0.0249496
0.026901
0.0289781
0.0311869
0.0335332
0.036023
0.0386622
0.0414569
0.0444132
0.047537
0.0508345
0.0543116
0.0579744
0.0618285
0.0658799
0.070134
0.0745965
0.0792724
0.0841671
0.0892852
0.0946313
0.10021
0.106025
0.112079
0.118378
0.124922
0.131715
0.138758
0.146054
0.153603
0.161406
0.169463
0.177774
0.186336
0.19515
0.204212
0.21352
0.223071
0.232859
0.242882
0.253132
0.263606
0.274295
0.285194
0.296293
0.307586
0.319063
0.330715
0.342532
0.354503
0.366618
0.378865
0.391232
0.403708
0.416279
0.428933
0.441656
0.454435
0.467256
0.480106
0.49297
0.505833
0.518683
0.531504
0.544282
0.557003
0.569652
0.582217
0.594682
0.607034
0.619259
0.631345
0.643278
0.655045
0.666635
0.678035
0.689234
0.70022
0.710982
0.721511
0.731795
0.741827
0.751596
0.761094
0.770313
0.779244
0.787882
0.796219
0.804248
0.811964
0.81936
0.826433
0.833177
0.839588
0.845661
0.851394
0.856782
0.861823
0.866514
0.870853
0.874837
0.878465
0.881734
0.884644
0.887192
0.889379
0.891202
0.892662
0.893757
0.894487
0.894853
0.894853
0.894487
0.893757
0.892662
0.891202
0.889379
0.887192
0.884644
0.881734
0.878465
0.874837
0.870853
0.866514
0.861823
0.856782
0.851394
0.845661
0.839588
0.833177
0.826433
0.81936
0.811964
0.804248
0.796219
0.787882
0.779244
0.770313
0.761094
0.751596
0.741827
0.731795
0.721511
0.710982
0.70022
0.689234
0.678035
0.666635
0.655045
0.643278
0.631345
0.619259
0.607034
0.594682
0.582217
0.569652
0.557003
0.544282
0.531504
0.518683
0.505833
0.49297
0.480106
0.467256
0.454435
0.441656
0.428933
0.416279
0.403708
0.391232
0.378865
0.366618
0.354503
0.342532
0.330715
0.319063
0.307586
0.296293
0.285194
0.274295
0.263606
0.253132
0.242882
0.232859
0.223071
0.21352
0.204212
0.19515
0.186336
0.177774
0.169463
0.161406
0.153603
0.146054
0.138758
0.131715
0.124922
0.118378
0.112079
0.106025
0.10021
0.0946313
0.0892852
0.0841671
0.0792724
0.0745965
0.070134
0.0658799
0.0618285
0.0579744
0.0543116
0.0508345
0.047537
0.0444132
0.0414569
0.0386622
0.036023
0.0335332
0.0311869
0.0289781
0.026901
0.0249496
0.0231184
0.0214017
0.0197941
0.0182902
0.0168848
0.0155728
0.0143493
0.0132095
0.0121488
0.0111628
0.0102471
0.00939763
0.00861044
0.0078817
0.00720779
0.00658524
0.00601072
0.0054811
0.00499337
0.00454469
0.00413237
0.00375385
0.00340673
0.00308874
0.00279773
0.0025317
0.00228876
0.00206713
0.00186515
0.00168129
0.00151408
0.00136217
0.00122432
0.00109935
0.000986174
0.000883788
0.000791261
0.00070773
0.000632399
0.000564534
0.000503459
0.000448552
0.000399242
0.000355005
0.000315359
0.000279866
0.000248124
0.000219765
0.000194457
0.000171893
0.000151798
0.00013392
0.000118031
0.000103925
9.1414e-05
8.03299e-05
7.05199e-05
6.18467e-05
5.41865e-05
4.74282e-05
4.14716e-05
3.62272e-05
3.16146e-05
2.75619e-05
2.40049e-05
2.08862e-05
1.81546e-05
1.57646e-05
1.36756e-05
1.18516e-05
1.02607e-05
8.87453e-06
7.66796e-06
6.61883e-06
5.70756e-06
4.91684e-06
4.23144e-06
3.63796e-06
3.12459e-06
2.68099e-06
2.29807e-06
1.96788e-06
1.68344e-06
1.43868e-06
1.22828e-06
1.0476e-06
8.92601e-07
7.59777e-07
6.46071e-07
5.48832e-07
4.65762e-07
3.9487e-07
3.34432e-07
2.82962e-07
2.39173e-07
2.01958e-07
1.70363e-07
1.43566e-07
1.20864e-07
1.01649e-07
8.54033e-08
7.1682e-08
6.0105e-08
5.03472e-08
4.21312e-08
3.52206e-08
2.94139e-08
2.45399e-08
2.04531e-08
1.70297e-08
1.41651e-08
1.17705e-08
9.77093e-09
8.10288e-09
6.71285e-09
5.5557e-09
4.59339e-09
3.79395e-09
3.13051e-09
2.58048e-09
2.12496e-09
1.74809e-09
1.43661e-09
1.17945e-09
9.67349e-10
7.92593e-10
6.48756e-10
5.30488e-10
4.33344e-10
3.53634e-10
2.88296e-10
2.34794e-10
1.91029e-10
1.55265e-10
1.2607e-10
1.02262e-10
8.2867e-11
6.70827e-11
5.42505e-11
4.38289e-11
3.53737e-11
2.85209e-11
2.29727e-11
1.84851e-11
1.48592e-11
1.19326e-11
9.57276e-12
7.6719e-12
6.14232e-12
4.91276e-12
3.92539e-12
3.13331e-12
2.49855e-12
1.99039e-12
1.58398e-12
1.25929e-12
1.00016e-12
7.93546e-13
6.28986e-13
4.98051e-13
3.93977e-13
3.11338e-13
2.45787e-13
1.93842e-13
1.52722e-13
1.20205e-13
9.45159e-14
7.42425e-14
5.82593e-14
4.56712e-14
3.57671e-14
2.79827e-14
2.18706e-14
1.70764e-14
1.33198e-14
1.03792e-14
8.0797e-15
6.28335e-15
4.88149e-15
3.7886e-15
2.93745e-15
2.27524e-15
1.76055e-15
1.36093e-15
1.05097e-15
8.10792e-16
6.24876e-16
4.8111e-16
3.7005e-16
2.84343e-16
2.18268e-16
1.6738e-16
1.28228e-16
9.81366e-17
7.50315e-17
5.73089e-17
4.37288e-17
3.33334e-17
2.53839e-17
1.93109e-17
1.46762e-17
1.11428e-17
8.4516e-18
6.404e-18
4.84765e-18
3.66588e-18
2.76944e-18
2.09013e-18
1.57588e-18
1.18697e-18
8.93146e-19
6.71389e-19
5.04189e-19
3.78252e-19
2.83489e-19
2.12256e-19
1.58764e-19
1.18634e-19
8.85603e-20
6.60443e-20
4.9204e-20
3.66213e-20
2.72293e-20
2.02259e-20
1.50089e-20
1.11265e-20
8.24017e-21
6.09654e-21
4.5061e-21
3.32726e-21
2.45439e-21
1.80871e-21
1.33157e-21
9.79331e-22
7.19556e-22
5.28165e-22
3.87298e-22
2.83721e-22
2.07638e-22
1.51808e-22
1.1088e-22
8.09058e-23
5.89764e-23
4.29485e-23
3.12456e-23
2.27092e-23
1.64886e-23
1.19602e-23
8.66694e-24
6.27428e-24
4.53768e-24
3.2785e-24
2.3664e-24
1.70637e-24
1.22923e-24
8.84631e-25
6.36011e-25
4.56815e-25
3.27784e-25
2.34968e-25
1.68268e-25
1.20384e-25
8.60417e-26
6.14359e-26
4.38237e-26
3.12298e-26
2.22332e-26
1.58129e-26
1.12355e-26
7.97531e-27
5.65558e-27
4.00665e-27
2.8357e-27
2.00499e-27
1.41625e-27
9.99408e-28
7.04564e-28
4.96219e-28
3.49141e-28
2.45416e-28
1.72338e-28
1.20903e-28
8.47356e-29
5.93296e-29
4.15005e-29
2.90009e-29
2.02463e-29
1.41207e-29
9.83881e-30
6.84867e-30
4.76262e-30
3.30875e-30
2.29646e-30
1.59232e-30
1.10301e-30
7.63317e-31
5.27726e-31
3.64494e-31
2.51507e-31
1.73375e-31
1.194e-31
8.2148e-32
5.64637e-32
3.87722e-32
2.65981e-32
1.82288e-32
1.24809e-32
8.53716e-33
5.83391e-33
3.98277e-33
2.71638e-33
1.85087e-33
1.25991e-33
8.56809e-34
5.82115e-34
3.95106e-34
2.67917e-34
1.81495e-34
1.22832e-34
8.30501e-35
5.60982e-35
3.78564e-35
2.55217e-35
1.71895e-35
1.15664e-35
7.77523e-36
5.22169e-36
3.50341e-36
2.3483e-36
1.57253e-36
1.05202e-36
7.03128e-37
4.69491e-37
3.13186e-37
2.08719e-37
1.38964e-37
9.24333e-38
6.14239e-38
4.07784e-38
2.70462e-38
1.79212e-38
1.18635e-38
7.84586e-39
5.18387e-39
3.42178e-39
2.2565e-39
1.48663e-39
9.7849e-40
6.4342e-40
4.22686e-40
2.77413e-40
1.81896e-40
1.19153e-40
7.79777e-41
5.09828e-41
3.33014e-41
2.17315e-41
1.41678e-41
9.22786e-42
6.00465e-42
3.90357e-42
2.53526e-42
1.64502e-42
1.06637e-42
6.90607e-43
4.4683e-43
2.8883e-43
1.86522e-43
1.20339e-43
7.75663e-44
4.9949e-44
3.21344e-44
2.06539e-44
1.32624e-44
8.50814e-45
5.45301e-45
3.49164e-45
2.23365e-45
1.42759e-45
9.11605e-46
5.81655e-46
3.70917e-46
2.36528e-46
1.51039e-46
9.69117e-47
6.30005e-47
4.2294e-47
3.04968e-47
2.51548e-47
)
;

boundaryField
{
    sides
    {
        type            zeroGradient;
    }
    empty
    {
        type            empty;
    }
}


// ************************************************************************* //
