/*--------------------------------*- C++ -*----------------------------------*\
  =========                 |
  \\      /  F ield         | OpenFOAM: The Open Source CFD Toolbox
   \\    /   O peration     | Website:  https://openfoam.org
    \\  /    A nd           | Version:  13
     \\/     M anipulation  |
\*---------------------------------------------------------------------------*/
FoamFile
{
    format      ascii;
    class       volScalarField;
    location    "1.345";
    object      T;
}
// * * * * * * * * * * * * * * * * * * * * * * * * * * * * * * * * * * * * * //

dimensions      [0 0 0 1 0 0 0];

internalField   nonuniform List<scalar> 
1000
(
7.32399e-142
2.08589e-141
7.27958e-141
2.58287e-140
9.16068e-140
3.24337e-139
1.14621e-138
4.04318e-138
1.42355e-137
5.00278e-137
1.75485e-136
6.14401e-136
2.14709e-135
7.48916e-135
2.60734e-134
9.0603e-134
3.14244e-133
1.08785e-132
3.7588e-132
1.29629e-131
4.46202e-131
1.53296e-130
5.25658e-130
1.79905e-129
6.14542e-129
2.09521e-128
7.12962e-128
2.42142e-127
8.20795e-127
2.7769e-126
9.3766e-126
3.16001e-125
1.06289e-124
3.56813e-124
1.19549e-123
3.99765e-123
1.33418e-122
4.44396e-122
1.47732e-121
4.90144e-121
1.623e-120
5.36357e-120
1.76901e-119
5.82301e-119
1.91295e-118
6.27183e-118
2.0522e-117
6.70162e-117
2.18409e-116
7.10383e-116
2.30591e-115
7.47e-115
2.41504e-114
7.79203e-114
2.509e-113
8.06251e-113
2.58559e-112
8.27498e-112
2.64296e-111
8.42419e-111
2.67965e-110
8.5063e-110
2.69471e-109
8.51906e-109
2.68768e-108
8.46191e-108
2.65866e-107
8.336e-107
2.60827e-106
8.14416e-106
2.53768e-105
7.89081e-105
2.4485e-104
7.58177e-104
2.34278e-103
7.22402e-103
2.22287e-102
6.8255e-102
2.0914e-101
6.39473e-101
1.95114e-100
5.9406e-100
1.80489e-99
5.47198e-99
1.65544e-98
4.99748e-98
1.50543e-97
4.52519e-97
1.35731e-96
4.06244e-96
1.21327e-95
3.61566e-95
1.07517e-94
3.19026e-94
9.44562e-94
2.79054e-93
8.22619e-93
2.41969e-92
7.10181e-92
2.07982e-91
6.07753e-91
1.77203e-90
5.15535e-90
1.49653e-89
4.3346e-89
1.25271e-88
3.61231e-88
1.03933e-87
2.98367e-87
8.54631e-87
2.44249e-86
6.96488e-86
1.9816e-85
5.62525e-85
1.59326e-84
4.50246e-84
1.26949e-83
3.57126e-83
1.00237e-82
2.80701e-82
7.84274e-82
2.18625e-81
6.08045e-81
1.68723e-80
4.67106e-80
1.29019e-79
3.55543e-79
9.77517e-79
2.68133e-78
7.33783e-78
2.00343e-77
5.4572e-77
1.48303e-76
4.02083e-76
1.08758e-75
2.93487e-75
7.9012e-75
2.12214e-74
5.68629e-74
1.52004e-73
4.05372e-73
1.0785e-72
2.86254e-72
7.57963e-72
2.0022e-71
5.27626e-71
1.38709e-70
3.63779e-70
9.51757e-70
2.48409e-69
6.46782e-69
1.67995e-68
4.35295e-68
1.12516e-67
2.90126e-67
7.46275e-67
1.91492e-66
4.90159e-66
1.25158e-65
3.18795e-65
8.1002e-65
2.05309e-64
5.19092e-64
1.3092e-63
3.29374e-63
8.26594e-63
2.06925e-62
5.16713e-62
1.28706e-61
3.19787e-61
7.92557e-61
1.95933e-60
4.8316e-60
1.18844e-59
2.91584e-59
7.13591e-59
1.74193e-58
4.24139e-58
1.0301e-57
2.49538e-57
6.02955e-57
1.45318e-56
3.4933e-56
8.37597e-56
2.00315e-55
4.77826e-55
1.13685e-54
2.69778e-54
6.38531e-54
1.50739e-53
3.54925e-53
8.33513e-53
1.95232e-52
4.56087e-52
1.06268e-51
2.46953e-51
5.72373e-51
1.32311e-50
3.05043e-50
7.01411e-50
1.60853e-49
3.67899e-49
8.39205e-49
1.90917e-48
4.33171e-48
9.8018e-48
2.212e-47
4.97842e-47
1.11745e-46
2.50141e-46
5.58428e-46
1.24328e-45
2.7605e-45
6.11257e-45
1.34981e-44
2.97257e-44
6.52833e-44
1.42981e-43
3.1229e-43
6.80206e-43
1.47748e-42
3.20039e-42
6.91319e-42
1.48918e-41
3.19894e-41
6.85259e-41
1.46382e-40
3.11822e-40
6.6238e-40
1.40309e-39
2.96377e-39
6.24274e-39
1.31123e-38
2.74634e-38
5.73584e-38
1.19455e-37
2.48072e-37
5.13701e-37
1.06072e-36
2.18399e-36
4.48388e-36
9.17929e-36
1.87376e-35
3.81387e-35
7.74039e-35
1.5664e-34
3.1607e-34
6.35919e-34
1.27572e-33
2.55179e-33
5.08937e-33
1.01207e-32
2.00673e-32
3.96723e-32
7.82005e-32
1.53692e-31
3.01169e-31
5.88416e-31
1.14623e-30
2.22623e-30
4.31099e-30
8.32318e-30
1.60216e-29
3.07485e-29
5.88356e-29
1.12242e-28
2.13483e-28
4.04822e-28
7.65341e-28
1.44256e-27
2.71081e-27
5.07863e-27
9.48583e-27
1.76637e-26
3.27919e-26
6.06911e-26
1.11984e-25
2.05994e-25
3.77766e-25
6.90645e-25
1.25878e-24
2.28722e-24
4.14307e-24
7.48158e-24
1.34685e-23
2.41711e-23
4.32436e-23
7.71252e-23
1.37125e-22
2.4304e-22
4.2942e-22
7.56352e-22
1.32801e-21
2.32442e-21
4.05565e-21
7.05399e-21
1.22303e-20
2.11381e-20
3.64182e-20
6.25449e-20
1.07074e-19
1.82723e-19
3.10828e-19
5.27057e-19
8.90854e-19
1.50094e-18
2.52074e-18
4.21986e-18
7.04158e-18
1.17123e-17
1.94184e-17
3.20908e-17
5.28619e-17
8.67956e-17
1.42051e-16
2.31727e-16
3.76788e-16
6.10665e-16
9.86486e-16
1.5884e-15
2.54922e-15
4.07786e-15
6.50177e-15
1.03325e-14
1.63663e-14
2.58383e-14
4.0658e-14
6.37666e-14
9.96794e-14
1.55303e-13
2.41165e-13
3.73258e-13
5.75785e-13
8.85251e-13
1.35652e-12
2.07176e-12
3.15357e-12
4.78426e-12
7.23392e-12
1.09013e-11
1.6373e-11
2.45086e-11
3.65638e-11
5.43654e-11
8.05625e-11
1.18982e-10
1.75131e-10
2.56908e-10
3.756e-10
5.47275e-10
7.9472e-10
1.15014e-09
1.65889e-09
2.38456e-09
3.41605e-09
4.87712e-09
6.93945e-09
9.84031e-09
1.39063e-08
1.95856e-08
2.74902e-08
3.84535e-08
5.36058e-08
7.44736e-08
1.03112e-07
1.42275e-07
1.95641e-07
2.68105e-07
3.66153e-07
4.98345e-07
6.75941e-07
9.13687e-07
1.23082e-06
1.65235e-06
2.21064e-06
2.94743e-06
3.91629e-06
5.1858e-06
6.84326e-06
8.99951e-06
1.17946e-05
1.54047e-05
2.00508e-05
2.60086e-05
3.3621e-05
4.33126e-05
5.56064e-05
7.11452e-05
9.07144e-05
0.00011527
0.000145972
0.000184218
0.000231691
0.000290401
0.000362747
0.000451569
0.000560225
0.000692659
0.000853486
0.00104808
0.00128268
0.00156447
0.0019017
0.00230381
0.00278153
0.003347
0.00401388
0.00479747
0.00571484
0.00678485
0.00802835
0.00946815
0.0111291
0.0130381
0.0152242
0.0177183
0.0205533
0.023764
0.0273868
0.0314594
0.0360208
0.0411109
0.0467697
0.0530378
0.059955
0.0675603
0.0758911
0.084983
0.0948686
0.105578
0.117135
0.129563
0.142876
0.157086
0.172195
0.188202
0.205097
0.222863
0.241475
0.260902
0.281103
0.302031
0.323633
0.345846
0.368604
0.391833
0.415455
0.439386
0.463541
0.487832
0.512168
0.536459
0.560614
0.584545
0.608167
0.631396
0.654154
0.676367
0.697969
0.718897
0.739098
0.758525
0.777137
0.794903
0.811798
0.827805
0.842914
0.857123
0.870437
0.882864
0.894422
0.90513
0.915016
0.924107
0.932438
0.940042
0.946958
0.953225
0.958882
0.96397
0.968529
0.972598
0.976216
0.979421
0.982248
0.984733
0.986906
0.9888
0.990441
0.991856
0.993069
0.994101
0.994971
0.995696
0.99629
0.996767
0.997136
0.997406
0.997582
0.997669
0.997669
0.997582
0.997406
0.997136
0.996767
0.99629
0.995696
0.994971
0.994101
0.993069
0.991856
0.990441
0.9888
0.986906
0.984733
0.982248
0.979421
0.976216
0.972598
0.968529
0.96397
0.958882
0.953225
0.946958
0.940042
0.932438
0.924107
0.915016
0.90513
0.894422
0.882864
0.870437
0.857123
0.842914
0.827805
0.811798
0.794903
0.777137
0.758525
0.739098
0.718897
0.697969
0.676367
0.654154
0.631396
0.608167
0.584545
0.560614
0.536459
0.512168
0.487832
0.463541
0.439386
0.415455
0.391833
0.368604
0.345846
0.323633
0.302031
0.281103
0.260902
0.241475
0.222863
0.205097
0.188202
0.172195
0.157086
0.142876
0.129563
0.117135
0.105578
0.0948686
0.084983
0.0758911
0.0675603
0.059955
0.0530378
0.0467697
0.0411109
0.0360208
0.0314594
0.0273868
0.023764
0.0205533
0.0177183
0.0152242
0.0130381
0.0111291
0.00946815
0.00802835
0.00678485
0.00571484
0.00479747
0.00401388
0.003347
0.00278153
0.00230381
0.0019017
0.00156447
0.00128268
0.00104808
0.000853486
0.000692659
0.000560225
0.000451569
0.000362747
0.000290401
0.000231691
0.000184218
0.000145972
0.00011527
9.07144e-05
7.11452e-05
5.56064e-05
4.33126e-05
3.3621e-05
2.60086e-05
2.00508e-05
1.54047e-05
1.17946e-05
8.99951e-06
6.84326e-06
5.1858e-06
3.91629e-06
2.94743e-06
2.21064e-06
1.65235e-06
1.23082e-06
9.13687e-07
6.75941e-07
4.98345e-07
3.66153e-07
2.68105e-07
1.95641e-07
1.42275e-07
1.03112e-07
7.44736e-08
5.36058e-08
3.84535e-08
2.74902e-08
1.95856e-08
1.39063e-08
9.84031e-09
6.93945e-09
4.87712e-09
3.41605e-09
2.38456e-09
1.65889e-09
1.15014e-09
7.9472e-10
5.47275e-10
3.756e-10
2.56908e-10
1.75131e-10
1.18982e-10
8.05625e-11
5.43654e-11
3.65638e-11
2.45086e-11
1.6373e-11
1.09013e-11
7.23392e-12
4.78426e-12
3.15357e-12
2.07176e-12
1.35652e-12
8.85251e-13
5.75785e-13
3.73258e-13
2.41165e-13
1.55303e-13
9.96794e-14
6.37666e-14
4.0658e-14
2.58383e-14
1.63663e-14
1.03325e-14
6.50177e-15
4.07786e-15
2.54922e-15
1.5884e-15
9.86486e-16
6.10665e-16
3.76788e-16
2.31727e-16
1.42051e-16
8.67956e-17
5.28619e-17
3.20908e-17
1.94184e-17
1.17123e-17
7.04158e-18
4.21986e-18
2.52074e-18
1.50094e-18
8.90854e-19
5.27057e-19
3.10828e-19
1.82723e-19
1.07074e-19
6.25449e-20
3.64182e-20
2.11381e-20
1.22303e-20
7.05399e-21
4.05565e-21
2.32442e-21
1.32801e-21
7.56352e-22
4.2942e-22
2.4304e-22
1.37125e-22
7.71252e-23
4.32436e-23
2.41711e-23
1.34685e-23
7.48158e-24
4.14307e-24
2.28722e-24
1.25878e-24
6.90645e-25
3.77766e-25
2.05994e-25
1.11984e-25
6.06911e-26
3.27919e-26
1.76637e-26
9.48583e-27
5.07863e-27
2.71081e-27
1.44256e-27
7.65341e-28
4.04822e-28
2.13483e-28
1.12242e-28
5.88356e-29
3.07485e-29
1.60216e-29
8.32318e-30
4.31099e-30
2.22623e-30
1.14623e-30
5.88416e-31
3.01169e-31
1.53692e-31
7.82005e-32
3.96723e-32
2.00673e-32
1.01207e-32
5.08937e-33
2.55179e-33
1.27572e-33
6.35919e-34
3.1607e-34
1.5664e-34
7.74039e-35
3.81387e-35
1.87376e-35
9.17929e-36
4.48388e-36
2.18399e-36
1.06072e-36
5.13701e-37
2.48072e-37
1.19455e-37
5.73584e-38
2.74634e-38
1.31123e-38
6.24274e-39
2.96377e-39
1.40309e-39
6.6238e-40
3.11822e-40
1.46382e-40
6.85259e-41
3.19894e-41
1.48918e-41
6.91319e-42
3.20039e-42
1.47748e-42
6.80206e-43
3.1229e-43
1.42981e-43
6.52833e-44
2.97257e-44
1.34981e-44
6.11257e-45
2.7605e-45
1.24328e-45
5.58428e-46
2.50141e-46
1.11745e-46
4.97842e-47
2.212e-47
9.8018e-48
4.33171e-48
1.90917e-48
8.39205e-49
3.67899e-49
1.60853e-49
7.01411e-50
3.05043e-50
1.32311e-50
5.72373e-51
2.46953e-51
1.06268e-51
4.56087e-52
1.95232e-52
8.33513e-53
3.54925e-53
1.50739e-53
6.38531e-54
2.69778e-54
1.13685e-54
4.77826e-55
2.00315e-55
8.37597e-56
3.4933e-56
1.45318e-56
6.02955e-57
2.49538e-57
1.0301e-57
4.24139e-58
1.74193e-58
7.13591e-59
2.91584e-59
1.18844e-59
4.8316e-60
1.95933e-60
7.92557e-61
3.19787e-61
1.28706e-61
5.16713e-62
2.06925e-62
8.26594e-63
3.29374e-63
1.3092e-63
5.19092e-64
2.05309e-64
8.1002e-65
3.18795e-65
1.25158e-65
4.90159e-66
1.91492e-66
7.46275e-67
2.90126e-67
1.12516e-67
4.35295e-68
1.67995e-68
6.46782e-69
2.48409e-69
9.51757e-70
3.63779e-70
1.38709e-70
5.27626e-71
2.0022e-71
7.57963e-72
2.86254e-72
1.0785e-72
4.05372e-73
1.52004e-73
5.68629e-74
2.12214e-74
7.9012e-75
2.93487e-75
1.08758e-75
4.02083e-76
1.48303e-76
5.4572e-77
2.00343e-77
7.33783e-78
2.68133e-78
9.77517e-79
3.55543e-79
1.29019e-79
4.67106e-80
1.68723e-80
6.08045e-81
2.18625e-81
7.84274e-82
2.80701e-82
1.00237e-82
3.57126e-83
1.26949e-83
4.50246e-84
1.59326e-84
5.62525e-85
1.9816e-85
6.96488e-86
2.44249e-86
8.54631e-87
2.98367e-87
1.03933e-87
3.61231e-88
1.25271e-88
4.3346e-89
1.49653e-89
5.15535e-90
1.77203e-90
6.07753e-91
2.07982e-91
7.10181e-92
2.41969e-92
8.22619e-93
2.79054e-93
9.44562e-94
3.19026e-94
1.07517e-94
3.61566e-95
1.21327e-95
4.06244e-96
1.35731e-96
4.52519e-97
1.50543e-97
4.99748e-98
1.65544e-98
5.47198e-99
1.80489e-99
5.9406e-100
1.95114e-100
6.39473e-101
2.0914e-101
6.8255e-102
2.22287e-102
7.22402e-103
2.34278e-103
7.58177e-104
2.4485e-104
7.89081e-105
2.53768e-105
8.14416e-106
2.60827e-106
8.336e-107
2.65866e-107
8.46191e-108
2.68768e-108
8.51906e-109
2.69471e-109
8.5063e-110
2.67965e-110
8.42419e-111
2.64296e-111
8.27498e-112
2.58559e-112
8.06251e-113
2.509e-113
7.79203e-114
2.41504e-114
7.47e-115
2.30591e-115
7.10383e-116
2.18409e-116
6.70162e-117
2.0522e-117
6.27183e-118
1.91295e-118
5.82301e-119
1.76901e-119
5.36357e-120
1.623e-120
4.90144e-121
1.47732e-121
4.44396e-122
1.33418e-122
3.99765e-123
1.19549e-123
3.56813e-124
1.06289e-124
3.16001e-125
9.3766e-126
2.7769e-126
8.20795e-127
2.42142e-127
7.12962e-128
2.09521e-128
6.14542e-129
1.79905e-129
5.25658e-130
1.53296e-130
4.46202e-131
1.29629e-131
3.7588e-132
1.08785e-132
3.14244e-133
9.0603e-134
2.60734e-134
7.48916e-135
2.14709e-135
6.14401e-136
1.75485e-136
5.00278e-137
1.42355e-137
4.04318e-138
1.14621e-138
3.24337e-139
9.16068e-140
2.58287e-140
7.27958e-141
2.08589e-141
7.32399e-142
)
;

boundaryField
{
    sides
    {
        type            zeroGradient;
    }
    empty
    {
        type            empty;
    }
}


// ************************************************************************* //
