/*--------------------------------*- C++ -*----------------------------------*\
  =========                 |
  \\      /  F ield         | OpenFOAM: The Open Source CFD Toolbox
   \\    /   O peration     | Website:  https://openfoam.org
    \\  /    A nd           | Version:  13
     \\/     M anipulation  |
\*---------------------------------------------------------------------------*/
FoamFile
{
    format      ascii;
    class       volScalarField;
    location    "1.145";
    object      T;
}
// * * * * * * * * * * * * * * * * * * * * * * * * * * * * * * * * * * * * * //

dimensions      [0 0 0 1 0 0 0];

internalField   nonuniform List<scalar> 
1000
(
4.41555e-160
1.4711e-159
5.91832e-159
2.40701e-158
9.77824e-158
3.9649e-157
1.60462e-156
6.48153e-156
2.61304e-155
1.05142e-154
4.2225e-154
1.69247e-153
6.77063e-153
2.7033e-152
1.07724e-151
4.28434e-151
1.70062e-150
6.7372e-150
2.66379e-149
1.05116e-148
4.13979e-148
1.62717e-147
6.38307e-147
2.49899e-146
9.76427e-146
3.80759e-145
1.48182e-144
5.7554e-144
2.23093e-143
8.63031e-143
3.33193e-142
1.28378e-141
4.93642e-141
1.89433e-140
7.25473e-140
2.77272e-139
1.05757e-138
4.02559e-138
1.5292e-137
5.79712e-137
2.19317e-136
8.28018e-136
3.11973e-135
1.173e-134
4.40136e-134
1.64807e-133
6.15838e-133
2.29645e-132
8.54562e-132
3.17341e-131
1.17599e-130
4.34882e-130
1.60483e-129
5.90987e-129
2.17176e-128
7.96398e-128
2.91429e-127
1.06418e-126
3.87773e-126
1.40999e-125
5.11603e-125
1.85235e-124
6.69244e-124
2.41277e-123
8.67993e-123
3.1159e-122
1.11613e-121
3.9894e-121
1.42286e-120
5.0638e-120
1.79824e-119
6.37197e-119
2.25296e-118
7.94847e-118
2.7981e-117
9.82858e-117
3.4448e-116
1.2047e-115
4.20377e-115
1.46365e-114
5.08479e-114
1.76256e-113
6.09608e-113
2.10372e-112
7.24362e-112
2.48858e-111
8.53045e-111
2.91754e-110
9.95599e-110
3.38978e-109
1.15153e-108
3.90299e-108
1.31987e-107
4.45326e-107
1.49911e-106
5.03499e-106
1.6872e-105
5.6408e-105
1.88155e-104
6.26166e-104
2.07903e-103
6.88696e-103
2.27608e-102
7.50478e-102
2.46876e-101
8.10223e-101
2.65287e-100
8.66582e-100
2.82413e-99
9.18199e-99
2.97828e-98
9.63759e-98
3.11131e-97
1.00204e-96
3.21958e-96
1.03199e-95
3.30002e-95
1.05273e-94
3.35024e-94
1.06364e-93
3.36871e-93
1.06435e-92
3.35473e-92
1.05482e-91
3.30859e-91
1.03526e-90
3.23147e-90
1.00621e-89
3.12544e-89
9.6843e-89
2.99335e-88
9.22946e-88
2.83872e-87
8.70949e-87
2.66554e-86
8.13764e-86
2.47816e-85
7.52793e-85
2.28105e-84
6.89454e-84
2.07866e-83
6.25127e-83
1.87524e-82
5.61107e-82
1.67469e-81
4.98561e-81
1.48046e-80
4.38498e-80
1.29547e-79
3.81745e-79
1.12203e-78
3.2894e-78
9.61854e-78
2.80529e-77
8.1606e-77
2.36776e-76
6.85209e-76
1.97777e-75
5.69368e-75
1.63483e-74
4.68178e-74
1.33723e-73
3.80941e-73
1.08233e-72
3.06699e-72
8.66784e-72
2.44317e-71
6.86814e-71
1.92559e-70
5.38425e-70
1.50148e-69
4.17587e-69
1.15825e-68
3.20394e-68
8.83875e-68
2.43174e-67
6.6721e-67
1.82568e-66
4.98194e-66
1.35576e-65
3.67939e-65
9.95805e-65
2.68766e-64
7.23394e-64
1.94166e-63
5.19715e-63
1.38723e-62
3.69251e-62
9.80125e-62
2.59433e-61
6.84776e-61
1.8024e-60
4.73073e-60
1.23816e-59
3.23146e-59
8.40981e-59
2.18242e-58
5.64744e-58
1.45722e-57
3.74932e-57
9.61908e-57
2.46074e-56
6.2769e-56
1.5965e-55
4.04889e-55
1.02386e-54
2.58157e-54
6.49021e-54
1.62691e-53
4.06629e-53
1.01334e-52
2.51789e-52
6.23787e-52
1.54082e-51
3.79473e-51
9.31796e-51
2.28122e-50
5.56826e-50
1.3551e-49
3.28795e-49
7.95376e-49
1.91828e-48
4.61258e-48
1.10576e-47
2.64279e-47
6.29717e-47
1.49591e-46
3.54276e-46
8.36469e-46
1.96891e-45
4.6203e-45
1.08088e-44
2.52082e-44
5.86092e-44
1.35845e-43
3.13886e-43
7.23018e-43
1.66024e-42
3.80045e-42
8.67236e-42
1.97277e-41
4.4735e-41
1.01123e-40
2.27864e-40
5.11833e-40
1.14604e-39
2.55794e-39
5.69107e-39
1.26215e-38
2.79019e-38
6.1484e-38
1.3505e-37
2.95681e-37
6.45281e-37
1.40368e-36
3.04352e-36
6.57765e-36
1.41693e-35
3.04234e-35
6.51093e-35
1.38884e-34
2.95279e-34
6.25722e-34
1.32158e-33
2.78208e-33
5.83717e-33
1.22065e-32
2.54408e-32
5.28469e-32
1.09409e-31
2.25753e-31
4.64248e-31
9.51489e-31
1.94353e-30
3.95647e-30
8.02696e-30
1.623e-29
3.27045e-29
6.56769e-29
1.31442e-28
2.62158e-28
5.21078e-28
1.03216e-27
2.03748e-27
4.00809e-27
7.85736e-27
1.535e-26
2.98834e-26
5.79745e-26
1.1208e-25
2.15922e-25
4.14518e-25
7.92982e-25
1.51166e-24
2.87151e-24
5.43541e-24
1.02522e-23
1.92688e-23
3.6087e-23
6.73438e-23
1.25226e-22
2.32025e-22
4.28369e-22
7.88026e-22
1.44444e-21
2.6381e-21
4.80081e-21
8.7049e-21
1.57267e-20
2.83095e-20
5.07744e-20
9.07345e-20
1.61552e-19
2.8659e-19
5.06542e-19
8.92018e-19
1.56506e-18
2.73581e-18
4.7647e-18
8.26753e-18
1.42924e-17
2.46161e-17
4.22392e-17
7.22092e-17
1.22983e-16
2.08676e-16
3.52754e-16
5.94071e-16
9.96714e-16
1.66596e-15
2.77409e-15
4.60186e-15
7.60501e-15
1.25204e-14
2.05346e-14
3.35506e-14
5.46082e-14
8.85436e-14
1.43019e-13
2.30127e-13
3.68871e-13
5.88997e-13
9.36869e-13
1.48447e-12
2.34308e-12
3.68403e-12
5.77002e-12
9.0022e-12
1.39905e-11
2.16586e-11
3.33992e-11
5.13037e-11
7.84993e-11
1.19643e-10
1.81638e-10
2.74679e-10
4.13752e-10
6.20796e-10
9.27791e-10
1.38115e-09
2.04796e-09
3.02473e-09
4.44977e-09
6.52035e-09
9.51668e-09
1.3835e-08
2.00332e-08
2.88933e-08
4.15068e-08
5.93901e-08
8.46409e-08
1.20148e-07
1.69872e-07
2.39218e-07
3.35532e-07
4.68746e-07
6.52238e-07
9.03936e-07
1.24776e-06
1.71548e-06
2.3491e-06
3.20388e-06
4.35221e-06
5.88847e-06
7.93511e-06
1.06503e-05
1.42373e-05
1.89561e-05
2.51379e-05
3.32021e-05
4.36777e-05
5.72283e-05
7.46826e-05
9.70702e-05
0.000125664
0.00016203
0.000208085
0.000266162
0.000339088
0.000430272
0.000543799
0.00068454
0.000858278
0.00107183
0.0013332
0.00165173
0.00203826
0.00250528
0.00306716
0.00374025
0.0045431
0.00549662
0.00662419
0.00795187
0.00950842
0.0113254
0.0134374
0.0158814
0.0186977
0.0219288
0.0256198
0.029818
0.0345723
0.039933
0.0459514
0.0526788
0.060166
0.0684628
0.0776167
0.0876724
0.0986706
0.110648
0.123633
0.137652
0.152719
0.168843
0.186023
0.204248
0.223497
0.24374
0.264934
0.287027
0.309958
0.333654
0.358034
0.383008
0.408479
0.434342
0.46049
0.486811
0.513189
0.53951
0.565658
0.591521
0.616992
0.641966
0.666346
0.690042
0.712973
0.735066
0.75626
0.776503
0.795752
0.813977
0.831157
0.847281
0.862348
0.876367
0.889352
0.901329
0.912328
0.922383
0.931537
0.939834
0.947321
0.954048
0.960066
0.965427
0.970181
0.974378
0.978069
0.981299
0.984114
0.986557
0.988667
0.990481
0.992034
0.993357
0.994478
0.995424
0.996216
0.996876
0.99742
0.997865
0.998223
0.998505
0.99872
0.998876
0.998976
0.999026
0.999026
0.998976
0.998876
0.99872
0.998505
0.998223
0.997865
0.99742
0.996876
0.996216
0.995424
0.994478
0.993357
0.992034
0.990481
0.988667
0.986557
0.984114
0.981299
0.978069
0.974378
0.970181
0.965427
0.960066
0.954048
0.947321
0.939834
0.931537
0.922383
0.912328
0.901329
0.889352
0.876367
0.862348
0.847281
0.831157
0.813977
0.795752
0.776503
0.75626
0.735066
0.712973
0.690042
0.666346
0.641966
0.616992
0.591521
0.565658
0.53951
0.513189
0.486811
0.46049
0.434342
0.408479
0.383008
0.358034
0.333654
0.309958
0.287027
0.264934
0.24374
0.223497
0.204248
0.186023
0.168843
0.152719
0.137652
0.123633
0.110648
0.0986706
0.0876724
0.0776167
0.0684628
0.060166
0.0526788
0.0459514
0.039933
0.0345723
0.029818
0.0256198
0.0219288
0.0186977
0.0158814
0.0134374
0.0113254
0.00950842
0.00795187
0.00662419
0.00549662
0.0045431
0.00374025
0.00306716
0.00250528
0.00203826
0.00165173
0.0013332
0.00107183
0.000858278
0.00068454
0.000543799
0.000430272
0.000339088
0.000266162
0.000208085
0.00016203
0.000125664
9.70702e-05
7.46826e-05
5.72283e-05
4.36777e-05
3.32021e-05
2.51379e-05
1.89561e-05
1.42373e-05
1.06503e-05
7.93511e-06
5.88847e-06
4.35221e-06
3.20388e-06
2.3491e-06
1.71548e-06
1.24776e-06
9.03936e-07
6.52238e-07
4.68746e-07
3.35532e-07
2.39218e-07
1.69872e-07
1.20148e-07
8.46409e-08
5.93901e-08
4.15068e-08
2.88933e-08
2.00332e-08
1.3835e-08
9.51668e-09
6.52035e-09
4.44977e-09
3.02473e-09
2.04796e-09
1.38115e-09
9.27791e-10
6.20796e-10
4.13752e-10
2.74679e-10
1.81638e-10
1.19643e-10
7.84993e-11
5.13037e-11
3.33992e-11
2.16586e-11
1.39905e-11
9.0022e-12
5.77002e-12
3.68403e-12
2.34308e-12
1.48447e-12
9.36869e-13
5.88997e-13
3.68871e-13
2.30127e-13
1.43019e-13
8.85436e-14
5.46082e-14
3.35506e-14
2.05346e-14
1.25204e-14
7.60501e-15
4.60186e-15
2.77409e-15
1.66596e-15
9.96714e-16
5.94071e-16
3.52754e-16
2.08676e-16
1.22983e-16
7.22092e-17
4.22392e-17
2.46161e-17
1.42924e-17
8.26753e-18
4.7647e-18
2.73581e-18
1.56506e-18
8.92018e-19
5.06542e-19
2.8659e-19
1.61552e-19
9.07345e-20
5.07744e-20
2.83095e-20
1.57267e-20
8.7049e-21
4.80081e-21
2.6381e-21
1.44444e-21
7.88026e-22
4.28369e-22
2.32025e-22
1.25226e-22
6.73438e-23
3.6087e-23
1.92688e-23
1.02522e-23
5.43541e-24
2.87151e-24
1.51166e-24
7.92982e-25
4.14518e-25
2.15922e-25
1.1208e-25
5.79745e-26
2.98834e-26
1.535e-26
7.85736e-27
4.00809e-27
2.03748e-27
1.03216e-27
5.21078e-28
2.62158e-28
1.31442e-28
6.56769e-29
3.27045e-29
1.623e-29
8.02696e-30
3.95647e-30
1.94353e-30
9.51489e-31
4.64248e-31
2.25753e-31
1.09409e-31
5.28469e-32
2.54408e-32
1.22065e-32
5.83717e-33
2.78208e-33
1.32158e-33
6.25722e-34
2.95279e-34
1.38884e-34
6.51093e-35
3.04234e-35
1.41693e-35
6.57765e-36
3.04352e-36
1.40368e-36
6.45281e-37
2.95681e-37
1.3505e-37
6.1484e-38
2.79019e-38
1.26215e-38
5.69107e-39
2.55794e-39
1.14604e-39
5.11833e-40
2.27864e-40
1.01123e-40
4.4735e-41
1.97277e-41
8.67236e-42
3.80045e-42
1.66024e-42
7.23018e-43
3.13886e-43
1.35845e-43
5.86092e-44
2.52082e-44
1.08088e-44
4.6203e-45
1.96891e-45
8.36469e-46
3.54276e-46
1.49591e-46
6.29717e-47
2.64279e-47
1.10576e-47
4.61258e-48
1.91828e-48
7.95376e-49
3.28795e-49
1.3551e-49
5.56826e-50
2.28122e-50
9.31796e-51
3.79473e-51
1.54082e-51
6.23787e-52
2.51789e-52
1.01334e-52
4.06629e-53
1.62691e-53
6.49021e-54
2.58157e-54
1.02386e-54
4.04889e-55
1.5965e-55
6.2769e-56
2.46074e-56
9.61908e-57
3.74932e-57
1.45722e-57
5.64744e-58
2.18242e-58
8.40981e-59
3.23146e-59
1.23816e-59
4.73073e-60
1.8024e-60
6.84776e-61
2.59433e-61
9.80125e-62
3.69251e-62
1.38723e-62
5.19715e-63
1.94166e-63
7.23394e-64
2.68766e-64
9.95805e-65
3.67939e-65
1.35576e-65
4.98194e-66
1.82568e-66
6.6721e-67
2.43174e-67
8.83875e-68
3.20394e-68
1.15825e-68
4.17587e-69
1.50148e-69
5.38425e-70
1.92559e-70
6.86814e-71
2.44317e-71
8.66784e-72
3.06699e-72
1.08233e-72
3.80941e-73
1.33723e-73
4.68178e-74
1.63483e-74
5.69368e-75
1.97777e-75
6.85209e-76
2.36776e-76
8.1606e-77
2.80529e-77
9.61854e-78
3.2894e-78
1.12203e-78
3.81745e-79
1.29547e-79
4.38498e-80
1.48046e-80
4.98561e-81
1.67469e-81
5.61107e-82
1.87524e-82
6.25127e-83
2.07866e-83
6.89454e-84
2.28105e-84
7.52793e-85
2.47816e-85
8.13764e-86
2.66554e-86
8.70949e-87
2.83872e-87
9.22946e-88
2.99335e-88
9.6843e-89
3.12544e-89
1.00621e-89
3.23147e-90
1.03526e-90
3.30859e-91
1.05482e-91
3.35473e-92
1.06435e-92
3.36871e-93
1.06364e-93
3.35024e-94
1.05273e-94
3.30002e-95
1.03199e-95
3.21958e-96
1.00204e-96
3.11131e-97
9.63759e-98
2.97828e-98
9.18199e-99
2.82413e-99
8.66582e-100
2.65287e-100
8.10223e-101
2.46876e-101
7.50478e-102
2.27608e-102
6.88696e-103
2.07903e-103
6.26166e-104
1.88155e-104
5.6408e-105
1.6872e-105
5.03499e-106
1.49911e-106
4.45326e-107
1.31987e-107
3.90299e-108
1.15153e-108
3.38978e-109
9.95599e-110
2.91754e-110
8.53045e-111
2.48858e-111
7.24362e-112
2.10372e-112
6.09608e-113
1.76256e-113
5.08479e-114
1.46365e-114
4.20377e-115
1.2047e-115
3.4448e-116
9.82858e-117
2.7981e-117
7.94847e-118
2.25296e-118
6.37197e-119
1.79824e-119
5.0638e-120
1.42286e-120
3.9894e-121
1.11613e-121
3.1159e-122
8.67993e-123
2.41277e-123
6.69244e-124
1.85235e-124
5.11603e-125
1.40999e-125
3.87773e-126
1.06418e-126
2.91429e-127
7.96398e-128
2.17176e-128
5.90987e-129
1.60483e-129
4.34882e-130
1.17599e-130
3.17341e-131
8.54562e-132
2.29645e-132
6.15838e-133
1.64807e-133
4.40136e-134
1.173e-134
3.11973e-135
8.28018e-136
2.19317e-136
5.79712e-137
1.5292e-137
4.02559e-138
1.05757e-138
2.77272e-139
7.25473e-140
1.89433e-140
4.93642e-141
1.28378e-141
3.33193e-142
8.63031e-143
2.23093e-143
5.7554e-144
1.48182e-144
3.80759e-145
9.76427e-146
2.49899e-146
6.38307e-147
1.62717e-147
4.13979e-148
1.05116e-148
2.66379e-149
6.7372e-150
1.70062e-150
4.28434e-151
1.07724e-151
2.7033e-152
6.77063e-153
1.69247e-153
4.2225e-154
1.05142e-154
2.61304e-155
6.48153e-156
1.60462e-156
3.9649e-157
9.77824e-158
2.40701e-158
5.91832e-159
1.4711e-159
4.41555e-160
)
;

boundaryField
{
    sides
    {
        type            zeroGradient;
    }
    empty
    {
        type            empty;
    }
}


// ************************************************************************* //
