/*--------------------------------*- C++ -*----------------------------------*\
  =========                 |
  \\      /  F ield         | OpenFOAM: The Open Source CFD Toolbox
   \\    /   O peration     | Website:  https://openfoam.org
    \\  /    A nd           | Version:  13
     \\/     M anipulation  |
\*---------------------------------------------------------------------------*/
FoamFile
{
    format      ascii;
    class       volScalarField;
    location    "2.635";
    object      T;
}
// * * * * * * * * * * * * * * * * * * * * * * * * * * * * * * * * * * * * * //

dimensions      [0 0 0 1 0 0 0];

internalField   nonuniform List<scalar> 
1000
(
4.168e-81
6.7723e-81
1.35911e-80
2.88295e-80
6.18534e-80
1.32884e-79
2.85246e-79
6.11508e-79
1.30911e-78
2.79855e-78
5.97404e-78
1.27345e-77
2.71065e-77
5.76158e-77
1.22289e-76
2.59183e-76
5.48533e-76
1.15924e-75
2.44635e-75
5.15508e-75
1.08474e-74
2.27924e-74
4.78216e-74
1.00191e-73
2.09607e-73
4.37876e-73
9.1341e-73
1.90261e-72
3.95731e-72
8.219e-72
1.70453e-71
3.52985e-71
7.29917e-71
1.50715e-70
3.10743e-70
6.39752e-70
1.31518e-69
2.69973e-69
5.53373e-69
1.1326e-68
2.31471e-68
4.72363e-68
9.62532e-68
1.95845e-67
3.97896e-67
8.07204e-67
1.63514e-66
3.30736e-66
6.67981e-66
1.34711e-65
2.71266e-65
5.45434e-65
1.09507e-64
2.1953e-64
4.3944e-64
8.78327e-64
1.75293e-63
3.49319e-63
6.95071e-63
1.38097e-62
2.73962e-62
5.4268e-62
1.07336e-61
2.11978e-61
4.18007e-61
8.23042e-61
1.6181e-60
3.17638e-60
6.22592e-60
1.21848e-59
2.38108e-59
4.64592e-59
9.05131e-59
1.76072e-58
3.41988e-58
6.63239e-58
1.2843e-57
2.48315e-57
4.79377e-57
9.24033e-57
1.77842e-56
3.41756e-56
6.55743e-56
1.25628e-55
2.40309e-55
4.58975e-55
8.75268e-55
1.66657e-54
3.16839e-54
6.01429e-54
1.13988e-53
2.15708e-53
4.07568e-53
7.68888e-53
1.44828e-52
2.72377e-52
5.11464e-52
9.58926e-52
1.79507e-51
3.35506e-51
6.26101e-51
1.16657e-50
2.17022e-50
4.03103e-50
7.47567e-50
1.38422e-49
2.55907e-49
4.72365e-49
8.70549e-49
1.60187e-48
2.94292e-48
5.39819e-48
9.88632e-48
1.80775e-47
3.30032e-47
6.01573e-47
1.0948e-46
1.98929e-46
3.60888e-46
6.53672e-46
1.18211e-45
2.13437e-45
3.84761e-45
6.92506e-45
1.24441e-44
2.23262e-44
3.99921e-44
7.15223e-44
1.27707e-43
2.27665e-43
4.05213e-43
7.20072e-43
1.27754e-42
2.26295e-42
4.00202e-42
7.06623e-42
1.24566e-41
2.19236e-41
3.85235e-41
6.75834e-41
1.18374e-40
2.07e-40
3.61396e-40
6.29934e-40
1.09624e-39
1.90463e-39
3.30381e-39
5.72156e-39
9.89257e-39
1.70765e-38
2.94295e-38
5.06362e-38
8.69825e-38
1.49175e-37
2.55418e-37
4.36614e-37
7.45136e-37
1.26959e-36
2.15964e-36
3.66765e-36
6.21846e-36
1.05261e-35
1.77884e-35
3.00119e-35
5.05519e-35
8.50093e-35
1.42719e-34
2.3921e-34
4.00279e-34
6.68696e-34
1.11526e-33
1.85699e-33
3.08689e-33
5.1229e-33
8.48771e-33
1.40393e-32
2.31835e-32
3.82202e-32
6.29049e-32
1.0336e-31
1.69551e-31
2.77666e-31
4.53965e-31
7.40965e-31
1.20739e-30
1.96414e-30
3.18985e-30
5.17181e-30
8.37119e-30
1.35271e-29
2.18219e-29
3.51442e-29
5.65046e-29
9.06953e-29
1.4533e-28
2.32485e-28
3.71282e-28
5.91943e-28
9.42158e-28
1.49704e-27
2.37472e-27
3.76058e-27
5.94516e-27
9.3829e-27
1.47834e-26
2.32529e-26
3.65125e-26
5.72361e-26
8.95695e-26
1.39931e-25
2.18236e-25
3.39782e-25
5.28122e-25
8.19461e-25
1.26935e-24
1.96288e-24
3.03015e-24
4.66974e-24
7.1842e-24
1.10337e-23
1.69168e-23
2.58925e-23
3.95625e-23
6.0346e-23
9.18898e-23
1.39682e-22
2.11966e-22
3.21104e-22
4.85598e-22
7.33095e-22
1.10483e-21
1.66219e-21
2.49642e-21
3.74287e-21
5.60197e-21
8.37002e-21
1.24842e-20
1.85885e-20
2.76295e-20
4.09969e-20
6.07262e-20
8.97939e-20
1.32545e-19
1.95311e-19
2.87299e-19
4.21878e-19
6.18421e-19
9.0495e-19
1.32193e-18
1.92769e-18
2.80612e-18
4.07772e-18
5.91523e-18
8.56578e-18
1.23823e-17
1.78681e-17
2.57393e-17
3.70128e-17
5.3131e-17
7.61347e-17
1.08907e-16
1.55513e-16
2.21675e-16
3.1543e-16
4.4805e-16
6.35312e-16
8.99256e-16
1.27062e-15
1.79219e-15
2.5234e-15
3.5467e-15
4.97619e-15
6.96953e-15
9.74415e-15
1.35993e-14
1.89463e-14
2.6349e-14
3.65794e-14
5.06921e-14
7.01255e-14
9.68375e-14
1.33488e-13
1.83684e-13
2.52308e-13
3.45956e-13
4.73523e-13
6.4698e-13
8.82409e-13
1.20137e-12
1.63273e-12
2.21503e-12
2.99967e-12
4.05504e-12
5.47198e-12
7.37091e-12
9.91118e-12
1.33032e-11
1.78244e-11
2.38396e-11
3.18279e-11
4.24175e-11
5.64296e-11
7.49368e-11
9.93364e-11
1.31446e-10
1.73624e-10
2.28928e-10
3.01309e-10
3.95867e-10
5.19172e-10
6.79668e-10
8.88192e-10
1.15862e-09
1.50868e-09
1.961e-09
2.54438e-09
3.29542e-09
4.2605e-09
5.49838e-09
7.08323e-09
9.10859e-09
1.16921e-08
1.49816e-08
1.91622e-08
2.44656e-08
3.11809e-08
3.96684e-08
5.03758e-08
6.3859e-08
8.08062e-08
1.02068e-07
1.28694e-07
1.61974e-07
2.03497e-07
2.55207e-07
3.19485e-07
3.99236e-07
4.98002e-07
6.20092e-07
7.70732e-07
9.56255e-07
1.18431e-06
1.46414e-06
1.80685e-06
2.2258e-06
2.73698e-06
3.35955e-06
4.11638e-06
5.03469e-06
6.14688e-06
7.49136e-06
9.11364e-06
1.10675e-05
1.34162e-05
1.62344e-05
1.96096e-05
2.36443e-05
2.84584e-05
3.41918e-05
4.10073e-05
4.90938e-05
5.86707e-05
6.99912e-05
8.33478e-05
9.90774e-05
0.000117567
0.000139259
0.000164663
0.000194355
0.000228997
0.000269337
0.000316224
0.000370619
0.000433606
0.000506403
0.000590383
0.000687081
0.000798213
0.000925694
0.00107166
0.00123846
0.00142873
0.00164535
0.00189152
0.00217073
0.00248682
0.002844
0.00324684
0.00370032
0.00420985
0.00478128
0.00542091
0.00613555
0.00693248
0.0078195
0.00880493
0.00989763
0.011107
0.0124429
0.0139159
0.0155369
0.0173175
0.0192696
0.0214057
0.0237389
0.0262823
0.0290498
0.0320554
0.0353133
0.0388382
0.0426446
0.0467473
0.0511609
0.0559001
0.0609792
0.0664123
0.0722131
0.0783947
0.0849697
0.0919498
0.099346
0.107168
0.115425
0.124125
0.133273
0.142876
0.152935
0.163454
0.174432
0.185867
0.197756
0.210094
0.222873
0.236083
0.249714
0.263753
0.278183
0.292988
0.308149
0.323644
0.339452
0.355547
0.371904
0.388496
0.405294
0.422268
0.439388
0.456622
0.473938
0.491303
0.508684
0.526048
0.543363
0.560595
0.577713
0.594684
0.611478
0.628066
0.644418
0.660506
0.676306
0.691792
0.706942
0.721733
0.736148
0.750168
0.763777
0.776963
0.789712
0.802015
0.813864
0.825252
0.836175
0.846631
0.856618
0.866136
0.875188
0.883776
0.891906
0.899582
0.906812
0.913602
0.91996
0.925895
0.931417
0.936534
0.941256
0.945592
0.949552
0.953146
0.956381
0.959266
0.961809
0.964018
0.965898
0.967456
0.968697
0.969623
0.97024
0.970547
0.970547
0.97024
0.969623
0.968697
0.967456
0.965898
0.964018
0.961809
0.959266
0.956381
0.953146
0.949552
0.945592
0.941256
0.936534
0.931417
0.925895
0.91996
0.913602
0.906812
0.899582
0.891906
0.883776
0.875188
0.866136
0.856618
0.846631
0.836175
0.825252
0.813864
0.802015
0.789712
0.776963
0.763777
0.750168
0.736148
0.721733
0.706942
0.691792
0.676306
0.660506
0.644418
0.628066
0.611478
0.594684
0.577713
0.560595
0.543363
0.526048
0.508684
0.491303
0.473938
0.456622
0.439388
0.422268
0.405294
0.388496
0.371904
0.355547
0.339452
0.323644
0.308149
0.292988
0.278183
0.263753
0.249714
0.236083
0.222873
0.210094
0.197756
0.185867
0.174432
0.163454
0.152935
0.142876
0.133273
0.124125
0.115425
0.107168
0.099346
0.0919498
0.0849697
0.0783947
0.0722131
0.0664123
0.0609792
0.0559001
0.0511609
0.0467473
0.0426446
0.0388382
0.0353133
0.0320554
0.0290498
0.0262823
0.0237389
0.0214057
0.0192696
0.0173175
0.0155369
0.0139159
0.0124429
0.011107
0.00989763
0.00880493
0.0078195
0.00693248
0.00613555
0.00542091
0.00478128
0.00420985
0.00370032
0.00324684
0.002844
0.00248682
0.00217073
0.00189152
0.00164535
0.00142873
0.00123846
0.00107166
0.000925694
0.000798213
0.000687081
0.000590383
0.000506403
0.000433606
0.000370619
0.000316224
0.000269337
0.000228997
0.000194355
0.000164663
0.000139259
0.000117567
9.90774e-05
8.33478e-05
6.99912e-05
5.86707e-05
4.90938e-05
4.10073e-05
3.41918e-05
2.84584e-05
2.36443e-05
1.96096e-05
1.62344e-05
1.34162e-05
1.10675e-05
9.11364e-06
7.49136e-06
6.14688e-06
5.03469e-06
4.11638e-06
3.35955e-06
2.73698e-06
2.2258e-06
1.80685e-06
1.46414e-06
1.18431e-06
9.56255e-07
7.70732e-07
6.20092e-07
4.98002e-07
3.99236e-07
3.19485e-07
2.55207e-07
2.03497e-07
1.61974e-07
1.28694e-07
1.02068e-07
8.08062e-08
6.3859e-08
5.03758e-08
3.96684e-08
3.11809e-08
2.44656e-08
1.91622e-08
1.49816e-08
1.16921e-08
9.10859e-09
7.08323e-09
5.49838e-09
4.2605e-09
3.29542e-09
2.54438e-09
1.961e-09
1.50868e-09
1.15862e-09
8.88192e-10
6.79668e-10
5.19172e-10
3.95867e-10
3.01309e-10
2.28928e-10
1.73624e-10
1.31446e-10
9.93364e-11
7.49368e-11
5.64296e-11
4.24175e-11
3.18279e-11
2.38396e-11
1.78244e-11
1.33032e-11
9.91118e-12
7.37091e-12
5.47198e-12
4.05504e-12
2.99967e-12
2.21503e-12
1.63273e-12
1.20137e-12
8.82409e-13
6.4698e-13
4.73523e-13
3.45956e-13
2.52308e-13
1.83684e-13
1.33488e-13
9.68375e-14
7.01255e-14
5.06921e-14
3.65794e-14
2.6349e-14
1.89463e-14
1.35993e-14
9.74415e-15
6.96953e-15
4.97619e-15
3.5467e-15
2.5234e-15
1.79219e-15
1.27062e-15
8.99256e-16
6.35312e-16
4.4805e-16
3.1543e-16
2.21675e-16
1.55513e-16
1.08907e-16
7.61347e-17
5.3131e-17
3.70128e-17
2.57393e-17
1.78681e-17
1.23823e-17
8.56578e-18
5.91523e-18
4.07772e-18
2.80612e-18
1.92769e-18
1.32193e-18
9.0495e-19
6.18421e-19
4.21878e-19
2.87299e-19
1.95311e-19
1.32545e-19
8.97939e-20
6.07262e-20
4.09969e-20
2.76295e-20
1.85885e-20
1.24842e-20
8.37002e-21
5.60197e-21
3.74287e-21
2.49642e-21
1.66219e-21
1.10483e-21
7.33095e-22
4.85598e-22
3.21104e-22
2.11966e-22
1.39682e-22
9.18898e-23
6.0346e-23
3.95625e-23
2.58925e-23
1.69168e-23
1.10337e-23
7.1842e-24
4.66974e-24
3.03015e-24
1.96288e-24
1.26935e-24
8.19461e-25
5.28122e-25
3.39782e-25
2.18236e-25
1.39931e-25
8.95695e-26
5.72361e-26
3.65125e-26
2.32529e-26
1.47834e-26
9.3829e-27
5.94516e-27
3.76058e-27
2.37472e-27
1.49704e-27
9.42158e-28
5.91943e-28
3.71282e-28
2.32485e-28
1.4533e-28
9.06953e-29
5.65046e-29
3.51442e-29
2.18219e-29
1.35271e-29
8.37119e-30
5.17181e-30
3.18985e-30
1.96414e-30
1.20739e-30
7.40965e-31
4.53965e-31
2.77666e-31
1.69551e-31
1.0336e-31
6.29049e-32
3.82202e-32
2.31835e-32
1.40393e-32
8.48771e-33
5.1229e-33
3.08689e-33
1.85699e-33
1.11526e-33
6.68696e-34
4.00279e-34
2.3921e-34
1.42719e-34
8.50093e-35
5.05519e-35
3.00119e-35
1.77884e-35
1.05261e-35
6.21846e-36
3.66765e-36
2.15964e-36
1.26959e-36
7.45136e-37
4.36614e-37
2.55418e-37
1.49175e-37
8.69825e-38
5.06362e-38
2.94295e-38
1.70765e-38
9.89257e-39
5.72156e-39
3.30381e-39
1.90463e-39
1.09624e-39
6.29934e-40
3.61396e-40
2.07e-40
1.18374e-40
6.75834e-41
3.85235e-41
2.19236e-41
1.24566e-41
7.06623e-42
4.00202e-42
2.26295e-42
1.27754e-42
7.20072e-43
4.05213e-43
2.27665e-43
1.27707e-43
7.15223e-44
3.99921e-44
2.23262e-44
1.24441e-44
6.92506e-45
3.84761e-45
2.13437e-45
1.18211e-45
6.53672e-46
3.60888e-46
1.98929e-46
1.0948e-46
6.01573e-47
3.30032e-47
1.80775e-47
9.88632e-48
5.39819e-48
2.94292e-48
1.60187e-48
8.70549e-49
4.72365e-49
2.55907e-49
1.38422e-49
7.47567e-50
4.03103e-50
2.17022e-50
1.16657e-50
6.26101e-51
3.35506e-51
1.79507e-51
9.58926e-52
5.11464e-52
2.72377e-52
1.44828e-52
7.68888e-53
4.07568e-53
2.15708e-53
1.13988e-53
6.01429e-54
3.16839e-54
1.66657e-54
8.75268e-55
4.58975e-55
2.40309e-55
1.25628e-55
6.55743e-56
3.41756e-56
1.77842e-56
9.24033e-57
4.79377e-57
2.48315e-57
1.2843e-57
6.63239e-58
3.41988e-58
1.76072e-58
9.05131e-59
4.64592e-59
2.38108e-59
1.21848e-59
6.22592e-60
3.17638e-60
1.6181e-60
8.23042e-61
4.18007e-61
2.11978e-61
1.07336e-61
5.4268e-62
2.73962e-62
1.38097e-62
6.95071e-63
3.49319e-63
1.75293e-63
8.78327e-64
4.3944e-64
2.1953e-64
1.09507e-64
5.45434e-65
2.71266e-65
1.34711e-65
6.67981e-66
3.30736e-66
1.63514e-66
8.07204e-67
3.97896e-67
1.95845e-67
9.62532e-68
4.72363e-68
2.31471e-68
1.1326e-68
5.53373e-69
2.69973e-69
1.31518e-69
6.39752e-70
3.10743e-70
1.50715e-70
7.29917e-71
3.52985e-71
1.70453e-71
8.219e-72
3.95731e-72
1.90261e-72
9.1341e-73
4.37876e-73
2.09607e-73
1.00191e-73
4.78216e-74
2.27924e-74
1.08474e-74
5.15508e-75
2.44635e-75
1.15924e-75
5.48533e-76
2.59183e-76
1.22289e-76
5.76158e-77
2.71065e-77
1.27345e-77
5.97404e-78
2.79855e-78
1.30911e-78
6.11508e-79
2.85246e-79
1.32884e-79
6.18534e-80
2.88295e-80
1.35911e-80
6.7723e-81
4.168e-81
)
;

boundaryField
{
    sides
    {
        type            zeroGradient;
    }
    empty
    {
        type            empty;
    }
}


// ************************************************************************* //
