/*--------------------------------*- C++ -*----------------------------------*\
  =========                 |
  \\      /  F ield         | OpenFOAM: The Open Source CFD Toolbox
   \\    /   O peration     | Website:  https://openfoam.org
    \\  /    A nd           | Version:  13
     \\/     M anipulation  |
\*---------------------------------------------------------------------------*/
FoamFile
{
    format      ascii;
    class       volScalarField;
    location    "0.745";
    object      T;
}
// * * * * * * * * * * * * * * * * * * * * * * * * * * * * * * * * * * * * * //

dimensions      [0 0 0 1 0 0 0];

internalField   nonuniform List<scalar> 
1000
(
8.41125e-215
4.31555e-214
2.55601e-213
1.51755e-212
8.99316e-212
5.3188e-211
3.13938e-210
1.84928e-209
1.08714e-208
6.37814e-208
3.73442e-207
2.18209e-206
1.27245e-205
7.40497e-205
4.30052e-204
2.49247e-203
1.44162e-202
8.32108e-202
4.79308e-201
2.75521e-200
1.58051e-199
9.04771e-199
5.16868e-198
2.94658e-197
1.67629e-196
9.51645e-196
5.39126e-195
3.04785e-194
1.71943e-193
9.67965e-193
5.43772e-192
3.04828e-191
1.70518e-190
9.51837e-190
5.30187e-189
2.94691e-188
1.63447e-187
9.04591e-187
4.99568e-186
2.75296e-185
1.5138e-184
8.30603e-184
4.54755e-183
2.48437e-182
1.35428e-181
7.36632e-181
3.99799e-180
2.1651e-179
1.16993e-178
6.30788e-178
3.39349e-177
1.82158e-176
9.75626e-176
5.21378e-175
2.78005e-174
1.47904e-173
7.85118e-173
4.15828e-172
2.19742e-171
1.1586e-170
6.09494e-170
3.19905e-169
1.67527e-168
8.75301e-168
4.56288e-167
2.37315e-166
1.23145e-165
6.37537e-165
3.29301e-164
1.69698e-163
8.7248e-163
4.47532e-162
2.29024e-161
1.1693e-160
5.95595e-160
3.02663e-159
1.53442e-158
7.76084e-158
3.91602e-157
1.9713e-156
9.89987e-156
4.95989e-155
2.47901e-154
1.23608e-153
6.14854e-153
3.05108e-152
1.51039e-151
7.45892e-151
3.6746e-150
1.80588e-149
8.85346e-149
4.32988e-148
2.1124e-147
1.02805e-146
4.99092e-146
2.41701e-145
1.16763e-144
5.62668e-144
2.70472e-143
1.29692e-142
6.20323e-142
2.95962e-141
1.40853e-140
6.68655e-140
3.16624e-139
1.49551e-138
7.04582e-138
3.31109e-137
1.55205e-136
7.25653e-136
3.38408e-135
1.57412e-134
7.30327e-134
3.37968e-133
1.55995e-132
7.18156e-132
3.2976e-131
1.51023e-130
6.89849e-130
3.14287e-129
1.42809e-128
6.47207e-128
2.92538e-127
1.31877e-126
5.92931e-126
2.65878e-125
1.18905e-124
5.3034e-124
2.35908e-123
1.04656e-122
4.63032e-122
2.04307e-121
8.99034e-121
3.94537e-120
1.72669e-119
7.53621e-119
3.2802e-118
1.42381e-117
6.16321e-117
2.66048e-116
1.14527e-115
4.91643e-115
2.10465e-114
8.98453e-114
3.82466e-113
1.62356e-112
6.8726e-112
2.90098e-111
1.22106e-110
5.12501e-110
2.14493e-109
8.95141e-109
3.72498e-108
1.54564e-107
6.39497e-107
2.63824e-106
1.08525e-105
4.45127e-105
1.82042e-104
7.42314e-104
3.01808e-103
1.22348e-102
4.94518e-102
1.99288e-101
8.00745e-101
3.20785e-100
1.28126e-99
5.10227e-99
2.02575e-98
8.01862e-98
3.16449e-97
1.24507e-96
4.88386e-96
1.90991e-95
7.4462e-95
2.89419e-94
1.12146e-93
4.33217e-93
1.66834e-92
6.40497e-92
2.45132e-91
9.35255e-91
3.55715e-90
1.34869e-89
5.09748e-89
1.92057e-88
7.21323e-88
2.70055e-87
1.00784e-86
3.74925e-86
1.3903e-85
5.13896e-85
1.89341e-84
6.9536e-84
2.54547e-83
9.28781e-83
3.37787e-82
1.22448e-81
4.42423e-81
1.59328e-80
5.71894e-80
2.04597e-79
7.29527e-79
2.5926e-78
9.1829e-78
3.24166e-77
1.1405e-76
3.99906e-76
1.3975e-75
4.8671e-75
1.68932e-74
5.84344e-74
2.01436e-73
6.92014e-73
2.36916e-72
8.083e-72
2.74817e-71
9.31115e-71
3.14374e-70
1.05772e-69
3.54622e-69
1.18476e-68
3.94422e-68
1.30843e-67
4.32508e-67
1.42458e-66
4.67547e-66
1.52898e-65
4.98213e-65
1.61755e-64
5.23266e-64
1.68658e-63
5.41636e-63
1.73307e-62
5.52495e-62
1.75485e-61
5.55321e-61
1.7508e-60
5.49937e-60
1.72094e-59
5.36527e-59
1.66642e-58
5.15631e-58
1.58946e-57
4.88102e-57
1.4932e-56
4.55054e-56
1.38148e-55
4.17785e-55
1.2586e-54
3.77691e-54
1.12901e-53
3.36177e-53
9.97097e-53
2.94579e-52
8.66874e-52
2.54094e-51
7.41838e-51
2.15723e-50
6.24814e-50
1.80246e-49
5.17886e-49
1.48201e-48
4.22389e-48
1.19897e-47
3.38952e-47
9.54313e-47
2.67585e-46
7.47217e-46
2.07796e-45
5.75479e-45
1.58714e-44
4.35904e-44
1.19219e-43
3.24698e-43
8.80606e-43
2.3782e-42
6.39544e-42
1.71255e-41
4.56627e-41
1.21232e-40
3.20484e-40
8.43567e-40
2.21081e-39
5.76894e-39
1.49881e-38
3.87701e-38
9.9848e-38
2.56017e-37
6.53548e-37
1.66096e-36
4.2025e-36
1.05856e-35
2.65447e-35
6.62652e-35
1.64677e-34
4.07393e-34
1.00328e-33
2.4595e-33
6.00186e-33
1.45791e-32
3.52512e-32
8.48416e-32
2.03249e-31
4.84649e-31
1.15026e-30
2.71726e-30
6.38885e-30
1.49508e-29
3.48216e-29
8.0718e-29
1.86217e-28
4.27556e-28
9.76967e-28
2.22165e-27
5.02771e-27
1.1323e-26
2.53767e-26
5.65967e-26
1.25608e-25
2.77403e-25
6.09622e-25
1.33309e-24
2.90071e-24
6.28035e-24
1.35298e-23
2.90016e-23
6.18538e-23
1.31256e-22
2.7712e-22
5.82119e-22
1.21658e-21
2.52957e-21
5.23267e-21
1.07687e-20
2.20475e-20
4.49061e-20
9.09895e-20
1.83405e-19
3.67756e-19
7.33544e-19
1.45548e-18
2.8727e-18
5.6399e-18
1.1014e-17
2.13944e-17
4.13364e-17
7.94389e-17
1.51844e-16
2.88678e-16
5.45856e-16
1.02656e-15
1.92009e-15
3.57179e-15
6.60799e-15
1.21581e-14
2.22467e-14
4.04823e-14
7.3258e-14
1.31835e-13
2.35929e-13
4.19859e-13
7.43003e-13
1.30748e-12
2.28786e-12
3.98077e-12
6.88721e-12
1.18481e-11
2.02666e-11
3.44691e-11
5.82897e-11
9.80073e-11
1.63842e-10
2.72323e-10
4.50019e-10
7.39366e-10
1.20771e-09
1.96127e-09
3.16647e-09
5.08243e-09
8.11001e-09
1.28653e-08
2.02889e-08
3.1808e-08
4.95732e-08
7.68041e-08
1.18289e-07
1.81102e-07
2.75624e-07
4.16984e-07
6.27086e-07
9.37425e-07
1.39298e-06
2.05752e-06
3.0209e-06
4.40875e-06
6.39556e-06
9.22196e-06
1.32174e-05
1.88299e-05
2.66638e-05
3.75291e-05
5.25033e-05
7.30085e-05
0.000100909
0.000138628
0.000189297
0.000256921
0.000346597
0.000464748
0.000619411
0.00082056
0.00108047
0.00141413
0.00183969
0.00237891
0.00305771
0.00390662
0.00496133
0.00626316
0.00785945
0.00980394
0.012157
0.0149858
0.0183639
0.0223714
0.0270943
0.0326232
0.0390529
0.0464805
0.0550039
0.0647197
0.075721
0.088095
0.10192
0.117263
0.134178
0.152701
0.172848
0.194616
0.217977
0.242882
0.269252
0.296989
0.325966
0.356037
0.387033
0.418768
0.451042
0.483644
0.516356
0.548958
0.581232
0.612967
0.643963
0.674034
0.703011
0.730748
0.757118
0.782023
0.805384
0.827152
0.847299
0.865822
0.882737
0.89808
0.911905
0.924279
0.93528
0.944996
0.95352
0.960947
0.967377
0.972906
0.977629
0.981636
0.985014
0.987843
0.990196
0.992141
0.993737
0.995039
0.996093
0.996942
0.997621
0.99816
0.998586
0.998919
0.999179
0.99938
0.999535
0.999652
0.999742
0.999809
0.999858
0.999895
0.999921
0.999938
0.999949
0.999955
0.999955
0.999949
0.999938
0.999921
0.999895
0.999858
0.999809
0.999742
0.999652
0.999535
0.99938
0.999179
0.998919
0.998586
0.99816
0.997621
0.996942
0.996093
0.995039
0.993737
0.992141
0.990196
0.987843
0.985014
0.981636
0.977629
0.972906
0.967377
0.960947
0.95352
0.944996
0.93528
0.924279
0.911905
0.89808
0.882737
0.865822
0.847299
0.827152
0.805384
0.782023
0.757118
0.730748
0.703011
0.674034
0.643963
0.612967
0.581232
0.548958
0.516356
0.483644
0.451042
0.418768
0.387033
0.356037
0.325966
0.296989
0.269252
0.242882
0.217977
0.194616
0.172848
0.152701
0.134178
0.117263
0.10192
0.088095
0.075721
0.0647197
0.0550039
0.0464805
0.0390529
0.0326232
0.0270943
0.0223714
0.0183639
0.0149858
0.012157
0.00980394
0.00785945
0.00626316
0.00496133
0.00390662
0.00305771
0.00237891
0.00183969
0.00141413
0.00108047
0.00082056
0.000619411
0.000464748
0.000346597
0.000256921
0.000189297
0.000138628
0.000100909
7.30085e-05
5.25033e-05
3.75291e-05
2.66638e-05
1.88299e-05
1.32174e-05
9.22196e-06
6.39556e-06
4.40875e-06
3.0209e-06
2.05752e-06
1.39298e-06
9.37425e-07
6.27086e-07
4.16984e-07
2.75624e-07
1.81102e-07
1.18289e-07
7.68041e-08
4.95732e-08
3.1808e-08
2.02889e-08
1.28653e-08
8.11001e-09
5.08243e-09
3.16647e-09
1.96127e-09
1.20771e-09
7.39366e-10
4.50019e-10
2.72323e-10
1.63842e-10
9.80073e-11
5.82897e-11
3.44691e-11
2.02666e-11
1.18481e-11
6.88721e-12
3.98077e-12
2.28786e-12
1.30748e-12
7.43003e-13
4.19859e-13
2.35929e-13
1.31835e-13
7.3258e-14
4.04823e-14
2.22467e-14
1.21581e-14
6.60799e-15
3.57179e-15
1.92009e-15
1.02656e-15
5.45856e-16
2.88678e-16
1.51844e-16
7.94389e-17
4.13364e-17
2.13944e-17
1.1014e-17
5.6399e-18
2.8727e-18
1.45548e-18
7.33544e-19
3.67756e-19
1.83405e-19
9.09895e-20
4.49061e-20
2.20475e-20
1.07687e-20
5.23267e-21
2.52957e-21
1.21658e-21
5.82119e-22
2.7712e-22
1.31256e-22
6.18538e-23
2.90016e-23
1.35298e-23
6.28035e-24
2.90071e-24
1.33309e-24
6.09622e-25
2.77403e-25
1.25608e-25
5.65967e-26
2.53767e-26
1.1323e-26
5.02771e-27
2.22165e-27
9.76967e-28
4.27556e-28
1.86217e-28
8.0718e-29
3.48216e-29
1.49508e-29
6.38885e-30
2.71726e-30
1.15026e-30
4.84649e-31
2.03249e-31
8.48416e-32
3.52512e-32
1.45791e-32
6.00186e-33
2.4595e-33
1.00328e-33
4.07393e-34
1.64677e-34
6.62652e-35
2.65447e-35
1.05856e-35
4.2025e-36
1.66096e-36
6.53548e-37
2.56017e-37
9.9848e-38
3.87701e-38
1.49881e-38
5.76894e-39
2.21081e-39
8.43567e-40
3.20484e-40
1.21232e-40
4.56627e-41
1.71255e-41
6.39544e-42
2.3782e-42
8.80606e-43
3.24698e-43
1.19219e-43
4.35904e-44
1.58714e-44
5.75479e-45
2.07796e-45
7.47217e-46
2.67585e-46
9.54313e-47
3.38952e-47
1.19897e-47
4.22389e-48
1.48201e-48
5.17886e-49
1.80246e-49
6.24814e-50
2.15723e-50
7.41838e-51
2.54094e-51
8.66874e-52
2.94579e-52
9.97097e-53
3.36177e-53
1.12901e-53
3.77691e-54
1.2586e-54
4.17785e-55
1.38148e-55
4.55054e-56
1.4932e-56
4.88102e-57
1.58946e-57
5.15631e-58
1.66642e-58
5.36527e-59
1.72094e-59
5.49937e-60
1.7508e-60
5.55321e-61
1.75485e-61
5.52495e-62
1.73307e-62
5.41636e-63
1.68658e-63
5.23266e-64
1.61755e-64
4.98213e-65
1.52898e-65
4.67547e-66
1.42458e-66
4.32508e-67
1.30843e-67
3.94422e-68
1.18476e-68
3.54622e-69
1.05772e-69
3.14374e-70
9.31115e-71
2.74817e-71
8.083e-72
2.36916e-72
6.92014e-73
2.01436e-73
5.84344e-74
1.68932e-74
4.8671e-75
1.3975e-75
3.99906e-76
1.1405e-76
3.24166e-77
9.1829e-78
2.5926e-78
7.29527e-79
2.04597e-79
5.71894e-80
1.59328e-80
4.42423e-81
1.22448e-81
3.37787e-82
9.28781e-83
2.54547e-83
6.9536e-84
1.89341e-84
5.13896e-85
1.3903e-85
3.74925e-86
1.00784e-86
2.70055e-87
7.21323e-88
1.92057e-88
5.09748e-89
1.34869e-89
3.55715e-90
9.35255e-91
2.45132e-91
6.40497e-92
1.66834e-92
4.33217e-93
1.12146e-93
2.89419e-94
7.4462e-95
1.90991e-95
4.88386e-96
1.24507e-96
3.16449e-97
8.01862e-98
2.02575e-98
5.10227e-99
1.28126e-99
3.20785e-100
8.00745e-101
1.99288e-101
4.94518e-102
1.22348e-102
3.01808e-103
7.42314e-104
1.82042e-104
4.45127e-105
1.08525e-105
2.63824e-106
6.39497e-107
1.54564e-107
3.72498e-108
8.95141e-109
2.14493e-109
5.12501e-110
1.22106e-110
2.90098e-111
6.8726e-112
1.62356e-112
3.82466e-113
8.98453e-114
2.10465e-114
4.91643e-115
1.14527e-115
2.66048e-116
6.16321e-117
1.42381e-117
3.2802e-118
7.53621e-119
1.72669e-119
3.94537e-120
8.99034e-121
2.04307e-121
4.63032e-122
1.04656e-122
2.35908e-123
5.3034e-124
1.18905e-124
2.65878e-125
5.92931e-126
1.31877e-126
2.92538e-127
6.47207e-128
1.42809e-128
3.14287e-129
6.89849e-130
1.51023e-130
3.2976e-131
7.18156e-132
1.55995e-132
3.37968e-133
7.30327e-134
1.57412e-134
3.38408e-135
7.25653e-136
1.55205e-136
3.31109e-137
7.04582e-138
1.49551e-138
3.16624e-139
6.68655e-140
1.40853e-140
2.95962e-141
6.20323e-142
1.29692e-142
2.70472e-143
5.62668e-144
1.16763e-144
2.41701e-145
4.99092e-146
1.02805e-146
2.1124e-147
4.32988e-148
8.85346e-149
1.80588e-149
3.6746e-150
7.45892e-151
1.51039e-151
3.05108e-152
6.14854e-153
1.23608e-153
2.47901e-154
4.95989e-155
9.89987e-156
1.9713e-156
3.91602e-157
7.76084e-158
1.53442e-158
3.02663e-159
5.95595e-160
1.1693e-160
2.29024e-161
4.47532e-162
8.7248e-163
1.69698e-163
3.29301e-164
6.37537e-165
1.23145e-165
2.37315e-166
4.56288e-167
8.75301e-168
1.67527e-168
3.19905e-169
6.09494e-170
1.1586e-170
2.19742e-171
4.15828e-172
7.85118e-173
1.47904e-173
2.78005e-174
5.21378e-175
9.75626e-176
1.82158e-176
3.39349e-177
6.30788e-178
1.16993e-178
2.1651e-179
3.99799e-180
7.36632e-181
1.35428e-181
2.48437e-182
4.54755e-183
8.30603e-184
1.5138e-184
2.75296e-185
4.99568e-186
9.04591e-187
1.63447e-187
2.94691e-188
5.30187e-189
9.51837e-190
1.70518e-190
3.04828e-191
5.43772e-192
9.67965e-193
1.71943e-193
3.04785e-194
5.39126e-195
9.51645e-196
1.67629e-196
2.94658e-197
5.16868e-198
9.04771e-199
1.58051e-199
2.75521e-200
4.79308e-201
8.32108e-202
1.44162e-202
2.49247e-203
4.30052e-204
7.40497e-205
1.27245e-205
2.18209e-206
3.73442e-207
6.37814e-208
1.08714e-208
1.84928e-209
3.13938e-210
5.3188e-211
8.99316e-212
1.51755e-212
2.55601e-213
4.31555e-214
8.41125e-215
)
;

boundaryField
{
    sides
    {
        type            zeroGradient;
    }
    empty
    {
        type            empty;
    }
}


// ************************************************************************* //
