/*--------------------------------*- C++ -*----------------------------------*\
  =========                 |
  \\      /  F ield         | OpenFOAM: The Open Source CFD Toolbox
   \\    /   O peration     | Website:  https://openfoam.org
    \\  /    A nd           | Version:  13
     \\/     M anipulation  |
\*---------------------------------------------------------------------------*/
FoamFile
{
    format      ascii;
    class       volScalarField;
    location    "3.9";
    object      T;
}
// * * * * * * * * * * * * * * * * * * * * * * * * * * * * * * * * * * * * * //

dimensions      [0 0 0 1 0 0 0];

internalField   nonuniform List<scalar> 
1000
(
6.70781e-57
8.77693e-57
1.35436e-56
2.24526e-56
3.81961e-56
6.55141e-56
1.12599e-55
1.93515e-55
3.32329e-55
5.70155e-55
9.77137e-55
1.6728e-54
2.86059e-54
4.88639e-54
8.33759e-54
1.42106e-53
2.41938e-53
4.11449e-53
6.9895e-53
1.18603e-52
2.0103e-52
3.40367e-52
5.75639e-52
9.72457e-52
1.641e-51
2.76607e-51
4.65731e-51
7.83292e-51
1.31592e-50
2.20825e-50
3.70157e-50
6.1978e-50
1.03658e-49
1.73176e-49
2.8899e-49
4.8172e-49
8.02085e-49
1.33401e-48
2.21622e-48
3.67772e-48
6.09619e-48
1.00937e-47
1.66938e-47
2.75786e-47
4.55095e-47
7.50142e-47
1.23508e-46
2.03123e-46
3.33684e-46
5.47547e-46
8.97465e-46
1.46935e-45
2.40293e-45
3.92525e-45
6.40477e-45
1.04388e-44
1.69943e-44
2.76354e-44
4.48887e-44
7.28311e-44
1.18033e-43
1.91073e-43
3.0896e-43
4.99014e-43
8.05063e-43
1.29734e-42
2.08825e-42
3.35753e-42
5.39215e-42
8.64988e-42
1.386e-41
2.21831e-41
3.54638e-41
5.6631e-41
9.03289e-41
1.43914e-40
2.29026e-40
3.64057e-40
5.78039e-40
9.16745e-40
1.45225e-39
2.29794e-39
3.63194e-39
5.73377e-39
9.04158e-39
1.42413e-38
2.24056e-38
3.52099e-38
5.5268e-38
8.6653e-38
1.35704e-37
2.12278e-37
3.31677e-37
5.17637e-37
8.0693e-37
1.25645e-36
1.95413e-36
3.03571e-36
4.7105e-36
7.30081e-36
1.13025e-35
1.74773e-35
2.69943e-35
4.16454e-35
6.41741e-35
9.87754e-35
1.51857e-34
2.33194e-34
3.57682e-34
5.47989e-34
8.38576e-34
1.28177e-33
1.95691e-33
2.98419e-33
4.54547e-33
6.91551e-33
1.05091e-32
1.59514e-32
2.4184e-32
3.66227e-32
5.53945e-32
8.36904e-32
1.26293e-31
1.90359e-31
2.8659e-31
4.30963e-31
6.4731e-31
9.71128e-31
1.45523e-30
2.17811e-30
3.25625e-30
4.86236e-30
7.25217e-30
1.08039e-29
1.60761e-29
2.3893e-29
3.54693e-29
5.25925e-29
7.78905e-29
1.15222e-28
1.70245e-28
2.51247e-28
3.70355e-28
5.45284e-28
8.01893e-28
1.17787e-27
1.72809e-27
2.53235e-27
3.70653e-27
5.41875e-27
7.91256e-27
1.15404e-26
1.68118e-26
2.4462e-26
3.55514e-26
5.16067e-26
7.48243e-26
1.08359e-25
1.56737e-25
2.26445e-25
3.26768e-25
4.70979e-25
6.78028e-25
9.74942e-25
1.40021e-24
2.00859e-24
2.8779e-24
4.11852e-24
5.88696e-24
8.40473e-24
1.1985e-23
1.70702e-23
2.4284e-23
3.45051e-23
4.89699e-23
6.94157e-23
9.82805e-23
1.38982e-22
1.96305e-22
2.76941e-22
3.90232e-22
5.49211e-22
7.72035e-22
1.08396e-21
1.5201e-21
2.12918e-21
2.97873e-21
4.16227e-21
5.80909e-21
8.09779e-21
1.12747e-20
1.56791e-20
2.17779e-20
3.02128e-20
4.18644e-20
5.79397e-20
8.00915e-20
1.1058e-19
1.5249e-19
2.10032e-19
2.8894e-19
3.97016e-19
5.4486e-19
7.46861e-19
1.02252e-18
1.39823e-18
1.9097e-18
2.60511e-18
3.54948e-18
4.83036e-18
6.56554e-18
8.91327e-18
1.20859e-17
1.63681e-17
2.21408e-17
2.99131e-17
4.03652e-17
5.44035e-17
7.32355e-17
9.84673e-17
1.32232e-16
1.7736e-16
2.37602e-16
3.1792e-16
4.24874e-16
5.67122e-16
7.56078e-16
1.00677e-15
1.33896e-15
1.77861e-15
2.35975e-15
3.12697e-15
4.13861e-15
5.47091e-15
7.22332e-15
9.52549e-15
1.25462e-14
1.65046e-14
2.16858e-14
2.84587e-14
3.73017e-14
4.8833e-14
6.38515e-14
8.33874e-14
1.08768e-13
1.41702e-13
1.84382e-13
2.39627e-13
3.11045e-13
4.03258e-13
5.22172e-13
6.75329e-13
8.72346e-13
1.12547e-12
1.45027e-12
1.86653e-12
2.39933e-12
3.08048e-12
3.95018e-12
5.05925e-12
6.4718e-12
8.26866e-12
1.05515e-11
1.34483e-11
1.71193e-11
2.1766e-11
2.76401e-11
3.50567e-11
4.44092e-11
5.61881e-11
7.10045e-11
8.96184e-11
1.12974e-10
1.42243e-10
1.78875e-10
2.24668e-10
2.81839e-10
3.53127e-10
4.41907e-10
5.52332e-10
6.89508e-10
8.59702e-10
1.0706e-09
1.3316e-09
1.65421e-09
2.05248e-09
2.54351e-09
3.14818e-09
3.89184e-09
4.8053e-09
5.92591e-09
7.29893e-09
8.97909e-09
1.10325e-08
1.35391e-08
1.65948e-08
2.03153e-08
2.48396e-08
3.03345e-08
3.69996e-08
4.50742e-08
5.4844e-08
6.665e-08
8.08985e-08
9.80734e-08
1.1875e-07
1.43609e-07
1.73462e-07
2.09264e-07
2.52149e-07
3.03451e-07
3.64746e-07
4.37889e-07
5.25059e-07
6.28814e-07
7.52156e-07
8.98596e-07
1.07224e-06
1.27788e-06
1.52111e-06
1.80843e-06
2.14741e-06
2.54683e-06
3.01687e-06
3.56932e-06
4.21781e-06
4.97806e-06
5.86822e-06
6.90915e-06
8.12487e-06
9.54291e-06
1.11949e-05
1.31169e-05
1.53502e-05
1.79421e-05
2.09463e-05
2.44238e-05
2.84443e-05
3.30866e-05
3.84401e-05
4.46058e-05
5.1698e-05
5.98456e-05
6.91937e-05
7.99056e-05
9.21648e-05
0.000106177
0.000122172
0.000140408
0.000161172
0.000184784
0.000211602
0.000242021
0.000276481
0.00031547
0.000359527
0.000409247
0.000465286
0.000528367
0.000599286
0.000678913
0.000768206
0.000868208
0.000980063
0.00110502
0.00124442
0.00139976
0.00157262
0.00176474
0.00197799
0.00221439
0.00247614
0.00276556
0.00308518
0.00343771
0.00382602
0.00425322
0.00472259
0.00523764
0.00580209
0.00641989
0.00709523
0.00783251
0.00863639
0.00951177
0.0104638
0.0114978
0.0126195
0.0138348
0.0151496
0.0165705
0.018104
0.0197569
0.0215362
0.0234491
0.0255031
0.0277056
0.0300646
0.0325877
0.0352831
0.0381587
0.0412227
0.0444833
0.0479486
0.0516268
0.0555259
0.059654
0.0640189
0.0686282
0.0734895
0.0786098
0.0839963
0.0896553
0.0955931
0.101815
0.108328
0.115134
0.12224
0.129648
0.137361
0.145382
0.153712
0.162353
0.171303
0.180563
0.190131
0.200004
0.210179
0.220652
0.231418
0.24247
0.253802
0.265406
0.277273
0.289394
0.301758
0.314353
0.327168
0.34019
0.353405
0.366798
0.380354
0.394058
0.407894
0.421844
0.435891
0.450018
0.464206
0.478438
0.492695
0.506959
0.52121
0.535429
0.549599
0.563701
0.577717
0.591628
0.605417
0.619066
0.632558
0.645878
0.659009
0.671935
0.684642
0.697116
0.709344
0.721312
0.733008
0.744422
0.755542
0.76636
0.776865
0.787049
0.796906
0.806427
0.815607
0.82444
0.832922
0.841048
0.848814
0.856217
0.863256
0.869927
0.876228
0.88216
0.88772
0.892909
0.897725
0.902169
0.90624
0.90994
0.913268
0.916224
0.91881
0.921025
0.92287
0.924346
0.925452
0.926189
0.926558
0.926558
0.926189
0.925452
0.924346
0.92287
0.921025
0.91881
0.916224
0.913268
0.90994
0.90624
0.902169
0.897725
0.892909
0.88772
0.88216
0.876228
0.869927
0.863256
0.856217
0.848814
0.841048
0.832922
0.82444
0.815607
0.806427
0.796906
0.787049
0.776865
0.76636
0.755542
0.744422
0.733008
0.721312
0.709344
0.697116
0.684642
0.671935
0.659009
0.645878
0.632558
0.619066
0.605417
0.591628
0.577717
0.563701
0.549599
0.535429
0.52121
0.506959
0.492695
0.478438
0.464206
0.450018
0.435891
0.421844
0.407894
0.394058
0.380354
0.366798
0.353405
0.34019
0.327168
0.314353
0.301758
0.289394
0.277273
0.265406
0.253802
0.24247
0.231418
0.220652
0.210179
0.200004
0.190131
0.180563
0.171303
0.162353
0.153712
0.145382
0.137361
0.129648
0.12224
0.115134
0.108328
0.101815
0.0955931
0.0896553
0.0839963
0.0786098
0.0734895
0.0686282
0.0640189
0.059654
0.0555259
0.0516268
0.0479486
0.0444833
0.0412227
0.0381587
0.0352831
0.0325877
0.0300646
0.0277056
0.0255031
0.0234491
0.0215362
0.0197569
0.018104
0.0165705
0.0151496
0.0138348
0.0126195
0.0114978
0.0104638
0.00951177
0.00863639
0.00783251
0.00709523
0.00641989
0.00580209
0.00523764
0.00472259
0.00425322
0.00382602
0.00343771
0.00308518
0.00276556
0.00247614
0.00221439
0.00197799
0.00176474
0.00157262
0.00139976
0.00124442
0.00110502
0.000980063
0.000868208
0.000768206
0.000678913
0.000599286
0.000528367
0.000465286
0.000409247
0.000359527
0.00031547
0.000276481
0.000242021
0.000211602
0.000184784
0.000161172
0.000140408
0.000122172
0.000106177
9.21648e-05
7.99056e-05
6.91937e-05
5.98456e-05
5.1698e-05
4.46058e-05
3.84401e-05
3.30866e-05
2.84443e-05
2.44238e-05
2.09463e-05
1.79421e-05
1.53502e-05
1.31169e-05
1.11949e-05
9.54291e-06
8.12487e-06
6.90915e-06
5.86822e-06
4.97806e-06
4.21781e-06
3.56932e-06
3.01687e-06
2.54683e-06
2.14741e-06
1.80843e-06
1.52111e-06
1.27788e-06
1.07224e-06
8.98596e-07
7.52156e-07
6.28814e-07
5.25059e-07
4.37889e-07
3.64746e-07
3.03451e-07
2.52149e-07
2.09264e-07
1.73462e-07
1.43609e-07
1.1875e-07
9.80734e-08
8.08985e-08
6.665e-08
5.4844e-08
4.50742e-08
3.69996e-08
3.03345e-08
2.48396e-08
2.03153e-08
1.65948e-08
1.35391e-08
1.10325e-08
8.97909e-09
7.29893e-09
5.92591e-09
4.8053e-09
3.89184e-09
3.14818e-09
2.54351e-09
2.05248e-09
1.65421e-09
1.3316e-09
1.0706e-09
8.59702e-10
6.89508e-10
5.52332e-10
4.41907e-10
3.53127e-10
2.81839e-10
2.24668e-10
1.78875e-10
1.42243e-10
1.12974e-10
8.96184e-11
7.10045e-11
5.61881e-11
4.44092e-11
3.50567e-11
2.76401e-11
2.1766e-11
1.71193e-11
1.34483e-11
1.05515e-11
8.26866e-12
6.4718e-12
5.05925e-12
3.95018e-12
3.08048e-12
2.39933e-12
1.86653e-12
1.45027e-12
1.12547e-12
8.72346e-13
6.75329e-13
5.22172e-13
4.03258e-13
3.11045e-13
2.39627e-13
1.84382e-13
1.41702e-13
1.08768e-13
8.33874e-14
6.38515e-14
4.8833e-14
3.73017e-14
2.84587e-14
2.16858e-14
1.65046e-14
1.25462e-14
9.52549e-15
7.22332e-15
5.47091e-15
4.13861e-15
3.12697e-15
2.35975e-15
1.77861e-15
1.33896e-15
1.00677e-15
7.56078e-16
5.67122e-16
4.24874e-16
3.1792e-16
2.37602e-16
1.7736e-16
1.32232e-16
9.84673e-17
7.32355e-17
5.44035e-17
4.03652e-17
2.99131e-17
2.21408e-17
1.63681e-17
1.20859e-17
8.91327e-18
6.56554e-18
4.83036e-18
3.54948e-18
2.60511e-18
1.9097e-18
1.39823e-18
1.02252e-18
7.46861e-19
5.4486e-19
3.97016e-19
2.8894e-19
2.10032e-19
1.5249e-19
1.1058e-19
8.00915e-20
5.79397e-20
4.18644e-20
3.02128e-20
2.17779e-20
1.56791e-20
1.12747e-20
8.09779e-21
5.80909e-21
4.16227e-21
2.97873e-21
2.12918e-21
1.5201e-21
1.08396e-21
7.72035e-22
5.49211e-22
3.90232e-22
2.76941e-22
1.96305e-22
1.38982e-22
9.82805e-23
6.94157e-23
4.89699e-23
3.45051e-23
2.4284e-23
1.70702e-23
1.1985e-23
8.40473e-24
5.88696e-24
4.11852e-24
2.8779e-24
2.00859e-24
1.40021e-24
9.74942e-25
6.78028e-25
4.70979e-25
3.26768e-25
2.26445e-25
1.56737e-25
1.08359e-25
7.48243e-26
5.16067e-26
3.55514e-26
2.4462e-26
1.68118e-26
1.15404e-26
7.91256e-27
5.41875e-27
3.70653e-27
2.53235e-27
1.72809e-27
1.17787e-27
8.01893e-28
5.45284e-28
3.70355e-28
2.51247e-28
1.70245e-28
1.15222e-28
7.78905e-29
5.25925e-29
3.54693e-29
2.3893e-29
1.60761e-29
1.08039e-29
7.25217e-30
4.86236e-30
3.25625e-30
2.17811e-30
1.45523e-30
9.71128e-31
6.4731e-31
4.30963e-31
2.8659e-31
1.90359e-31
1.26293e-31
8.36904e-32
5.53945e-32
3.66227e-32
2.4184e-32
1.59514e-32
1.05091e-32
6.91551e-33
4.54547e-33
2.98419e-33
1.95691e-33
1.28177e-33
8.38576e-34
5.47989e-34
3.57682e-34
2.33194e-34
1.51857e-34
9.87754e-35
6.41741e-35
4.16454e-35
2.69943e-35
1.74773e-35
1.13025e-35
7.30081e-36
4.7105e-36
3.03571e-36
1.95413e-36
1.25645e-36
8.0693e-37
5.17637e-37
3.31677e-37
2.12278e-37
1.35704e-37
8.6653e-38
5.5268e-38
3.52099e-38
2.24056e-38
1.42413e-38
9.04158e-39
5.73377e-39
3.63194e-39
2.29794e-39
1.45225e-39
9.16745e-40
5.78039e-40
3.64057e-40
2.29026e-40
1.43914e-40
9.03289e-41
5.6631e-41
3.54638e-41
2.21831e-41
1.386e-41
8.64988e-42
5.39215e-42
3.35753e-42
2.08825e-42
1.29734e-42
8.05063e-43
4.99014e-43
3.0896e-43
1.91073e-43
1.18033e-43
7.28311e-44
4.48887e-44
2.76354e-44
1.69943e-44
1.04388e-44
6.40477e-45
3.92525e-45
2.40293e-45
1.46935e-45
8.97465e-46
5.47547e-46
3.33684e-46
2.03123e-46
1.23508e-46
7.50142e-47
4.55095e-47
2.75786e-47
1.66938e-47
1.00937e-47
6.09619e-48
3.67772e-48
2.21622e-48
1.33401e-48
8.02085e-49
4.8172e-49
2.8899e-49
1.73176e-49
1.03658e-49
6.1978e-50
3.70157e-50
2.20825e-50
1.31592e-50
7.83292e-51
4.65731e-51
2.76607e-51
1.641e-51
9.72457e-52
5.75639e-52
3.40367e-52
2.0103e-52
1.18603e-52
6.9895e-53
4.11449e-53
2.41938e-53
1.42106e-53
8.33759e-54
4.88639e-54
2.86059e-54
1.6728e-54
9.77137e-55
5.70155e-55
3.32329e-55
1.93515e-55
1.12599e-55
6.55141e-56
3.81961e-56
2.24526e-56
1.35436e-56
8.77693e-57
6.70781e-57
)
;

boundaryField
{
    sides
    {
        type            zeroGradient;
    }
    empty
    {
        type            empty;
    }
}


// ************************************************************************* //
