/*--------------------------------*- C++ -*----------------------------------*\
  =========                 |
  \\      /  F ield         | OpenFOAM: The Open Source CFD Toolbox
   \\    /   O peration     | Website:  https://openfoam.org
    \\  /    A nd           | Version:  13
     \\/     M anipulation  |
\*---------------------------------------------------------------------------*/
FoamFile
{
    format      ascii;
    class       volScalarField;
    location    "3.475";
    object      T;
}
// * * * * * * * * * * * * * * * * * * * * * * * * * * * * * * * * * * * * * //

dimensions      [0 0 0 1 0 0 0];

internalField   nonuniform List<scalar> 
1000
(
3.05155e-63
4.2153e-63
6.98054e-63
1.23851e-62
2.24507e-62
4.09294e-62
7.46811e-62
1.36186e-61
2.4809e-61
4.51431e-61
8.20462e-61
1.48938e-60
2.70044e-60
4.89035e-60
8.84553e-60
1.59803e-59
2.88352e-59
5.19683e-59
9.35472e-59
1.68189e-58
3.02025e-58
5.41704e-58
9.70412e-58
1.7363e-57
3.10291e-57
5.53842e-57
9.87364e-57
1.75809e-56
3.12665e-56
5.5538e-56
9.8531e-56
1.74593e-55
3.08997e-55
5.462e-55
9.64317e-55
1.70043e-54
2.99481e-54
5.26803e-54
9.25544e-54
1.62411e-53
2.84644e-53
4.98263e-53
8.71129e-53
1.52116e-52
2.65298e-52
4.62126e-52
8.03995e-52
1.39705e-51
2.4246e-51
4.20273e-51
7.27593e-51
1.25809e-50
2.17269e-50
3.74758e-50
6.45604e-50
1.11083e-49
1.90893e-49
3.27639e-49
5.61649e-49
9.61605e-49
1.64434e-48
2.80832e-48
4.7903e-48
8.16096e-48
1.38861e-47
2.35982e-47
4.00533e-47
6.78981e-47
1.14957e-46
1.9439e-46
3.283e-46
5.53764e-46
9.32906e-46
1.56967e-45
2.63777e-45
4.42713e-45
7.42103e-45
1.2424e-44
2.07739e-44
3.46919e-44
5.7862e-44
9.63862e-44
1.60358e-43
2.66453e-43
4.42186e-43
7.32898e-43
1.21321e-42
2.00576e-42
3.3119e-42
5.4617e-42
8.9956e-42
1.47974e-41
2.43103e-41
3.98885e-41
6.53665e-41
1.06983e-40
1.74873e-40
2.85484e-40
4.65468e-40
7.57962e-40
1.23269e-39
2.00221e-39
3.24798e-39
5.26216e-39
8.51459e-39
1.37597e-38
2.22077e-38
3.57968e-38
5.76277e-38
9.2654e-38
1.48779e-37
2.38598e-37
3.82152e-37
6.11295e-37
9.76584e-37
1.55816e-36
2.4829e-36
3.95139e-36
6.28036e-36
9.96922e-36
1.58045e-35
2.50232e-35
3.95682e-35
6.24874e-35
9.85553e-35
1.55242e-34
2.44218e-34
3.83696e-34
6.02057e-34
9.43468e-34
1.47658e-33
2.30795e-33
3.60275e-33
5.61669e-33
8.74512e-33
1.35984e-32
2.11179e-32
3.27528e-32
5.07323e-32
7.84797e-32
1.21246e-31
1.87074e-31
2.88267e-31
4.43621e-31
6.81813e-31
1.04653e-30
1.60427e-30
2.45604e-30
3.75515e-30
5.73394e-30
8.74406e-30
1.3317e-29
2.0255e-29
3.07675e-29
4.6675e-29
7.07145e-29
1.06995e-28
1.61679e-28
2.4399e-28
3.67725e-28
5.53484e-28
8.31989e-28
1.24899e-27
1.87255e-27
2.80373e-27
4.19245e-27
6.26079e-27
9.33727e-27
1.39072e-26
2.06865e-26
3.073e-26
4.55896e-26
6.75456e-26
9.99438e-26
1.47687e-25
2.17949e-25
3.21213e-25
4.7278e-25
6.94945e-25
1.02016e-24
1.49558e-24
2.18967e-24
3.20164e-24
4.67509e-24
6.81761e-24
9.92885e-24
1.44408e-23
2.09751e-23
3.04258e-23
4.40761e-23
6.37658e-23
9.21286e-23
1.3293e-22
1.91547e-22
2.75645e-22
3.96137e-22
5.68541e-22
8.14893e-22
1.16643e-21
1.6674e-21
2.38035e-21
3.39361e-21
4.83173e-21
6.87012e-21
9.7554e-21
1.38339e-20
1.95914e-20
2.77078e-20
3.91345e-20
5.51995e-20
7.77552e-20
1.09381e-19
1.53664e-19
2.15585e-19
3.02053e-19
4.22635e-19
5.9056e-19
8.241e-19
1.14845e-18
1.59831e-18
2.22139e-18
3.08323e-18
4.27369e-18
5.91581e-18
8.1779e-18
1.12897e-17
1.55647e-17
2.14296e-17
2.94646e-17
4.04577e-17
5.54773e-17
7.59704e-17
1.03893e-16
1.41887e-16
1.93514e-16
2.6357e-16
3.58502e-16
4.86968e-16
6.60574e-16
8.9486e-16
1.2106e-15
1.63553e-15
2.20663e-15
2.97312e-15
4.00042e-15
5.37539e-15
7.21318e-15
9.66616e-15
1.29358e-14
1.72879e-14
2.30729e-14
3.07519e-14
4.09311e-14
5.44057e-14
7.22179e-14
9.57318e-14
1.26729e-13
1.67536e-13
2.21181e-13
2.91606e-13
3.83933e-13
5.04804e-13
6.62825e-13
8.6913e-13
1.1381e-12
1.48827e-12
1.94354e-12
2.53462e-12
3.30096e-12
4.29315e-12
5.57597e-12
7.23223e-12
9.36768e-12
1.21171e-11
1.56522e-11
2.0191e-11
2.60104e-11
3.34615e-11
4.29883e-11
5.51521e-11
7.06612e-11
9.04081e-11
1.15516e-10
1.47394e-10
1.87814e-10
2.38991e-10
3.03698e-10
3.85397e-10
4.88407e-10
6.18105e-10
7.81176e-10
9.85921e-10
1.24263e-09
1.56404e-09
1.96589e-09
2.46762e-09
3.09317e-09
3.87199e-09
4.8403e-09
6.04249e-09
7.53296e-09
9.37825e-09
1.16596e-08
1.44761e-08
1.79485e-08
2.22233e-08
2.74787e-08
3.39305e-08
4.18399e-08
5.15225e-08
6.33592e-08
7.78088e-08
9.54234e-08
1.16866e-07
1.42931e-07
1.74571e-07
2.12924e-07
2.59348e-07
3.15464e-07
3.83197e-07
4.64839e-07
5.63105e-07
6.81214e-07
8.22973e-07
9.92876e-07
1.19622e-06
1.43925e-06
1.72929e-06
2.07496e-06
2.48633e-06
2.97519e-06
3.55533e-06
4.24282e-06
5.05635e-06
6.01767e-06
7.15203e-06
8.48867e-06
1.00614e-05
1.19094e-05
1.40776e-05
1.6618e-05
1.95902e-05
2.30627e-05
2.7114e-05
3.18336e-05
3.73243e-05
4.37027e-05
5.11019e-05
5.96731e-05
6.95878e-05
8.10402e-05
9.42499e-05
0.000109465
0.000126965
0.000147064
0.000170116
0.000196516
0.000226709
0.000261188
0.000300507
0.000345282
0.000396196
0.000454009
0.000519562
0.000593785
0.000677705
0.000772453
0.000879274
0.000999533
0.00113473
0.0012865
0.00145663
0.00164707
0.00185995
0.00209756
0.0023624
0.00265716
0.00298477
0.00334835
0.00375128
0.00419718
0.00468993
0.00523366
0.00583281
0.00649205
0.0072164
0.00801113
0.00888184
0.00983442
0.0108751
0.0120103
0.013247
0.0145922
0.0160534
0.0176383
0.0193549
0.0212114
0.0232165
0.0253789
0.0277075
0.0302117
0.0329006
0.0357839
0.0388711
0.042172
0.0456961
0.0494534
0.0534533
0.0577054
0.0622192
0.067004
0.0720686
0.0774217
0.0830717
0.0890264
0.0952932
0.101879
0.10879
0.116033
0.123611
0.131529
0.139791
0.148398
0.157354
0.166657
0.176309
0.186306
0.196648
0.207331
0.218349
0.229697
0.241368
0.253353
0.265645
0.278232
0.291103
0.304246
0.317646
0.331289
0.34516
0.359241
0.373517
0.387967
0.402574
0.417318
0.432178
0.447134
0.462164
0.477248
0.492363
0.507487
0.522598
0.537675
0.552696
0.567638
0.58248
0.597202
0.611783
0.626203
0.640442
0.654481
0.668303
0.68189
0.695226
0.708296
0.721084
0.733577
0.745763
0.757629
0.769166
0.780362
0.791211
0.801703
0.811832
0.821593
0.830979
0.839988
0.848616
0.85686
0.864719
0.872192
0.879277
0.885976
0.892288
0.898215
0.903757
0.908917
0.913696
0.918097
0.922121
0.92577
0.929048
0.931955
0.934493
0.936666
0.938473
0.939917
0.941
0.94172
0.942081
0.942081
0.94172
0.941
0.939917
0.938473
0.936666
0.934493
0.931955
0.929048
0.92577
0.922121
0.918097
0.913696
0.908917
0.903757
0.898215
0.892288
0.885976
0.879277
0.872192
0.864719
0.85686
0.848616
0.839988
0.830979
0.821593
0.811832
0.801703
0.791211
0.780362
0.769166
0.757629
0.745763
0.733577
0.721084
0.708296
0.695226
0.68189
0.668303
0.654481
0.640442
0.626203
0.611783
0.597202
0.58248
0.567638
0.552696
0.537675
0.522598
0.507487
0.492363
0.477248
0.462164
0.447134
0.432178
0.417318
0.402574
0.387967
0.373517
0.359241
0.34516
0.331289
0.317646
0.304246
0.291103
0.278232
0.265645
0.253353
0.241368
0.229697
0.218349
0.207331
0.196648
0.186306
0.176309
0.166657
0.157354
0.148398
0.139791
0.131529
0.123611
0.116033
0.10879
0.101879
0.0952932
0.0890264
0.0830717
0.0774217
0.0720686
0.067004
0.0622192
0.0577054
0.0534533
0.0494534
0.0456961
0.042172
0.0388711
0.0357839
0.0329006
0.0302117
0.0277075
0.0253789
0.0232165
0.0212114
0.0193549
0.0176383
0.0160534
0.0145922
0.013247
0.0120103
0.0108751
0.00983442
0.00888184
0.00801113
0.0072164
0.00649205
0.00583281
0.00523366
0.00468993
0.00419718
0.00375128
0.00334835
0.00298477
0.00265716
0.0023624
0.00209756
0.00185995
0.00164707
0.00145663
0.0012865
0.00113473
0.000999533
0.000879274
0.000772453
0.000677705
0.000593785
0.000519562
0.000454009
0.000396196
0.000345282
0.000300507
0.000261188
0.000226709
0.000196516
0.000170116
0.000147064
0.000126965
0.000109465
9.42499e-05
8.10402e-05
6.95878e-05
5.96731e-05
5.11019e-05
4.37027e-05
3.73243e-05
3.18336e-05
2.7114e-05
2.30627e-05
1.95902e-05
1.6618e-05
1.40776e-05
1.19094e-05
1.00614e-05
8.48867e-06
7.15203e-06
6.01767e-06
5.05635e-06
4.24282e-06
3.55533e-06
2.97519e-06
2.48633e-06
2.07496e-06
1.72929e-06
1.43925e-06
1.19622e-06
9.92876e-07
8.22973e-07
6.81214e-07
5.63105e-07
4.64839e-07
3.83197e-07
3.15464e-07
2.59348e-07
2.12924e-07
1.74571e-07
1.42931e-07
1.16866e-07
9.54234e-08
7.78088e-08
6.33592e-08
5.15225e-08
4.18399e-08
3.39305e-08
2.74787e-08
2.22233e-08
1.79485e-08
1.44761e-08
1.16596e-08
9.37825e-09
7.53296e-09
6.04249e-09
4.8403e-09
3.87199e-09
3.09317e-09
2.46762e-09
1.96589e-09
1.56404e-09
1.24263e-09
9.85921e-10
7.81176e-10
6.18105e-10
4.88407e-10
3.85397e-10
3.03698e-10
2.38991e-10
1.87814e-10
1.47394e-10
1.15516e-10
9.04081e-11
7.06612e-11
5.51521e-11
4.29883e-11
3.34615e-11
2.60104e-11
2.0191e-11
1.56522e-11
1.21171e-11
9.36768e-12
7.23223e-12
5.57597e-12
4.29315e-12
3.30096e-12
2.53462e-12
1.94354e-12
1.48827e-12
1.1381e-12
8.6913e-13
6.62825e-13
5.04804e-13
3.83933e-13
2.91606e-13
2.21181e-13
1.67536e-13
1.26729e-13
9.57318e-14
7.22179e-14
5.44057e-14
4.09311e-14
3.07519e-14
2.30729e-14
1.72879e-14
1.29358e-14
9.66616e-15
7.21318e-15
5.37539e-15
4.00042e-15
2.97312e-15
2.20663e-15
1.63553e-15
1.2106e-15
8.9486e-16
6.60574e-16
4.86968e-16
3.58502e-16
2.6357e-16
1.93514e-16
1.41887e-16
1.03893e-16
7.59704e-17
5.54773e-17
4.04577e-17
2.94646e-17
2.14296e-17
1.55647e-17
1.12897e-17
8.1779e-18
5.91581e-18
4.27369e-18
3.08323e-18
2.22139e-18
1.59831e-18
1.14845e-18
8.241e-19
5.9056e-19
4.22635e-19
3.02053e-19
2.15585e-19
1.53664e-19
1.09381e-19
7.77552e-20
5.51995e-20
3.91345e-20
2.77078e-20
1.95914e-20
1.38339e-20
9.7554e-21
6.87012e-21
4.83173e-21
3.39361e-21
2.38035e-21
1.6674e-21
1.16643e-21
8.14893e-22
5.68541e-22
3.96137e-22
2.75645e-22
1.91547e-22
1.3293e-22
9.21286e-23
6.37658e-23
4.40761e-23
3.04258e-23
2.09751e-23
1.44408e-23
9.92885e-24
6.81761e-24
4.67509e-24
3.20164e-24
2.18967e-24
1.49558e-24
1.02016e-24
6.94945e-25
4.7278e-25
3.21213e-25
2.17949e-25
1.47687e-25
9.99438e-26
6.75456e-26
4.55896e-26
3.073e-26
2.06865e-26
1.39072e-26
9.33727e-27
6.26079e-27
4.19245e-27
2.80373e-27
1.87255e-27
1.24899e-27
8.31989e-28
5.53484e-28
3.67725e-28
2.4399e-28
1.61679e-28
1.06995e-28
7.07145e-29
4.6675e-29
3.07675e-29
2.0255e-29
1.3317e-29
8.74406e-30
5.73394e-30
3.75515e-30
2.45604e-30
1.60427e-30
1.04653e-30
6.81813e-31
4.43621e-31
2.88267e-31
1.87074e-31
1.21246e-31
7.84797e-32
5.07323e-32
3.27528e-32
2.11179e-32
1.35984e-32
8.74512e-33
5.61669e-33
3.60275e-33
2.30795e-33
1.47658e-33
9.43468e-34
6.02057e-34
3.83696e-34
2.44218e-34
1.55242e-34
9.85553e-35
6.24874e-35
3.95682e-35
2.50232e-35
1.58045e-35
9.96922e-36
6.28036e-36
3.95139e-36
2.4829e-36
1.55816e-36
9.76584e-37
6.11295e-37
3.82152e-37
2.38598e-37
1.48779e-37
9.2654e-38
5.76277e-38
3.57968e-38
2.22077e-38
1.37597e-38
8.51459e-39
5.26216e-39
3.24798e-39
2.00221e-39
1.23269e-39
7.57962e-40
4.65468e-40
2.85484e-40
1.74873e-40
1.06983e-40
6.53665e-41
3.98885e-41
2.43103e-41
1.47974e-41
8.9956e-42
5.4617e-42
3.3119e-42
2.00576e-42
1.21321e-42
7.32898e-43
4.42186e-43
2.66453e-43
1.60358e-43
9.63862e-44
5.7862e-44
3.46919e-44
2.07739e-44
1.2424e-44
7.42103e-45
4.42713e-45
2.63777e-45
1.56967e-45
9.32906e-46
5.53764e-46
3.283e-46
1.9439e-46
1.14957e-46
6.78981e-47
4.00533e-47
2.35982e-47
1.38861e-47
8.16096e-48
4.7903e-48
2.80832e-48
1.64434e-48
9.61605e-49
5.61649e-49
3.27639e-49
1.90893e-49
1.11083e-49
6.45604e-50
3.74758e-50
2.17269e-50
1.25809e-50
7.27593e-51
4.20273e-51
2.4246e-51
1.39705e-51
8.03995e-52
4.62126e-52
2.65298e-52
1.52116e-52
8.71129e-53
4.98263e-53
2.84644e-53
1.62411e-53
9.25544e-54
5.26803e-54
2.99481e-54
1.70043e-54
9.64317e-55
5.462e-55
3.08997e-55
1.74593e-55
9.8531e-56
5.5538e-56
3.12665e-56
1.75809e-56
9.87364e-57
5.53842e-57
3.10291e-57
1.7363e-57
9.70412e-58
5.41704e-58
3.02025e-58
1.68189e-58
9.35472e-59
5.19683e-59
2.88352e-59
1.59803e-59
8.84553e-60
4.89035e-60
2.70044e-60
1.48938e-60
8.20462e-61
4.51431e-61
2.4809e-61
1.36186e-61
7.46811e-62
4.09294e-62
2.24507e-62
1.23851e-62
6.98054e-63
4.2153e-63
3.05155e-63
)
;

boundaryField
{
    sides
    {
        type            zeroGradient;
    }
    empty
    {
        type            empty;
    }
}


// ************************************************************************* //
