/*--------------------------------*- C++ -*----------------------------------*\
  =========                 |
  \\      /  F ield         | OpenFOAM: The Open Source CFD Toolbox
   \\    /   O peration     | Website:  https://openfoam.org
    \\  /    A nd           | Version:  13
     \\/     M anipulation  |
\*---------------------------------------------------------------------------*/
FoamFile
{
    format      ascii;
    class       volScalarField;
    location    "1.18";
    object      T;
}
// * * * * * * * * * * * * * * * * * * * * * * * * * * * * * * * * * * * * * //

dimensions      [0 0 0 1 0 0 0];

internalField   nonuniform List<scalar> 
1000
(
1.42657e-156
4.61381e-156
1.80717e-155
7.16251e-155
2.83586e-154
1.12073e-153
4.42067e-153
1.74039e-152
6.8387e-152
2.68205e-151
1.04985e-150
4.10154e-150
1.59931e-149
6.2241e-149
2.41758e-148
9.3722e-148
3.62626e-147
1.40033e-146
5.39702e-146
2.07601e-145
7.96993e-145
3.05371e-144
1.16774e-143
4.45667e-143
1.69753e-142
6.45308e-142
2.44825e-141
9.27007e-141
3.50305e-140
1.32113e-139
4.97254e-139
1.86785e-138
7.00223e-138
2.61975e-137
9.78159e-137
3.64489e-136
1.35545e-135
5.03041e-135
1.86313e-134
6.88657e-134
2.54026e-133
9.35125e-133
3.43538e-132
1.25948e-131
4.60805e-131
1.68249e-130
6.13046e-130
2.22915e-129
8.08888e-129
2.92913e-128
1.0585e-127
3.81714e-127
1.37367e-126
4.93312e-126
1.76788e-125
6.32232e-125
2.25625e-124
8.03502e-124
2.85543e-123
1.01261e-122
3.58337e-122
1.26538e-121
4.45894e-121
1.5679e-120
5.50146e-120
1.92624e-119
6.73002e-119
2.34634e-118
8.16266e-118
2.8336e-117
9.81544e-117
3.39268e-116
1.17013e-115
4.02705e-115
1.38291e-114
4.73867e-114
1.62021e-113
5.52759e-113
1.8817e-112
6.39161e-112
2.16629e-111
7.32597e-111
2.47204e-110
8.32308e-110
2.79609e-109
9.37243e-109
3.13464e-108
1.04605e-107
3.48298e-107
1.15711e-106
3.83551e-106
1.26852e-105
4.18592e-105
1.37818e-104
4.52727e-104
1.48383e-103
4.85227e-103
1.58313e-102
5.15348e-102
1.67375e-101
5.42357e-101
1.75341e-100
5.65568e-100
1.82006e-99
5.84362e-99
1.87187e-98
5.9822e-98
1.90738e-97
6.06742e-97
1.92556e-96
6.09671e-96
1.92582e-95
6.06902e-95
1.90809e-94
5.98488e-94
1.87278e-93
5.84642e-93
1.82081e-92
5.65725e-92
1.75353e-91
5.4223e-91
1.67269e-90
5.14764e-90
1.58037e-89
4.84018e-89
1.47883e-88
4.5074e-88
1.37051e-87
4.15704e-87
1.25785e-86
3.7968e-86
1.14326e-85
3.43407e-85
1.02898e-84
3.07568e-84
9.17074e-84
2.72769e-83
8.09306e-83
2.39527e-82
7.07158e-82
2.08256e-81
6.11781e-81
1.79271e-80
5.24004e-80
1.52781e-79
4.44338e-79
1.28902e-78
3.73003e-78
1.07662e-77
3.09966e-77
8.90144e-77
2.54976e-76
7.28502e-76
2.07611e-75
5.90142e-75
1.67319e-74
4.73171e-74
1.33466e-73
3.75489e-73
1.05366e-72
2.94899e-72
8.23222e-72
2.29207e-71
6.36508e-71
1.76296e-70
4.87012e-70
1.34182e-69
3.68726e-69
1.01057e-68
2.76235e-68
7.53074e-68
2.04759e-67
5.5525e-67
1.50167e-66
4.05042e-66
1.08958e-65
2.92314e-65
7.82115e-65
2.08698e-64
5.55382e-64
1.47396e-63
3.90123e-63
1.02975e-62
2.71068e-62
7.11601e-62
1.86296e-61
4.86382e-61
1.26635e-60
3.28802e-60
8.51359e-60
2.1983e-59
5.6605e-59
1.45349e-58
3.72186e-58
9.5037e-58
2.41996e-57
6.14475e-57
1.55589e-56
3.9285e-56
9.89116e-56
2.48335e-55
6.2172e-55
1.55209e-54
3.86367e-54
9.5905e-54
2.37377e-53
5.85856e-53
1.44176e-52
3.53788e-52
8.6564e-52
2.11191e-51
5.1375e-51
1.24614e-50
3.0138e-50
7.26764e-50
1.74744e-49
4.18924e-49
1.00136e-48
2.38654e-48
5.67106e-48
1.34361e-47
3.17391e-47
7.47522e-47
1.75534e-46
4.1096e-46
9.59268e-46
2.23243e-45
5.17977e-45
1.19821e-44
2.76343e-44
6.35402e-44
1.45657e-43
3.32886e-43
7.58469e-43
1.72288e-42
3.9016e-42
8.80847e-42
1.98255e-41
4.44848e-41
9.95082e-41
2.21903e-40
4.93314e-40
1.09329e-39
2.41543e-39
5.31986e-39
1.16802e-38
2.55646e-38
5.57782e-38
1.21318e-37
2.63036e-37
5.68507e-37
1.22484e-36
2.63056e-36
5.63165e-36
1.20182e-35
2.55656e-35
5.42106e-35
1.14583e-34
2.41412e-34
5.06993e-34
1.06131e-33
2.21452e-33
4.60584e-33
9.54835e-33
1.97304e-32
4.06373e-32
8.34251e-32
1.70705e-31
3.48154e-31
7.07731e-31
1.43395e-30
2.89578e-30
5.82856e-30
1.16928e-29
2.33792e-29
4.65905e-29
9.25371e-29
1.83182e-28
3.61406e-28
7.1064e-28
1.39266e-27
2.72004e-27
5.29467e-27
1.02715e-26
1.98589e-26
3.82651e-26
7.34805e-26
1.40624e-25
2.68203e-25
5.09776e-25
9.65618e-25
1.8228e-24
3.42907e-24
6.42857e-24
1.20102e-23
2.23606e-23
4.14865e-23
7.67045e-23
1.41326e-22
2.59481e-22
4.74755e-22
8.65591e-22
1.57264e-21
2.84721e-21
5.13664e-21
9.23431e-21
1.65422e-20
2.95286e-20
5.25232e-20
9.30922e-20
1.6441e-19
2.8933e-19
5.07345e-19
8.86459e-19
1.54331e-18
2.67725e-18
4.62763e-18
7.97005e-18
1.36771e-17
2.33859e-17
3.98418e-17
6.7631e-17
1.14386e-16
1.92759e-16
3.23647e-16
5.41426e-16
9.02435e-16
1.49865e-15
2.47962e-15
4.08764e-15
6.71365e-15
1.0986e-14
1.79108e-14
2.90926e-14
4.708e-14
7.59062e-14
1.21927e-13
1.95122e-13
3.11093e-13
4.9414e-13
7.81959e-13
1.23279e-12
1.93627e-12
3.02975e-12
4.72296e-12
7.33474e-12
1.13479e-11
1.74905e-11
2.68564e-11
4.10815e-11
6.26033e-11
9.50381e-11
1.4373e-10
2.16541e-10
3.24997e-10
4.85914e-10
7.23735e-10
1.07384e-09
1.58721e-09
2.33703e-09
3.4279e-09
5.00867e-09
7.29032e-09
1.05706e-08
1.52679e-08
2.19676e-08
3.14855e-08
4.49532e-08
6.39339e-08
9.05778e-08
1.27829e-07
1.79703e-07
2.5165e-07
3.51038e-07
4.87781e-07
6.75162e-07
9.309e-07
1.27853e-06
1.74915e-06
2.3837e-06
3.23584e-06
4.37554e-06
5.89363e-06
7.90756e-06
1.05684e-05
1.40696e-05
1.86579e-05
2.46462e-05
3.24298e-05
4.25055e-05
5.5495e-05
7.21721e-05
9.34961e-05
0.00012065
0.000155084
0.000198572
0.000253269
0.000321778
0.000407233
0.000513387
0.000644708
0.000806488
0.00100497
0.00124746
0.00154251
0.00189999
0.00233133
0.00284961
0.00346978
0.00420876
0.00508565
0.00612183
0.00734113
0.00876992
0.0104372
0.0123746
0.0146164
0.0171997
0.020164
0.0235511
0.0274052
0.0317721
0.0366993
0.0422354
0.0484294
0.0553303
0.0629864
0.0714444
0.0807491
0.0909421
0.102061
0.114138
0.127202
0.141273
0.156363
0.17248
0.18962
0.207771
0.22691
0.247007
0.268021
0.289899
0.312581
0.335997
0.360068
0.384709
0.409824
0.435316
0.46108
0.487008
0.512992
0.53892
0.564684
0.590176
0.615291
0.639932
0.664003
0.687419
0.710101
0.731979
0.752993
0.77309
0.792229
0.81038
0.82752
0.843637
0.858727
0.872798
0.885861
0.897939
0.909058
0.919251
0.928555
0.937013
0.944669
0.95157
0.957764
0.963299
0.968226
0.972592
0.976446
0.979832
0.982794
0.985376
0.987615
0.989549
0.991211
0.992634
0.993846
0.994872
0.995736
0.996458
0.997057
0.997548
0.997945
0.998259
0.998499
0.998673
0.998786
0.998842
0.998842
0.998786
0.998673
0.998499
0.998259
0.997945
0.997548
0.997057
0.996458
0.995736
0.994872
0.993846
0.992634
0.991211
0.989549
0.987615
0.985376
0.982794
0.979832
0.976446
0.972592
0.968226
0.963299
0.957764
0.95157
0.944669
0.937013
0.928555
0.919251
0.909058
0.897939
0.885861
0.872798
0.858727
0.843637
0.82752
0.81038
0.792229
0.77309
0.752993
0.731979
0.710101
0.687419
0.664003
0.639932
0.615291
0.590176
0.564684
0.53892
0.512992
0.487008
0.46108
0.435316
0.409824
0.384709
0.360068
0.335997
0.312581
0.289899
0.268021
0.247007
0.22691
0.207771
0.18962
0.17248
0.156363
0.141273
0.127202
0.114138
0.102061
0.0909421
0.0807491
0.0714444
0.0629864
0.0553303
0.0484294
0.0422354
0.0366993
0.0317721
0.0274052
0.0235511
0.020164
0.0171997
0.0146164
0.0123746
0.0104372
0.00876992
0.00734113
0.00612183
0.00508565
0.00420876
0.00346978
0.00284961
0.00233133
0.00189999
0.00154251
0.00124746
0.00100497
0.000806488
0.000644708
0.000513387
0.000407233
0.000321778
0.000253269
0.000198572
0.000155084
0.00012065
9.34961e-05
7.21721e-05
5.5495e-05
4.25055e-05
3.24298e-05
2.46462e-05
1.86579e-05
1.40696e-05
1.05684e-05
7.90756e-06
5.89363e-06
4.37554e-06
3.23584e-06
2.3837e-06
1.74915e-06
1.27853e-06
9.309e-07
6.75162e-07
4.87781e-07
3.51038e-07
2.5165e-07
1.79703e-07
1.27829e-07
9.05778e-08
6.39339e-08
4.49532e-08
3.14855e-08
2.19676e-08
1.52679e-08
1.05706e-08
7.29032e-09
5.00867e-09
3.4279e-09
2.33703e-09
1.58721e-09
1.07384e-09
7.23735e-10
4.85914e-10
3.24997e-10
2.16541e-10
1.4373e-10
9.50381e-11
6.26033e-11
4.10815e-11
2.68564e-11
1.74905e-11
1.13479e-11
7.33474e-12
4.72296e-12
3.02975e-12
1.93627e-12
1.23279e-12
7.81959e-13
4.9414e-13
3.11093e-13
1.95122e-13
1.21927e-13
7.59062e-14
4.708e-14
2.90926e-14
1.79108e-14
1.0986e-14
6.71365e-15
4.08764e-15
2.47962e-15
1.49865e-15
9.02435e-16
5.41426e-16
3.23647e-16
1.92759e-16
1.14386e-16
6.7631e-17
3.98418e-17
2.33859e-17
1.36771e-17
7.97005e-18
4.62763e-18
2.67725e-18
1.54331e-18
8.86459e-19
5.07345e-19
2.8933e-19
1.6441e-19
9.30922e-20
5.25232e-20
2.95286e-20
1.65422e-20
9.23431e-21
5.13664e-21
2.84721e-21
1.57264e-21
8.65591e-22
4.74755e-22
2.59481e-22
1.41326e-22
7.67045e-23
4.14865e-23
2.23606e-23
1.20102e-23
6.42857e-24
3.42907e-24
1.8228e-24
9.65618e-25
5.09776e-25
2.68203e-25
1.40624e-25
7.34805e-26
3.82651e-26
1.98589e-26
1.02715e-26
5.29467e-27
2.72004e-27
1.39266e-27
7.1064e-28
3.61406e-28
1.83182e-28
9.25371e-29
4.65905e-29
2.33792e-29
1.16928e-29
5.82856e-30
2.89578e-30
1.43395e-30
7.07731e-31
3.48154e-31
1.70705e-31
8.34251e-32
4.06373e-32
1.97304e-32
9.54835e-33
4.60584e-33
2.21452e-33
1.06131e-33
5.06993e-34
2.41412e-34
1.14583e-34
5.42106e-35
2.55656e-35
1.20182e-35
5.63165e-36
2.63056e-36
1.22484e-36
5.68507e-37
2.63036e-37
1.21318e-37
5.57782e-38
2.55646e-38
1.16802e-38
5.31986e-39
2.41543e-39
1.09329e-39
4.93314e-40
2.21903e-40
9.95082e-41
4.44848e-41
1.98255e-41
8.80847e-42
3.9016e-42
1.72288e-42
7.58469e-43
3.32886e-43
1.45657e-43
6.35402e-44
2.76343e-44
1.19821e-44
5.17977e-45
2.23243e-45
9.59268e-46
4.1096e-46
1.75534e-46
7.47522e-47
3.17391e-47
1.34361e-47
5.67106e-48
2.38654e-48
1.00136e-48
4.18924e-49
1.74744e-49
7.26764e-50
3.0138e-50
1.24614e-50
5.1375e-51
2.11191e-51
8.6564e-52
3.53788e-52
1.44176e-52
5.85856e-53
2.37377e-53
9.5905e-54
3.86367e-54
1.55209e-54
6.2172e-55
2.48335e-55
9.89116e-56
3.9285e-56
1.55589e-56
6.14475e-57
2.41996e-57
9.5037e-58
3.72186e-58
1.45349e-58
5.6605e-59
2.1983e-59
8.51359e-60
3.28802e-60
1.26635e-60
4.86382e-61
1.86296e-61
7.11601e-62
2.71068e-62
1.02975e-62
3.90123e-63
1.47396e-63
5.55382e-64
2.08698e-64
7.82115e-65
2.92314e-65
1.08958e-65
4.05042e-66
1.50167e-66
5.5525e-67
2.04759e-67
7.53074e-68
2.76235e-68
1.01057e-68
3.68726e-69
1.34182e-69
4.87012e-70
1.76296e-70
6.36508e-71
2.29207e-71
8.23222e-72
2.94899e-72
1.05366e-72
3.75489e-73
1.33466e-73
4.73171e-74
1.67319e-74
5.90142e-75
2.07611e-75
7.28502e-76
2.54976e-76
8.90144e-77
3.09966e-77
1.07662e-77
3.73003e-78
1.28902e-78
4.44338e-79
1.52781e-79
5.24004e-80
1.79271e-80
6.11781e-81
2.08256e-81
7.07158e-82
2.39527e-82
8.09306e-83
2.72769e-83
9.17074e-84
3.07568e-84
1.02898e-84
3.43407e-85
1.14326e-85
3.7968e-86
1.25785e-86
4.15704e-87
1.37051e-87
4.5074e-88
1.47883e-88
4.84018e-89
1.58037e-89
5.14764e-90
1.67269e-90
5.4223e-91
1.75353e-91
5.65725e-92
1.82081e-92
5.84642e-93
1.87278e-93
5.98488e-94
1.90809e-94
6.06902e-95
1.92582e-95
6.09671e-96
1.92556e-96
6.06742e-97
1.90738e-97
5.9822e-98
1.87187e-98
5.84362e-99
1.82006e-99
5.65568e-100
1.75341e-100
5.42357e-101
1.67375e-101
5.15348e-102
1.58313e-102
4.85227e-103
1.48383e-103
4.52727e-104
1.37818e-104
4.18592e-105
1.26852e-105
3.83551e-106
1.15711e-106
3.48298e-107
1.04605e-107
3.13464e-108
9.37243e-109
2.79609e-109
8.32308e-110
2.47204e-110
7.32597e-111
2.16629e-111
6.39161e-112
1.8817e-112
5.52759e-113
1.62021e-113
4.73867e-114
1.38291e-114
4.02705e-115
1.17013e-115
3.39268e-116
9.81544e-117
2.8336e-117
8.16266e-118
2.34634e-118
6.73002e-119
1.92624e-119
5.50146e-120
1.5679e-120
4.45894e-121
1.26538e-121
3.58337e-122
1.01261e-122
2.85543e-123
8.03502e-124
2.25625e-124
6.32232e-125
1.76788e-125
4.93312e-126
1.37367e-126
3.81714e-127
1.0585e-127
2.92913e-128
8.08888e-129
2.22915e-129
6.13046e-130
1.68249e-130
4.60805e-131
1.25948e-131
3.43538e-132
9.35125e-133
2.54026e-133
6.88657e-134
1.86313e-134
5.03041e-135
1.35545e-135
3.64489e-136
9.78159e-137
2.61975e-137
7.00223e-138
1.86785e-138
4.97254e-139
1.32113e-139
3.50305e-140
9.27007e-141
2.44825e-141
6.45308e-142
1.69753e-142
4.45667e-143
1.16774e-143
3.05371e-144
7.96993e-145
2.07601e-145
5.39702e-146
1.40033e-146
3.62626e-147
9.3722e-148
2.41758e-148
6.2241e-149
1.59931e-149
4.10154e-150
1.04985e-150
2.68205e-151
6.8387e-152
1.74039e-152
4.42067e-153
1.12073e-153
2.83586e-154
7.16251e-155
1.80717e-155
4.61381e-156
1.42657e-156
)
;

boundaryField
{
    sides
    {
        type            zeroGradient;
    }
    empty
    {
        type            empty;
    }
}


// ************************************************************************* //
