/*--------------------------------*- C++ -*----------------------------------*\
  =========                 |
  \\      /  F ield         | OpenFOAM: The Open Source CFD Toolbox
   \\    /   O peration     | Website:  https://openfoam.org
    \\  /    A nd           | Version:  13
     \\/     M anipulation  |
\*---------------------------------------------------------------------------*/
FoamFile
{
    format      ascii;
    class       volScalarField;
    location    "4.25";
    object      T;
}
// * * * * * * * * * * * * * * * * * * * * * * * * * * * * * * * * * * * * * //

dimensions      [0 0 0 1 0 0 0];

internalField   nonuniform List<scalar> 
1000
(
1.44914e-52
1.83005e-52
2.69031e-52
4.25184e-52
6.91625e-52
1.13664e-51
1.87384e-51
3.09065e-51
5.09516e-51
8.39274e-51
1.38112e-50
2.27051e-50
3.72881e-50
6.11742e-50
1.00258e-49
1.64142e-49
2.68454e-49
4.38602e-49
7.15849e-49
1.16714e-48
1.90095e-48
3.09293e-48
5.0271e-48
8.16233e-48
1.32391e-47
2.14512e-47
3.47211e-47
5.61413e-47
9.06817e-47
1.4632e-46
2.3585e-46
3.79764e-46
6.10856e-46
9.81546e-46
1.57554e-45
2.52635e-45
4.04672e-45
6.47529e-45
1.03505e-44
1.65275e-44
2.63633e-44
4.20084e-44
6.68678e-44
1.06327e-43
1.68894e-43
2.67995e-43
4.24801e-43
6.72647e-43
1.06398e-42
1.6812e-42
2.6537e-42
4.18433e-42
6.59086e-42
1.03705e-41
1.63005e-41
2.55944e-41
4.01449e-41
6.29009e-41
9.8452e-41
1.53934e-40
2.40427e-40
3.75123e-40
5.84663e-40
9.10284e-40
1.41576e-39
2.19958e-39
3.41375e-39
5.29251e-39
8.19657e-39
1.26806e-38
1.9597e-38
3.02536e-38
4.66554e-38
7.1873e-38
1.10603e-37
1.70023e-37
2.61087e-37
4.00498e-37
6.13695e-37
9.39382e-37
1.43638e-36
2.19398e-36
3.34758e-36
5.10232e-36
7.76855e-36
1.18154e-35
1.79511e-35
2.72441e-35
4.13035e-35
6.25514e-35
9.46285e-35
1.43002e-34
2.15872e-34
3.25526e-34
4.90353e-34
7.37846e-34
1.10907e-33
1.66526e-33
2.4977e-33
3.74224e-33
5.60088e-33
8.37363e-33
1.25056e-32
1.86564e-32
2.78024e-32
4.13875e-32
6.15444e-32
9.14197e-32
1.35651e-31
2.01065e-31
2.97702e-31
4.4031e-31
6.50528e-31
9.60073e-31
1.41538e-30
2.08435e-30
3.0662e-30
4.50567e-30
6.61376e-30
9.69767e-30
1.42041e-29
2.07822e-29
3.03738e-29
4.43439e-29
6.46693e-29
9.42086e-29
1.37092e-28
1.99279e-28
2.8936e-28
4.19704e-28
6.08101e-28
8.80108e-28
1.2724e-27
1.83755e-27
2.65082e-27
3.81988e-27
5.49851e-27
7.90618e-27
1.13557e-26
1.62926e-26
2.33502e-26
3.34285e-26
4.78045e-26
6.82883e-26
9.74426e-26
1.38892e-25
1.97756e-25
2.8126e-25
3.99587e-25
5.67072e-25
8.03878e-25
1.13832e-24
1.61015e-24
2.27505e-24
3.21098e-24
4.52698e-24
6.37535e-24
8.96854e-24
1.26027e-23
1.769e-23
2.48036e-23
3.47395e-23
4.86022e-23
6.7922e-23
9.48173e-23
1.32217e-22
1.84165e-22
2.56242e-22
3.56135e-22
4.94425e-22
6.85658e-22
9.49808e-22
1.31427e-21
1.81658e-21
2.50811e-21
3.45906e-21
4.76531e-21
6.55758e-21
9.01397e-21
1.23768e-20
1.69755e-20
2.32571e-20
3.18279e-20
4.3509e-20
5.94115e-20
8.10366e-20
1.10411e-19
1.50266e-19
2.04281e-19
2.77405e-19
3.76287e-19
5.09851e-19
6.90057e-19
9.32921e-19
1.25986e-18
1.69949e-18
2.28999e-18
3.08224e-18
4.14396e-18
5.56523e-18
7.46565e-18
1.00039e-17
1.33902e-17
1.79029e-17
2.39099e-17
3.18968e-17
4.25044e-17
5.65767e-17
7.52241e-17
9.99063e-17
1.3254e-16
1.75636e-16
2.32487e-16
3.07397e-16
4.0599e-16
5.35609e-16
7.05823e-16
9.29093e-16
1.22163e-15
1.60447e-15
2.10495e-15
2.75846e-15
3.61082e-15
4.72129e-15
6.16639e-15
8.0448e-15
1.04837e-14
1.36467e-14
1.77442e-14
2.30462e-14
2.9899e-14
3.87461e-14
5.01549e-14
6.48505e-14
8.37582e-14
1.08058e-13
1.39251e-13
1.79247e-13
2.30474e-13
2.96009e-13
3.79753e-13
4.86645e-13
6.22925e-13
7.96476e-13
1.01724e-12
1.29774e-12
1.65373e-12
2.10501e-12
2.67644e-12
3.39918e-12
4.31224e-12
5.46444e-12
6.91673e-12
8.74519e-12
1.10446e-11
1.3933e-11
1.7557e-11
2.20988e-11
2.77844e-11
3.48936e-11
4.37727e-11
5.48495e-11
6.86522e-11
8.5832e-11
1.0719e-10
1.33714e-10
1.66613e-10
2.07373e-10
2.57815e-10
3.20168e-10
3.97154e-10
4.92099e-10
6.09058e-10
7.52968e-10
9.29838e-10
1.14697e-09
1.41321e-09
1.73929e-09
2.13822e-09
2.6257e-09
3.22069e-09
3.94608e-09
4.82942e-09
5.90386e-09
7.20925e-09
8.79338e-09
1.07136e-08
1.30384e-08
1.585e-08
1.92462e-08
2.33439e-08
2.82823e-08
3.4227e-08
4.13747e-08
4.9959e-08
6.02567e-08
7.25956e-08
8.7363e-08
1.05017e-07
1.26096e-07
1.51237e-07
1.81187e-07
2.16826e-07
2.59183e-07
3.09468e-07
3.69096e-07
4.39719e-07
5.2327e-07
6.21999e-07
7.38528e-07
8.75908e-07
1.03768e-06
1.22796e-06
1.4515e-06
1.71382e-06
2.02129e-06
2.38126e-06
2.8022e-06
3.29387e-06
3.86748e-06
4.53592e-06
5.31396e-06
6.21851e-06
7.26893e-06
8.48731e-06
9.89888e-06
1.15323e-05
1.34204e-05
1.56002e-05
1.81139e-05
2.10093e-05
2.43404e-05
2.81683e-05
3.2562e-05
3.75993e-05
4.33677e-05
4.99656e-05
5.75035e-05
6.61054e-05
7.59098e-05
8.7072e-05
9.97651e-05
0.000114182
0.000130539
0.000149073
0.000170052
0.000193769
0.00022055
0.000250757
0.000284787
0.00032308
0.00036612
0.000414438
0.000468618
0.0005293
0.000597186
0.000673042
0.000757704
0.000852084
0.000957175
0.00107405
0.00120389
0.00134796
0.00150763
0.00168438
0.00187981
0.00209565
0.00233374
0.00259607
0.00288477
0.00320211
0.00355055
0.00393266
0.00435122
0.00480916
0.00530961
0.00585586
0.00645141
0.00709996
0.00780538
0.00857176
0.00940341
0.0103048
0.0112807
0.0123359
0.0134756
0.0147052
0.0160301
0.017456
0.0189889
0.0206349
0.0224001
0.0242911
0.0263144
0.0284768
0.0307851
0.0332461
0.0358671
0.038655
0.041617
0.0447604
0.0480922
0.0516197
0.05535
0.05929
0.0634466
0.0678268
0.0724369
0.0772834
0.0823725
0.0877099
0.0933013
0.0991519
0.105266
0.111649
0.118304
0.125235
0.132444
0.139935
0.147708
0.155766
0.164108
0.172734
0.181644
0.190836
0.200309
0.210058
0.22008
0.230371
0.240926
0.251738
0.2628
0.274106
0.285647
0.297413
0.309396
0.321583
0.333966
0.346531
0.359266
0.372158
0.385194
0.39836
0.41164
0.42502
0.438485
0.452019
0.465605
0.479229
0.492872
0.50652
0.520154
0.53376
0.547319
0.560816
0.574234
0.587557
0.600769
0.613854
0.626797
0.639584
0.652199
0.664629
0.676859
0.688877
0.700669
0.712225
0.723532
0.734579
0.745357
0.755854
0.766063
0.775974
0.78558
0.794872
0.803846
0.812493
0.820808
0.828787
0.836424
0.843716
0.850658
0.857248
0.863482
0.869358
0.874874
0.880027
0.884817
0.889242
0.8933
0.896992
0.900316
0.903271
0.905858
0.908076
0.909925
0.911404
0.912513
0.913252
0.913622
0.913622
0.913252
0.912513
0.911404
0.909925
0.908076
0.905858
0.903271
0.900316
0.896992
0.8933
0.889242
0.884817
0.880027
0.874874
0.869358
0.863482
0.857248
0.850658
0.843716
0.836424
0.828787
0.820808
0.812493
0.803846
0.794872
0.78558
0.775974
0.766063
0.755854
0.745357
0.734579
0.723532
0.712225
0.700669
0.688877
0.676859
0.664629
0.652199
0.639584
0.626797
0.613854
0.600769
0.587557
0.574234
0.560816
0.547319
0.53376
0.520154
0.50652
0.492872
0.479229
0.465605
0.452019
0.438485
0.42502
0.41164
0.39836
0.385194
0.372158
0.359266
0.346531
0.333966
0.321583
0.309396
0.297413
0.285647
0.274106
0.2628
0.251738
0.240926
0.230371
0.22008
0.210058
0.200309
0.190836
0.181644
0.172734
0.164108
0.155766
0.147708
0.139935
0.132444
0.125235
0.118304
0.111649
0.105266
0.0991519
0.0933013
0.0877099
0.0823725
0.0772834
0.0724369
0.0678268
0.0634466
0.05929
0.05535
0.0516197
0.0480922
0.0447604
0.041617
0.038655
0.0358671
0.0332461
0.0307851
0.0284768
0.0263144
0.0242911
0.0224001
0.0206349
0.0189889
0.017456
0.0160301
0.0147052
0.0134756
0.0123359
0.0112807
0.0103048
0.00940341
0.00857176
0.00780538
0.00709996
0.00645141
0.00585586
0.00530961
0.00480916
0.00435122
0.00393266
0.00355055
0.00320211
0.00288477
0.00259607
0.00233374
0.00209565
0.00187981
0.00168438
0.00150763
0.00134796
0.00120389
0.00107405
0.000957175
0.000852084
0.000757704
0.000673042
0.000597186
0.0005293
0.000468618
0.000414438
0.00036612
0.00032308
0.000284787
0.000250757
0.00022055
0.000193769
0.000170052
0.000149073
0.000130539
0.000114182
9.97651e-05
8.7072e-05
7.59098e-05
6.61054e-05
5.75035e-05
4.99656e-05
4.33677e-05
3.75993e-05
3.2562e-05
2.81683e-05
2.43404e-05
2.10093e-05
1.81139e-05
1.56002e-05
1.34204e-05
1.15323e-05
9.89888e-06
8.48731e-06
7.26893e-06
6.21851e-06
5.31396e-06
4.53592e-06
3.86748e-06
3.29387e-06
2.8022e-06
2.38126e-06
2.02129e-06
1.71382e-06
1.4515e-06
1.22796e-06
1.03768e-06
8.75908e-07
7.38528e-07
6.21999e-07
5.2327e-07
4.39719e-07
3.69096e-07
3.09468e-07
2.59183e-07
2.16826e-07
1.81187e-07
1.51237e-07
1.26096e-07
1.05017e-07
8.7363e-08
7.25956e-08
6.02567e-08
4.9959e-08
4.13747e-08
3.4227e-08
2.82823e-08
2.33439e-08
1.92462e-08
1.585e-08
1.30384e-08
1.07136e-08
8.79338e-09
7.20925e-09
5.90386e-09
4.82942e-09
3.94608e-09
3.22069e-09
2.6257e-09
2.13822e-09
1.73929e-09
1.41321e-09
1.14697e-09
9.29838e-10
7.52968e-10
6.09058e-10
4.92099e-10
3.97154e-10
3.20168e-10
2.57815e-10
2.07373e-10
1.66613e-10
1.33714e-10
1.0719e-10
8.5832e-11
6.86522e-11
5.48495e-11
4.37727e-11
3.48936e-11
2.77844e-11
2.20988e-11
1.7557e-11
1.3933e-11
1.10446e-11
8.74519e-12
6.91673e-12
5.46444e-12
4.31224e-12
3.39918e-12
2.67644e-12
2.10501e-12
1.65373e-12
1.29774e-12
1.01724e-12
7.96476e-13
6.22925e-13
4.86645e-13
3.79753e-13
2.96009e-13
2.30474e-13
1.79247e-13
1.39251e-13
1.08058e-13
8.37582e-14
6.48505e-14
5.01549e-14
3.87461e-14
2.9899e-14
2.30462e-14
1.77442e-14
1.36467e-14
1.04837e-14
8.0448e-15
6.16639e-15
4.72129e-15
3.61082e-15
2.75846e-15
2.10495e-15
1.60447e-15
1.22163e-15
9.29093e-16
7.05823e-16
5.35609e-16
4.0599e-16
3.07397e-16
2.32487e-16
1.75636e-16
1.3254e-16
9.99063e-17
7.52241e-17
5.65767e-17
4.25044e-17
3.18968e-17
2.39099e-17
1.79029e-17
1.33902e-17
1.00039e-17
7.46565e-18
5.56523e-18
4.14396e-18
3.08224e-18
2.28999e-18
1.69949e-18
1.25986e-18
9.32921e-19
6.90057e-19
5.09851e-19
3.76287e-19
2.77405e-19
2.04281e-19
1.50266e-19
1.10411e-19
8.10366e-20
5.94115e-20
4.3509e-20
3.18279e-20
2.32571e-20
1.69755e-20
1.23768e-20
9.01397e-21
6.55758e-21
4.76531e-21
3.45906e-21
2.50811e-21
1.81658e-21
1.31427e-21
9.49808e-22
6.85658e-22
4.94425e-22
3.56135e-22
2.56242e-22
1.84165e-22
1.32217e-22
9.48173e-23
6.7922e-23
4.86022e-23
3.47395e-23
2.48036e-23
1.769e-23
1.26027e-23
8.96854e-24
6.37535e-24
4.52698e-24
3.21098e-24
2.27505e-24
1.61015e-24
1.13832e-24
8.03878e-25
5.67072e-25
3.99587e-25
2.8126e-25
1.97756e-25
1.38892e-25
9.74426e-26
6.82883e-26
4.78045e-26
3.34285e-26
2.33502e-26
1.62926e-26
1.13557e-26
7.90618e-27
5.49851e-27
3.81988e-27
2.65082e-27
1.83755e-27
1.2724e-27
8.80108e-28
6.08101e-28
4.19704e-28
2.8936e-28
1.99279e-28
1.37092e-28
9.42086e-29
6.46693e-29
4.43439e-29
3.03738e-29
2.07822e-29
1.42041e-29
9.69767e-30
6.61376e-30
4.50567e-30
3.0662e-30
2.08435e-30
1.41538e-30
9.60073e-31
6.50528e-31
4.4031e-31
2.97702e-31
2.01065e-31
1.35651e-31
9.14197e-32
6.15444e-32
4.13875e-32
2.78024e-32
1.86564e-32
1.25056e-32
8.37363e-33
5.60088e-33
3.74224e-33
2.4977e-33
1.66526e-33
1.10907e-33
7.37846e-34
4.90353e-34
3.25526e-34
2.15872e-34
1.43002e-34
9.46285e-35
6.25514e-35
4.13035e-35
2.72441e-35
1.79511e-35
1.18154e-35
7.76855e-36
5.10232e-36
3.34758e-36
2.19398e-36
1.43638e-36
9.39382e-37
6.13695e-37
4.00498e-37
2.61087e-37
1.70023e-37
1.10603e-37
7.1873e-38
4.66554e-38
3.02536e-38
1.9597e-38
1.26806e-38
8.19657e-39
5.29251e-39
3.41375e-39
2.19958e-39
1.41576e-39
9.10284e-40
5.84663e-40
3.75123e-40
2.40427e-40
1.53934e-40
9.8452e-41
6.29009e-41
4.01449e-41
2.55944e-41
1.63005e-41
1.03705e-41
6.59086e-42
4.18433e-42
2.6537e-42
1.6812e-42
1.06398e-42
6.72647e-43
4.24801e-43
2.67995e-43
1.68894e-43
1.06327e-43
6.68678e-44
4.20084e-44
2.63633e-44
1.65275e-44
1.03505e-44
6.47529e-45
4.04672e-45
2.52635e-45
1.57554e-45
9.81546e-46
6.10856e-46
3.79764e-46
2.3585e-46
1.4632e-46
9.06817e-47
5.61413e-47
3.47211e-47
2.14512e-47
1.32391e-47
8.16233e-48
5.0271e-48
3.09293e-48
1.90095e-48
1.16714e-48
7.15849e-49
4.38602e-49
2.68454e-49
1.64142e-49
1.00258e-49
6.11742e-50
3.72881e-50
2.27051e-50
1.38112e-50
8.39274e-51
5.09516e-51
3.09065e-51
1.87384e-51
1.13664e-51
6.91625e-52
4.25184e-52
2.69031e-52
1.83005e-52
1.44914e-52
)
;

boundaryField
{
    sides
    {
        type            zeroGradient;
    }
    empty
    {
        type            empty;
    }
}


// ************************************************************************* //
