/*--------------------------------*- C++ -*----------------------------------*\
  =========                 |
  \\      /  F ield         | OpenFOAM: The Open Source CFD Toolbox
   \\    /   O peration     | Website:  https://openfoam.org
    \\  /    A nd           | Version:  13
     \\/     M anipulation  |
\*---------------------------------------------------------------------------*/
FoamFile
{
    format      ascii;
    class       volScalarField;
    location    "1";
    object      Ma;
}
// * * * * * * * * * * * * * * * * * * * * * * * * * * * * * * * * * * * * * //

dimensions      [];

internalField   nonuniform List<scalar> 
5250
(
3
3
2.99998
2.99993
2.99983
2.99955
2.99888
2.99725
2.99296
2.98309
2.95652
2.89353
2.72879
2.33589
1.53842
0.580432
0.177176
0.305587
0.332769
0.288771
0.225477
0.172105
0.127756
0.0842838
0.0460884
3
3
2.99998
2.99994
2.99982
2.99958
2.99884
2.99738
2.99284
2.98366
2.95672
2.89558
2.73272
2.34626
1.55732
0.592667
0.186289
0.310177
0.336472
0.292559
0.230686
0.179317
0.13744
0.098389
0.069219
3
3
2.99998
2.99994
2.99983
2.99957
2.99892
2.99734
2.99325
2.98374
2.9584
2.89822
2.74146
2.36689
1.59612
0.619369
0.206018
0.320246
0.345255
0.302824
0.244755
0.19768
0.160858
0.128994
0.108151
3.00001
3
2.99998
2.99994
2.99984
2.99958
2.99896
2.99743
2.99351
2.98428
2.96003
2.90208
2.75209
2.39292
1.64652
0.655899
0.233223
0.334288
0.357698
0.318493
0.266206
0.224391
0.193059
0.16744
0.151726
3.00001
3
2.99998
2.99994
2.99985
2.9996
2.99901
2.99755
2.99379
2.98505
2.9618
2.90682
2.76383
2.42083
1.69841
0.702729
0.268406
0.351323
0.372192
0.338009
0.293133
0.256781
0.230633
0.210231
0.198113
3.00001
3
2.99998
2.99995
2.99986
2.99963
2.99907
2.99769
2.99415
2.9859
2.96397
2.91226
2.77749
2.45284
1.76003
0.762349
0.312615
0.372264
0.388058
0.361039
0.325079
0.294205
0.273332
0.257983
0.249739
3.00001
3
2.99999
2.99995
2.99986
2.99967
2.9991
2.99792
2.9944
2.98716
2.96602
2.91889
2.79232
2.48903
1.82918
0.83477
0.368107
0.394771
0.404229
0.388375
0.361516
0.336382
0.321687
0.31271
0.310713
3.00001
3
2.99999
2.99996
2.99988
2.99969
2.99919
2.99809
2.9949
2.98825
2.96887
2.92595
2.80985
2.53044
1.91315
0.930262
0.434235
0.415199
0.424131
0.420228
0.401443
0.383456
0.376821
0.376515
0.385954
3.00001
3
2.99999
2.99996
2.99989
2.99973
2.99926
2.9983
2.9954
2.98951
2.97195
2.93368
2.82895
2.57691
2.00731
1.04786
0.509263
0.4357
0.448591
0.455117
0.444437
0.436681
0.43938
0.454309
0.488985
3.00001
3
2.99999
2.99997
2.9999
2.99976
2.99937
2.99845
2.99617
2.99031
2.97641
2.94029
2.85171
2.62625
2.11252
1.19555
0.595426
0.459598
0.477799
0.493639
0.492449
0.494686
0.512233
0.557872
0.659481
3.00001
3
3
2.99997
2.99992
2.99979
2.99948
2.99869
2.99671
2.99196
2.97945
2.95007
2.87294
2.68241
2.22985
1.37938
0.697951
0.49534
0.516996
0.538041
0.544
0.557194
0.594416
0.682076
0.854999
3.00001
3
3
2.99998
2.99993
2.99984
2.99956
2.99894
2.99729
2.99334
2.98342
2.95864
2.89686
2.74037
2.36316
1.61202
0.819153
0.549388
0.570095
0.589991
0.601782
0.624129
0.675805
0.783802
0.96916
3.00001
3
3
2.99998
2.99995
2.99986
2.99965
2.99913
2.99778
2.99471
2.98625
2.96736
2.91618
2.79383
2.48759
1.84724
0.948635
0.612054
0.62367
0.640983
0.659913
0.688829
0.746192
0.851574
1.01697
3.00001
3.00001
3
2.99999
2.99996
2.99989
2.99973
2.99926
2.99833
2.99537
2.98961
2.97204
2.93404
2.83005
2.58074
2.02092
1.10915
0.691974
0.663567
0.682412
0.707985
0.743389
0.801305
0.894302
1.0356
3.00001
3.00001
3
2.99999
2.99997
2.99992
2.99976
2.99948
2.9985
2.99672
2.99087
2.9792
2.94511
2.86686
2.66161
2.19273
1.33649
0.807509
0.700646
0.718283
0.746519
0.788353
0.846133
0.927382
1.0455
3.00001
3.00001
3
3
2.99998
2.99993
2.99984
2.99954
2.99898
2.9972
2.99356
2.98305
2.95949
2.89646
2.74284
2.36878
1.62942
0.950789
0.75172
0.75816
0.785036
0.827481
0.884183
0.956467
1.05483
3.00001
3.00001
3
3
2.99999
2.99996
2.99987
2.99968
2.9992
2.99799
2.9951
2.98754
2.97003
2.92385
2.81269
2.53556
1.94536
1.12359
0.824689
0.806047
0.826535
0.863905
0.916949
0.981199
1.06515
3.00001
3.00001
3.00001
3
2.99999
2.99997
2.99991
2.99978
2.99937
2.9986
2.99608
2.99129
2.97646
2.94482
2.85773
2.64976
2.16847
1.33683
0.918651
0.851355
0.868062
0.90021
0.948468
1.00657
1.07836
3.00001
3.00001
3.00001
3
3
2.99998
2.99994
2.99983
2.99957
2.99893
2.9973
2.99348
2.98324
2.95981
2.89732
2.74618
2.37851
1.65528
1.06547
0.907827
0.908456
0.932317
0.974508
1.0278
1.09109
3.00001
3.00001
3.00001
3.00001
3
2.99999
2.99996
2.99989
2.99968
2.9993
2.99803
2.99562
2.98816
2.97257
2.92921
2.82779
2.57299
2.02193
1.26167
0.9883
0.955183
0.969854
1.00387
1.05296
1.10881
3.00001
3.00001
3.00001
3.00001
3
2.99999
2.99997
2.99993
2.99978
2.99952
2.99863
2.99698
2.99175
2.98104
2.95069
2.8806
2.69922
2.28317
1.52427
1.10069
1.00517
1.00934
1.03396
1.07608
1.12667
3.00001
3.00001
3.00001
3.00001
3
3
2.99999
2.99995
2.99987
2.99964
2.99918
2.99784
2.99485
2.98703
2.96817
2.92112
2.80357
2.51959
1.91766
1.27041
1.07239
1.05235
1.06788
1.10266
1.14944
3.00001
3.00001
3.00001
3.00001
3.00001
3
2.99999
2.99997
2.99991
2.99979
2.9994
2.99868
2.99638
2.99176
2.97835
2.94864
2.8694
2.67986
2.24001
1.50717
1.16815
1.10169
1.10783
1.13211
1.16916
3.00001
3.00001
3.00001
3.00001
3.00001
3
3
2.99998
2.99995
2.99985
2.99966
2.99908
2.99785
2.99445
2.98664
2.96656
2.91763
2.79484
2.49971
1.88915
1.32571
1.16236
1.14608
1.16022
1.19056
3.00001
3.00001
3.00001
3.00001
3.00001
3.00001
3
2.99999
2.99997
2.99991
2.99978
2.99941
2.99867
2.99637
2.99191
2.97818
2.94958
2.86998
2.68501
2.25073
1.56496
1.25906
1.19643
1.19502
1.21466
3.00001
3.00001
3.00001
3.00001
3.00001
3.00001
3
3
2.99998
2.99995
2.99987
2.99965
2.99918
2.99783
2.99504
2.98676
2.96957
2.92095
2.80965
2.53116
1.96008
1.41473
1.2543
1.23303
1.24429
3.00001
3.00001
3.00001
3.00001
3.00001
3.00001
3.00001
3
2.99999
2.99997
2.99992
2.9998
2.99948
2.99873
2.99687
2.99216
2.98118
2.95238
2.88454
2.71263
2.31869
1.66945
1.35483
1.28259
1.27708
3.00001
3.00001
3.00001
3.00001
3.00001
3.00001
3.00001
3
3
2.99999
2.99995
2.99989
2.99968
2.9993
2.99806
2.99571
2.98852
2.97357
2.93236
2.83731
2.60165
2.09415
1.5327
1.34888
1.31902
3.00001
3.00001
3.00001
3.00001
3.00001
3.00001
3.00001
3.00001
3
3
2.99998
2.99994
2.99983
2.99958
2.99889
2.99748
2.99322
2.98469
2.95965
2.90496
2.76043
2.42896
1.82358
1.45794
1.36661
3.00001
3.00001
3.00001
3.00001
3.00001
3.00001
3.00001
3.00001
3.00001
3
2.99999
2.99996
2.99991
2.99975
2.99943
2.99845
2.99646
2.99081
2.97822
2.94548
2.86749
2.67631
2.24266
1.67438
1.45133
3.00001
3.00001
3.00001
3.00001
3.00001
3.00001
3.00001
3.00001
3.00001
3
3
2.99999
2.99995
2.99987
2.99968
2.99917
2.99807
2.9949
2.98844
2.96941
2.92896
2.81947
2.5673
2.04952
1.59452
3.00001
3.00001
3.00001
3.00001
3.00001
3.00001
3.00001
3.00001
3.00001
3.00001
3
3
2.99998
2.99994
2.99982
2.99958
2.99886
2.99741
2.99324
2.98406
2.95986
2.90239
2.75957
2.42378
1.87174
3.00001
3.00001
3.00001
3.00001
3.00001
3.00001
3.00001
3.00001
3.00001
3.00001
3.00001
3
2.99999
2.99997
2.99991
2.99977
2.99941
2.99862
2.99638
2.99179
2.97827
2.95011
2.8726
2.69684
2.29001
3.00001
3.00001
3.00001
3.00001
3.00001
3.00001
3.00001
3.00001
3.00001
3.00001
3.00001
3
3
2.99999
2.99996
2.99989
2.9997
2.99928
2.99821
2.9956
2.98943
2.97348
2.93672
2.84274
2.6208
3.00001
3.00001
3.00001
3.00001
3.00001
3.00001
3.00001
3.00001
3.00001
3.00001
3.00001
3.00001
3
3
2.99998
2.99995
2.99984
2.99965
2.99904
2.99786
2.99435
2.98687
2.96671
2.9199
2.80222
3.00001
3.00001
3.00001
3.00001
3.00001
3.00001
3.00001
3.00001
3.00001
3.00001
3.00001
3.00001
3.00001
3
3
2.99998
2.99993
2.99983
2.99952
2.99894
2.99709
2.99364
2.9827
2.96097
2.89923
3.00001
3.00001
3.00001
3.00001
3.00001
3.00001
3.00001
3.00001
3.00001
3.00001
3.00001
3.00001
3.00001
3.00001
3
2.99999
2.99997
2.99991
2.99978
2.99946
2.99863
2.99679
2.99171
2.98103
2.95097
3.00001
3.00001
3.00001
3.00001
3.00001
3.00001
3.00001
3.00001
3.00001
3.00001
3.00001
3.00001
3.00001
3.00001
3.00001
3
2.99999
2.99996
2.99991
2.99973
2.9994
2.99836
2.99634
2.99044
2.97795
3.00001
3.00001
3.00001
3.00001
3.00001
3.00001
3.00001
3.00001
3.00001
3.00001
3.00001
3.00001
3.00001
3.00001
3.00001
3
3
2.99999
2.99996
2.99988
2.99971
2.99926
2.99826
2.99554
2.98982
3.00001
3.00001
3.00001
3.00001
3.00001
3.00001
3.00001
3.00001
3.00001
3.00001
3.00001
3.00001
3.00001
3.00001
3.00001
3.00001
3
3
2.99998
2.99995
2.99986
2.99969
2.99914
2.9981
2.99498
3.00001
3.00001
3.00001
3.00001
3.00001
3.00001
3.00001
3.00001
3.00001
3.00001
3.00001
3.00001
3.00001
3.00001
3.00001
3.00001
3.00001
3
3
2.99998
2.99995
2.99985
2.99964
2.99909
2.99781
3.00001
3.00001
3.00001
3.00001
3.00001
3.00001
3.00001
3.00001
3.00001
3.00001
3.00001
3.00001
3.00001
3.00001
3.00001
3.00001
3.00001
3.00001
3
3
2.99998
2.99994
2.99985
2.99959
2.99909
3.00001
3.00001
3.00001
3.00001
3.00001
3.00001
3.00001
3.00001
3.00001
3.00001
3.00001
3.00001
3.00001
3.00001
3.00001
3.00001
3.00001
3.00001
3.00001
3
3
2.99998
2.99993
2.99984
2.99956
3.00001
3.00001
3.00001
3.00001
3.00001
3.00001
3.00001
3.00001
3.00001
3.00001
3.00001
3.00001
3.00001
3.00001
3.00001
3.00001
3.00001
3.00001
3.00001
3.00001
3
3
2.99998
2.99993
2.99982
3.00001
3.00001
3.00001
3.00001
3.00001
3.00001
3.00001
3.00001
3.00001
3.00001
3.00001
3.00001
3.00001
3.00001
3.00001
3.00001
3.00001
3.00001
3.00001
3.00001
3.00001
3
3
2.99998
2.99993
3.00001
3.00001
3.00001
3.00001
3.00001
3.00001
3.00001
3.00001
3.00001
3.00001
3.00001
3.00001
3.00001
3.00001
3.00001
3.00001
3.00001
3.00001
3.00001
3.00001
3.00001
3.00001
3
3
2.99998
3.00001
3.00001
3.00001
3.00001
3.00001
3.00001
3.00001
3.00001
3.00001
3.00001
3.00001
3.00001
3.00001
3.00001
3.00001
3.00001
3.00001
3.00001
3.00001
3.00001
3.00001
3.00001
3.00001
3
3
3.00001
3.00001
3.00001
3.00001
3.00001
3.00001
3.00001
3.00001
3.00001
3.00001
3.00001
3.00001
3.00001
3.00001
3.00001
3.00001
3.00001
3.00001
3.00001
3.00001
3.00001
3.00001
3.00001
3.00001
3
3.00001
3.00001
3.00001
3.00001
3.00001
3.00001
3.00001
3.00001
3.00001
3.00001
3.00001
3.00001
3.00001
3.00001
3.00001
3.00001
3.00001
3.00001
3.00001
3.00001
3.00001
3.00001
3.00001
3.00001
3.00001
3.00001
3.00001
3.00001
3.00001
3.00001
3.00001
3.00001
3.00001
3.00001
3.00001
3.00001
3.00001
3.00001
3.00001
3.00001
3.00001
3.00001
3.00001
3.00001
3.00001
3.00001
3.00001
3.00001
3.00001
3.00001
1.11644
1.32413
1.39593
1.37231
1.31075
1.24506
1.17488
1.14347
1.13771
1.14483
1.15452
1.16511
1.17173
1.17621
1.18078
1.18657
1.19386
1.2027
1.21235
1.22253
1.23294
1.2434
1.25393
1.26461
1.27545
1.28643
1.29749
1.30855
1.31958
1.33055
1.34147
1.35233
1.36307
1.37368
1.38416
1.39457
1.40494
1.41528
1.42557
1.43574
1.44576
1.4556
1.4652
1.47456
1.48367
1.49253
1.50116
1.50956
1.51774
1.52568
1.53337
1.54078
1.54788
1.55466
1.56114
1.56729
1.57317
1.57877
1.58418
1.58941
1.59456
1.59947
1.60433
1.60899
1.61357
1.61774
1.62147
1.62492
1.62808
1.63056
1.63271
1.63468
1.63633
1.63861
1.64067
1.64278
1.64475
1.64683
1.64866
1.65018
1.65148
1.65239
1.65301
1.65345
1.65386
1.65474
1.65555
1.6566
1.65783
1.6599
1.66235
1.66662
1.67203
1.68267
1.69335
1.7147
1.73126
1.76309
1.78304
1.83089
1.13046
1.25067
1.32425
1.37645
1.4284
1.47594
1.49488
1.49563
1.49
1.47631
1.46633
1.46267
1.46669
1.47274
1.48039
1.48797
1.49475
1.50107
1.50752
1.51439
1.52176
1.5297
1.53819
1.54704
1.55614
1.56543
1.57485
1.58435
1.59385
1.60325
1.61248
1.62154
1.63043
1.63917
1.64784
1.65643
1.66491
1.67335
1.68179
1.69018
1.69865
1.70728
1.71599
1.72447
1.73276
1.7407
1.74834
1.75562
1.7625
1.7691
1.77536
1.78126
1.78689
1.79216
1.79719
1.80191
1.80634
1.81054
1.8145
1.81801
1.82143
1.82429
1.82712
1.8294
1.83161
1.83383
1.8358
1.83727
1.83946
1.84082
1.84246
1.84322
1.84462
1.84523
1.84607
1.84594
1.84603
1.84578
1.84566
1.84586
1.8458
1.84682
1.84728
1.84876
1.84948
1.85102
1.85147
1.85284
1.85323
1.85464
1.85517
1.8568
1.85757
1.85987
1.86151
1.86513
1.86865
1.87612
1.88262
1.90323
1.14368
1.24691
1.34387
1.43933
1.53072
1.60297
1.65007
1.66123
1.66069
1.65376
1.63903
1.63079
1.62456
1.62764
1.63053
1.63549
1.64191
1.64827
1.65449
1.66087
1.66773
1.67505
1.68283
1.69102
1.6995
1.70813
1.71682
1.72552
1.73416
1.74269
1.75101
1.75914
1.76717
1.77515
1.78294
1.79065
1.79842
1.80627
1.81418
1.82211
1.83004
1.83809
1.84629
1.85441
1.86232
1.87004
1.87743
1.88449
1.89133
1.89786
1.90405
1.90994
1.91549
1.92073
1.92558
1.93001
1.93406
1.93775
1.94098
1.9439
1.94659
1.94901
1.9513
1.95333
1.95516
1.95672
1.95811
1.95924
1.96035
1.96147
1.96229
1.96246
1.963
1.96321
1.96355
1.9632
1.96273
1.96218
1.96099
1.96041
1.95916
1.95867
1.95766
1.9578
1.95723
1.9583
1.95818
1.95997
1.96047
1.963
1.9639
1.96664
1.96751
1.97041
1.97163
1.9752
1.97757
1.98334
1.9873
2.00139
1.16065
1.26763
1.36676
1.45795
1.53992
1.60956
1.66655
1.70961
1.74008
1.75118
1.75347
1.75185
1.74778
1.74121
1.74031
1.74205
1.74569
1.75112
1.75854
1.76702
1.77547
1.78367
1.79161
1.79939
1.80717
1.81502
1.82288
1.83071
1.83849
1.84621
1.85387
1.8615
1.86914
1.87685
1.88465
1.89257
1.90059
1.90866
1.91663
1.92438
1.932
1.93953
1.94683
1.95383
1.96069
1.96744
1.97419
1.981
1.98785
1.99461
2.00132
2.00771
2.01375
2.01947
2.02477
2.02949
2.03342
2.03663
2.03936
2.0416
2.04332
2.04483
2.04615
2.04723
2.04824
2.04919
2.0499
2.05038
2.05082
2.05096
2.05071
2.05055
2.05003
2.04943
2.04887
2.04807
2.04718
2.04616
2.04489
2.04371
2.04247
2.04154
2.04037
2.03984
2.03902
2.03941
2.03915
2.04066
2.04111
2.04381
2.04494
2.04815
2.04932
2.05237
2.05333
2.05653
2.05803
2.06244
2.06548
2.07788
1.16414
1.27118
1.36748
1.45575
1.5364
1.6095
1.67438
1.731
1.77751
1.81168
1.83226
1.83845
1.83963
1.8389
1.83725
1.83437
1.83629
1.83903
1.84266
1.84795
1.85496
1.8624
1.86972
1.87694
1.88415
1.89144
1.89881
1.90625
1.91376
1.92136
1.92907
1.93684
1.94466
1.95247
1.9602
1.96776
1.97518
1.98259
1.9899
1.99698
2.00377
2.01051
2.01725
2.02407
2.03105
2.03816
2.0453
2.05236
2.05927
2.06597
2.07241
2.07852
2.0841
2.08897
2.09304
2.09634
2.09898
2.10115
2.10294
2.10452
2.10605
2.10758
2.10907
2.11045
2.11189
2.11308
2.11402
2.11459
2.11481
2.11445
2.11393
2.11286
2.11131
2.11003
2.10914
2.10753
2.10577
2.10433
2.10281
2.10151
2.10023
2.099
2.09788
2.09709
2.09637
2.09657
2.09637
2.0978
2.09828
2.10108
2.10228
2.106
2.10728
2.11106
2.11255
2.11685
2.11924
2.12557
2.12993
2.14579
1.16288
1.26477
1.35806
1.44399
1.52304
1.5957
1.66151
1.72022
1.77122
1.81491
1.85001
1.87697
1.89358
1.90241
1.90512
1.90625
1.90616
1.90664
1.90814
1.91067
1.91447
1.9201
1.92781
1.93635
1.94488
1.95321
1.96132
1.96921
1.97696
1.98472
1.9925
2.00028
2.00799
2.01561
2.02309
2.03037
2.03754
2.04471
2.0517
2.05839
2.06487
2.07132
2.07784
2.08452
2.09141
2.09836
2.10536
2.11225
2.11904
2.12564
2.13201
2.13797
2.14325
2.14769
2.1513
2.15417
2.15647
2.15838
2.16002
2.16148
2.16291
2.16436
2.16579
2.167
2.16807
2.16884
2.16934
2.16912
2.16877
2.16801
2.16673
2.16494
2.16349
2.16187
2.15995
2.15844
2.15707
2.15537
2.15376
2.15255
2.15143
2.15055
2.14965
2.14891
2.14841
2.14862
2.14868
2.15015
2.1508
2.15347
2.15458
2.15806
2.15944
2.16336
2.16515
2.17
2.17296
2.18047
2.18561
2.20364
1.16031
1.25593
1.34562
1.42878
1.50572
1.57703
1.64256
1.70258
1.75676
1.80579
1.84834
1.88507
1.91472
1.93616
1.94937
1.95701
1.96018
1.96207
1.96364
1.96509
1.96753
1.9708
1.97547
1.98223
1.99067
1.99961
2.00864
2.01754
2.02615
2.0345
2.04269
2.05076
2.05864
2.06627
2.07362
2.08068
2.08759
2.0945
2.10118
2.10748
2.11367
2.11992
2.12634
2.13303
2.13996
2.147
2.15409
2.16119
2.168
2.17466
2.18101
2.1869
2.19186
2.19575
2.19888
2.20146
2.20366
2.2057
2.20769
2.20968
2.21169
2.21366
2.21552
2.21707
2.21841
2.21926
2.21963
2.21913
2.21834
2.21696
2.21523
2.213
2.21081
2.20882
2.20692
2.20503
2.20277
2.20132
2.19976
2.19819
2.19691
2.19583
2.19489
2.1942
2.19357
2.19311
2.19308
2.19389
2.19459
2.19675
2.1979
2.201
2.20263
2.20675
2.2093
2.21549
2.21977
2.22991
2.23676
2.25923
1.16065
1.24695
1.33151
1.41199
1.48694
1.55681
1.62155
1.68162
1.73683
1.78714
1.83265
1.87271
1.90779
1.93783
1.96281
1.98151
1.99423
2.00204
2.00657
2.00945
2.01169
2.01418
2.01718
2.02132
2.02735
2.03511
2.04364
2.05252
2.06146
2.07021
2.07862
2.08668
2.09445
2.10191
2.10908
2.11603
2.1229
2.12978
2.13668
2.14363
2.15069
2.15795
2.16549
2.17334
2.18136
2.18935
2.19714
2.20444
2.21118
2.21769
2.22383
2.2292
2.23342
2.23688
2.23988
2.24259
2.24514
2.24768
2.25025
2.25283
2.25535
2.25783
2.2601
2.26196
2.26328
2.264
2.26412
2.26346
2.26246
2.26115
2.25961
2.25762
2.25582
2.25431
2.25272
2.25129
2.2495
2.24806
2.24634
2.24488
2.24316
2.24162
2.24016
2.23891
2.23775
2.23696
2.23639
2.23609
2.23598
2.23636
2.23725
2.23942
2.24138
2.24581
2.24931
2.25723
2.26304
2.27616
2.28459
2.31196
1.16404
1.24131
1.31881
1.39433
1.46627
1.53445
1.5983
1.65791
1.71355
1.76498
1.81232
1.85546
1.89441
1.92933
1.96006
1.98657
2.00852
2.0251
2.0366
2.04448
2.04983
2.054
2.05768
2.06142
2.06592
2.07161
2.07839
2.086
2.09417
2.10263
2.11107
2.11924
2.12706
2.13451
2.14162
2.14847
2.1552
2.16193
2.16875
2.17574
2.18301
2.19068
2.19878
2.20724
2.21585
2.22438
2.23263
2.24025
2.24706
2.25344
2.25952
2.2649
2.26923
2.2729
2.27632
2.27961
2.28285
2.28611
2.2894
2.29264
2.29575
2.29866
2.30116
2.30303
2.3042
2.30474
2.30473
2.30393
2.30292
2.3016
2.30009
2.29814
2.29646
2.29501
2.29357
2.29211
2.29027
2.28856
2.2867
2.28478
2.28264
2.28041
2.27792
2.27551
2.27308
2.27099
2.26906
2.26781
2.26685
2.26681
2.26724
2.26869
2.27147
2.27728
2.2825
2.29361
2.30163
2.3188
2.32933
2.36417
1.17264
1.2407
1.31108
1.38081
1.44836
1.51313
1.57461
1.63284
1.68742
1.73884
1.78673
1.8316
1.87291
1.91092
1.94517
1.97579
2.00271
2.02589
2.0457
2.06159
2.07343
2.08224
2.08899
2.09443
2.09908
2.10383
2.10909
2.11499
2.12162
2.12891
2.13666
2.14462
2.1525
2.16013
2.16743
2.17444
2.18125
2.18802
2.19489
2.20199
2.20936
2.21713
2.22534
2.23387
2.24253
2.25112
2.25942
2.26714
2.27405
2.28039
2.28649
2.2921
2.29698
2.30141
2.30566
2.30984
2.3139
2.31795
2.32193
2.32579
2.32933
2.33262
2.33539
2.33749
2.3388
2.33958
2.33984
2.33927
2.33841
2.33736
2.33607
2.33436
2.3328
2.33162
2.33001
2.328
2.3253
2.32231
2.31876
2.31474
2.31011
2.30531
2.3001
2.29515
2.29034
2.2864
2.28298
2.28092
2.27967
2.28031
2.28184
2.28467
2.28958
2.29884
2.30691
2.32274
2.33345
2.35569
2.36764
2.41321
1.18304
1.24382
1.30691
1.37069
1.43368
1.49478
1.55355
1.60964
1.66288
1.7133
1.76078
1.80553
1.84732
1.88655
1.92274
1.95644
1.98713
2.01504
2.03998
2.06179
2.08086
2.09647
2.10872
2.11851
2.12621
2.13252
2.13827
2.14375
2.14938
2.15539
2.16176
2.1685
2.17555
2.1828
2.19011
2.1974
2.20454
2.21165
2.21886
2.22636
2.23424
2.24249
2.25107
2.25988
2.26873
2.27739
2.2857
2.29346
2.30045
2.30677
2.31283
2.31853
2.32377
2.32872
2.3336
2.33843
2.34315
2.34778
2.35228
2.35655
2.36042
2.3638
2.36653
2.36849
2.36968
2.37026
2.37043
2.36986
2.36908
2.3677
2.36602
2.36403
2.36136
2.35825
2.35374
2.3482
2.34133
2.33352
2.32476
2.31571
2.30616
2.29736
2.28892
2.28177
2.27549
2.27156
2.26931
2.26961
2.27191
2.27594
2.28145
2.28983
2.29911
2.31417
2.325
2.34597
2.35896
2.38648
2.39764
2.45425
1.198
1.25103
1.30689
1.36491
1.42315
1.48043
1.53608
1.58973
1.64112
1.69017
1.7368
1.78108
1.82287
1.86239
1.89964
1.93458
1.96732
1.99786
2.02611
2.05201
2.07556
2.09637
2.1147
2.13001
2.14249
2.15252
2.16047
2.16705
2.1728
2.17807
2.18311
2.18818
2.19371
2.19989
2.20661
2.21371
2.22116
2.22894
2.23705
2.24547
2.25423
2.26328
2.27248
2.28166
2.29066
2.29935
2.30763
2.31538
2.32249
2.32891
2.33496
2.34082
2.34638
2.35175
2.35715
2.36246
2.36768
2.3727
2.37754
2.3821
2.38616
2.38958
2.39232
2.39422
2.39529
2.39561
2.39532
2.3937
2.39179
2.38887
2.38429
2.37783
2.36903
2.3586
2.34567
2.33184
2.31635
2.30052
2.28421
2.27064
2.25829
2.24911
2.24281
2.24047
2.24116
2.24442
2.24985
2.2568
2.26534
2.27628
2.28611
2.30113
2.31172
2.33123
2.34345
2.36711
2.38114
2.41091
2.4211
2.48365
1.21207
1.25925
1.30997
1.36246
1.41631
1.47009
1.52289
1.57418
1.62354
1.67093
1.71628
1.75947
1.80081
1.83997
1.87737
1.91291
1.94664
1.97871
2.00908
2.03769
2.06437
2.08908
2.11145
2.13134
2.14868
2.16328
2.1753
2.1849
2.19251
2.19876
2.20407
2.20878
2.21346
2.21842
2.22399
2.23024
2.23736
2.24534
2.254
2.26321
2.27279
2.28263
2.29248
2.30218
2.31148
2.32029
2.32852
2.33617
2.34319
2.34966
2.35575
2.36168
2.36754
2.37342
2.37939
2.38549
2.39139
2.39679
2.40179
2.40656
2.41077
2.4143
2.4168
2.41817
2.4181
2.41678
2.41403
2.40895
2.40079
2.38902
2.37277
2.35374
2.33189
2.30804
2.28288
2.25994
2.24052
2.22839
2.22292
2.22254
2.22598
2.23332
2.24157
2.25131
2.26134
2.27413
2.28372
2.29915
2.30897
2.32618
2.33611
2.35529
2.36616
2.38757
2.3995
2.42244
2.43551
2.46017
2.47147
2.51837
1.23092
1.27273
1.31753
1.36505
1.41404
1.46388
1.51344
1.56217
1.60953
1.6553
1.69929
1.74147
1.78185
1.8205
1.85756
1.89303
1.92713
1.95981
1.99123
2.02125
2.04984
2.07677
2.10194
2.12511
2.14608
2.16473
2.18089
2.19449
2.20557
2.21443
2.22139
2.22713
2.23205
2.23667
2.24158
2.24715
2.25362
2.26101
2.26927
2.2783
2.28795
2.2979
2.30794
2.31778
2.32722
2.33613
2.34439
2.35199
2.3591
2.36579
2.37228
2.37876
2.38536
2.39208
2.39884
2.40551
2.41202
2.41792
2.42293
2.42752
2.43139
2.43376
2.43411
2.43262
2.4285
2.42002
2.40674
2.38597
2.36124
2.3313
2.29842
2.2649
2.23475
2.21908
2.21245
2.21475
2.22173
2.23135
2.24154
2.25289
2.26355
2.27652
2.28689
2.30188
2.31203
2.32835
2.33881
2.35667
2.36722
2.38624
2.39693
2.41712
2.42854
2.45025
2.46227
2.48505
2.49759
2.52039
2.53252
2.56502
1.24796
1.28722
1.32814
1.37139
1.41642
1.46226
1.50858
1.5545
1.59952
1.64333
1.6857
1.72655
1.76588
1.8037
1.84014
1.8754
1.9094
1.94238
1.97419
2.00488
2.03437
2.06256
2.08941
2.11466
2.13826
2.15986
2.17931
2.19651
2.2113
2.22368
2.23392
2.24227
2.24923
2.25529
2.26085
2.26636
2.27231
2.27898
2.28653
2.29492
2.304
2.31353
2.32326
2.33292
2.3423
2.35125
2.35965
2.36756
2.37502
2.38225
2.38937
2.39649
2.40364
2.4108
2.41799
2.42491
2.43167
2.43727
2.4417
2.4445
2.44541
2.44351
2.43712
2.42487
2.402
2.3725
2.33626
2.29489
2.25245
2.21973
2.20686
2.20581
2.21282
2.2232
2.23435
2.24641
2.2579
2.27176
2.28355
2.29874
2.31017
2.3264
2.33758
2.35421
2.36585
2.38342
2.39524
2.41367
2.42557
2.44472
2.45669
2.47644
2.48864
2.50927
2.52157
2.54284
2.55508
2.57681
2.58783
2.61383
1.27065
1.30665
1.34371
1.38154
1.42223
1.46452
1.50721
1.5503
1.59296
1.63476
1.67546
1.71487
1.75297
1.78985
1.82547
1.86009
1.89368
1.92634
1.95813
1.98903
2.01898
2.048
2.07583
2.10249
2.12765
2.15126
2.17305
2.1929
2.21069
2.22639
2.24
2.25159
2.26145
2.26991
2.27733
2.28413
2.29071
2.29746
2.30459
2.31228
2.32052
2.3292
2.33816
2.34717
2.35609
2.36476
2.37316
2.38124
2.38905
2.39672
2.40434
2.41204
2.41959
2.42729
2.43451
2.44138
2.44667
2.44974
2.45035
2.44753
2.43837
2.41799
2.38618
2.34712
2.29916
2.24947
2.21239
2.19895
2.20157
2.21105
2.22198
2.23439
2.24677
2.26107
2.27441
2.28983
2.30266
2.31894
2.33123
2.34772
2.36079
2.37681
2.39027
2.4071
2.42037
2.43817
2.4508
2.46977
2.48173
2.50127
2.51282
2.53233
2.54378
2.56359
2.57512
2.59522
2.60676
2.62732
2.6377
2.65933
1.29279
1.3218
1.35862
1.39573
1.43231
1.47027
1.50981
1.5497
1.58976
1.62943
1.66834
1.70632
1.74317
1.77892
1.81365
1.84735
1.88027
1.91239
1.9438
1.97453
2.0046
2.03381
2.06226
2.08957
2.11583
2.14068
2.16413
2.18592
2.20604
2.22431
2.24081
2.25553
2.26853
2.27998
2.29009
2.29914
2.30743
2.31529
2.32296
2.33063
2.33841
2.34639
2.35454
2.3628
2.37106
2.37927
2.38744
2.39554
2.40366
2.41175
2.41993
2.42795
2.4359
2.44314
2.44883
2.45181
2.45202
2.44747
2.43417
2.40441
2.36425
2.31264
2.25489
2.20958
2.18953
2.19365
2.20372
2.21547
2.22883
2.24317
2.2579
2.2738
2.28835
2.30466
2.31877
2.33518
2.34949
2.36611
2.3808
2.39738
2.41192
2.42916
2.44313
2.46095
2.47458
2.49306
2.50573
2.52484
2.53663
2.55584
2.56708
2.58569
2.59664
2.61527
2.62615
2.64488
2.65572
2.67483
2.6847
2.70256
1.32454
1.34474
1.37542
1.40972
1.44419
1.47943
1.51548
1.55298
1.59006
1.62742
1.66435
1.70058
1.73596
1.77044
1.80413
1.83697
1.86913
1.90064
1.93157
1.96192
1.99171
2.02085
2.04929
2.07696
2.10367
2.1294
2.15389
2.17711
2.19888
2.21916
2.2379
2.25505
2.27078
2.28507
2.29802
2.30977
2.32045
2.33021
2.33931
2.34788
2.3561
2.36406
2.37183
2.37951
2.38715
2.39478
2.40249
2.41027
2.41824
2.42614
2.43407
2.44112
2.44672
2.44953
2.4492
2.44196
2.42328
2.38503
2.33485
2.27209
2.21303
2.17978
2.1802
2.19069
2.20311
2.21776
2.23294
2.24966
2.26634
2.28315
2.29916
2.31583
2.33188
2.34878
2.36482
2.38198
2.39816
2.41553
2.43102
2.44873
2.46386
2.48163
2.49614
2.51434
2.52784
2.54658
2.55878
2.57755
2.58891
2.60712
2.61787
2.63547
2.64584
2.66333
2.67357
2.69115
2.7014
2.7192
2.72852
2.7434
1.35663
1.36984
1.39496
1.42707
1.45929
1.49139
1.52354
1.55771
1.59298
1.62807
1.66297
1.69757
1.73155
1.76478
1.79729
1.82913
1.86037
1.89106
1.92128
1.95108
1.98042
2.00935
2.0377
2.06548
2.0925
2.11865
2.14382
2.16786
2.19072
2.21234
2.23264
2.25174
2.26947
2.28606
2.3015
2.31579
2.32903
2.34125
2.35248
2.36279
2.37226
2.38103
2.38924
2.39697
2.40442
2.41168
2.41893
2.42608
2.43309
2.43955
2.44373
2.44614
2.44463
2.43524
2.40983
2.36409
2.30412
2.22959
2.17779
2.15938
2.17066
2.18347
2.19839
2.21539
2.23332
2.252
2.27003
2.28798
2.30573
2.32359
2.34142
2.3595
2.37708
2.39494
2.41222
2.43039
2.44713
2.46517
2.4813
2.49925
2.51463
2.53278
2.54702
2.56543
2.57831
2.59687
2.60835
2.62643
2.63739
2.65464
2.66487
2.68165
2.69146
2.70811
2.71778
2.73452
2.74417
2.76047
2.7702
2.78207
1.4057
1.40093
1.41465
1.43967
1.47125
1.50256
1.53415
1.56508
1.59774
1.63091
1.66407
1.69699
1.72968
1.76175
1.79315
1.82389
1.85407
1.88378
1.91309
1.94214
1.97091
1.99943
2.0276
2.05529
2.08242
2.10881
2.13434
2.15894
2.18248
2.20496
2.22639
2.24669
2.26602
2.28429
2.30158
2.31799
2.33345
2.34793
2.36144
2.37392
2.38536
2.3957
2.40512
2.41364
2.42152
2.42876
2.43519
2.44041
2.44357
2.44479
2.44106
2.42943
2.39754
2.34329
2.27517
2.19341
2.14768
2.14446
2.15737
2.17265
2.19052
2.20926
2.22913
2.24946
2.26913
2.28875
2.30822
2.32788
2.34728
2.36672
2.3857
2.40471
2.42303
2.44191
2.45959
2.47816
2.49508
2.51339
2.5294
2.54778
2.5626
2.58093
2.59436
2.61251
2.62491
2.64228
2.65379
2.67053
2.68139
2.69744
2.70773
2.72342
2.73319
2.74867
2.75843
2.77326
2.78367
2.79699
2.8074
2.81721
1.45908
1.43635
1.44053
1.45683
1.48341
1.51419
1.54494
1.57555
1.60612
1.63703
1.66819
1.69936
1.73027
1.76095
1.79125
1.8209
1.85008
1.87882
1.90724
1.93547
1.96355
1.99149
2.01925
2.04671
2.0737
2.10012
2.12578
2.15065
2.17461
2.19769
2.2198
2.24106
2.26136
2.28091
2.2996
2.31753
2.33468
2.35106
2.36655
2.38104
2.3945
2.40683
2.41799
2.42792
2.43635
2.44256
2.44557
2.44601
2.4417
2.42705
2.3909
2.32906
2.25394
2.16743
2.12346
2.129
2.14216
2.15957
2.17898
2.19956
2.22081
2.2421
2.26321
2.28447
2.30573
2.32719
2.34798
2.36886
2.38918
2.40947
2.42891
2.44849
2.46713
2.48632
2.50397
2.52284
2.53945
2.55814
2.57373
2.59213
2.60654
2.6243
2.63761
2.65477
2.66704
2.68326
2.69486
2.71038
2.72133
2.7365
2.74688
2.76149
2.7716
2.78543
2.79585
2.80827
2.81917
2.83049
2.84025
2.84882
1.56184
1.48194
1.47082
1.47991
1.50063
1.52972
1.55953
1.58766
1.61571
1.64484
1.67444
1.70433
1.73416
1.76288
1.79137
1.81987
1.848
1.87587
1.90349
1.93098
1.95837
1.98572
2.01291
2.03992
2.06656
2.09278
2.11841
2.14333
2.16754
2.19091
2.21353
2.2353
2.25639
2.2767
2.29643
2.31545
2.33387
2.35159
2.36858
2.38475
2.3999
2.41387
2.42653
2.43679
2.44213
2.44388
2.44069
2.42576
2.38836
2.32294
2.24218
2.15142
2.10581
2.11275
2.12615
2.14555
2.16577
2.1874
2.2097
2.23169
2.25413
2.27676
2.29924
2.32184
2.34422
2.36599
2.3874
2.40866
2.42931
2.44962
2.4693
2.48904
2.50775
2.52699
2.54456
2.56351
2.57989
2.59852
2.61376
2.63191
2.64573
2.66309
2.67613
2.6924
2.70469
2.72007
2.73159
2.7465
2.75751
2.77187
2.78242
2.79594
2.80611
2.81847
2.82884
2.83978
2.84986
2.86022
2.86888
2.87655
1.77737
1.56535
1.51727
1.50925
1.52023
1.54203
1.57125
1.6005
1.62805
1.65426
1.68127
1.70924
1.73765
1.76625
1.79427
1.821
1.84789
1.87481
1.90168
1.92845
1.95509
1.98173
2.00829
2.03475
2.06094
2.08683
2.11225
2.13714
2.16136
2.18491
2.20775
2.22988
2.25139
2.27227
2.29262
2.31245
2.33172
2.35043
2.36846
2.38572
2.40183
2.41628
2.42755
2.43066
2.42857
2.41852
2.38432
2.31799
2.23405
2.13907
2.08947
2.09494
2.10885
2.12957
2.151
2.1741
2.19731
2.22041
2.24408
2.26795
2.29154
2.31493
2.33802
2.36072
2.38285
2.4046
2.42607
2.44707
2.46762
2.48779
2.50746
2.52704
2.54568
2.56491
2.5823
2.60123
2.61718
2.63571
2.65046
2.66803
2.68178
2.69847
2.71143
2.7272
2.73938
2.75425
2.76573
2.78004
2.79111
2.80464
2.81501
2.82752
2.83724
2.84851
2.85785
2.86811
2.8767
2.88637
2.89382
2.90052
2.1634
1.71765
1.57354
1.5482
1.54796
1.55982
1.58177
1.61002
1.63767
1.66475
1.69072
1.71603
1.74249
1.76964
1.79684
1.82403
1.8505
1.87585
1.9016
1.92751
1.95348
1.97932
2.00513
2.03093
2.05659
2.08209
2.10722
2.13196
2.15612
2.1797
2.20263
2.22496
2.2467
2.26793
2.28869
2.30897
2.3288
2.34802
2.36644
2.38387
2.39822
2.40651
2.40737
2.40104
2.37145
2.31049
2.22391
2.12311
2.06815
2.07104
2.08627
2.10872
2.13205
2.15762
2.18295
2.20802
2.23303
2.25827
2.28301
2.30727
2.33122
2.35451
2.37723
2.39952
2.42141
2.44296
2.46411
2.48495
2.50529
2.52532
2.54488
2.56444
2.58303
2.60215
2.61943
2.63796
2.65392
2.67182
2.68665
2.7036
2.71758
2.73364
2.74677
2.76205
2.77426
2.78865
2.80033
2.81385
2.82503
2.83725
2.84759
2.8585
2.86768
2.87777
2.8858
2.89535
2.90244
2.91087
2.9174
2.92243
2.52436
2.03149
1.68809
1.59377
1.57818
1.58279
1.59676
1.6199
1.64668
1.67306
1.6991
1.72496
1.74986
1.77495
1.80086
1.82701
1.853
1.87906
1.90409
1.92841
1.95324
1.97832
2.00341
2.02849
2.05355
2.07853
2.10326
2.12773
2.1517
2.17523
2.19816
2.22058
2.24247
2.26388
2.28482
2.30528
2.32519
2.34405
2.361
2.37421
2.37646
2.37166
2.35337
2.29901
2.21167
2.10362
2.04008
2.0371
2.05486
2.07972
2.10465
2.13347
2.16222
2.18964
2.21713
2.24411
2.27035
2.29612
2.3211
2.34578
2.36932
2.39245
2.41489
2.43715
2.45878
2.48025
2.50121
2.52202
2.54212
2.56226
2.58172
2.60123
2.61979
2.63861
2.65587
2.67404
2.69026
2.70757
2.72282
2.73917
2.75367
2.7694
2.78299
2.79794
2.81061
2.82446
2.83668
2.84912
2.86089
2.8714
2.88237
2.89131
2.9007
2.90928
2.91685
2.92496
2.93147
2.93804
2.94411
2.94705
2.76095
2.42261
1.94504
1.68703
1.6207
1.61057
1.617
1.63336
1.65738
1.68254
1.70735
1.73236
1.75776
1.78292
1.80751
1.83204
1.85681
1.88168
1.90646
1.9311
1.95485
1.97861
2.00291
2.02737
2.05184
2.07628
2.10053
2.12459
2.14825
2.17158
2.19439
2.21681
2.23867
2.26009
2.28089
2.30076
2.31947
2.33461
2.3399
2.33859
2.32642
2.28195
2.19748
2.08497
2.00749
1.99431
2.01538
2.04167
2.06816
2.09971
2.13077
2.16156
2.19131
2.2204
2.24849
2.27591
2.30274
2.32904
2.35452
2.37931
2.40334
2.42677
2.44959
2.47202
2.49371
2.51534
2.53626
2.55706
2.57722
2.59743
2.61684
2.63636
2.65479
2.67334
2.69075
2.70854
2.72497
2.7418
2.75745
2.77358
2.78862
2.80415
2.81813
2.83272
2.84582
2.8592
2.87184
2.88362
2.89578
2.9054
2.91677
2.92478
2.93452
2.94186
2.95002
2.95629
2.96322
2.96823
2.97402
2.97563
2.88567
2.71741
2.35572
1.90058
1.69951
1.65172
1.64358
1.65113
1.66858
1.69332
1.71756
1.74094
1.76492
1.78976
1.81476
1.83916
1.86281
1.8861
1.90959
1.93325
1.95703
1.98058
2.00382
2.02743
2.05135
2.07526
2.09902
2.12262
2.1459
2.1689
2.19144
2.21361
2.23511
2.25596
2.27553
2.29179
2.30188
2.30184
2.29136
2.25907
2.18415
2.07091
1.9739
1.94693
1.96966
1.99603
2.02459
2.05838
2.09144
2.12405
2.15631
2.18768
2.21767
2.24705
2.27536
2.30328
2.33031
2.35706
2.38276
2.40812
2.43261
2.45684
2.48031
2.50345
2.52561
2.54752
2.56845
2.58962
2.60986
2.63036
2.64978
2.66929
2.6876
2.70607
2.72354
2.74107
2.7577
2.77439
2.79036
2.80636
2.82157
2.83664
2.8507
2.86478
2.8779
2.89102
2.9034
2.91536
2.92667
2.93691
2.94746
2.9557
2.96539
2.97223
2.98073
2.98615
2.99328
2.99755
3.00333
3.00467
2.94455
2.86842
2.67953
2.29271
1.87406
1.71628
1.68383
1.67644
1.68485
1.70242
1.72693
1.75116
1.77392
1.797
1.82092
1.84523
1.86904
1.89194
1.91438
1.93681
1.95972
1.98281
2.0061
2.02918
2.05209
2.07526
2.09852
2.12161
2.14446
2.16698
2.18901
2.21047
2.23055
2.24823
2.26129
2.26279
2.2544
2.23113
2.16879
2.05898
1.94297
1.8991
1.91924
1.94573
1.97605
2.01113
2.04663
2.08079
2.11482
2.14788
2.17992
2.21122
2.24121
2.27072
2.29925
2.32731
2.35436
2.38116
2.40687
2.43255
2.45721
2.48212
2.50598
2.53007
2.55308
2.5762
2.59795
2.61998
2.64052
2.66134
2.6807
2.70026
2.71863
2.73718
2.75484
2.77244
2.78929
2.80599
2.82193
2.83769
2.85256
2.86712
2.881
2.8945
2.90761
2.92025
2.93248
2.9441
2.95507
2.96513
2.97538
2.98329
2.99272
2.99939
3.0073
3.01248
3.01935
3.02329
3.02895
3.03055
2.97359
2.93931
2.84691
2.63771
2.22527
1.85701
1.73535
1.7125
1.7076
1.71673
1.73454
1.75881
1.78318
1.8059
1.82812
1.85094
1.87424
1.8973
1.9198
1.94171
1.96366
1.98596
2.00859
2.03136
2.05411
2.07659
2.0989
2.12125
2.14334
2.16502
2.1855
2.20436
2.21898
2.22222
2.21756
2.19809
2.14961
2.04795
1.91927
1.85513
1.86692
1.89203
1.92349
1.96077
1.99793
2.03389
2.06916
2.1035
2.13706
2.16973
2.2014
2.23213
2.26193
2.29151
2.31979
2.34798
2.37487
2.40185
2.42765
2.45384
2.47879
2.50409
2.5279
2.55258
2.57583
2.59983
2.62215
2.6451
2.66636
2.68813
2.70832
2.72871
2.74783
2.76693
2.78501
2.8028
2.81968
2.83629
2.85196
2.86746
2.88198
2.89639
2.91004
2.92352
2.93663
2.94897
2.96128
2.97236
2.98332
2.99281
3.00288
3.01023
3.01926
3.02537
3.03268
3.03736
3.04362
3.04718
3.05239
3.05385
2.98849
2.97086
2.93057
2.82982
2.59347
2.1763
1.85613
1.75813
1.73945
1.73896
1.74788
1.76517
1.7891
1.81364
1.83642
1.85801
1.87974
1.90203
1.92439
1.9466
1.9683
1.9899
2.01173
2.03374
2.05594
2.07793
2.09966
2.12082
2.14124
2.16049
2.17577
2.18187
2.17979
2.16367
2.12203
2.03945
1.9075
1.81785
1.81047
1.83897
1.87065
1.90784
1.94718
1.98426
2.02106
2.05669
2.09109
2.1249
2.15769
2.18961
2.22054
2.25091
2.28042
2.30961
2.33776
2.36598
2.3929
2.42029
2.44622
2.47278
2.49763
2.52336
2.5473
2.5722
2.59542
2.61993
2.64271
2.66636
2.68822
2.71058
2.73132
2.75227
2.77197
2.79165
2.8101
2.82849
2.84563
2.86286
2.87878
2.89476
2.90955
2.92436
2.93823
2.952
2.96516
2.97758
2.98974
3.00084
3.01153
3.02096
3.03086
3.03805
3.04679
3.05278
3.05954
3.064
3.06971
3.07275
3.07761
3.07802
2.99469
2.98684
2.96872
2.92223
2.81409
2.55106
2.14871
1.8652
1.78284
1.76663
1.76928
1.77825
1.79478
1.81833
1.84259
1.86534
1.88649
1.90743
1.92897
1.95072
1.97266
1.99408
2.01538
2.03638
2.05765
2.07847
2.09883
2.11775
2.13314
2.14163
2.14056
2.12597
2.09211
2.02289
1.90177
1.78683
1.75633
1.78503
1.81584
1.85336
1.89487
1.93366
1.97152
2.00817
2.04383
2.07829
2.11195
2.14479
2.17658
2.20772
2.23798
2.26785
2.2969
2.32594
2.35395
2.38214
2.40909
2.43665
2.46275
2.48978
2.51511
2.5413
2.56568
2.59106
2.61448
2.63901
2.66172
2.68527
2.70704
2.72945
2.75033
2.77171
2.79168
2.8118
2.83054
2.8493
2.86687
2.88436
2.90078
2.91717
2.93237
2.94773
2.96208
2.97618
2.98986
3.00264
3.01501
3.02649
3.03743
3.04705
3.05703
3.06467
3.07328
3.07948
3.08639
3.09087
3.09662
3.09963
3.10453
3.10483
2.99749
2.99458
2.98527
2.96714
2.91543
2.8019
2.52387
2.13364
1.88023
1.80848
1.79457
1.79799
1.8075
1.82368
1.84662
1.87035
1.89277
1.91364
1.93398
1.95502
1.97621
1.99763
2.01848
2.03881
2.05814
2.07662
2.09204
2.10143
2.10112
2.08876
2.05998
1.99771
1.89476
1.76145
1.70586
1.72983
1.7601
1.79779
1.84144
1.88138
1.9209
1.95896
1.99564
2.03114
2.0653
2.09866
2.13112
2.1629
2.19386
2.22429
2.25397
2.28339
2.31226
2.34104
2.36897
2.39711
2.42425
2.45197
2.47834
2.5055
2.53088
2.55722
2.58176
2.60728
2.63109
2.65564
2.67855
2.70219
2.72421
2.74674
2.76765
2.78893
2.8087
2.82871
2.84749
2.86631
2.88418
2.90198
2.91884
2.93567
2.95162
2.96724
2.98257
2.99678
3.01115
3.02406
3.03701
3.04834
3.06002
3.06958
3.07981
3.08785
3.09669
3.10298
3.11063
3.11525
3.12154
3.12496
3.1303
3.13147
2.99903
2.99739
2.99416
2.9848
2.96489
2.91214
2.79232
2.50924
2.13179
1.89889
1.83471
1.82225
1.82605
1.83562
1.85169
1.8739
1.89694
1.91894
1.93951
1.95934
1.97959
1.99986
2.01941
2.03789
2.05299
2.06221
2.06205
2.05114
2.02576
1.97055
1.88215
1.74584
1.66525
1.67358
1.70433
1.74062
1.78709
1.82853
1.86972
1.90918
1.94658
1.98273
2.01785
2.05162
2.08464
2.11673
2.14833
2.17928
2.20972
2.23959
2.26903
2.29829
2.327
2.35563
2.38355
2.41168
2.43882
2.46649
2.49292
2.51999
2.54548
2.57174
2.59632
2.62161
2.64533
2.66969
2.69247
2.71578
2.73769
2.76004
2.7811
2.80238
2.82241
2.84258
2.86166
2.88085
2.89908
2.91726
2.93466
2.95166
2.96834
2.98405
2.99988
3.01433
3.02888
3.042
3.05525
3.06661
3.07874
3.08836
3.09914
3.10731
3.11667
3.12323
3.1314
3.13633
3.14304
3.14703
3.15241
3.15399
2.99958
2.9989
2.99754
2.99344
2.98555
2.96176
2.91343
2.7846
2.50645
2.14031
1.92034
1.861
1.84957
1.85344
1.86292
1.87862
1.89999
1.92202
1.94306
1.96294
1.98147
1.99944
2.01487
2.02447
2.02448
2.01429
1.99012
1.93908
1.85936
1.73605
1.63328
1.61631
1.64893
1.68503
1.73227
1.77493
1.81824
1.85904
1.89702
1.93389
1.9694
2.00391
2.03716
2.06969
2.10152
2.13289
2.16376
2.19426
2.22423
2.25397
2.28334
2.31247
2.34111
2.36961
2.3975
2.42547
2.45267
2.48017
2.50644
2.53317
2.55847
2.58438
2.60871
2.63371
2.65718
2.68129
2.70398
2.72717
2.74895
2.77121
2.79215
2.81348
2.83357
2.85393
2.87321
2.89267
2.91124
2.92969
2.94768
2.96479
2.98222
2.99799
3.01429
3.02903
3.04372
3.05707
3.07061
3.08208
3.09456
3.10453
3.11565
3.12419
3.1343
3.14117
3.15017
3.15573
3.16316
3.16793
3.17377
3.17619
2.99983
2.99957
2.99892
2.99745
2.99356
2.98514
2.96227
2.91245
2.78594
2.51065
2.15781
1.94427
1.88728
1.87644
1.87997
1.8891
1.9038
1.92375
1.94389
1.96255
1.9778
1.98679
1.98705
1.97781
1.95386
1.90552
1.82963
1.71786
1.60924
1.56461
1.59448
1.63008
1.67435
1.72024
1.76626
1.80888
1.84748
1.88443
1.92054
1.95528
1.98896
2.02172
2.05381
2.08544
2.11659
2.14747
2.17802
2.20823
2.23817
2.26783
2.2971
2.32605
2.35449
2.38278
2.41047
2.4382
2.4651
2.49215
2.5181
2.54443
2.5694
2.5949
2.61892
2.64363
2.66694
2.69088
2.71353
2.73661
2.7585
2.78065
2.80169
2.82303
2.84337
2.86392
2.88354
2.90319
2.92215
2.94062
2.95896
2.97613
2.99358
3.0096
3.02573
3.04056
3.05549
3.06873
3.08278
3.09448
3.10745
3.11788
3.12969
3.13858
3.14936
3.15668
3.16616
3.1722
3.17998
3.18552
3.19169
3.19441
2.99993
2.99983
2.99956
2.99899
2.99734
2.9941
2.98436
2.96513
2.91107
2.79407
2.52206
2.18309
1.97043
1.91315
1.9026
1.90509
1.91209
1.92359
1.94006
1.95104
1.95137
1.94155
1.91574
1.87126
1.79519
1.69296
1.5847
1.5195
1.54235
1.57508
1.61655
1.66618
1.71422
1.75814
1.79751
1.83486
1.87094
1.90593
1.93983
1.97274
2.00504
2.03683
2.06833
2.0995
2.13051
2.16121
2.19159
2.22167
2.25138
2.28078
2.30972
2.33834
2.36645
2.39439
2.42172
2.44907
2.47556
2.50228
2.52786
2.55385
2.5785
2.60374
2.62761
2.65214
2.67538
2.69916
2.7218
2.74486
2.76687
2.78924
2.81056
2.83216
2.85277
2.87355
2.89346
2.91322
2.93244
2.95095
2.96946
2.98663
3.00412
3.02011
3.03624
3.05099
3.06604
3.07931
3.09361
3.10555
3.11886
3.12957
3.14182
3.15101
3.16221
3.16989
3.17982
3.18627
3.1945
3.20061
3.20731
3.21029
2.99998
2.99993
2.99984
2.99956
2.99905
2.99742
2.99434
2.98509
2.96633
2.91519
2.80269
2.54257
2.21526
1.99786
1.93729
1.92675
1.92207
1.92244
1.91862
1.90676
1.8788
1.83085
1.75576
1.6614
1.55822
1.48402
1.49245
1.52215
1.5625
1.61388
1.66189
1.70535
1.74591
1.7846
1.82102
1.85596
1.88988
1.92313
1.95567
1.98778
2.01949
2.0509
2.08202
2.11299
2.14371
2.17414
2.20423
2.23397
2.26333
2.29231
2.32087
2.34908
2.37686
2.40444
2.43147
2.45846
2.48472
2.51116
2.53661
2.56246
2.5871
2.61233
2.6363
2.66089
2.68428
2.70819
2.73102
2.75423
2.77646
2.79897
2.82053
2.84228
2.86308
2.88394
2.90399
2.92372
2.94308
2.96147
2.98007
2.99719
3.01463
3.03065
3.0468
3.0616
3.07688
3.09027
3.10482
3.11694
3.13046
3.14131
3.15375
3.16307
3.17445
3.18228
3.19243
3.19909
3.20755
3.21396
3.22105
3.22409
3
2.99998
2.99994
2.99984
2.99963
2.999
2.99781
2.9941
2.98717
2.9661
2.92359
2.81097
2.56899
2.25267
2.02364
1.95628
1.92918
1.89953
1.85784
1.79696
1.71441
1.62138
1.50357
1.43545
1.43279
1.46104
1.5002
1.55226
1.60251
1.64898
1.69152
1.73082
1.76738
1.80227
1.83625
1.86987
1.90318
1.9361
1.96858
2.00055
2.0321
2.0633
2.0943
2.12503
2.15547
2.18559
2.21538
2.24485
2.27394
2.30267
2.33095
2.35894
2.38652
2.41394
2.44089
2.46783
2.49413
2.52064
2.54623
2.57225
2.59712
2.62255
2.64675
2.67151
2.69512
2.71916
2.74222
2.76554
2.78797
2.81057
2.83226
2.85406
2.87491
2.89571
2.91578
2.93535
2.95476
2.97301
2.99161
3.00865
3.02598
3.04193
3.05795
3.07258
3.08774
3.10093
3.1153
3.12721
3.14051
3.15108
3.16332
3.1724
3.18368
3.19141
3.20161
3.20835
3.21698
3.2237
3.23112
3.23439
3
3
2.99998
2.99995
2.99984
2.99965
2.99905
2.99794
2.99451
2.98784
2.96882
2.92844
2.82558
2.6037
2.29172
2.017
1.913
1.81666
1.69737
1.56654
1.46642
1.40217
1.39288
1.41792
1.45312
1.50161
1.54867
1.59277
1.63543
1.67553
1.71267
1.74775
1.78193
1.8157
1.84937
1.88284
1.91607
1.9489
1.98125
2.01315
2.04466
2.07584
2.10667
2.13717
2.16731
2.19713
2.22662
2.25581
2.28468
2.31326
2.3415
2.36946
2.39702
2.42443
2.45137
2.47834
2.50467
2.53119
2.5568
2.58278
2.60763
2.633
2.6572
2.68189
2.70552
2.72946
2.75248
2.77564
2.79798
2.82039
2.84195
2.86354
2.88422
2.90481
2.92464
2.94397
2.96308
2.98099
2.99919
3.01585
3.03282
3.04844
3.06424
3.07869
3.09372
3.10684
3.12114
3.13304
3.14635
3.15706
3.16938
3.17875
3.19017
3.19819
3.20858
3.21546
3.22439
3.231
3.23878
3.24171
3.00001
3
3
2.99998
2.99994
2.99982
2.99959
2.9989
2.99762
2.9936
2.98603
2.96379
2.91824
2.8039
2.56289
2.19463
1.8973
1.59201
1.43327
1.3127
1.29387
1.31954
1.36427
1.42822
1.48618
1.532
1.57182
1.61147
1.65023
1.68686
1.72162
1.75578
1.7903
1.82523
1.86019
1.89475
1.92873
1.96203
1.99469
2.02681
2.05849
2.08976
2.12063
2.15108
2.18112
2.21078
2.24011
2.26915
2.29791
2.32643
2.35462
2.38258
2.41016
2.43761
2.4646
2.49159
2.51791
2.54438
2.56992
2.59579
2.62054
2.64576
2.66985
2.69441
2.71794
2.74178
2.76475
2.78784
2.81013
2.83243
2.85389
2.87532
2.89585
2.91626
2.93591
2.95509
2.97402
2.99182
3.00991
3.0265
3.04339
3.05894
3.07463
3.08896
3.10384
3.11679
3.13088
3.1426
3.15568
3.16619
3.17828
3.18743
3.1986
3.20643
3.21659
3.22329
3.23208
3.23854
3.24631
3.24906
)
;

boundaryField
{
    inlet
    {
        type            calculated;
        value           uniform 3.00001;
    }
    outlet
    {
        type            calculated;
        value           nonuniform List<scalar> 
40
(
1.83089
1.90323
2.00139
2.07788
2.14579
2.20364
2.25923
2.31196
2.36417
2.41321
2.45425
2.48365
2.51837
2.56502
2.61383
2.65933
2.70256
2.7434
2.78207
2.81721
2.84882
2.87655
2.90052
2.92243
2.94705
2.97563
3.00467
3.03055
3.05385
3.07802
3.10483
3.13147
3.15399
3.17619
3.19441
3.21029
3.22409
3.23439
3.24171
3.24906
)
;
    }
    bottom
    {
        type            symmetryPlane;
    }
    top
    {
        type            symmetryPlane;
    }
    obstacle
    {
        type            calculated;
        value           nonuniform List<scalar> 
110
(
0.0277147
0.0591499
0.10182
0.146874
0.19381
0.245546
0.306122
0.380282
0.480615
0.645429
0.853795
1.17622
1.32731
1.35009
1.30735
1.24505
1.17447
1.14334
1.1377
1.14462
1.15421
1.16488
1.17162
1.17618
1.18077
1.18657
1.19385
1.20269
1.21234
1.22252
1.23293
1.24339
1.25393
1.26461
1.27545
1.28643
1.29749
1.30855
1.31958
1.33055
1.34147
1.35233
1.36307
1.37368
1.38416
1.39457
1.40494
1.41528
1.42557
1.43574
1.44576
1.4556
1.4652
1.47456
1.48367
1.49253
1.50116
1.50956
1.51774
1.52568
1.53337
1.54078
1.54788
1.55466
1.56113
1.56729
1.57316
1.57877
1.58418
1.58941
1.59456
1.59947
1.60433
1.60899
1.61357
1.61774
1.62146
1.62492
1.62808
1.63055
1.63271
1.63467
1.63632
1.6386
1.64067
1.64278
1.64474
1.64683
1.64866
1.65018
1.65148
1.65239
1.65301
1.65345
1.65385
1.65474
1.65555
1.6566
1.65783
1.6599
1.66235
1.66662
1.67203
1.68267
1.69335
1.7147
1.73126
1.76309
1.78304
1.83089
)
;
    }
    defaultFaces
    {
        type            empty;
    }
}


// ************************************************************************* //
