/*--------------------------------*- C++ -*----------------------------------*\
  =========                 |
  \\      /  F ield         | OpenFOAM: The Open Source CFD Toolbox
   \\    /   O peration     | Website:  https://openfoam.org
    \\  /    A nd           | Version:  13
     \\/     M anipulation  |
\*---------------------------------------------------------------------------*/
FoamFile
{
    format      ascii;
    class       volScalarField;
    location    "1.125";
    object      T;
}
// * * * * * * * * * * * * * * * * * * * * * * * * * * * * * * * * * * * * * //

dimensions      [0 0 0 1 0 0 0];

internalField   nonuniform List<scalar> 
1000
(
3.71544e-162
1.25961e-161
5.1476e-161
2.12554e-160
8.76624e-160
3.60861e-159
1.48263e-158
6.0798e-158
2.48832e-157
1.01644e-156
4.14398e-156
1.6862e-155
6.84788e-155
2.7756e-154
1.12281e-153
4.53325e-153
1.82667e-152
7.34611e-152
2.94849e-151
1.1811e-150
4.72188e-150
1.88401e-149
7.50225e-149
2.98151e-148
1.18254e-147
4.68091e-147
1.84917e-146
7.29042e-146
2.86852e-145
1.12639e-144
4.41416e-144
1.72635e-143
6.73803e-143
2.62456e-142
1.02023e-141
3.95785e-141
1.53226e-140
5.92e-140
2.28256e-139
8.78276e-139
3.37248e-138
1.29233e-137
4.942e-137
1.88597e-136
7.18238e-136
2.72961e-135
1.03522e-134
3.91794e-134
1.47972e-133
5.57688e-133
2.09746e-132
7.87203e-132
2.94826e-131
1.10187e-130
4.10939e-130
1.52935e-129
5.67955e-129
2.10475e-128
7.78326e-128
2.87209e-127
1.05756e-126
3.88584e-126
1.42473e-125
5.21249e-125
1.90293e-124
6.93209e-124
2.5198e-123
9.1396e-123
3.30785e-122
1.19459e-121
4.30472e-121
1.54783e-120
5.55329e-120
1.98804e-119
7.10143e-119
2.5311e-118
9.0015e-118
3.19419e-117
1.13095e-116
3.99542e-116
1.40836e-115
4.95334e-115
1.73825e-114
6.08631e-114
2.12628e-113
7.41161e-113
2.57766e-112
8.94453e-112
3.09676e-111
1.06973e-110
3.68683e-110
1.26778e-109
4.34954e-109
1.48885e-108
5.08468e-108
1.73253e-107
5.88975e-107
1.99762e-106
6.75968e-106
2.2821e-105
7.68661e-105
2.58301e-104
8.65975e-104
2.89649e-103
9.66544e-103
3.21776e-102
1.06872e-101
3.54124e-101
1.17063e-100
3.86064e-100
1.27019e-99
4.16915e-99
1.36519e-98
4.45967e-98
1.45337e-97
4.72506e-97
1.53249e-96
4.95842e-96
1.60045e-95
5.1534e-95
1.65536e-94
5.30444e-94
1.69562e-93
5.40707e-93
1.72002e-92
5.45814e-92
1.72779e-91
5.45592e-91
1.71861e-90
5.40024e-90
1.69269e-89
5.29252e-89
1.65071e-88
5.13567e-88
1.59382e-87
4.93398e-87
1.52359e-86
4.69295e-86
1.44189e-85
4.41897e-85
1.35087e-84
4.11914e-84
1.25284e-83
3.80085e-83
1.15016e-82
3.47156e-82
1.04515e-81
3.13849e-81
9.40033e-81
2.80832e-80
8.36811e-80
2.48704e-79
7.37246e-79
2.17977e-78
6.42804e-78
1.89065e-77
5.54633e-77
1.62278e-76
4.73558e-76
1.37829e-75
4.00094e-75
1.15833e-74
3.34464e-74
9.63191e-74
2.76641e-73
7.92431e-73
2.26382e-72
6.44998e-72
1.83276e-71
5.19377e-71
1.46787e-70
4.13727e-70
1.16295e-69
3.26008e-69
9.11405e-69
2.54102e-68
7.06503e-68
1.95897e-67
5.41687e-67
1.49372e-66
4.10764e-66
1.12645e-65
3.08052e-65
8.40095e-65
2.28466e-64
6.19586e-64
1.67558e-63
4.51864e-63
1.21515e-62
3.25855e-62
8.7135e-62
2.32343e-61
6.1778e-61
1.63796e-60
4.33043e-60
1.14161e-59
3.00096e-59
7.866e-59
2.05588e-58
5.35783e-58
1.39227e-57
3.60744e-57
9.31994e-57
2.40083e-56
6.16656e-56
1.57926e-55
4.03265e-55
1.02672e-54
2.60635e-54
6.59677e-54
1.66473e-53
4.18861e-53
1.05076e-52
2.62812e-52
6.55372e-52
1.62941e-51
4.03897e-51
9.98171e-51
2.45941e-50
6.04148e-50
1.47959e-49
3.61261e-49
8.79386e-49
2.1341e-48
5.16323e-48
1.24537e-47
2.99463e-47
7.17878e-47
1.71561e-46
4.08738e-46
9.70791e-46
2.29857e-45
5.42547e-45
1.27662e-44
2.99454e-44
7.00224e-44
1.63222e-43
3.79275e-43
8.78536e-43
2.02857e-42
4.66923e-42
1.07132e-41
2.45026e-41
5.58623e-41
1.26951e-40
2.87581e-40
6.49365e-40
1.46157e-39
3.27904e-39
7.33281e-39
1.6345e-38
3.63153e-38
8.04226e-38
1.77521e-37
3.9057e-37
8.56495e-37
1.87208e-36
4.07841e-36
8.85574e-36
1.91656e-35
4.13407e-35
8.88772e-35
1.90439e-34
4.06698e-34
8.65635e-34
1.83629e-33
3.88229e-33
8.18033e-33
1.71786e-32
3.5953e-32
7.49912e-32
1.55887e-31
3.22945e-31
6.66754e-31
1.37188e-30
2.81306e-30
5.74843e-30
1.17064e-29
2.37574e-29
4.80477e-29
9.68368e-29
1.94491e-28
3.89267e-28
7.76391e-28
1.5431e-27
3.05624e-27
6.0319e-27
1.1863e-26
2.32489e-26
4.5402e-26
8.83508e-26
1.71319e-25
3.3102e-25
6.37318e-25
1.22267e-24
2.33725e-24
4.45189e-24
8.44936e-24
1.59786e-23
3.01084e-23
5.65282e-23
1.05747e-22
1.97105e-22
3.66055e-22
6.77346e-22
1.24879e-21
2.29392e-21
4.19832e-21
7.65555e-21
1.39084e-20
2.51755e-20
4.54018e-20
8.15754e-20
1.46027e-19
2.60432e-19
4.6274e-19
8.19142e-19
1.44463e-18
2.53821e-18
4.44293e-18
7.74779e-18
1.34601e-17
2.32961e-17
4.01674e-17
6.89953e-17
1.18064e-16
2.01263e-16
3.41788e-16
5.7822e-16
9.74472e-16
1.636e-15
2.73609e-15
4.55838e-15
7.56516e-15
1.2507e-14
2.05973e-14
3.37899e-14
5.52182e-14
8.9886e-14
1.45752e-13
2.35421e-13
3.78777e-13
6.07052e-13
9.69102e-13
1.54103e-12
2.44091e-12
3.85109e-12
6.05212e-12
9.47372e-12
1.47713e-11
2.29405e-11
3.54868e-11
5.46778e-11
8.39135e-11
1.28271e-10
1.95297e-10
2.96164e-10
4.4734e-10
6.72991e-10
1.00843e-09
1.50502e-09
2.23717e-09
3.31217e-09
4.88408e-09
7.1731e-09
1.04926e-08
1.52866e-08
2.21812e-08
3.20558e-08
4.61396e-08
6.61432e-08
9.44361e-08
1.34286e-07
1.9018e-07
2.68248e-07
3.7683e-07
5.27217e-07
7.34628e-07
1.01948e-06
1.40904e-06
1.93954e-06
2.65892e-06
3.63029e-06
4.93637e-06
6.685e-06
9.01622e-06
1.21108e-05
1.62014e-05
2.15853e-05
2.86411e-05
3.78486e-05
4.98123e-05
6.52906e-05
8.523e-05
0.000110806
0.00014347
0.000185008
0.000237602
0.000303908
0.000387137
0.000491159
0.000620604
0.000780987
0.000978841
0.00122186
0.00151905
0.00188091
0.0023196
0.0028491
0.00348542
0.00424678
0.00515376
0.00622949
0.00749977
0.00899322
0.0107413
0.0127786
0.0151424
0.0178729
0.0210134
0.0246092
0.0287085
0.0333611
0.0386183
0.0445325
0.0511566
0.0585429
0.0667428
0.0758055
0.0857777
0.096702
0.108616
0.121553
0.135537
0.150587
0.166712
0.183913
0.202178
0.221489
0.241815
0.263114
0.285333
0.30841
0.33227
0.356831
0.382002
0.407682
0.433766
0.460141
0.486694
0.513306
0.539859
0.566234
0.592318
0.617998
0.643169
0.66773
0.69159
0.714667
0.736886
0.758185
0.778511
0.797822
0.816087
0.833288
0.849413
0.864463
0.878447
0.891384
0.903298
0.914222
0.924194
0.933257
0.941457
0.948843
0.955467
0.961381
0.966638
0.97129
0.975389
0.978985
0.982124
0.984854
0.987216
0.989252
0.990998
0.992488
0.993754
0.994825
0.995725
0.996477
0.997101
0.997615
0.998034
0.99837
0.998635
0.998836
0.998981
0.999075
0.999122
0.999122
0.999075
0.998981
0.998836
0.998635
0.99837
0.998034
0.997615
0.997101
0.996477
0.995725
0.994825
0.993754
0.992488
0.990998
0.989252
0.987216
0.984854
0.982124
0.978985
0.975389
0.97129
0.966638
0.961381
0.955467
0.948843
0.941457
0.933257
0.924194
0.914222
0.903298
0.891384
0.878447
0.864463
0.849413
0.833288
0.816087
0.797822
0.778511
0.758185
0.736886
0.714667
0.69159
0.66773
0.643169
0.617998
0.592318
0.566234
0.539859
0.513306
0.486694
0.460141
0.433766
0.407682
0.382002
0.356831
0.33227
0.30841
0.285333
0.263114
0.241815
0.221489
0.202178
0.183913
0.166712
0.150587
0.135537
0.121553
0.108616
0.096702
0.0857777
0.0758055
0.0667428
0.0585429
0.0511566
0.0445325
0.0386183
0.0333611
0.0287085
0.0246092
0.0210134
0.0178729
0.0151424
0.0127786
0.0107413
0.00899322
0.00749977
0.00622949
0.00515376
0.00424678
0.00348542
0.0028491
0.0023196
0.00188091
0.00151905
0.00122186
0.000978841
0.000780987
0.000620604
0.000491159
0.000387137
0.000303908
0.000237602
0.000185008
0.00014347
0.000110806
8.523e-05
6.52906e-05
4.98123e-05
3.78486e-05
2.86411e-05
2.15853e-05
1.62014e-05
1.21108e-05
9.01622e-06
6.685e-06
4.93637e-06
3.63029e-06
2.65892e-06
1.93954e-06
1.40904e-06
1.01948e-06
7.34628e-07
5.27217e-07
3.7683e-07
2.68248e-07
1.9018e-07
1.34286e-07
9.44361e-08
6.61432e-08
4.61396e-08
3.20558e-08
2.21812e-08
1.52866e-08
1.04926e-08
7.1731e-09
4.88408e-09
3.31217e-09
2.23717e-09
1.50502e-09
1.00843e-09
6.72991e-10
4.4734e-10
2.96164e-10
1.95297e-10
1.28271e-10
8.39135e-11
5.46778e-11
3.54868e-11
2.29405e-11
1.47713e-11
9.47372e-12
6.05212e-12
3.85109e-12
2.44091e-12
1.54103e-12
9.69102e-13
6.07052e-13
3.78777e-13
2.35421e-13
1.45752e-13
8.9886e-14
5.52182e-14
3.37899e-14
2.05973e-14
1.2507e-14
7.56516e-15
4.55838e-15
2.73609e-15
1.636e-15
9.74472e-16
5.7822e-16
3.41788e-16
2.01263e-16
1.18064e-16
6.89953e-17
4.01674e-17
2.32961e-17
1.34601e-17
7.74779e-18
4.44293e-18
2.53821e-18
1.44463e-18
8.19142e-19
4.6274e-19
2.60432e-19
1.46027e-19
8.15754e-20
4.54018e-20
2.51755e-20
1.39084e-20
7.65555e-21
4.19832e-21
2.29392e-21
1.24879e-21
6.77346e-22
3.66055e-22
1.97105e-22
1.05747e-22
5.65282e-23
3.01084e-23
1.59786e-23
8.44936e-24
4.45189e-24
2.33725e-24
1.22267e-24
6.37318e-25
3.3102e-25
1.71319e-25
8.83508e-26
4.5402e-26
2.32489e-26
1.1863e-26
6.0319e-27
3.05624e-27
1.5431e-27
7.76391e-28
3.89267e-28
1.94491e-28
9.68368e-29
4.80477e-29
2.37574e-29
1.17064e-29
5.74843e-30
2.81306e-30
1.37188e-30
6.66754e-31
3.22945e-31
1.55887e-31
7.49912e-32
3.5953e-32
1.71786e-32
8.18033e-33
3.88229e-33
1.83629e-33
8.65635e-34
4.06698e-34
1.90439e-34
8.88772e-35
4.13407e-35
1.91656e-35
8.85574e-36
4.07841e-36
1.87208e-36
8.56495e-37
3.9057e-37
1.77521e-37
8.04226e-38
3.63153e-38
1.6345e-38
7.33281e-39
3.27904e-39
1.46157e-39
6.49365e-40
2.87581e-40
1.26951e-40
5.58623e-41
2.45026e-41
1.07132e-41
4.66923e-42
2.02857e-42
8.78536e-43
3.79275e-43
1.63222e-43
7.00224e-44
2.99454e-44
1.27662e-44
5.42547e-45
2.29857e-45
9.70791e-46
4.08738e-46
1.71561e-46
7.17878e-47
2.99463e-47
1.24537e-47
5.16323e-48
2.1341e-48
8.79386e-49
3.61261e-49
1.47959e-49
6.04148e-50
2.45941e-50
9.98171e-51
4.03897e-51
1.62941e-51
6.55372e-52
2.62812e-52
1.05076e-52
4.18861e-53
1.66473e-53
6.59677e-54
2.60635e-54
1.02672e-54
4.03265e-55
1.57926e-55
6.16656e-56
2.40083e-56
9.31994e-57
3.60744e-57
1.39227e-57
5.35783e-58
2.05588e-58
7.866e-59
3.00096e-59
1.14161e-59
4.33043e-60
1.63796e-60
6.1778e-61
2.32343e-61
8.7135e-62
3.25855e-62
1.21515e-62
4.51864e-63
1.67558e-63
6.19586e-64
2.28466e-64
8.40095e-65
3.08052e-65
1.12645e-65
4.10764e-66
1.49372e-66
5.41687e-67
1.95897e-67
7.06503e-68
2.54102e-68
9.11405e-69
3.26008e-69
1.16295e-69
4.13727e-70
1.46787e-70
5.19377e-71
1.83276e-71
6.44998e-72
2.26382e-72
7.92431e-73
2.76641e-73
9.63191e-74
3.34464e-74
1.15833e-74
4.00094e-75
1.37829e-75
4.73558e-76
1.62278e-76
5.54633e-77
1.89065e-77
6.42804e-78
2.17977e-78
7.37246e-79
2.48704e-79
8.36811e-80
2.80832e-80
9.40033e-81
3.13849e-81
1.04515e-81
3.47156e-82
1.15016e-82
3.80085e-83
1.25284e-83
4.11914e-84
1.35087e-84
4.41897e-85
1.44189e-85
4.69295e-86
1.52359e-86
4.93398e-87
1.59382e-87
5.13567e-88
1.65071e-88
5.29252e-89
1.69269e-89
5.40024e-90
1.71861e-90
5.45592e-91
1.72779e-91
5.45814e-92
1.72002e-92
5.40707e-93
1.69562e-93
5.30444e-94
1.65536e-94
5.1534e-95
1.60045e-95
4.95842e-96
1.53249e-96
4.72506e-97
1.45337e-97
4.45967e-98
1.36519e-98
4.16915e-99
1.27019e-99
3.86064e-100
1.17063e-100
3.54124e-101
1.06872e-101
3.21776e-102
9.66544e-103
2.89649e-103
8.65975e-104
2.58301e-104
7.68661e-105
2.2821e-105
6.75968e-106
1.99762e-106
5.88975e-107
1.73253e-107
5.08468e-108
1.48885e-108
4.34954e-109
1.26778e-109
3.68683e-110
1.06973e-110
3.09676e-111
8.94453e-112
2.57766e-112
7.41161e-113
2.12628e-113
6.08631e-114
1.73825e-114
4.95334e-115
1.40836e-115
3.99542e-116
1.13095e-116
3.19419e-117
9.0015e-118
2.5311e-118
7.10143e-119
1.98804e-119
5.55329e-120
1.54783e-120
4.30472e-121
1.19459e-121
3.30785e-122
9.1396e-123
2.5198e-123
6.93209e-124
1.90293e-124
5.21249e-125
1.42473e-125
3.88584e-126
1.05756e-126
2.87209e-127
7.78326e-128
2.10475e-128
5.67955e-129
1.52935e-129
4.10939e-130
1.10187e-130
2.94826e-131
7.87203e-132
2.09746e-132
5.57688e-133
1.47972e-133
3.91794e-134
1.03522e-134
2.72961e-135
7.18238e-136
1.88597e-136
4.942e-137
1.29233e-137
3.37248e-138
8.78276e-139
2.28256e-139
5.92e-140
1.53226e-140
3.95785e-141
1.02023e-141
2.62456e-142
6.73803e-143
1.72635e-143
4.41416e-144
1.12639e-144
2.86852e-145
7.29042e-146
1.84917e-146
4.68091e-147
1.18254e-147
2.98151e-148
7.50225e-149
1.88401e-149
4.72188e-150
1.1811e-150
2.94849e-151
7.34611e-152
1.82667e-152
4.53325e-153
1.12281e-153
2.7756e-154
6.84788e-155
1.6862e-155
4.14398e-156
1.01644e-156
2.48832e-157
6.0798e-158
1.48263e-158
3.60861e-159
8.76624e-160
2.12554e-160
5.1476e-161
1.25961e-161
3.71544e-162
)
;

boundaryField
{
    sides
    {
        type            zeroGradient;
    }
    empty
    {
        type            empty;
    }
}


// ************************************************************************* //
