/*--------------------------------*- C++ -*----------------------------------*\
  =========                 |
  \\      /  F ield         | OpenFOAM: The Open Source CFD Toolbox
   \\    /   O peration     | Website:  https://openfoam.org
    \\  /    A nd           | Version:  13
     \\/     M anipulation  |
\*---------------------------------------------------------------------------*/
FoamFile
{
    format      ascii;
    class       volScalarField;
    location    "3.525";
    object      T;
}
// * * * * * * * * * * * * * * * * * * * * * * * * * * * * * * * * * * * * * //

dimensions      [0 0 0 1 0 0 0];

internalField   nonuniform List<scalar> 
1000
(
2.01111e-62
2.75832e-62
4.52652e-62
7.9621e-62
1.43171e-61
2.58987e-61
4.68954e-61
8.48695e-61
1.53442e-60
2.77106e-60
4.9985e-60
9.00575e-60
1.62063e-59
2.91296e-59
5.22957e-59
9.37736e-59
1.67949e-58
3.0044e-58
5.36807e-58
9.5799e-58
1.7076e-57
3.04011e-57
5.40598e-57
9.60151e-57
1.70327e-56
3.01793e-56
5.34087e-56
9.44048e-56
1.66669e-55
2.93896e-55
5.17619e-55
9.1055e-55
1.59983e-54
2.80752e-54
4.92093e-54
8.61484e-54
1.50634e-53
2.63072e-53
4.58882e-53
7.99471e-53
1.39116e-52
2.41785e-52
4.19713e-52
7.27695e-52
1.26014e-51
2.17953e-51
3.76512e-51
6.4963e-51
1.1195e-50
1.92689e-50
3.31252e-50
5.68763e-50
9.75382e-50
1.67066e-49
2.85806e-49
4.88342e-49
8.33387e-49
1.42049e-48
2.41823e-48
4.11173e-48
6.98264e-48
1.18436e-47
2.00638e-47
3.39477e-47
5.73686e-47
9.68287e-47
1.6323e-46
2.74828e-46
4.62156e-46
7.76212e-46
1.30208e-45
2.18151e-45
3.65041e-45
6.10085e-45
1.01836e-44
1.69776e-44
2.82693e-44
4.70126e-44
7.80865e-44
1.29539e-43
2.14627e-43
3.55166e-43
5.87001e-43
9.6896e-43
1.59747e-42
2.6304e-42
4.32582e-42
7.10518e-42
1.16558e-41
1.9097e-41
3.12497e-41
5.10724e-41
8.33651e-41
1.35906e-40
2.21285e-40
3.59849e-40
5.84448e-40
9.48042e-40
1.53591e-39
2.48518e-39
4.01611e-39
6.48199e-39
1.04488e-38
1.6822e-38
2.70485e-38
4.34372e-38
6.96682e-38
1.11599e-37
1.78541e-37
2.85278e-37
4.55252e-37
7.25582e-37
1.15498e-36
1.83616e-36
2.9154e-36
4.62314e-36
7.32195e-36
1.15815e-35
1.82959e-35
2.88664e-35
4.54863e-35
7.15841e-35
1.12513e-34
1.76618e-34
2.76895e-34
4.33555e-34
6.77986e-34
1.05887e-33
1.65163e-33
2.57294e-33
4.00306e-33
6.22015e-33
9.65283e-33
1.49608e-32
2.31578e-32
3.58003e-32
5.5274e-32
8.52312e-32
1.31256e-31
2.01876e-31
3.10094e-31
4.75713e-31
7.28852e-31
1.11526e-30
1.70433e-30
2.60121e-30
3.96495e-30
6.0359e-30
9.1767e-30
1.39339e-29
2.11299e-29
3.20011e-29
4.84029e-29
7.31168e-29
1.10307e-28
1.66198e-28
2.50087e-28
3.75831e-28
5.6407e-28
8.45496e-28
1.26569e-27
1.89226e-27
2.82535e-27
4.21309e-27
6.2743e-27
9.33183e-27
1.38613e-26
2.05626e-26
3.0464e-26
4.50745e-26
6.66056e-26
9.82936e-26
1.44869e-25
2.13235e-25
3.13456e-25
4.6018e-25
6.74704e-25
9.87943e-25
1.44472e-24
2.10993e-24
3.07741e-24
4.48266e-24
6.52105e-24
9.47396e-24
1.3746e-23
1.99184e-23
2.88245e-23
4.16582e-23
6.01271e-23
8.66703e-23
1.24767e-22
1.79375e-22
2.57544e-22
3.69293e-22
5.28834e-22
7.56305e-22
1.0802e-21
1.54077e-21
2.19484e-21
3.12244e-21
4.43623e-21
6.2945e-21
8.9194e-21
1.26223e-20
1.78388e-20
2.51781e-20
3.54899e-20
4.99589e-20
7.02341e-20
9.86072e-20
1.38259e-19
1.93601e-19
2.70735e-19
3.78099e-19
5.27343e-19
7.34522e-19
1.02174e-18
1.41939e-18
1.96918e-18
2.72831e-18
3.77508e-18
5.21653e-18
7.19881e-18
9.92116e-18
1.36549e-17
1.87687e-17
2.57635e-17
3.5318e-17
4.83516e-17
6.61069e-17
9.0262e-17
1.23079e-16
1.67604e-16
2.27933e-16
3.09564e-16
4.1987e-16
5.68721e-16
7.69316e-16
1.03927e-15
1.40209e-15
1.88904e-15
2.54172e-15
3.41533e-15
4.58309e-15
6.14189e-15
8.21988e-15
1.09862e-14
1.46639e-14
1.95465e-14
2.60201e-14
3.45913e-14
4.59242e-14
6.08886e-14
8.06209e-14
1.06605e-13
1.40775e-13
1.85648e-13
2.44497e-13
3.21568e-13
4.22368e-13
5.5402e-13
7.25733e-13
9.49391e-13
1.24031e-12
1.6182e-12
2.10839e-12
2.74338e-12
3.56481e-12
4.62598e-12
5.99498e-12
7.75867e-12
1.00277e-11
1.2943e-11
1.66833e-11
2.14755e-11
2.76072e-11
3.54418e-11
4.54386e-11
5.81768e-11
7.43857e-11
9.49827e-11
1.2112e-10
1.54241e-10
1.96155e-10
2.49124e-10
3.15969e-10
4.00212e-10
5.06232e-10
6.39475e-10
8.06701e-10
1.01629e-09
1.2786e-09
1.60645e-09
2.01565e-09
2.52567e-09
3.16048e-09
3.94952e-09
4.92889e-09
6.14284e-09
7.64546e-09
9.50281e-09
1.17955e-08
1.46215e-08
1.81003e-08
2.23765e-08
2.76257e-08
3.40603e-08
4.19372e-08
5.15661e-08
6.33205e-08
7.76494e-08
9.50928e-08
1.16298e-07
1.4204e-07
1.73246e-07
2.11024e-07
2.56694e-07
3.11828e-07
3.78293e-07
4.58308e-07
5.54501e-07
6.69981e-07
8.08423e-07
9.74159e-07
1.1723e-06
1.40884e-06
1.69083e-06
2.02654e-06
2.42565e-06
2.89946e-06
3.46116e-06
4.12614e-06
4.91228e-06
5.84036e-06
6.93447e-06
8.22252e-06
9.73675e-06
1.15144e-05
1.35984e-05
1.6038e-05
1.88901e-05
2.22195e-05
2.61009e-05
3.06193e-05
3.5872e-05
4.19697e-05
4.90384e-05
5.72212e-05
6.66805e-05
7.76e-05
9.01875e-05
0.000104677
0.000121334
0.000140454
0.000162371
0.000187458
0.000216136
0.00024887
0.000286182
0.000328654
0.000376929
0.000431724
0.000493833
0.000564131
0.000643588
0.00073327
0.00083435
0.000948117
0.00107598
0.00121949
0.00138033
0.00156034
0.00176151
0.00198603
0.00223625
0.00251471
0.00282418
0.0031676
0.00354818
0.00396933
0.00443473
0.0049483
0.00551422
0.00613696
0.00682124
0.00757209
0.00839482
0.00929504
0.0102786
0.0113519
0.0125212
0.0137934
0.0151757
0.0166754
0.0183001
0.0200579
0.0219569
0.0240056
0.0262127
0.028587
0.0311375
0.0338736
0.0368044
0.0399396
0.0432885
0.0468607
0.0506656
0.0547127
0.0590113
0.0635706
0.0683995
0.0735067
0.0789007
0.0845894
0.0905805
0.0968811
0.103498
0.110437
0.117703
0.125301
0.133236
0.141509
0.150124
0.159082
0.168384
0.178028
0.188013
0.198337
0.208995
0.219984
0.231297
0.242928
0.254868
0.267108
0.279638
0.292447
0.305522
0.318849
0.332415
0.346204
0.360199
0.374384
0.388741
0.40325
0.417894
0.432651
0.447502
0.462426
0.477402
0.492408
0.507424
0.522426
0.537395
0.552308
0.567144
0.581883
0.596503
0.610984
0.625308
0.639453
0.653403
0.66714
0.680645
0.693904
0.706901
0.719621
0.732052
0.744179
0.755992
0.76748
0.778633
0.789442
0.7999
0.809999
0.819735
0.8291
0.838092
0.846707
0.854942
0.862794
0.870264
0.877349
0.884049
0.890365
0.896297
0.901847
0.907016
0.911804
0.916215
0.920249
0.923908
0.927195
0.930112
0.932659
0.934839
0.936654
0.938103
0.93919
0.939914
0.940276
0.940276
0.939914
0.93919
0.938103
0.936654
0.934839
0.932659
0.930112
0.927195
0.923908
0.920249
0.916215
0.911804
0.907016
0.901847
0.896297
0.890365
0.884049
0.877349
0.870264
0.862794
0.854942
0.846707
0.838092
0.8291
0.819735
0.809999
0.7999
0.789442
0.778633
0.76748
0.755992
0.744179
0.732052
0.719621
0.706901
0.693904
0.680645
0.66714
0.653403
0.639453
0.625308
0.610984
0.596503
0.581883
0.567144
0.552308
0.537395
0.522426
0.507424
0.492408
0.477402
0.462426
0.447502
0.432651
0.417894
0.40325
0.388741
0.374384
0.360199
0.346204
0.332415
0.318849
0.305522
0.292447
0.279638
0.267108
0.254868
0.242928
0.231297
0.219984
0.208995
0.198337
0.188013
0.178028
0.168384
0.159082
0.150124
0.141509
0.133236
0.125301
0.117703
0.110437
0.103498
0.0968811
0.0905805
0.0845894
0.0789007
0.0735067
0.0683995
0.0635706
0.0590113
0.0547127
0.0506656
0.0468607
0.0432885
0.0399396
0.0368044
0.0338736
0.0311375
0.028587
0.0262127
0.0240056
0.0219569
0.0200579
0.0183001
0.0166754
0.0151757
0.0137934
0.0125212
0.0113519
0.0102786
0.00929504
0.00839482
0.00757209
0.00682124
0.00613696
0.00551422
0.0049483
0.00443473
0.00396933
0.00354818
0.0031676
0.00282418
0.00251471
0.00223625
0.00198603
0.00176151
0.00156034
0.00138033
0.00121949
0.00107598
0.000948117
0.00083435
0.00073327
0.000643588
0.000564131
0.000493833
0.000431724
0.000376929
0.000328654
0.000286182
0.00024887
0.000216136
0.000187458
0.000162371
0.000140454
0.000121334
0.000104677
9.01875e-05
7.76e-05
6.66805e-05
5.72212e-05
4.90384e-05
4.19697e-05
3.5872e-05
3.06193e-05
2.61009e-05
2.22195e-05
1.88901e-05
1.6038e-05
1.35984e-05
1.15144e-05
9.73675e-06
8.22252e-06
6.93447e-06
5.84036e-06
4.91228e-06
4.12614e-06
3.46116e-06
2.89946e-06
2.42565e-06
2.02654e-06
1.69083e-06
1.40884e-06
1.1723e-06
9.74159e-07
8.08423e-07
6.69981e-07
5.54501e-07
4.58308e-07
3.78293e-07
3.11828e-07
2.56694e-07
2.11024e-07
1.73246e-07
1.4204e-07
1.16298e-07
9.50928e-08
7.76494e-08
6.33205e-08
5.15661e-08
4.19372e-08
3.40603e-08
2.76257e-08
2.23765e-08
1.81003e-08
1.46215e-08
1.17955e-08
9.50281e-09
7.64546e-09
6.14284e-09
4.92889e-09
3.94952e-09
3.16048e-09
2.52567e-09
2.01565e-09
1.60645e-09
1.2786e-09
1.01629e-09
8.06701e-10
6.39475e-10
5.06232e-10
4.00212e-10
3.15969e-10
2.49124e-10
1.96155e-10
1.54241e-10
1.2112e-10
9.49827e-11
7.43857e-11
5.81768e-11
4.54386e-11
3.54418e-11
2.76072e-11
2.14755e-11
1.66833e-11
1.2943e-11
1.00277e-11
7.75867e-12
5.99498e-12
4.62598e-12
3.56481e-12
2.74338e-12
2.10839e-12
1.6182e-12
1.24031e-12
9.49391e-13
7.25733e-13
5.5402e-13
4.22368e-13
3.21568e-13
2.44497e-13
1.85648e-13
1.40775e-13
1.06605e-13
8.06209e-14
6.08886e-14
4.59242e-14
3.45913e-14
2.60201e-14
1.95465e-14
1.46639e-14
1.09862e-14
8.21988e-15
6.14189e-15
4.58309e-15
3.41533e-15
2.54172e-15
1.88904e-15
1.40209e-15
1.03927e-15
7.69316e-16
5.68721e-16
4.1987e-16
3.09564e-16
2.27933e-16
1.67604e-16
1.23079e-16
9.0262e-17
6.61069e-17
4.83516e-17
3.5318e-17
2.57635e-17
1.87687e-17
1.36549e-17
9.92116e-18
7.19881e-18
5.21653e-18
3.77508e-18
2.72831e-18
1.96918e-18
1.41939e-18
1.02174e-18
7.34522e-19
5.27343e-19
3.78099e-19
2.70735e-19
1.93601e-19
1.38259e-19
9.86072e-20
7.02341e-20
4.99589e-20
3.54899e-20
2.51781e-20
1.78388e-20
1.26223e-20
8.9194e-21
6.2945e-21
4.43623e-21
3.12244e-21
2.19484e-21
1.54077e-21
1.0802e-21
7.56305e-22
5.28834e-22
3.69293e-22
2.57544e-22
1.79375e-22
1.24767e-22
8.66703e-23
6.01271e-23
4.16582e-23
2.88245e-23
1.99184e-23
1.3746e-23
9.47396e-24
6.52105e-24
4.48266e-24
3.07741e-24
2.10993e-24
1.44472e-24
9.87943e-25
6.74704e-25
4.6018e-25
3.13456e-25
2.13235e-25
1.44869e-25
9.82936e-26
6.66056e-26
4.50745e-26
3.0464e-26
2.05626e-26
1.38613e-26
9.33183e-27
6.2743e-27
4.21309e-27
2.82535e-27
1.89226e-27
1.26569e-27
8.45496e-28
5.6407e-28
3.75831e-28
2.50087e-28
1.66198e-28
1.10307e-28
7.31168e-29
4.84029e-29
3.20011e-29
2.11299e-29
1.39339e-29
9.1767e-30
6.0359e-30
3.96495e-30
2.60121e-30
1.70433e-30
1.11526e-30
7.28852e-31
4.75713e-31
3.10094e-31
2.01876e-31
1.31256e-31
8.52312e-32
5.5274e-32
3.58003e-32
2.31578e-32
1.49608e-32
9.65283e-33
6.22015e-33
4.00306e-33
2.57294e-33
1.65163e-33
1.05887e-33
6.77986e-34
4.33555e-34
2.76895e-34
1.76618e-34
1.12513e-34
7.15841e-35
4.54863e-35
2.88664e-35
1.82959e-35
1.15815e-35
7.32195e-36
4.62314e-36
2.9154e-36
1.83616e-36
1.15498e-36
7.25582e-37
4.55252e-37
2.85278e-37
1.78541e-37
1.11599e-37
6.96682e-38
4.34372e-38
2.70485e-38
1.6822e-38
1.04488e-38
6.48199e-39
4.01611e-39
2.48518e-39
1.53591e-39
9.48042e-40
5.84448e-40
3.59849e-40
2.21285e-40
1.35906e-40
8.33651e-41
5.10724e-41
3.12497e-41
1.9097e-41
1.16558e-41
7.10518e-42
4.32582e-42
2.6304e-42
1.59747e-42
9.6896e-43
5.87001e-43
3.55166e-43
2.14627e-43
1.29539e-43
7.80865e-44
4.70126e-44
2.82693e-44
1.69776e-44
1.01836e-44
6.10085e-45
3.65041e-45
2.18151e-45
1.30208e-45
7.76212e-46
4.62156e-46
2.74828e-46
1.6323e-46
9.68287e-47
5.73686e-47
3.39477e-47
2.00638e-47
1.18436e-47
6.98264e-48
4.11173e-48
2.41823e-48
1.42049e-48
8.33387e-49
4.88342e-49
2.85806e-49
1.67066e-49
9.75382e-50
5.68763e-50
3.31252e-50
1.92689e-50
1.1195e-50
6.4963e-51
3.76512e-51
2.17953e-51
1.26014e-51
7.27695e-52
4.19713e-52
2.41785e-52
1.39116e-52
7.99471e-53
4.58882e-53
2.63072e-53
1.50634e-53
8.61484e-54
4.92093e-54
2.80752e-54
1.59983e-54
9.1055e-55
5.17619e-55
2.93896e-55
1.66669e-55
9.44048e-56
5.34087e-56
3.01793e-56
1.70327e-56
9.60151e-57
5.40598e-57
3.04011e-57
1.7076e-57
9.5799e-58
5.36807e-58
3.0044e-58
1.67949e-58
9.37736e-59
5.22957e-59
2.91296e-59
1.62063e-59
9.00575e-60
4.9985e-60
2.77106e-60
1.53442e-60
8.48695e-61
4.68954e-61
2.58987e-61
1.43171e-61
7.9621e-62
4.52652e-62
2.75832e-62
2.01111e-62
)
;

boundaryField
{
    sides
    {
        type            zeroGradient;
    }
    empty
    {
        type            empty;
    }
}


// ************************************************************************* //
