/*--------------------------------*- C++ -*----------------------------------*\
  =========                 |
  \\      /  F ield         | OpenFOAM: The Open Source CFD Toolbox
   \\    /   O peration     | Website:  https://openfoam.org
    \\  /    A nd           | Version:  13
     \\/     M anipulation  |
\*---------------------------------------------------------------------------*/
FoamFile
{
    format      ascii;
    class       volScalarField;
    location    "4.97";
    object      T;
}
// * * * * * * * * * * * * * * * * * * * * * * * * * * * * * * * * * * * * * //

dimensions      [0 0 0 1 0 0 0];

internalField   nonuniform List<scalar> 
1000
(
1.82656e-45
2.18397e-45
2.96736e-45
4.32676e-45
6.52184e-45
9.97047e-45
1.53267e-44
2.36022e-44
3.63537e-44
5.59694e-44
8.61076e-44
1.32365e-43
2.03292e-43
3.11947e-43
4.78241e-43
7.32517e-43
1.12097e-42
1.71385e-42
2.61792e-42
3.99523e-42
6.0916e-42
9.27949e-42
1.41228e-41
2.14743e-41
3.26227e-41
4.95135e-41
7.5081e-41
1.13747e-40
1.72167e-40
2.60352e-40
3.93347e-40
5.93734e-40
8.95385e-40
1.34905e-39
2.03071e-39
3.05401e-39
4.58873e-39
6.88836e-39
1.03309e-38
1.54798e-38
2.31734e-38
3.46589e-38
5.17893e-38
7.73153e-38
1.15316e-37
1.71837e-37
2.55824e-37
3.80509e-37
5.65442e-37
8.39481e-37
1.24518e-36
1.84524e-36
2.73195e-36
4.04101e-36
5.97182e-36
8.81702e-36
1.30057e-35
1.91666e-35
2.82199e-35
4.15109e-35
6.10052e-35
8.95714e-35
1.31392e-34
1.9256e-34
2.81942e-34
4.12431e-34
6.02754e-34
8.80085e-34
1.28383e-33
1.87105e-33
2.72433e-33
3.96305e-33
5.75966e-33
8.36296e-33
1.21316e-32
1.75822e-32
2.54579e-32
3.68272e-32
5.32243e-32
7.68504e-32
1.10861e-31
1.59773e-31
2.30052e-31
3.30934e-31
4.75611e-31
6.82899e-31
9.79617e-31
1.40394e-30
2.01019e-30
2.87554e-30
4.10956e-30
5.86765e-30
8.37003e-30
1.19284e-29
1.69837e-29
2.41589e-29
3.43331e-29
4.87463e-29
6.91455e-29
9.79894e-29
1.38735e-28
1.9624e-28
2.77319e-28
3.91529e-28
5.52257e-28
7.78234e-28
1.09565e-27
1.54108e-27
2.16555e-27
3.04022e-27
4.26415e-27
5.97519e-27
8.36493e-27
1.16994e-26
1.63477e-26
2.28213e-26
3.18283e-26
4.43485e-26
6.17354e-26
8.5858e-26
1.19294e-25
1.65594e-25
2.29647e-25
3.18176e-25
4.40417e-25
6.09047e-25
8.41448e-25
1.16143e-24
1.60158e-24
2.20645e-24
3.03688e-24
4.17591e-24
5.73672e-24
7.87344e-24
1.07958e-23
1.47888e-23
2.02396e-23
2.76731e-23
3.7801e-23
5.15865e-23
7.03327e-23
9.58003e-23
1.30366e-22
1.77235e-22
2.40726e-22
3.26651e-22
4.42826e-22
5.99749e-22
8.1151e-22
1.097e-21
1.48151e-21
1.99889e-21
2.6944e-21
3.62846e-21
4.88167e-21
6.56149e-21
8.81095e-21
1.18203e-20
1.58425e-20
2.12131e-20
2.83772e-20
3.79247e-20
5.06362e-20
6.75439e-20
9.00113e-20
1.19838e-19
1.59396e-19
2.11809e-19
2.8119e-19
3.7294e-19
4.94156e-19
6.54146e-19
8.65109e-19
1.14302e-18
1.50875e-18
1.98962e-18
2.62124e-18
3.45007e-18
4.53664e-18
5.95972e-18
7.82171e-18
1.02556e-17
1.34341e-17
1.75807e-17
2.29854e-17
3.00227e-17
3.91771e-17
5.10739e-17
6.65197e-17
8.65536e-17
1.12513e-16
1.46119e-16
1.89581e-16
2.45734e-16
3.18214e-16
4.11678e-16
5.32082e-16
6.87043e-16
8.86284e-16
1.14221e-15
1.47062e-15
1.89164e-15
2.43086e-15
3.1208e-15
4.00271e-15
5.12891e-15
6.56568e-15
8.39686e-15
1.07284e-14
1.36943e-14
1.74633e-14
2.22482e-14
2.83169e-14
3.60063e-14
4.57399e-14
5.80489e-14
7.35996e-14
9.32265e-14
1.17974e-13
1.49147e-13
1.88376e-13
2.37694e-13
2.99636e-13
3.77357e-13
4.74779e-13
5.96779e-13
7.49407e-13
9.40165e-13
1.17834e-12
1.47544e-12
1.84567e-12
2.30658e-12
2.87981e-12
3.59205e-12
4.47612e-12
5.57241e-12
6.93053e-12
8.61135e-12
1.06895e-11
1.32564e-11
1.64239e-11
2.03287e-11
2.51375e-11
3.1054e-11
3.83261e-11
4.72556e-11
5.82094e-11
7.16333e-11
8.8068e-11
1.08169e-10
1.3273e-10
1.62711e-10
1.99272e-10
2.43814e-10
2.98024e-10
3.63936e-10
4.43999e-10
5.41152e-10
6.58928e-10
8.01565e-10
9.7414e-10
1.18273e-09
1.4346e-09
1.73843e-09
2.10459e-09
2.54541e-09
3.0756e-09
3.71265e-09
4.47734e-09
5.39433e-09
6.49287e-09
7.8076e-09
9.37952e-09
1.12571e-08
1.34975e-08
1.61682e-08
1.93487e-08
2.31326e-08
2.76299e-08
3.29698e-08
3.93039e-08
4.68098e-08
5.56956e-08
6.62044e-08
7.86204e-08
9.32751e-08
1.10555e-07
1.30911e-07
1.54865e-07
1.83027e-07
2.16102e-07
2.54909e-07
3.00397e-07
3.53662e-07
4.15972e-07
4.8879e-07
5.73806e-07
6.72962e-07
7.88496e-07
9.22979e-07
1.07936e-06
1.26104e-06
1.47188e-06
1.71632e-06
1.99945e-06
2.32705e-06
2.70574e-06
3.14304e-06
3.64753e-06
4.22895e-06
4.89836e-06
5.66831e-06
6.55303e-06
7.56859e-06
8.73321e-06
1.00674e-05
1.15944e-05
1.33402e-05
1.53343e-05
1.76097e-05
2.02035e-05
2.31572e-05
2.65175e-05
3.03366e-05
3.46727e-05
3.95909e-05
4.51638e-05
5.14722e-05
5.86062e-05
6.66656e-05
7.57615e-05
8.60168e-05
9.7568e-05
0.000110566
0.000125176
0.000141583
0.00015999
0.000180619
0.000203716
0.000229549
0.000258414
0.000290636
0.000326567
0.000366596
0.000411145
0.000460674
0.000515686
0.000576726
0.000644387
0.000719312
0.000802198
0.000893799
0.000994931
0.00110647
0.00122937
0.00136465
0.00151341
0.00167682
0.00185615
0.00205276
0.00226809
0.00250368
0.0027612
0.00304239
0.00334913
0.0036834
0.0040473
0.00444307
0.00487306
0.00533977
0.00584583
0.00639399
0.00698718
0.00762843
0.00832096
0.00906812
0.00987339
0.0107404
0.0116731
0.0126752
0.013751
0.0149047
0.0161406
0.0174634
0.0188777
0.0203882
0.0220001
0.0237182
0.0255478
0.0274942
0.0295626
0.0317587
0.0340879
0.0365558
0.039168
0.0419302
0.044848
0.0479272
0.0511735
0.0545923
0.0581893
0.06197
0.0659397
0.0701037
0.0744672
0.079035
0.083812
0.0888027
0.0940113
0.0994421
0.105099
0.110985
0.117103
0.123456
0.130047
0.136878
0.14395
0.151264
0.158821
0.166622
0.174665
0.18295
0.191477
0.200242
0.209243
0.218478
0.227944
0.237635
0.247547
0.257675
0.268014
0.278557
0.289296
0.300226
0.311337
0.322621
0.334069
0.345672
0.357419
0.369301
0.381307
0.393424
0.405642
0.417949
0.430333
0.442781
0.45528
0.467817
0.480379
0.492953
0.505525
0.518083
0.530612
0.543098
0.555529
0.567891
0.580171
0.592354
0.604429
0.616382
0.628201
0.639873
0.651386
0.662729
0.673889
0.684855
0.695616
0.706163
0.716484
0.72657
0.736412
0.746
0.755327
0.764383
0.773161
0.781654
0.789855
0.797756
0.805353
0.812639
0.81961
0.826258
0.832582
0.838575
0.844234
0.849555
0.854536
0.859172
0.863462
0.867402
0.870991
0.874226
0.877106
0.879629
0.881794
0.8836
0.885046
0.886131
0.886855
0.887216
0.887216
0.886855
0.886131
0.885046
0.8836
0.881794
0.879629
0.877106
0.874226
0.870991
0.867402
0.863462
0.859172
0.854536
0.849555
0.844234
0.838575
0.832582
0.826258
0.81961
0.812639
0.805353
0.797756
0.789855
0.781654
0.773161
0.764383
0.755327
0.746
0.736412
0.72657
0.716484
0.706163
0.695616
0.684855
0.673889
0.662729
0.651386
0.639873
0.628201
0.616382
0.604429
0.592354
0.580171
0.567891
0.555529
0.543098
0.530612
0.518083
0.505525
0.492953
0.480379
0.467817
0.45528
0.442781
0.430333
0.417949
0.405642
0.393424
0.381307
0.369301
0.357419
0.345672
0.334069
0.322621
0.311337
0.300226
0.289296
0.278557
0.268014
0.257675
0.247547
0.237635
0.227944
0.218478
0.209243
0.200242
0.191477
0.18295
0.174665
0.166622
0.158821
0.151264
0.14395
0.136878
0.130047
0.123456
0.117103
0.110985
0.105099
0.0994421
0.0940113
0.0888027
0.083812
0.079035
0.0744672
0.0701037
0.0659397
0.06197
0.0581893
0.0545923
0.0511735
0.0479272
0.044848
0.0419302
0.039168
0.0365558
0.0340879
0.0317587
0.0295626
0.0274942
0.0255478
0.0237182
0.0220001
0.0203882
0.0188777
0.0174634
0.0161406
0.0149047
0.013751
0.0126752
0.0116731
0.0107404
0.00987339
0.00906812
0.00832096
0.00762843
0.00698718
0.00639399
0.00584583
0.00533977
0.00487306
0.00444307
0.0040473
0.0036834
0.00334913
0.00304239
0.0027612
0.00250368
0.00226809
0.00205276
0.00185615
0.00167682
0.00151341
0.00136465
0.00122937
0.00110647
0.000994931
0.000893799
0.000802198
0.000719312
0.000644387
0.000576726
0.000515686
0.000460674
0.000411145
0.000366596
0.000326567
0.000290636
0.000258414
0.000229549
0.000203716
0.000180619
0.00015999
0.000141583
0.000125176
0.000110566
9.7568e-05
8.60168e-05
7.57615e-05
6.66656e-05
5.86062e-05
5.14722e-05
4.51638e-05
3.95909e-05
3.46727e-05
3.03366e-05
2.65175e-05
2.31572e-05
2.02035e-05
1.76097e-05
1.53343e-05
1.33402e-05
1.15944e-05
1.00674e-05
8.73321e-06
7.56859e-06
6.55303e-06
5.66831e-06
4.89836e-06
4.22895e-06
3.64753e-06
3.14304e-06
2.70574e-06
2.32705e-06
1.99945e-06
1.71632e-06
1.47188e-06
1.26104e-06
1.07936e-06
9.22979e-07
7.88496e-07
6.72962e-07
5.73806e-07
4.8879e-07
4.15972e-07
3.53662e-07
3.00397e-07
2.54909e-07
2.16102e-07
1.83027e-07
1.54865e-07
1.30911e-07
1.10555e-07
9.32751e-08
7.86204e-08
6.62044e-08
5.56956e-08
4.68098e-08
3.93039e-08
3.29698e-08
2.76299e-08
2.31326e-08
1.93487e-08
1.61682e-08
1.34975e-08
1.12571e-08
9.37952e-09
7.8076e-09
6.49287e-09
5.39433e-09
4.47734e-09
3.71265e-09
3.0756e-09
2.54541e-09
2.10459e-09
1.73843e-09
1.4346e-09
1.18273e-09
9.7414e-10
8.01565e-10
6.58928e-10
5.41152e-10
4.43999e-10
3.63936e-10
2.98024e-10
2.43814e-10
1.99272e-10
1.62711e-10
1.3273e-10
1.08169e-10
8.8068e-11
7.16333e-11
5.82094e-11
4.72556e-11
3.83261e-11
3.1054e-11
2.51375e-11
2.03287e-11
1.64239e-11
1.32564e-11
1.06895e-11
8.61135e-12
6.93053e-12
5.57241e-12
4.47612e-12
3.59205e-12
2.87981e-12
2.30658e-12
1.84567e-12
1.47544e-12
1.17834e-12
9.40165e-13
7.49407e-13
5.96779e-13
4.74779e-13
3.77357e-13
2.99636e-13
2.37694e-13
1.88376e-13
1.49147e-13
1.17974e-13
9.32265e-14
7.35996e-14
5.80489e-14
4.57399e-14
3.60063e-14
2.83169e-14
2.22482e-14
1.74633e-14
1.36943e-14
1.07284e-14
8.39686e-15
6.56568e-15
5.12891e-15
4.00271e-15
3.1208e-15
2.43086e-15
1.89164e-15
1.47062e-15
1.14221e-15
8.86284e-16
6.87043e-16
5.32082e-16
4.11678e-16
3.18214e-16
2.45734e-16
1.89581e-16
1.46119e-16
1.12513e-16
8.65536e-17
6.65197e-17
5.10739e-17
3.91771e-17
3.00227e-17
2.29854e-17
1.75807e-17
1.34341e-17
1.02556e-17
7.82171e-18
5.95972e-18
4.53664e-18
3.45007e-18
2.62124e-18
1.98962e-18
1.50875e-18
1.14302e-18
8.65109e-19
6.54146e-19
4.94156e-19
3.7294e-19
2.8119e-19
2.11809e-19
1.59396e-19
1.19838e-19
9.00113e-20
6.75439e-20
5.06362e-20
3.79247e-20
2.83772e-20
2.12131e-20
1.58425e-20
1.18203e-20
8.81095e-21
6.56149e-21
4.88167e-21
3.62846e-21
2.6944e-21
1.99889e-21
1.48151e-21
1.097e-21
8.1151e-22
5.99749e-22
4.42826e-22
3.26651e-22
2.40726e-22
1.77235e-22
1.30366e-22
9.58003e-23
7.03327e-23
5.15865e-23
3.7801e-23
2.76731e-23
2.02396e-23
1.47888e-23
1.07958e-23
7.87344e-24
5.73672e-24
4.17591e-24
3.03688e-24
2.20645e-24
1.60158e-24
1.16143e-24
8.41448e-25
6.09047e-25
4.40417e-25
3.18176e-25
2.29647e-25
1.65594e-25
1.19294e-25
8.5858e-26
6.17354e-26
4.43485e-26
3.18283e-26
2.28213e-26
1.63477e-26
1.16994e-26
8.36493e-27
5.97519e-27
4.26415e-27
3.04022e-27
2.16555e-27
1.54108e-27
1.09565e-27
7.78234e-28
5.52257e-28
3.91529e-28
2.77319e-28
1.9624e-28
1.38735e-28
9.79894e-29
6.91455e-29
4.87463e-29
3.43331e-29
2.41589e-29
1.69837e-29
1.19284e-29
8.37003e-30
5.86765e-30
4.10956e-30
2.87554e-30
2.01019e-30
1.40394e-30
9.79617e-31
6.82899e-31
4.75611e-31
3.30934e-31
2.30052e-31
1.59773e-31
1.10861e-31
7.68504e-32
5.32243e-32
3.68272e-32
2.54579e-32
1.75822e-32
1.21316e-32
8.36296e-33
5.75966e-33
3.96305e-33
2.72433e-33
1.87105e-33
1.28383e-33
8.80085e-34
6.02754e-34
4.12431e-34
2.81942e-34
1.9256e-34
1.31392e-34
8.95714e-35
6.10052e-35
4.15109e-35
2.82199e-35
1.91666e-35
1.30057e-35
8.81702e-36
5.97182e-36
4.04101e-36
2.73195e-36
1.84524e-36
1.24518e-36
8.39481e-37
5.65442e-37
3.80509e-37
2.55824e-37
1.71837e-37
1.15316e-37
7.73153e-38
5.17893e-38
3.46589e-38
2.31734e-38
1.54798e-38
1.03309e-38
6.88836e-39
4.58873e-39
3.05401e-39
2.03071e-39
1.34905e-39
8.95385e-40
5.93734e-40
3.93347e-40
2.60352e-40
1.72167e-40
1.13747e-40
7.5081e-41
4.95135e-41
3.26227e-41
2.14743e-41
1.41228e-41
9.27949e-42
6.0916e-42
3.99523e-42
2.61792e-42
1.71385e-42
1.12097e-42
7.32517e-43
4.78241e-43
3.11947e-43
2.03292e-43
1.32365e-43
8.61076e-44
5.59694e-44
3.63537e-44
2.36022e-44
1.53267e-44
9.97047e-45
6.52184e-45
4.32676e-45
2.96736e-45
2.18397e-45
1.82656e-45
)
;

boundaryField
{
    sides
    {
        type            zeroGradient;
    }
    empty
    {
        type            empty;
    }
}


// ************************************************************************* //
