/*--------------------------------*- C++ -*----------------------------------*\
  =========                 |
  \\      /  F ield         | OpenFOAM: The Open Source CFD Toolbox
   \\    /   O peration     | Website:  https://openfoam.org
    \\  /    A nd           | Version:  13
     \\/     M anipulation  |
\*---------------------------------------------------------------------------*/
FoamFile
{
    format      ascii;
    class       volScalarField;
    location    "3.66";
    object      T;
}
// * * * * * * * * * * * * * * * * * * * * * * * * * * * * * * * * * * * * * //

dimensions      [0 0 0 1 0 0 0];

internalField   nonuniform List<scalar> 
1000
(
2.58113e-60
3.4763e-60
5.57262e-60
9.58511e-60
1.68781e-59
2.99221e-59
5.31186e-59
9.42628e-59
1.67124e-58
2.95986e-58
5.23613e-58
9.25232e-58
1.63301e-57
2.8789e-57
5.06944e-57
8.91642e-57
1.56645e-56
2.74878e-56
4.8179e-56
8.43474e-56
1.47496e-55
2.57623e-55
4.4945e-55
7.83202e-55
1.3632e-54
2.36995e-54
4.1154e-54
7.13801e-54
1.23662e-53
2.13986e-53
3.69852e-53
6.38502e-53
1.101e-52
1.89629e-52
3.26221e-52
5.60543e-52
9.62048e-52
1.6492e-51
2.82385e-51
4.82946e-51
8.24981e-51
1.4076e-50
2.39883e-50
4.08329e-50
6.94239e-50
1.17895e-49
1.99971e-49
3.38787e-49
5.73288e-49
9.68958e-49
1.63577e-48
2.75821e-48
4.64532e-48
7.81429e-48
1.31295e-47
2.20339e-47
3.69334e-47
6.18344e-47
1.03401e-46
1.72704e-46
2.88113e-46
4.80073e-46
7.98974e-46
1.32813e-45
2.20511e-45
3.6568e-45
6.05694e-45
1.00204e-44
1.65577e-44
2.73271e-44
4.50471e-44
7.41687e-44
1.2197e-43
2.00339e-43
3.28667e-43
5.38549e-43
8.81399e-43
1.44078e-42
2.35235e-42
3.83603e-42
6.24797e-42
1.01642e-41
1.65152e-41
2.68022e-41
4.34443e-41
7.0335e-41
1.13733e-40
1.83685e-40
2.96304e-40
4.77392e-40
7.68223e-40
1.23473e-39
1.98213e-39
3.17809e-39
5.08946e-39
8.14049e-39
1.30047e-38
2.07503e-38
3.30689e-38
5.26365e-38
8.36807e-38
1.32872e-37
2.10725e-37
3.33784e-37
5.28064e-37
8.34406e-37
1.31686e-36
2.07572e-36
3.26789e-36
5.13849e-36
8.06997e-36
1.26583e-35
1.98312e-35
3.10306e-35
4.84951e-35
7.56961e-35
1.18009e-34
1.83749e-34
2.85759e-34
4.43856e-34
6.88571e-34
1.0669e-33
1.65105e-33
2.5519e-33
3.93941e-33
6.07385e-33
9.35322e-33
1.43854e-32
2.20977e-32
3.39027e-32
5.19501e-32
7.95061e-32
1.21528e-31
1.85531e-31
2.8289e-31
4.30806e-31
6.55249e-31
9.95389e-31
1.51022e-30
2.28849e-30
3.46352e-30
5.23537e-30
7.90381e-30
1.19175e-29
1.79471e-29
2.69937e-29
4.05499e-29
6.08382e-29
9.11636e-29
1.36435e-28
2.03932e-28
3.04442e-28
4.53922e-28
6.75951e-28
1.00532e-27
1.49333e-27
2.21543e-27
3.28261e-27
4.85777e-27
7.17976e-27
1.05984e-26
1.56251e-26
2.30071e-26
3.38342e-26
4.96941e-26
7.28968e-26
1.06799e-25
1.56271e-25
2.28372e-25
3.3332e-25
4.85885e-25
7.0739e-25
1.02858e-24
1.49371e-24
2.16646e-24
3.13824e-24
4.54018e-24
6.56012e-24
9.46677e-24
1.36441e-23
1.96397e-23
2.82344e-23
4.0539e-23
5.81323e-23
8.32553e-23
1.19085e-22
1.70118e-22
2.42714e-22
3.4585e-22
4.92186e-22
6.99552e-22
9.93024e-22
1.40782e-21
1.99335e-21
2.81883e-21
3.98107e-21
5.61539e-21
7.91056e-21
1.11297e-20
1.56388e-20
2.19468e-20
3.076e-20
4.30573e-20
6.01942e-20
8.40443e-20
1.17195e-19
1.63212e-19
2.27009e-19
3.1534e-19
4.37481e-19
6.06157e-19
8.38794e-19
1.15923e-18
1.60004e-18
2.20563e-18
3.03655e-18
4.17514e-18
5.73332e-18
7.86293e-18
1.07697e-17
1.47323e-17
2.01269e-17
2.74617e-17
3.74214e-17
5.09279e-17
6.92202e-17
9.3962e-17
1.27384e-16
1.72471e-16
2.33218e-16
3.14954e-16
4.2479e-16
5.72194e-16
7.69755e-16
1.0342e-15
1.38769e-15
1.85962e-15
2.48884e-15
3.32666e-15
4.4408e-15
5.92043e-15
7.88288e-15
1.04823e-14
1.39209e-14
1.84636e-14
2.44572e-14
3.23546e-14
4.27468e-14
5.6404e-14
7.43285e-14
9.78226e-14
1.28577e-13
1.68781e-13
2.21269e-13
2.89707e-13
3.78821e-13
4.94706e-13
6.45205e-13
8.40401e-13
1.09323e-12
1.42029e-12
1.8428e-12
2.3879e-12
3.09024e-12
3.99397e-12
5.15531e-12
6.64571e-12
8.55588e-12
1.10008e-11
1.41261e-11
1.81157e-11
2.3202e-11
2.96778e-11
3.79119e-11
4.83676e-11
6.16269e-11
7.84191e-11
9.96574e-11
1.26483e-10
1.60322e-10
2.0295e-10
2.56579e-10
3.23958e-10
4.085e-10
5.14436e-10
6.47003e-10
8.12676e-10
1.01944e-09
1.27716e-09
1.59795e-09
1.99672e-09
2.49176e-09
3.10549e-09
3.86537e-09
4.80492e-09
5.9651e-09
7.39579e-09
9.15771e-09
1.13246e-08
1.39862e-08
1.72507e-08
2.12497e-08
2.61416e-08
3.2118e-08
3.94095e-08
4.82935e-08
5.91033e-08
7.22389e-08
8.81792e-08
1.07497e-07
1.30877e-07
1.59136e-07
1.93244e-07
2.34359e-07
2.83853e-07
3.43354e-07
4.14788e-07
5.00435e-07
6.02983e-07
7.25604e-07
8.72029e-07
1.04664e-06
1.2546e-06
1.50192e-06
1.79567e-06
2.1441e-06
2.55682e-06
3.04504e-06
3.62179e-06
4.30222e-06
5.10387e-06
6.04707e-06
7.15532e-06
8.45575e-06
9.97963e-06
1.17629e-05
1.3847e-05
1.62793e-05
1.91143e-05
2.24139e-05
2.62494e-05
3.07015e-05
3.58626e-05
4.18375e-05
4.87451e-05
5.67202e-05
6.59153e-05
7.65028e-05
8.8677e-05
0.000102657
0.000118688
0.000137048
0.000158044
0.000182025
0.000209376
0.00024053
0.000275967
0.000316221
0.000361885
0.000413616
0.000472141
0.000538261
0.000612863
0.000696919
0.000791499
0.000897776
0.00101704
0.00115068
0.00130025
0.0014674
0.00165395
0.00186188
0.00209331
0.00235055
0.0026361
0.00295264
0.00330304
0.00369042
0.00411808
0.00458959
0.00510871
0.0056795
0.00630623
0.00699345
0.00774597
0.00856889
0.00946756
0.0104476
0.011515
0.0126758
0.0139367
0.0153042
0.0167855
0.0183878
0.0201186
0.0219857
0.023997
0.0261609
0.0284856
0.0309797
0.033652
0.0365112
0.0395662
0.0428261
0.0462998
0.0499962
0.0539243
0.058093
0.0625109
0.0671865
0.0721282
0.0773439
0.0828414
0.0886278
0.0947103
0.101095
0.107788
0.114794
0.122119
0.129766
0.137738
0.146039
0.154669
0.163629
0.17292
0.182541
0.192489
0.202761
0.213355
0.224264
0.235484
0.247006
0.258823
0.270926
0.283305
0.295949
0.308846
0.321982
0.335345
0.348919
0.362689
0.376638
0.390749
0.405006
0.419388
0.433878
0.448457
0.463104
0.477799
0.492523
0.507255
0.521975
0.536662
0.551295
0.565855
0.580322
0.594676
0.608898
0.622969
0.636871
0.650586
0.664098
0.677389
0.690444
0.703248
0.715787
0.728048
0.740019
0.751688
0.763044
0.774077
0.78478
0.795142
0.805158
0.814821
0.824125
0.833066
0.84164
0.849842
0.857671
0.865125
0.872201
0.878899
0.885218
0.891159
0.896721
0.901904
0.906711
0.911141
0.915196
0.918877
0.922185
0.925121
0.927688
0.929885
0.931715
0.933177
0.934273
0.935003
0.935368
0.935368
0.935003
0.934273
0.933177
0.931715
0.929885
0.927688
0.925121
0.922185
0.918877
0.915196
0.911141
0.906711
0.901904
0.896721
0.891159
0.885218
0.878899
0.872201
0.865125
0.857671
0.849842
0.84164
0.833066
0.824125
0.814821
0.805158
0.795142
0.78478
0.774077
0.763044
0.751688
0.740019
0.728048
0.715787
0.703248
0.690444
0.677389
0.664098
0.650586
0.636871
0.622969
0.608898
0.594676
0.580322
0.565855
0.551295
0.536662
0.521975
0.507255
0.492523
0.477799
0.463104
0.448457
0.433878
0.419388
0.405006
0.390749
0.376638
0.362689
0.348919
0.335345
0.321982
0.308846
0.295949
0.283305
0.270926
0.258823
0.247006
0.235484
0.224264
0.213355
0.202761
0.192489
0.182541
0.17292
0.163629
0.154669
0.146039
0.137738
0.129766
0.122119
0.114794
0.107788
0.101095
0.0947103
0.0886278
0.0828414
0.0773439
0.0721282
0.0671865
0.0625109
0.058093
0.0539243
0.0499962
0.0462998
0.0428261
0.0395662
0.0365112
0.033652
0.0309797
0.0284856
0.0261609
0.023997
0.0219857
0.0201186
0.0183878
0.0167855
0.0153042
0.0139367
0.0126758
0.011515
0.0104476
0.00946756
0.00856889
0.00774597
0.00699345
0.00630623
0.0056795
0.00510871
0.00458959
0.00411808
0.00369042
0.00330304
0.00295264
0.0026361
0.00235055
0.00209331
0.00186188
0.00165395
0.0014674
0.00130025
0.00115068
0.00101704
0.000897776
0.000791499
0.000696919
0.000612863
0.000538261
0.000472141
0.000413616
0.000361885
0.000316221
0.000275967
0.00024053
0.000209376
0.000182025
0.000158044
0.000137048
0.000118688
0.000102657
8.8677e-05
7.65028e-05
6.59153e-05
5.67202e-05
4.87451e-05
4.18375e-05
3.58626e-05
3.07015e-05
2.62494e-05
2.24139e-05
1.91143e-05
1.62793e-05
1.3847e-05
1.17629e-05
9.97963e-06
8.45575e-06
7.15532e-06
6.04707e-06
5.10387e-06
4.30222e-06
3.62179e-06
3.04504e-06
2.55682e-06
2.1441e-06
1.79567e-06
1.50192e-06
1.2546e-06
1.04664e-06
8.72029e-07
7.25604e-07
6.02983e-07
5.00435e-07
4.14788e-07
3.43354e-07
2.83853e-07
2.34359e-07
1.93244e-07
1.59136e-07
1.30877e-07
1.07497e-07
8.81792e-08
7.22389e-08
5.91033e-08
4.82935e-08
3.94095e-08
3.2118e-08
2.61416e-08
2.12497e-08
1.72507e-08
1.39862e-08
1.13246e-08
9.15771e-09
7.39579e-09
5.9651e-09
4.80492e-09
3.86537e-09
3.10549e-09
2.49176e-09
1.99672e-09
1.59795e-09
1.27716e-09
1.01944e-09
8.12676e-10
6.47003e-10
5.14436e-10
4.085e-10
3.23958e-10
2.56579e-10
2.0295e-10
1.60322e-10
1.26483e-10
9.96574e-11
7.84191e-11
6.16269e-11
4.83676e-11
3.79119e-11
2.96778e-11
2.3202e-11
1.81157e-11
1.41261e-11
1.10008e-11
8.55588e-12
6.64571e-12
5.15531e-12
3.99397e-12
3.09024e-12
2.3879e-12
1.8428e-12
1.42029e-12
1.09323e-12
8.40401e-13
6.45205e-13
4.94706e-13
3.78821e-13
2.89707e-13
2.21269e-13
1.68781e-13
1.28577e-13
9.78226e-14
7.43285e-14
5.6404e-14
4.27468e-14
3.23546e-14
2.44572e-14
1.84636e-14
1.39209e-14
1.04823e-14
7.88288e-15
5.92043e-15
4.4408e-15
3.32666e-15
2.48884e-15
1.85962e-15
1.38769e-15
1.0342e-15
7.69755e-16
5.72194e-16
4.2479e-16
3.14954e-16
2.33218e-16
1.72471e-16
1.27384e-16
9.3962e-17
6.92202e-17
5.09279e-17
3.74214e-17
2.74617e-17
2.01269e-17
1.47323e-17
1.07697e-17
7.86293e-18
5.73332e-18
4.17514e-18
3.03655e-18
2.20563e-18
1.60004e-18
1.15923e-18
8.38794e-19
6.06157e-19
4.37481e-19
3.1534e-19
2.27009e-19
1.63212e-19
1.17195e-19
8.40443e-20
6.01942e-20
4.30573e-20
3.076e-20
2.19468e-20
1.56388e-20
1.11297e-20
7.91056e-21
5.61539e-21
3.98107e-21
2.81883e-21
1.99335e-21
1.40782e-21
9.93024e-22
6.99552e-22
4.92186e-22
3.4585e-22
2.42714e-22
1.70118e-22
1.19085e-22
8.32553e-23
5.81323e-23
4.0539e-23
2.82344e-23
1.96397e-23
1.36441e-23
9.46677e-24
6.56012e-24
4.54018e-24
3.13824e-24
2.16646e-24
1.49371e-24
1.02858e-24
7.0739e-25
4.85885e-25
3.3332e-25
2.28372e-25
1.56271e-25
1.06799e-25
7.28968e-26
4.96941e-26
3.38342e-26
2.30071e-26
1.56251e-26
1.05984e-26
7.17976e-27
4.85777e-27
3.28261e-27
2.21543e-27
1.49333e-27
1.00532e-27
6.75951e-28
4.53922e-28
3.04442e-28
2.03932e-28
1.36435e-28
9.11636e-29
6.08382e-29
4.05499e-29
2.69937e-29
1.79471e-29
1.19175e-29
7.90381e-30
5.23537e-30
3.46352e-30
2.28849e-30
1.51022e-30
9.95389e-31
6.55249e-31
4.30806e-31
2.8289e-31
1.85531e-31
1.21528e-31
7.95061e-32
5.19501e-32
3.39027e-32
2.20977e-32
1.43854e-32
9.35322e-33
6.07385e-33
3.93941e-33
2.5519e-33
1.65105e-33
1.0669e-33
6.88571e-34
4.43856e-34
2.85759e-34
1.83749e-34
1.18009e-34
7.56961e-35
4.84951e-35
3.10306e-35
1.98312e-35
1.26583e-35
8.06997e-36
5.13849e-36
3.26789e-36
2.07572e-36
1.31686e-36
8.34406e-37
5.28064e-37
3.33784e-37
2.10725e-37
1.32872e-37
8.36807e-38
5.26365e-38
3.30689e-38
2.07503e-38
1.30047e-38
8.14049e-39
5.08946e-39
3.17809e-39
1.98213e-39
1.23473e-39
7.68223e-40
4.77392e-40
2.96304e-40
1.83685e-40
1.13733e-40
7.0335e-41
4.34443e-41
2.68022e-41
1.65152e-41
1.01642e-41
6.24797e-42
3.83603e-42
2.35235e-42
1.44078e-42
8.81399e-43
5.38549e-43
3.28667e-43
2.00339e-43
1.2197e-43
7.41687e-44
4.50471e-44
2.73271e-44
1.65577e-44
1.00204e-44
6.05694e-45
3.6568e-45
2.20511e-45
1.32813e-45
7.98974e-46
4.80073e-46
2.88113e-46
1.72704e-46
1.03401e-46
6.18344e-47
3.69334e-47
2.20339e-47
1.31295e-47
7.81429e-48
4.64532e-48
2.75821e-48
1.63577e-48
9.68958e-49
5.73288e-49
3.38787e-49
1.99971e-49
1.17895e-49
6.94239e-50
4.08329e-50
2.39883e-50
1.4076e-50
8.24981e-51
4.82946e-51
2.82385e-51
1.6492e-51
9.62048e-52
5.60543e-52
3.26221e-52
1.89629e-52
1.101e-52
6.38502e-53
3.69852e-53
2.13986e-53
1.23662e-53
7.13801e-54
4.1154e-54
2.36995e-54
1.3632e-54
7.83202e-55
4.4945e-55
2.57623e-55
1.47496e-55
8.43474e-56
4.8179e-56
2.74878e-56
1.56645e-56
8.91642e-57
5.06944e-57
2.8789e-57
1.63301e-57
9.25232e-58
5.23613e-58
2.95986e-58
1.67124e-58
9.42628e-59
5.31186e-59
2.99221e-59
1.68781e-59
9.58511e-60
5.57262e-60
3.4763e-60
2.58113e-60
)
;

boundaryField
{
    sides
    {
        type            zeroGradient;
    }
    empty
    {
        type            empty;
    }
}


// ************************************************************************* //
