/*--------------------------------*- C++ -*----------------------------------*\
  =========                 |
  \\      /  F ield         | OpenFOAM: The Open Source CFD Toolbox
   \\    /   O peration     | Website:  https://openfoam.org
    \\  /    A nd           | Version:  13
     \\/     M anipulation  |
\*---------------------------------------------------------------------------*/
FoamFile
{
    format      ascii;
    class       volScalarField;
    location    "4.48";
    object      T;
}
// * * * * * * * * * * * * * * * * * * * * * * * * * * * * * * * * * * * * * //

dimensions      [0 0 0 1 0 0 0];

internalField   nonuniform List<scalar> 
1000
(
4.60389e-50
5.70009e-50
8.14888e-50
1.2522e-49
1.98375e-49
3.17926e-49
5.11501e-49
8.23653e-49
1.32593e-48
2.13295e-48
3.42813e-48
5.50452e-48
8.82994e-48
1.41504e-47
2.26541e-47
3.62324e-47
5.78915e-47
9.24062e-47
1.47352e-46
2.34735e-46
3.73568e-46
5.9392e-46
9.43308e-46
1.49674e-45
2.37251e-45
3.75695e-45
5.94332e-45
9.39269e-45
1.48292e-44
2.33889e-44
3.68528e-44
5.8009e-44
9.12192e-44
1.43299e-43
2.24887e-43
3.52575e-43
5.52208e-43
8.64011e-43
1.35052e-42
2.10885e-42
3.28969e-42
5.12659e-42
7.98116e-42
1.24127e-41
1.92855e-41
2.99336e-41
4.64141e-41
7.18958e-41
1.11255e-40
1.71988e-40
2.65607e-40
4.09773e-40
6.31552e-40
9.7238e-40
1.49563e-39
2.29813e-39
3.52766e-39
5.40953e-39
8.28692e-39
1.2682e-38
1.93884e-38
2.96113e-38
4.51786e-38
6.88602e-38
1.04849e-37
1.59485e-37
2.42345e-37
3.67881e-37
5.5788e-37
8.45148e-37
1.27904e-36
1.93372e-36
2.92052e-36
4.40643e-36
6.64158e-36
1.00003e-35
1.50423e-35
2.26033e-35
3.39302e-35
5.08814e-35
7.62234e-35
1.14071e-34
1.70537e-34
2.54693e-34
3.79991e-34
5.66351e-34
8.43246e-34
1.25423e-33
1.86363e-33
2.76627e-33
4.1019e-33
6.0762e-33
8.99152e-33
1.3292e-32
1.96291e-32
2.89578e-32
4.26762e-32
6.2829e-32
9.24036e-32
1.3576e-31
1.99254e-31
2.92144e-31
4.27898e-31
6.2609e-31
9.15138e-31
1.33625e-30
1.94915e-30
2.84022e-30
4.1344e-30
6.01209e-30
8.73355e-30
1.26738e-29
1.83729e-29
2.66071e-29
3.84919e-29
5.5628e-29
8.03098e-29
1.15823e-28
1.66867e-28
2.40159e-28
3.45285e-28
4.95914e-28
7.11517e-28
1.0198e-27
1.46014e-27
2.08845e-27
2.98403e-27
4.25923e-27
6.07308e-27
8.65041e-27
1.23087e-26
1.7496e-26
2.48435e-26
3.524e-26
4.99353e-26
7.06851e-26
9.9953e-26
1.41193e-25
1.9924e-25
2.8086e-25
3.95503e-25
5.56361e-25
7.81829e-25
1.09752e-24
1.53909e-24
2.15606e-24
3.0172e-24
4.21788e-24
5.89021e-24
8.21701e-24
1.1451e-23
1.59411e-23
2.21687e-23
3.0797e-23
4.27388e-23
5.9249e-23
8.20514e-23
1.13511e-22
1.56867e-22
2.16557e-22
2.98647e-22
4.11423e-22
5.66192e-22
7.78365e-22
1.06893e-21
1.46641e-21
2.0096e-21
2.7511e-21
3.76225e-21
5.13965e-21
7.01394e-21
9.56169e-21
1.30212e-20
1.77137e-20
2.40721e-20
3.26783e-20
4.43147e-20
6.00317e-20
8.12372e-20
1.09818e-19
1.48297e-19
2.00049e-19
2.69576e-19
3.62884e-19
4.87975e-19
6.55495e-19
8.79595e-19
1.17907e-18
1.57883e-18
2.1119e-18
2.82198e-18
3.76683e-18
5.02271e-18
6.69025e-18
8.90201e-18
1.18324e-17
1.57109e-17
2.08386e-17
2.76107e-17
3.65449e-17
4.83189e-17
6.38186e-17
8.42011e-17
1.10976e-16
1.4611e-16
1.92163e-16
2.52465e-16
3.31339e-16
4.34393e-16
5.68896e-16
7.44257e-16
9.7264e-16
1.26976e-15
1.65588e-15
2.15713e-15
2.80714e-15
3.64913e-15
4.73864e-15
6.14692e-15
7.96527e-15
1.03106e-14
1.33322e-14
1.72211e-14
2.22207e-14
2.86414e-14
3.68781e-14
4.74331e-14
6.09442e-14
7.82208e-14
1.00288e-13
1.28444e-13
1.64331e-13
2.1002e-13
2.68127e-13
3.41946e-13
4.35625e-13
5.54378e-13
7.04753e-13
8.94964e-13
1.1353e-12
1.43865e-12
1.82111e-12
2.30279e-12
2.90878e-12
3.67032e-12
4.62631e-12
5.82509e-12
7.3267e-12
9.20557e-12
1.15539e-11
1.4486e-11
1.81427e-11
2.26982e-11
2.83674e-11
3.54148e-11
4.41659e-11
5.50207e-11
6.84703e-11
8.51168e-11
1.05698e-10
1.31115e-10
1.62471e-10
2.01111e-10
2.48675e-10
3.07161e-10
3.78999e-10
4.67138e-10
5.75161e-10
7.0741e-10
8.69139e-10
1.0667e-09
1.30778e-09
1.60164e-09
1.95943e-09
2.3946e-09
2.92329e-09
3.5649e-09
4.3427e-09
5.28457e-09
6.42387e-09
7.80046e-09
9.46195e-09
1.14651e-08
1.38775e-08
1.67797e-08
2.02672e-08
2.44534e-08
2.94728e-08
3.54848e-08
4.26776e-08
5.12737e-08
6.15357e-08
7.37729e-08
8.83494e-08
1.05694e-07
1.26308e-07
1.50782e-07
1.79808e-07
2.14192e-07
2.54881e-07
3.02976e-07
3.59764e-07
4.26742e-07
5.05652e-07
5.98516e-07
7.07682e-07
8.3587e-07
9.86231e-07
1.1624e-06
1.36859e-06
1.60965e-06
1.89115e-06
2.21952e-06
2.60216e-06
3.04752e-06
3.56533e-06
4.1667e-06
4.86434e-06
5.67279e-06
6.60859e-06
7.69063e-06
8.94036e-06
1.03822e-05
1.20438e-05
1.39566e-05
1.61561e-05
1.86825e-05
2.15811e-05
2.49032e-05
2.87064e-05
3.30556e-05
3.80236e-05
4.36922e-05
5.0153e-05
5.75087e-05
6.58738e-05
7.53765e-05
8.61595e-05
9.83817e-05
0.00011222
0.00012787
0.000145551
0.000165502
0.000187992
0.000213314
0.000241795
0.000273792
0.000309699
0.000349951
0.000395022
0.000445434
0.000501757
0.000564614
0.000634685
0.000712713
0.000799503
0.000895933
0.00100296
0.0011216
0.00125299
0.00139832
0.00155889
0.00173612
0.00193151
0.00214668
0.00238338
0.00264345
0.00292891
0.00324187
0.0035846
0.00395952
0.00436921
0.00481637
0.0053039
0.00583486
0.00641246
0.00704011
0.00772138
0.00846003
0.00926001
0.0101254
0.0110606
0.0120701
0.0131585
0.0143308
0.0155919
0.0169471
0.0184018
0.0199616
0.0216321
0.0234194
0.0253293
0.027368
0.0295419
0.0318572
0.0343205
0.0369383
0.0397171
0.0426635
0.0457843
0.0490861
0.0525754
0.0562587
0.0601426
0.0642335
0.0685374
0.0730605
0.0778086
0.0827875
0.0880023
0.0934584
0.0991603
0.105113
0.11132
0.117784
0.124511
0.131501
0.138757
0.146282
0.154076
0.16214
0.170473
0.179076
0.187947
0.197085
0.206486
0.216147
0.226065
0.236235
0.246651
0.257309
0.2682
0.279318
0.290655
0.302202
0.31395
0.325888
0.338007
0.350295
0.36274
0.37533
0.388052
0.400894
0.413842
0.426881
0.439997
0.453176
0.466403
0.479663
0.49294
0.506219
0.519485
0.532722
0.545915
0.559048
0.572107
0.585075
0.597937
0.610681
0.623289
0.63575
0.648048
0.660171
0.672105
0.683838
0.695357
0.706651
0.717709
0.72852
0.739074
0.74936
0.759371
0.769097
0.77853
0.787663
0.796489
0.805
0.813192
0.821058
0.828593
0.835792
0.842652
0.849168
0.855336
0.861155
0.866621
0.871731
0.876483
0.880876
0.884908
0.888577
0.891882
0.894822
0.897397
0.899605
0.901445
0.902918
0.904024
0.904761
0.905129
0.905129
0.904761
0.904024
0.902918
0.901445
0.899605
0.897397
0.894822
0.891882
0.888577
0.884908
0.880876
0.876483
0.871731
0.866621
0.861155
0.855336
0.849168
0.842652
0.835792
0.828593
0.821058
0.813192
0.805
0.796489
0.787663
0.77853
0.769097
0.759371
0.74936
0.739074
0.72852
0.717709
0.706651
0.695357
0.683838
0.672105
0.660171
0.648048
0.63575
0.623289
0.610681
0.597937
0.585075
0.572107
0.559048
0.545915
0.532722
0.519485
0.506219
0.49294
0.479663
0.466403
0.453176
0.439997
0.426881
0.413842
0.400894
0.388052
0.37533
0.36274
0.350295
0.338007
0.325888
0.31395
0.302202
0.290655
0.279318
0.2682
0.257309
0.246651
0.236235
0.226065
0.216147
0.206486
0.197085
0.187947
0.179076
0.170473
0.16214
0.154076
0.146282
0.138757
0.131501
0.124511
0.117784
0.11132
0.105113
0.0991603
0.0934584
0.0880023
0.0827875
0.0778086
0.0730605
0.0685374
0.0642335
0.0601426
0.0562587
0.0525754
0.0490861
0.0457843
0.0426635
0.0397171
0.0369383
0.0343205
0.0318572
0.0295419
0.027368
0.0253293
0.0234194
0.0216321
0.0199616
0.0184018
0.0169471
0.0155919
0.0143308
0.0131585
0.0120701
0.0110606
0.0101254
0.00926001
0.00846003
0.00772138
0.00704011
0.00641246
0.00583486
0.0053039
0.00481637
0.00436921
0.00395952
0.0035846
0.00324187
0.00292891
0.00264345
0.00238338
0.00214668
0.00193151
0.00173612
0.00155889
0.00139832
0.00125299
0.0011216
0.00100296
0.000895933
0.000799503
0.000712713
0.000634685
0.000564614
0.000501757
0.000445434
0.000395022
0.000349951
0.000309699
0.000273792
0.000241795
0.000213314
0.000187992
0.000165502
0.000145551
0.00012787
0.00011222
9.83817e-05
8.61595e-05
7.53765e-05
6.58738e-05
5.75087e-05
5.0153e-05
4.36922e-05
3.80236e-05
3.30556e-05
2.87064e-05
2.49032e-05
2.15811e-05
1.86825e-05
1.61561e-05
1.39566e-05
1.20438e-05
1.03822e-05
8.94036e-06
7.69063e-06
6.60859e-06
5.67279e-06
4.86434e-06
4.1667e-06
3.56533e-06
3.04752e-06
2.60216e-06
2.21952e-06
1.89115e-06
1.60965e-06
1.36859e-06
1.1624e-06
9.86231e-07
8.3587e-07
7.07682e-07
5.98516e-07
5.05652e-07
4.26742e-07
3.59764e-07
3.02976e-07
2.54881e-07
2.14192e-07
1.79808e-07
1.50782e-07
1.26308e-07
1.05694e-07
8.83494e-08
7.37729e-08
6.15357e-08
5.12737e-08
4.26776e-08
3.54848e-08
2.94728e-08
2.44534e-08
2.02672e-08
1.67797e-08
1.38775e-08
1.14651e-08
9.46195e-09
7.80046e-09
6.42387e-09
5.28457e-09
4.3427e-09
3.5649e-09
2.92329e-09
2.3946e-09
1.95943e-09
1.60164e-09
1.30778e-09
1.0667e-09
8.69139e-10
7.0741e-10
5.75161e-10
4.67138e-10
3.78999e-10
3.07161e-10
2.48675e-10
2.01111e-10
1.62471e-10
1.31115e-10
1.05698e-10
8.51168e-11
6.84703e-11
5.50207e-11
4.41659e-11
3.54148e-11
2.83674e-11
2.26982e-11
1.81427e-11
1.4486e-11
1.15539e-11
9.20557e-12
7.3267e-12
5.82509e-12
4.62631e-12
3.67032e-12
2.90878e-12
2.30279e-12
1.82111e-12
1.43865e-12
1.1353e-12
8.94964e-13
7.04753e-13
5.54378e-13
4.35625e-13
3.41946e-13
2.68127e-13
2.1002e-13
1.64331e-13
1.28444e-13
1.00288e-13
7.82208e-14
6.09442e-14
4.74331e-14
3.68781e-14
2.86414e-14
2.22207e-14
1.72211e-14
1.33322e-14
1.03106e-14
7.96527e-15
6.14692e-15
4.73864e-15
3.64913e-15
2.80714e-15
2.15713e-15
1.65588e-15
1.26976e-15
9.7264e-16
7.44257e-16
5.68896e-16
4.34393e-16
3.31339e-16
2.52465e-16
1.92163e-16
1.4611e-16
1.10976e-16
8.42011e-17
6.38186e-17
4.83189e-17
3.65449e-17
2.76107e-17
2.08386e-17
1.57109e-17
1.18324e-17
8.90201e-18
6.69025e-18
5.02271e-18
3.76683e-18
2.82198e-18
2.1119e-18
1.57883e-18
1.17907e-18
8.79595e-19
6.55495e-19
4.87975e-19
3.62884e-19
2.69576e-19
2.00049e-19
1.48297e-19
1.09818e-19
8.12372e-20
6.00317e-20
4.43147e-20
3.26783e-20
2.40721e-20
1.77137e-20
1.30212e-20
9.56169e-21
7.01394e-21
5.13965e-21
3.76225e-21
2.7511e-21
2.0096e-21
1.46641e-21
1.06893e-21
7.78365e-22
5.66192e-22
4.11423e-22
2.98647e-22
2.16557e-22
1.56867e-22
1.13511e-22
8.20514e-23
5.9249e-23
4.27388e-23
3.0797e-23
2.21687e-23
1.59411e-23
1.1451e-23
8.21701e-24
5.89021e-24
4.21788e-24
3.0172e-24
2.15606e-24
1.53909e-24
1.09752e-24
7.81829e-25
5.56361e-25
3.95503e-25
2.8086e-25
1.9924e-25
1.41193e-25
9.9953e-26
7.06851e-26
4.99353e-26
3.524e-26
2.48435e-26
1.7496e-26
1.23087e-26
8.65041e-27
6.07308e-27
4.25923e-27
2.98403e-27
2.08845e-27
1.46014e-27
1.0198e-27
7.11517e-28
4.95914e-28
3.45285e-28
2.40159e-28
1.66867e-28
1.15823e-28
8.03098e-29
5.5628e-29
3.84919e-29
2.66071e-29
1.83729e-29
1.26738e-29
8.73355e-30
6.01209e-30
4.1344e-30
2.84022e-30
1.94915e-30
1.33625e-30
9.15138e-31
6.2609e-31
4.27898e-31
2.92144e-31
1.99254e-31
1.3576e-31
9.24036e-32
6.2829e-32
4.26762e-32
2.89578e-32
1.96291e-32
1.3292e-32
8.99152e-33
6.0762e-33
4.1019e-33
2.76627e-33
1.86363e-33
1.25423e-33
8.43246e-34
5.66351e-34
3.79991e-34
2.54693e-34
1.70537e-34
1.14071e-34
7.62234e-35
5.08814e-35
3.39302e-35
2.26033e-35
1.50423e-35
1.00003e-35
6.64158e-36
4.40643e-36
2.92052e-36
1.93372e-36
1.27904e-36
8.45148e-37
5.5788e-37
3.67881e-37
2.42345e-37
1.59485e-37
1.04849e-37
6.88602e-38
4.51786e-38
2.96113e-38
1.93884e-38
1.2682e-38
8.28692e-39
5.40953e-39
3.52766e-39
2.29813e-39
1.49563e-39
9.7238e-40
6.31552e-40
4.09773e-40
2.65607e-40
1.71988e-40
1.11255e-40
7.18958e-41
4.64141e-41
2.99336e-41
1.92855e-41
1.24127e-41
7.98116e-42
5.12659e-42
3.28969e-42
2.10885e-42
1.35052e-42
8.64011e-43
5.52208e-43
3.52575e-43
2.24887e-43
1.43299e-43
9.12192e-44
5.8009e-44
3.68528e-44
2.33889e-44
1.48292e-44
9.39269e-45
5.94332e-45
3.75695e-45
2.37251e-45
1.49674e-45
9.43308e-46
5.9392e-46
3.73568e-46
2.34735e-46
1.47352e-46
9.24062e-47
5.78915e-47
3.62324e-47
2.26541e-47
1.41504e-47
8.82994e-48
5.50452e-48
3.42813e-48
2.13295e-48
1.32593e-48
8.23653e-49
5.11501e-49
3.17926e-49
1.98375e-49
1.2522e-49
8.14888e-50
5.70009e-50
4.60389e-50
)
;

boundaryField
{
    sides
    {
        type            zeroGradient;
    }
    empty
    {
        type            empty;
    }
}


// ************************************************************************* //
