/*--------------------------------*- C++ -*----------------------------------*\
  =========                 |
  \\      /  F ield         | OpenFOAM: The Open Source CFD Toolbox
   \\    /   O peration     | Website:  https://openfoam.org
    \\  /    A nd           | Version:  13
     \\/     M anipulation  |
\*---------------------------------------------------------------------------*/
FoamFile
{
    format      ascii;
    class       volScalarField;
    location    "0.925";
    object      T;
}
// * * * * * * * * * * * * * * * * * * * * * * * * * * * * * * * * * * * * * //

dimensions      [0 0 0 1 0 0 0];

internalField   nonuniform List<scalar> 
1000
(
3.23796e-186
1.33518e-185
6.5029e-185
3.18524e-184
1.55762e-183
7.60206e-183
3.70292e-182
1.8001e-181
8.73353e-181
4.22883e-180
2.04355e-179
9.85566e-179
4.74371e-178
2.27866e-177
1.09237e-176
5.22624e-176
2.49536e-175
1.18905e-174
5.65441e-174
2.68346e-173
1.27093e-172
6.00707e-172
2.83347e-171
1.33379e-170
6.26565e-170
2.93734e-169
1.3742e-168
6.41577e-168
2.98918e-167
1.38981e-166
6.4485e-166
2.9858e-165
1.37961e-164
6.36132e-164
2.92704e-163
1.34401e-162
6.15831e-162
2.81584e-161
1.28481e-160
5.84992e-160
2.65792e-159
1.20507e-158
5.45206e-158
2.4614e-157
1.10886e-156
4.98471e-156
2.236e-155
1.00085e-154
4.47027e-154
1.99232e-153
8.86024e-153
3.93178e-152
1.74096e-151
7.69209e-151
3.39118e-150
1.49179e-149
6.54806e-149
2.8679e-148
1.25331e-147
5.46506e-147
2.37777e-146
1.03225e-145
4.47129e-145
1.93248e-144
8.33353e-144
3.58568e-143
1.53936e-142
6.59379e-142
2.81807e-141
1.20168e-140
5.11264e-140
2.17028e-139
9.19182e-139
3.88417e-138
1.63759e-137
6.8884e-137
2.89092e-136
1.21048e-135
5.05685e-135
2.10766e-134
8.76427e-134
3.63601e-133
1.50496e-132
6.21464e-132
2.56031e-131
1.05234e-130
4.31517e-130
1.76531e-129
7.20481e-129
2.93359e-128
1.19165e-127
4.82911e-127
1.95234e-126
7.87423e-126
3.16829e-125
1.27175e-124
5.09259e-124
2.03437e-123
8.10731e-123
3.2231e-122
1.27826e-121
5.05722e-121
1.99594e-120
7.85824e-120
3.08633e-119
1.20919e-118
4.72587e-118
1.84247e-117
7.16551e-117
2.77984e-116
1.07577e-115
4.15275e-115
1.59909e-114
6.14224e-114
2.35339e-113
8.99439e-113
3.42892e-112
1.30392e-111
4.9459e-111
1.87129e-110
7.0621e-110
2.65841e-109
9.98168e-109
3.7383e-108
1.39647e-107
5.20326e-107
1.93375e-106
7.16808e-106
2.65022e-105
9.77318e-105
3.59468e-104
1.31872e-103
4.82514e-103
1.76088e-102
6.40928e-102
2.32673e-101
8.42436e-101
3.04214e-100
1.09564e-99
3.93555e-99
1.40989e-98
5.03735e-98
1.79497e-97
6.37893e-97
2.26083e-96
7.99131e-96
2.81704e-95
9.90351e-95
3.47221e-94
1.21405e-93
4.23335e-93
1.47211e-92
5.10512e-92
1.76553e-91
6.08898e-91
2.09418e-90
7.18254e-90
2.4566e-89
8.37877e-89
2.84979e-88
9.66557e-88
3.26906e-87
1.10254e-86
3.70801e-86
1.24353e-85
4.15854e-85
1.38672e-84
4.61103e-84
1.52885e-83
5.0546e-83
1.66633e-82
5.4775e-82
1.79535e-81
5.86756e-81
1.91207e-80
6.21278e-80
2.0128e-79
6.50194e-79
2.09417e-78
6.72513e-78
2.15332e-77
6.87437e-77
2.18811e-76
6.94405e-76
2.19716e-75
6.93127e-75
2.18003e-74
6.83607e-74
2.13718e-73
6.66139e-73
2.07001e-72
6.413e-72
1.98074e-71
6.09912e-71
1.87231e-70
5.73001e-70
1.74822e-69
5.31736e-69
1.61232e-68
4.87373e-68
1.46865e-67
4.41186e-67
1.32119e-66
3.94412e-66
1.17373e-65
3.48189e-65
1.02965e-64
3.0352e-64
8.91876e-64
2.61239e-63
7.62752e-63
2.21992e-62
6.44013e-62
1.86232e-61
5.36796e-61
1.54226e-60
4.41668e-60
1.26072e-59
3.58694e-59
1.0172e-58
2.87517e-58
8.10009e-58
2.27448e-57
6.36556e-57
1.77562e-56
4.93646e-56
1.36783e-55
3.77742e-55
1.03968e-54
2.85196e-54
7.79687e-54
2.12436e-53
5.76848e-53
1.56105e-52
4.21008e-52
1.13156e-51
3.03092e-51
8.09052e-51
2.15219e-50
5.70533e-50
1.50721e-49
3.96788e-49
1.04094e-48
2.72129e-48
7.08923e-48
1.84033e-47
4.76059e-47
1.22712e-46
3.15193e-46
8.06713e-46
2.05737e-45
5.2282e-45
1.32383e-44
3.34005e-44
8.39666e-44
2.10324e-43
5.24923e-43
1.30534e-42
3.23419e-42
7.98399e-42
1.96373e-41
4.81222e-41
1.17492e-40
2.85801e-40
6.92644e-40
1.6724e-39
4.02301e-39
9.64133e-39
2.30194e-38
5.47544e-38
1.29749e-37
3.06302e-37
7.20356e-37
1.68769e-36
3.93897e-36
9.15824e-36
2.12117e-35
4.89407e-35
1.12484e-34
2.57532e-34
5.87338e-34
1.33431e-33
3.01948e-33
6.80628e-33
1.52822e-32
3.41786e-32
7.61396e-32
1.68947e-31
3.73397e-31
8.21985e-31
1.8023e-30
3.93599e-30
8.56135e-30
1.85475e-29
4.00201e-29
8.60038e-29
1.84076e-28
3.92387e-28
8.33035e-28
1.76132e-27
3.70881e-27
7.77766e-27
1.62434e-26
3.37839e-26
6.99757e-26
1.44339e-25
2.96491e-25
6.06497e-25
1.23546e-24
2.50616e-24
5.06248e-24
1.01833e-23
2.03974e-23
4.0684e-23
8.08029e-23
1.59801e-22
3.14688e-22
6.17049e-22
1.20475e-21
2.34209e-21
4.53354e-21
8.73761e-21
1.67674e-20
3.20369e-20
6.09456e-20
1.15435e-19
2.17687e-19
4.08713e-19
7.64002e-19
1.42185e-18
2.63447e-18
4.85968e-18
8.92468e-18
1.63171e-17
2.96998e-17
5.38171e-17
9.70822e-17
1.74344e-16
3.11684e-16
5.54705e-16
9.8275e-16
1.73322e-15
3.04291e-15
5.31794e-15
9.25156e-15
1.60213e-14
2.76177e-14
4.73894e-14
8.09417e-14
1.37613e-13
2.32881e-13
3.9228e-13
6.57719e-13
1.09764e-12
1.82329e-12
3.01454e-12
4.96079e-12
8.12535e-12
1.32462e-11
2.14928e-11
3.47093e-11
5.57885e-11
8.92453e-11
1.4209e-10
2.25154e-10
3.55079e-10
5.57312e-10
8.70555e-10
1.35336e-09
2.09388e-09
3.22405e-09
4.94041e-09
7.53413e-09
1.14342e-08
1.72696e-08
2.59572e-08
3.88266e-08
5.77955e-08
8.56148e-08
1.26209e-07
1.85148e-07
2.70291e-07
3.92666e-07
5.67668e-07
8.1666e-07
1.16913e-06
1.66554e-06
2.36114e-06
3.33084e-06
4.6758e-06
6.53165e-06
9.07935e-06
1.25589e-05
1.72866e-05
2.36771e-05
3.22709e-05
4.37676e-05
5.90684e-05
7.93265e-05
0.000106009
0.000140969
0.000186538
0.000245625
0.000321841
0.000419635
0.000544461
0.000702956
0.000903144
0.00115466
0.00146902
0.00185983
0.00234313
0.00293765
0.00366512
0.00455057
0.00562257
0.00691356
0.00846
0.0103026
0.0124864
0.0150608
0.0180795
0.0216002
0.0256845
0.0303973
0.0358062
0.0419809
0.0489919
0.0569099
0.0658041
0.0757414
0.0867843
0.09899
0.112408
0.12708
0.143036
0.160296
0.178865
0.198735
0.219881
0.242266
0.265833
0.290511
0.316213
0.342837
0.370265
0.398372
0.427016
0.456052
0.485324
0.514676
0.543948
0.572984
0.601628
0.629735
0.657163
0.683787
0.709489
0.734167
0.757734
0.780119
0.801265
0.821135
0.839704
0.856964
0.87292
0.887592
0.90101
0.913216
0.924259
0.934196
0.94309
0.951008
0.958019
0.964194
0.969603
0.974315
0.9784
0.98192
0.984939
0.987513
0.989697
0.99154
0.993086
0.994377
0.995448
0.996333
0.99706
0.997654
0.998135
0.998524
0.998836
0.999084
0.99928
0.999432
0.999548
0.999634
0.999695
0.999734
0.999753
0.999753
0.999734
0.999695
0.999634
0.999548
0.999432
0.99928
0.999084
0.998836
0.998524
0.998135
0.997654
0.99706
0.996333
0.995448
0.994377
0.993086
0.99154
0.989697
0.987513
0.984939
0.98192
0.9784
0.974315
0.969603
0.964194
0.958019
0.951008
0.94309
0.934196
0.924259
0.913216
0.90101
0.887592
0.87292
0.856964
0.839704
0.821135
0.801265
0.780119
0.757734
0.734167
0.709489
0.683787
0.657163
0.629735
0.601628
0.572984
0.543948
0.514676
0.485324
0.456052
0.427016
0.398372
0.370265
0.342837
0.316213
0.290511
0.265833
0.242266
0.219881
0.198735
0.178865
0.160296
0.143036
0.12708
0.112408
0.09899
0.0867843
0.0757414
0.0658041
0.0569099
0.0489919
0.0419809
0.0358062
0.0303973
0.0256845
0.0216002
0.0180795
0.0150608
0.0124864
0.0103026
0.00846
0.00691356
0.00562257
0.00455057
0.00366512
0.00293765
0.00234313
0.00185983
0.00146902
0.00115466
0.000903144
0.000702956
0.000544461
0.000419635
0.000321841
0.000245625
0.000186538
0.000140969
0.000106009
7.93265e-05
5.90684e-05
4.37676e-05
3.22709e-05
2.36771e-05
1.72866e-05
1.25589e-05
9.07935e-06
6.53165e-06
4.6758e-06
3.33084e-06
2.36114e-06
1.66554e-06
1.16913e-06
8.1666e-07
5.67668e-07
3.92666e-07
2.70291e-07
1.85148e-07
1.26209e-07
8.56148e-08
5.77955e-08
3.88266e-08
2.59572e-08
1.72696e-08
1.14342e-08
7.53413e-09
4.94041e-09
3.22405e-09
2.09388e-09
1.35336e-09
8.70555e-10
5.57312e-10
3.55079e-10
2.25154e-10
1.4209e-10
8.92453e-11
5.57885e-11
3.47093e-11
2.14928e-11
1.32462e-11
8.12535e-12
4.96079e-12
3.01454e-12
1.82329e-12
1.09764e-12
6.57719e-13
3.9228e-13
2.32881e-13
1.37613e-13
8.09417e-14
4.73894e-14
2.76177e-14
1.60213e-14
9.25156e-15
5.31794e-15
3.04291e-15
1.73322e-15
9.8275e-16
5.54705e-16
3.11684e-16
1.74344e-16
9.70822e-17
5.38171e-17
2.96998e-17
1.63171e-17
8.92468e-18
4.85968e-18
2.63447e-18
1.42185e-18
7.64002e-19
4.08713e-19
2.17687e-19
1.15435e-19
6.09456e-20
3.20369e-20
1.67674e-20
8.73761e-21
4.53354e-21
2.34209e-21
1.20475e-21
6.17049e-22
3.14688e-22
1.59801e-22
8.08029e-23
4.0684e-23
2.03974e-23
1.01833e-23
5.06248e-24
2.50616e-24
1.23546e-24
6.06497e-25
2.96491e-25
1.44339e-25
6.99757e-26
3.37839e-26
1.62434e-26
7.77766e-27
3.70881e-27
1.76132e-27
8.33035e-28
3.92387e-28
1.84076e-28
8.60038e-29
4.00201e-29
1.85475e-29
8.56135e-30
3.93599e-30
1.8023e-30
8.21985e-31
3.73397e-31
1.68947e-31
7.61396e-32
3.41786e-32
1.52822e-32
6.80628e-33
3.01948e-33
1.33431e-33
5.87338e-34
2.57532e-34
1.12484e-34
4.89407e-35
2.12117e-35
9.15824e-36
3.93897e-36
1.68769e-36
7.20356e-37
3.06302e-37
1.29749e-37
5.47544e-38
2.30194e-38
9.64133e-39
4.02301e-39
1.6724e-39
6.92644e-40
2.85801e-40
1.17492e-40
4.81222e-41
1.96373e-41
7.98399e-42
3.23419e-42
1.30534e-42
5.24923e-43
2.10324e-43
8.39666e-44
3.34005e-44
1.32383e-44
5.2282e-45
2.05737e-45
8.06713e-46
3.15193e-46
1.22712e-46
4.76059e-47
1.84033e-47
7.08923e-48
2.72129e-48
1.04094e-48
3.96788e-49
1.50721e-49
5.70533e-50
2.15219e-50
8.09052e-51
3.03092e-51
1.13156e-51
4.21008e-52
1.56105e-52
5.76848e-53
2.12436e-53
7.79687e-54
2.85196e-54
1.03968e-54
3.77742e-55
1.36783e-55
4.93646e-56
1.77562e-56
6.36556e-57
2.27448e-57
8.10009e-58
2.87517e-58
1.0172e-58
3.58694e-59
1.26072e-59
4.41668e-60
1.54226e-60
5.36796e-61
1.86232e-61
6.44013e-62
2.21992e-62
7.62752e-63
2.61239e-63
8.91876e-64
3.0352e-64
1.02965e-64
3.48189e-65
1.17373e-65
3.94412e-66
1.32119e-66
4.41186e-67
1.46865e-67
4.87373e-68
1.61232e-68
5.31736e-69
1.74822e-69
5.73001e-70
1.87231e-70
6.09912e-71
1.98074e-71
6.413e-72
2.07001e-72
6.66139e-73
2.13718e-73
6.83607e-74
2.18003e-74
6.93127e-75
2.19716e-75
6.94405e-76
2.18811e-76
6.87437e-77
2.15332e-77
6.72513e-78
2.09417e-78
6.50194e-79
2.0128e-79
6.21278e-80
1.91207e-80
5.86756e-81
1.79535e-81
5.4775e-82
1.66633e-82
5.0546e-83
1.52885e-83
4.61103e-84
1.38672e-84
4.15854e-85
1.24353e-85
3.70801e-86
1.10254e-86
3.26906e-87
9.66557e-88
2.84979e-88
8.37877e-89
2.4566e-89
7.18254e-90
2.09418e-90
6.08898e-91
1.76553e-91
5.10512e-92
1.47211e-92
4.23335e-93
1.21405e-93
3.47221e-94
9.90351e-95
2.81704e-95
7.99131e-96
2.26083e-96
6.37893e-97
1.79497e-97
5.03735e-98
1.40989e-98
3.93555e-99
1.09564e-99
3.04214e-100
8.42436e-101
2.32673e-101
6.40928e-102
1.76088e-102
4.82514e-103
1.31872e-103
3.59468e-104
9.77318e-105
2.65022e-105
7.16808e-106
1.93375e-106
5.20326e-107
1.39647e-107
3.7383e-108
9.98168e-109
2.65841e-109
7.0621e-110
1.87129e-110
4.9459e-111
1.30392e-111
3.42892e-112
8.99439e-113
2.35339e-113
6.14224e-114
1.59909e-114
4.15275e-115
1.07577e-115
2.77984e-116
7.16551e-117
1.84247e-117
4.72587e-118
1.20919e-118
3.08633e-119
7.85824e-120
1.99594e-120
5.05722e-121
1.27826e-121
3.2231e-122
8.10731e-123
2.03437e-123
5.09259e-124
1.27175e-124
3.16829e-125
7.87423e-126
1.95234e-126
4.82911e-127
1.19165e-127
2.93359e-128
7.20481e-129
1.76531e-129
4.31517e-130
1.05234e-130
2.56031e-131
6.21464e-132
1.50496e-132
3.63601e-133
8.76427e-134
2.10766e-134
5.05685e-135
1.21048e-135
2.89092e-136
6.8884e-137
1.63759e-137
3.88417e-138
9.19182e-139
2.17028e-139
5.11264e-140
1.20168e-140
2.81807e-141
6.59379e-142
1.53936e-142
3.58568e-143
8.33353e-144
1.93248e-144
4.47129e-145
1.03225e-145
2.37777e-146
5.46506e-147
1.25331e-147
2.8679e-148
6.54806e-149
1.49179e-149
3.39118e-150
7.69209e-151
1.74096e-151
3.93178e-152
8.86024e-153
1.99232e-153
4.47027e-154
1.00085e-154
2.236e-155
4.98471e-156
1.10886e-156
2.4614e-157
5.45206e-158
1.20507e-158
2.65792e-159
5.84992e-160
1.28481e-160
2.81584e-161
6.15831e-162
1.34401e-162
2.92704e-163
6.36132e-164
1.37961e-164
2.9858e-165
6.4485e-166
1.38981e-166
2.98918e-167
6.41577e-168
1.3742e-168
2.93734e-169
6.26565e-170
1.33379e-170
2.83347e-171
6.00707e-172
1.27093e-172
2.68346e-173
5.65441e-174
1.18905e-174
2.49536e-175
5.22624e-176
1.09237e-176
2.27866e-177
4.74371e-178
9.85566e-179
2.04355e-179
4.22883e-180
8.73353e-181
1.8001e-181
3.70292e-182
7.60206e-183
1.55762e-183
3.18524e-184
6.5029e-185
1.33518e-185
3.23796e-186
)
;

boundaryField
{
    sides
    {
        type            zeroGradient;
    }
    empty
    {
        type            empty;
    }
}


// ************************************************************************* //
