/*--------------------------------*- C++ -*----------------------------------*\
  =========                 |
  \\      /  F ield         | OpenFOAM: The Open Source CFD Toolbox
   \\    /   O peration     | Website:  https://openfoam.org
    \\  /    A nd           | Version:  13
     \\/     M anipulation  |
\*---------------------------------------------------------------------------*/
FoamFile
{
    format      ascii;
    class       volScalarField;
    location    "4.305";
    object      T;
}
// * * * * * * * * * * * * * * * * * * * * * * * * * * * * * * * * * * * * * //

dimensions      [0 0 0 1 0 0 0];

internalField   nonuniform List<scalar> 
1000
(
6.05677e-52
7.61092e-52
1.11113e-51
1.74391e-51
2.81829e-51
4.60302e-51
7.54282e-51
1.23672e-50
2.02685e-50
3.3191e-50
5.43011e-50
8.87493e-50
1.44904e-49
2.3635e-49
3.8511e-49
6.26859e-49
1.01932e-48
1.65579e-48
2.68691e-48
4.35568e-48
7.05362e-48
1.1411e-47
1.84411e-47
2.97717e-47
4.80147e-47
7.73566e-47
1.24501e-46
2.00171e-46
3.21501e-46
5.15839e-46
8.26797e-46
1.32384e-45
2.11749e-45
3.38346e-45
5.40071e-45
8.61175e-45
1.37177e-44
2.18285e-44
3.46989e-44
5.51007e-44
8.74075e-44
1.38513e-43
2.19271e-43
3.46753e-43
5.47783e-43
8.64462e-43
1.3628e-42
2.14618e-42
3.37636e-42
5.30615e-42
8.33024e-42
1.30642e-41
2.04671e-41
3.20315e-41
5.00777e-41
7.82092e-41
1.22017e-40
1.90163e-40
2.96059e-40
4.60445e-40
7.15357e-40
1.11023e-39
1.72127e-39
2.66582e-39
4.12436e-39
6.37422e-39
9.84107e-39
1.51776e-38
2.33833e-38
3.59877e-38
5.53282e-38
8.49731e-38
1.30365e-37
1.99794e-37
3.05878e-37
4.67796e-37
7.14672e-37
1.09069e-36
1.66278e-36
2.53229e-36
3.85241e-36
5.85455e-36
8.88785e-36
1.34785e-35
2.04186e-35
3.08995e-35
4.6711e-35
7.05386e-35
1.06408e-34
1.60348e-34
2.41374e-34
3.6296e-34
5.45214e-34
8.18114e-34
1.22631e-33
1.83623e-33
2.74657e-33
4.10387e-33
6.12542e-33
9.13305e-33
1.3603e-32
2.02391e-32
3.00805e-32
4.46598e-32
6.62348e-32
9.8128e-32
1.45223e-31
2.14693e-31
3.17055e-31
4.67723e-31
6.89254e-31
1.01463e-30
1.492e-30
2.19163e-30
3.2159e-30
4.71381e-30
6.90204e-30
1.00953e-29
1.47501e-29
2.1528e-29
3.1387e-29
4.57119e-29
6.65033e-29
9.66476e-29
1.40305e-28
2.03465e-28
2.9474e-28
4.26503e-28
6.16507e-28
8.90201e-28
1.28402e-27
1.85006e-27
2.66277e-27
3.82838e-27
5.49829e-27
7.88811e-27
1.13045e-26
1.6183e-26
2.31419e-26
3.30577e-26
4.71711e-26
6.72373e-26
9.57362e-26
1.36167e-25
1.93464e-25
2.74574e-25
3.89267e-25
5.51273e-25
7.79858e-25
1.10203e-24
1.55562e-24
2.19352e-24
3.08965e-24
4.34717e-24
6.10989e-24
8.57806e-24
1.20302e-23
1.68534e-23
2.35846e-23
3.29685e-23
4.6036e-23
6.42132e-23
8.94704e-23
1.24527e-22
1.7313e-22
2.40442e-22
3.33562e-22
4.62242e-22
6.39867e-22
8.84783e-22
1.22211e-21
1.68621e-21
2.32401e-21
3.19958e-21
4.40021e-21
6.04477e-21
8.29492e-21
1.13703e-20
1.55688e-20
2.12944e-20
2.90938e-20
3.97065e-20
5.41312e-20
7.37156e-20
1.00276e-19
1.36257e-19
1.84945e-19
2.50758e-19
3.39617e-19
4.59462e-19
6.20917e-19
8.3819e-19
1.13025e-18
1.52241e-18
2.04838e-18
2.75306e-18
3.69609e-18
4.95671e-18
6.63999e-18
8.88516e-18
1.18764e-17
1.58573e-17
2.11493e-17
2.81764e-17
3.74971e-17
4.98462e-17
6.61895e-17
8.77947e-17
1.16324e-16
1.53955e-16
2.03535e-16
2.68787e-16
3.54567e-16
4.67207e-16
6.14954e-16
8.08532e-16
1.06188e-15
1.39306e-15
1.82553e-15
2.38963e-15
3.12458e-15
4.08106e-15
5.32447e-15
6.93906e-15
9.03328e-15
1.17466e-14
1.5258e-14
1.97972e-14
2.56584e-14
3.32183e-14
4.29581e-14
5.54923e-14
7.16045e-14
9.22928e-14
1.18827e-13
1.52821e-13
1.96323e-13
2.51929e-13
3.22928e-13
4.13477e-13
5.28832e-13
6.75621e-13
8.62201e-13
1.09909e-12
1.39951e-12
1.78008e-12
2.26163e-12
2.87027e-12
3.63868e-12
4.60769e-12
5.8283e-12
7.36409e-12
9.29427e-12
1.17174e-11
1.47559e-11
1.85617e-11
2.33232e-11
2.92738e-11
3.67019e-11
4.59638e-11
5.74992e-11
7.185e-11
8.9683e-11
1.11818e-10
1.39262e-10
1.73249e-10
2.15292e-10
2.67242e-10
3.31359e-10
4.10404e-10
5.07741e-10
6.27469e-10
7.74569e-10
9.55094e-10
1.17639e-09
1.44735e-09
1.77875e-09
2.18361e-09
2.67765e-09
3.27982e-09
4.01296e-09
4.90455e-09
5.98757e-09
7.30165e-09
8.89427e-09
1.08223e-08
1.31536e-08
1.59694e-08
1.93665e-08
2.34603e-08
2.8388e-08
3.43126e-08
4.14278e-08
4.9963e-08
6.019e-08
7.24301e-08
8.70628e-08
1.04536e-07
1.25377e-07
1.50206e-07
1.79754e-07
2.14876e-07
2.56577e-07
3.06032e-07
3.64615e-07
4.33932e-07
5.15857e-07
6.12571e-07
7.26614e-07
8.60937e-07
1.01896e-06
1.20467e-06
1.42264e-06
1.6782e-06
1.97748e-06
2.32757e-06
2.73661e-06
3.21399e-06
3.77048e-06
4.41846e-06
5.1721e-06
6.04761e-06
7.06355e-06
8.24108e-06
9.60433e-06
1.11808e-05
1.30017e-05
1.51025e-05
1.75236e-05
2.03104e-05
2.35147e-05
2.71945e-05
3.14158e-05
3.62525e-05
4.17881e-05
4.81162e-05
5.5342e-05
6.35833e-05
7.2972e-05
8.36555e-05
9.57985e-05
0.000109584
0.000125217
0.000142925
0.000162958
0.000185598
0.000211153
0.000239965
0.000272413
0.000308912
0.000349922
0.000395947
0.000447539
0.000505308
0.000569916
0.00064209
0.000722624
0.000812381
0.000912303
0.00102341
0.00114682
0.00128373
0.00143544
0.00160335
0.00178899
0.00199399
0.00222011
0.00246922
0.00274336
0.00304469
0.00337553
0.00373833
0.00413574
0.00457055
0.00504572
0.00556441
0.00612995
0.00674584
0.00741581
0.00814376
0.00893378
0.00979018
0.0107175
0.0117203
0.0128037
0.0139726
0.0152325
0.0165887
0.018047
0.0196133
0.0212935
0.023094
0.0250209
0.027081
0.0292807
0.0316269
0.0341264
0.0367861
0.039613
0.0426142
0.0457967
0.0491674
0.0527335
0.0565019
0.0604795
0.0646728
0.0690887
0.0737334
0.0786131
0.0837339
0.0891013
0.0947207
0.100597
0.106735
0.113139
0.119813
0.126759
0.133981
0.141481
0.149261
0.157321
0.165662
0.174284
0.183185
0.192365
0.20182
0.211549
0.221546
0.231809
0.24233
0.253105
0.264126
0.275386
0.286878
0.298591
0.310516
0.322643
0.334961
0.347458
0.360122
0.37294
0.385899
0.398985
0.412184
0.42548
0.43886
0.452306
0.465804
0.479338
0.492892
0.506449
0.519993
0.533508
0.546977
0.560385
0.573715
0.586951
0.600077
0.613079
0.625941
0.638648
0.651185
0.66354
0.675698
0.687647
0.699374
0.710866
0.722113
0.733103
0.743827
0.754274
0.764436
0.774303
0.783868
0.793123
0.802061
0.810677
0.818964
0.826916
0.83453
0.841801
0.848725
0.855298
0.861518
0.867381
0.872886
0.878031
0.882813
0.887231
0.891284
0.894972
0.898292
0.901245
0.90383
0.906046
0.907893
0.909371
0.91048
0.911219
0.911589
0.911589
0.911219
0.91048
0.909371
0.907893
0.906046
0.90383
0.901245
0.898292
0.894972
0.891284
0.887231
0.882813
0.878031
0.872886
0.867381
0.861518
0.855298
0.848725
0.841801
0.83453
0.826916
0.818964
0.810677
0.802061
0.793123
0.783868
0.774303
0.764436
0.754274
0.743827
0.733103
0.722113
0.710866
0.699374
0.687647
0.675698
0.66354
0.651185
0.638648
0.625941
0.613079
0.600077
0.586951
0.573715
0.560385
0.546977
0.533508
0.519993
0.506449
0.492892
0.479338
0.465804
0.452306
0.43886
0.42548
0.412184
0.398985
0.385899
0.37294
0.360122
0.347458
0.334961
0.322643
0.310516
0.298591
0.286878
0.275386
0.264126
0.253105
0.24233
0.231809
0.221546
0.211549
0.20182
0.192365
0.183185
0.174284
0.165662
0.157321
0.149261
0.141481
0.133981
0.126759
0.119813
0.113139
0.106735
0.100597
0.0947207
0.0891013
0.0837339
0.0786131
0.0737334
0.0690887
0.0646728
0.0604795
0.0565019
0.0527335
0.0491674
0.0457967
0.0426142
0.039613
0.0367861
0.0341264
0.0316269
0.0292807
0.027081
0.0250209
0.023094
0.0212935
0.0196133
0.018047
0.0165887
0.0152325
0.0139726
0.0128037
0.0117203
0.0107175
0.00979018
0.00893378
0.00814376
0.00741581
0.00674584
0.00612995
0.00556441
0.00504572
0.00457055
0.00413574
0.00373833
0.00337553
0.00304469
0.00274336
0.00246922
0.00222011
0.00199399
0.00178899
0.00160335
0.00143544
0.00128373
0.00114682
0.00102341
0.000912303
0.000812381
0.000722624
0.00064209
0.000569916
0.000505308
0.000447539
0.000395947
0.000349922
0.000308912
0.000272413
0.000239965
0.000211153
0.000185598
0.000162958
0.000142925
0.000125217
0.000109584
9.57985e-05
8.36555e-05
7.2972e-05
6.35833e-05
5.5342e-05
4.81162e-05
4.17881e-05
3.62525e-05
3.14158e-05
2.71945e-05
2.35147e-05
2.03104e-05
1.75236e-05
1.51025e-05
1.30017e-05
1.11808e-05
9.60433e-06
8.24108e-06
7.06355e-06
6.04761e-06
5.1721e-06
4.41846e-06
3.77048e-06
3.21399e-06
2.73661e-06
2.32757e-06
1.97748e-06
1.6782e-06
1.42264e-06
1.20467e-06
1.01896e-06
8.60937e-07
7.26614e-07
6.12571e-07
5.15857e-07
4.33932e-07
3.64615e-07
3.06032e-07
2.56577e-07
2.14876e-07
1.79754e-07
1.50206e-07
1.25377e-07
1.04536e-07
8.70628e-08
7.24301e-08
6.019e-08
4.9963e-08
4.14278e-08
3.43126e-08
2.8388e-08
2.34603e-08
1.93665e-08
1.59694e-08
1.31536e-08
1.08223e-08
8.89427e-09
7.30165e-09
5.98757e-09
4.90455e-09
4.01296e-09
3.27982e-09
2.67765e-09
2.18361e-09
1.77875e-09
1.44735e-09
1.17639e-09
9.55094e-10
7.74569e-10
6.27469e-10
5.07741e-10
4.10404e-10
3.31359e-10
2.67242e-10
2.15292e-10
1.73249e-10
1.39262e-10
1.11818e-10
8.9683e-11
7.185e-11
5.74992e-11
4.59638e-11
3.67019e-11
2.92738e-11
2.33232e-11
1.85617e-11
1.47559e-11
1.17174e-11
9.29427e-12
7.36409e-12
5.8283e-12
4.60769e-12
3.63868e-12
2.87027e-12
2.26163e-12
1.78008e-12
1.39951e-12
1.09909e-12
8.62201e-13
6.75621e-13
5.28832e-13
4.13477e-13
3.22928e-13
2.51929e-13
1.96323e-13
1.52821e-13
1.18827e-13
9.22928e-14
7.16045e-14
5.54923e-14
4.29581e-14
3.32183e-14
2.56584e-14
1.97972e-14
1.5258e-14
1.17466e-14
9.03328e-15
6.93906e-15
5.32447e-15
4.08106e-15
3.12458e-15
2.38963e-15
1.82553e-15
1.39306e-15
1.06188e-15
8.08532e-16
6.14954e-16
4.67207e-16
3.54567e-16
2.68787e-16
2.03535e-16
1.53955e-16
1.16324e-16
8.77947e-17
6.61895e-17
4.98462e-17
3.74971e-17
2.81764e-17
2.11493e-17
1.58573e-17
1.18764e-17
8.88516e-18
6.63999e-18
4.95671e-18
3.69609e-18
2.75306e-18
2.04838e-18
1.52241e-18
1.13025e-18
8.3819e-19
6.20917e-19
4.59462e-19
3.39617e-19
2.50758e-19
1.84945e-19
1.36257e-19
1.00276e-19
7.37156e-20
5.41312e-20
3.97065e-20
2.90938e-20
2.12944e-20
1.55688e-20
1.13703e-20
8.29492e-21
6.04477e-21
4.40021e-21
3.19958e-21
2.32401e-21
1.68621e-21
1.22211e-21
8.84783e-22
6.39867e-22
4.62242e-22
3.33562e-22
2.40442e-22
1.7313e-22
1.24527e-22
8.94704e-23
6.42132e-23
4.6036e-23
3.29685e-23
2.35846e-23
1.68534e-23
1.20302e-23
8.57806e-24
6.10989e-24
4.34717e-24
3.08965e-24
2.19352e-24
1.55562e-24
1.10203e-24
7.79858e-25
5.51273e-25
3.89267e-25
2.74574e-25
1.93464e-25
1.36167e-25
9.57362e-26
6.72373e-26
4.71711e-26
3.30577e-26
2.31419e-26
1.6183e-26
1.13045e-26
7.88811e-27
5.49829e-27
3.82838e-27
2.66277e-27
1.85006e-27
1.28402e-27
8.90201e-28
6.16507e-28
4.26503e-28
2.9474e-28
2.03465e-28
1.40305e-28
9.66476e-29
6.65033e-29
4.57119e-29
3.1387e-29
2.1528e-29
1.47501e-29
1.00953e-29
6.90204e-30
4.71381e-30
3.2159e-30
2.19163e-30
1.492e-30
1.01463e-30
6.89254e-31
4.67723e-31
3.17055e-31
2.14693e-31
1.45223e-31
9.8128e-32
6.62348e-32
4.46598e-32
3.00805e-32
2.02391e-32
1.3603e-32
9.13305e-33
6.12542e-33
4.10387e-33
2.74657e-33
1.83623e-33
1.22631e-33
8.18114e-34
5.45214e-34
3.6296e-34
2.41374e-34
1.60348e-34
1.06408e-34
7.05386e-35
4.6711e-35
3.08995e-35
2.04186e-35
1.34785e-35
8.88785e-36
5.85455e-36
3.85241e-36
2.53229e-36
1.66278e-36
1.09069e-36
7.14672e-37
4.67796e-37
3.05878e-37
1.99794e-37
1.30365e-37
8.49731e-38
5.53282e-38
3.59877e-38
2.33833e-38
1.51776e-38
9.84107e-39
6.37422e-39
4.12436e-39
2.66582e-39
1.72127e-39
1.11023e-39
7.15357e-40
4.60445e-40
2.96059e-40
1.90163e-40
1.22017e-40
7.82092e-41
5.00777e-41
3.20315e-41
2.04671e-41
1.30642e-41
8.33024e-42
5.30615e-42
3.37636e-42
2.14618e-42
1.3628e-42
8.64462e-43
5.47783e-43
3.46753e-43
2.19271e-43
1.38513e-43
8.74075e-44
5.51007e-44
3.46989e-44
2.18285e-44
1.37177e-44
8.61175e-45
5.40071e-45
3.38346e-45
2.11749e-45
1.32384e-45
8.26797e-46
5.15839e-46
3.21501e-46
2.00171e-46
1.24501e-46
7.73566e-47
4.80147e-47
2.97717e-47
1.84411e-47
1.1411e-47
7.05362e-48
4.35568e-48
2.68691e-48
1.65579e-48
1.01932e-48
6.26859e-49
3.8511e-49
2.3635e-49
1.44904e-49
8.87493e-50
5.43011e-50
3.3191e-50
2.02685e-50
1.23672e-50
7.54282e-51
4.60302e-51
2.81829e-51
1.74391e-51
1.11113e-51
7.61092e-52
6.05677e-52
)
;

boundaryField
{
    sides
    {
        type            zeroGradient;
    }
    empty
    {
        type            empty;
    }
}


// ************************************************************************* //
