/*--------------------------------*- C++ -*----------------------------------*\
  =========                 |
  \\      /  F ield         | OpenFOAM: The Open Source CFD Toolbox
   \\    /   O peration     | Website:  https://openfoam.org
    \\  /    A nd           | Version:  13
     \\/     M anipulation  |
\*---------------------------------------------------------------------------*/
FoamFile
{
    format      ascii;
    class       volScalarField;
    location    "4.135";
    object      T;
}
// * * * * * * * * * * * * * * * * * * * * * * * * * * * * * * * * * * * * * //

dimensions      [0 0 0 1 0 0 0];

internalField   nonuniform List<scalar> 
1000
(
6.49332e-54
8.28984e-54
1.23718e-53
1.98481e-53
3.27434e-53
5.45377e-53
9.10894e-53
1.52184e-52
2.54108e-52
4.23919e-52
7.06505e-52
1.17625e-51
1.95626e-51
3.2501e-51
5.39397e-51
8.94255e-51
1.481e-50
2.45012e-50
4.04912e-50
6.68458e-50
1.10237e-49
1.81601e-49
2.98848e-49
4.91271e-49
8.06732e-49
1.32336e-48
2.16851e-48
3.54965e-48
5.80425e-48
9.4808e-48
1.54697e-47
2.52147e-47
4.10547e-47
6.67743e-47
1.08491e-46
1.7608e-46
2.85473e-46
4.62334e-46
7.47965e-46
1.20877e-45
1.95136e-45
3.1468e-45
5.06914e-45
8.15706e-45
1.3112e-44
2.1054e-44
3.37704e-44
5.41092e-44
8.66042e-44
1.38465e-43
2.21143e-43
3.52809e-43
5.62261e-43
8.95093e-43
1.42341e-42
2.26112e-42
3.58798e-42
5.6873e-42
9.00521e-42
1.42434e-41
2.25041e-41
3.55174e-41
5.59951e-41
8.81839e-41
1.38726e-40
2.18e-40
3.42203e-40
5.36588e-40
8.40478e-40
1.31504e-39
2.05533e-39
3.20888e-39
5.0044e-39
7.79611e-39
1.2132e-38
1.88587e-38
2.92833e-38
4.54209e-38
7.03748e-38
1.08919e-37
1.68391e-37
2.60052e-37
4.01168e-37
6.18185e-37
9.51559e-37
1.46311e-36
2.24722e-36
3.44776e-36
5.28389e-36
8.08901e-36
1.23697e-35
1.88951e-35
2.88312e-35
4.39439e-35
6.6905e-35
1.01752e-34
1.54578e-34
2.34572e-34
3.55571e-34
5.38394e-34
8.14321e-34
1.2303e-33
1.85674e-33
2.79906e-33
4.21497e-33
6.34011e-33
9.52622e-33
1.42977e-32
2.14353e-32
3.21008e-32
4.80199e-32
7.1754e-32
1.071e-31
1.59682e-31
2.37815e-31
3.53787e-31
5.25732e-31
7.80378e-31
1.15708e-30
1.71373e-30
2.53535e-30
3.74672e-30
5.53073e-30
8.15514e-30
1.20115e-29
1.76718e-29
2.59706e-29
3.81241e-29
5.59028e-29
8.18811e-29
1.19798e-28
1.75079e-28
2.55583e-28
3.72689e-28
5.42846e-28
7.89809e-28
1.14784e-27
1.66632e-27
2.41629e-27
3.49988e-27
5.06375e-27
7.31823e-27
1.05646e-26
1.52341e-26
2.19427e-26
3.15704e-26
4.53714e-26
6.51324e-26
9.33954e-26
1.33773e-25
1.91391e-25
2.73519e-25
3.90451e-25
5.56746e-25
7.92976e-25
1.12817e-24
1.60325e-24
2.27582e-24
3.22692e-24
4.57034e-24
6.46576e-24
9.13696e-24
1.28972e-23
1.81843e-23
2.56101e-23
3.60275e-23
5.06254e-23
7.10578e-23
9.96242e-23
1.39517e-22
1.95164e-22
2.72697e-22
3.80602e-22
5.30604e-22
7.38887e-22
1.02777e-21
1.42797e-21
1.98177e-21
2.74722e-21
3.80402e-21
5.26139e-21
7.26884e-21
1.00308e-20
1.38266e-20
1.90372e-20
2.61817e-20
3.59665e-20
4.93521e-20
6.76426e-20
9.26064e-20
1.26639e-19
1.72982e-19
2.36016e-19
3.21652e-19
4.37863e-19
5.95381e-19
8.08644e-19
1.09705e-18
1.48661e-18
2.01222e-18
2.72057e-18
3.67407e-18
4.95611e-18
6.67788e-18
8.98753e-18
1.20822e-17
1.6224e-17
2.17607e-17
2.91535e-17
3.90134e-17
5.21483e-17
6.96258e-17
9.28546e-17
1.23692e-16
1.64581e-16
2.18738e-16
2.90383e-16
3.85053e-16
5.10003e-16
6.74726e-16
8.91631e-16
1.17692e-15
1.5517e-15
2.04349e-15
2.68807e-15
3.53191e-15
4.63533e-15
6.0765e-15
7.95662e-15
1.04065e-14
1.35951e-14
1.77404e-14
2.3123e-14
3.01042e-14
3.91481e-14
5.08506e-14
6.59754e-14
8.55005e-14
1.10677e-13
1.43102e-13
1.84814e-13
2.3841e-13
3.07196e-13
3.95373e-13
5.08275e-13
6.52666e-13
8.37111e-13
1.07245e-12
1.37236e-12
1.75413e-12
2.23952e-12
2.85593e-12
3.63781e-12
4.62842e-12
5.882e-12
7.4665e-12
9.46692e-12
1.19895e-11
1.51667e-11
1.91638e-11
2.41864e-11
3.04903e-11
3.83928e-11
4.82879e-11
6.06633e-11
7.61225e-11
9.54112e-11
1.1945e-10
1.49372e-10
1.86575e-10
2.32775e-10
2.9008e-10
3.61076e-10
4.48931e-10
5.57517e-10
6.91571e-10
8.56869e-10
1.06045e-09
1.31089e-09
1.6186e-09
1.99625e-09
2.45916e-09
3.02593e-09
3.71902e-09
4.56561e-09
5.59844e-09
6.85702e-09
8.38885e-09
1.0251e-08
1.25122e-08
1.52545e-08
1.85764e-08
2.25956e-08
2.74528e-08
3.33156e-08
4.03839e-08
4.88955e-08
5.91328e-08
7.14311e-08
8.61878e-08
1.03873e-07
1.25044e-07
1.50356e-07
1.80583e-07
2.16638e-07
2.59592e-07
3.10706e-07
3.71455e-07
4.43572e-07
5.29081e-07
6.30348e-07
7.50135e-07
8.9166e-07
1.05867e-06
1.25551e-06
1.48725e-06
1.75973e-06
2.07974e-06
2.45514e-06
2.89496e-06
3.40966e-06
4.01127e-06
4.71362e-06
5.5326e-06
6.48643e-06
7.596e-06
8.88519e-06
1.03813e-05
1.21154e-05
1.41231e-05
1.64446e-05
1.91259e-05
2.22189e-05
2.57826e-05
2.98839e-05
3.45979e-05
4.001e-05
4.6216e-05
5.33237e-05
6.14546e-05
7.07447e-05
8.13466e-05
9.3431e-05
0.000107189
0.000122833
0.0001406
0.000160755
0.000183592
0.000209434
0.000238645
0.000271621
0.000308806
0.000350684
0.000397793
0.000450721
0.000510116
0.000576689
0.000651217
0.00073455
0.000827617
0.00093143
0.00104709
0.0011758
0.00131885
0.00147765
0.00165372
0.00184871
0.0020644
0.00230268
0.00256561
0.0028554
0.00317439
0.00352512
0.00391027
0.00433271
0.0047955
0.00530188
0.00585529
0.00645937
0.00711796
0.00783511
0.0086151
0.0094624
0.0103817
0.011378
0.0124563
0.0136221
0.0148808
0.0162384
0.0177007
0.019274
0.0209645
0.022779
0.0247241
0.0268067
0.0290338
0.0314127
0.0339504
0.0366545
0.0395324
0.0425914
0.0458391
0.049283
0.0529305
0.056789
0.0608657
0.0651679
0.0697024
0.074476
0.0794954
0.0847667
0.090296
0.0960888
0.10215
0.108486
0.115099
0.121994
0.129174
0.136641
0.144399
0.152449
0.16079
0.169424
0.178351
0.187568
0.197073
0.206864
0.216938
0.227289
0.237913
0.248804
0.259954
0.271356
0.283001
0.294881
0.306986
0.319304
0.331824
0.344534
0.357421
0.370472
0.383673
0.397009
0.410465
0.424025
0.437674
0.451395
0.465171
0.478987
0.492824
0.506666
0.520495
0.534294
0.548047
0.561735
0.575342
0.588851
0.602246
0.615511
0.628629
0.641586
0.654365
0.666954
0.679337
0.691502
0.703435
0.715124
0.726558
0.737725
0.748614
0.759217
0.769524
0.779527
0.789216
0.798587
0.80763
0.816342
0.824716
0.832746
0.84043
0.847763
0.854741
0.861362
0.867623
0.873522
0.879057
0.884226
0.889029
0.893465
0.897532
0.90123
0.904559
0.907518
0.910108
0.912327
0.914177
0.915657
0.916766
0.917506
0.917876
0.917876
0.917506
0.916766
0.915657
0.914177
0.912327
0.910108
0.907518
0.904559
0.90123
0.897532
0.893465
0.889029
0.884226
0.879057
0.873522
0.867623
0.861362
0.854741
0.847763
0.84043
0.832746
0.824716
0.816342
0.80763
0.798587
0.789216
0.779527
0.769524
0.759217
0.748614
0.737725
0.726558
0.715124
0.703435
0.691502
0.679337
0.666954
0.654365
0.641586
0.628629
0.615511
0.602246
0.588851
0.575342
0.561735
0.548047
0.534294
0.520495
0.506666
0.492824
0.478987
0.465171
0.451395
0.437674
0.424025
0.410465
0.397009
0.383673
0.370472
0.357421
0.344534
0.331824
0.319304
0.306986
0.294881
0.283001
0.271356
0.259954
0.248804
0.237913
0.227289
0.216938
0.206864
0.197073
0.187568
0.178351
0.169424
0.16079
0.152449
0.144399
0.136641
0.129174
0.121994
0.115099
0.108486
0.10215
0.0960888
0.090296
0.0847667
0.0794954
0.074476
0.0697024
0.0651679
0.0608657
0.056789
0.0529305
0.049283
0.0458391
0.0425914
0.0395324
0.0366545
0.0339504
0.0314127
0.0290338
0.0268067
0.0247241
0.022779
0.0209645
0.019274
0.0177007
0.0162384
0.0148808
0.0136221
0.0124563
0.011378
0.0103817
0.0094624
0.0086151
0.00783511
0.00711796
0.00645937
0.00585529
0.00530188
0.0047955
0.00433271
0.00391027
0.00352512
0.00317439
0.0028554
0.00256561
0.00230268
0.0020644
0.00184871
0.00165372
0.00147765
0.00131885
0.0011758
0.00104709
0.00093143
0.000827617
0.00073455
0.000651217
0.000576689
0.000510116
0.000450721
0.000397793
0.000350684
0.000308806
0.000271621
0.000238645
0.000209434
0.000183592
0.000160755
0.0001406
0.000122833
0.000107189
9.3431e-05
8.13466e-05
7.07447e-05
6.14546e-05
5.33237e-05
4.6216e-05
4.001e-05
3.45979e-05
2.98839e-05
2.57826e-05
2.22189e-05
1.91259e-05
1.64446e-05
1.41231e-05
1.21154e-05
1.03813e-05
8.88519e-06
7.596e-06
6.48643e-06
5.5326e-06
4.71362e-06
4.01127e-06
3.40966e-06
2.89496e-06
2.45514e-06
2.07974e-06
1.75973e-06
1.48725e-06
1.25551e-06
1.05867e-06
8.9166e-07
7.50135e-07
6.30348e-07
5.29081e-07
4.43572e-07
3.71455e-07
3.10706e-07
2.59592e-07
2.16638e-07
1.80583e-07
1.50356e-07
1.25044e-07
1.03873e-07
8.61878e-08
7.14311e-08
5.91328e-08
4.88955e-08
4.03839e-08
3.33156e-08
2.74528e-08
2.25956e-08
1.85764e-08
1.52545e-08
1.25122e-08
1.0251e-08
8.38885e-09
6.85702e-09
5.59844e-09
4.56561e-09
3.71902e-09
3.02593e-09
2.45916e-09
1.99625e-09
1.6186e-09
1.31089e-09
1.06045e-09
8.56869e-10
6.91571e-10
5.57517e-10
4.48931e-10
3.61076e-10
2.9008e-10
2.32775e-10
1.86575e-10
1.49372e-10
1.1945e-10
9.54112e-11
7.61225e-11
6.06633e-11
4.82879e-11
3.83928e-11
3.04903e-11
2.41864e-11
1.91638e-11
1.51667e-11
1.19895e-11
9.46692e-12
7.4665e-12
5.882e-12
4.62842e-12
3.63781e-12
2.85593e-12
2.23952e-12
1.75413e-12
1.37236e-12
1.07245e-12
8.37111e-13
6.52666e-13
5.08275e-13
3.95373e-13
3.07196e-13
2.3841e-13
1.84814e-13
1.43102e-13
1.10677e-13
8.55005e-14
6.59754e-14
5.08506e-14
3.91481e-14
3.01042e-14
2.3123e-14
1.77404e-14
1.35951e-14
1.04065e-14
7.95662e-15
6.0765e-15
4.63533e-15
3.53191e-15
2.68807e-15
2.04349e-15
1.5517e-15
1.17692e-15
8.91631e-16
6.74726e-16
5.10003e-16
3.85053e-16
2.90383e-16
2.18738e-16
1.64581e-16
1.23692e-16
9.28546e-17
6.96258e-17
5.21483e-17
3.90134e-17
2.91535e-17
2.17607e-17
1.6224e-17
1.20822e-17
8.98753e-18
6.67788e-18
4.95611e-18
3.67407e-18
2.72057e-18
2.01222e-18
1.48661e-18
1.09705e-18
8.08644e-19
5.95381e-19
4.37863e-19
3.21652e-19
2.36016e-19
1.72982e-19
1.26639e-19
9.26064e-20
6.76426e-20
4.93521e-20
3.59665e-20
2.61817e-20
1.90372e-20
1.38266e-20
1.00308e-20
7.26884e-21
5.26139e-21
3.80402e-21
2.74722e-21
1.98177e-21
1.42797e-21
1.02777e-21
7.38887e-22
5.30604e-22
3.80602e-22
2.72697e-22
1.95164e-22
1.39517e-22
9.96242e-23
7.10578e-23
5.06254e-23
3.60275e-23
2.56101e-23
1.81843e-23
1.28972e-23
9.13696e-24
6.46576e-24
4.57034e-24
3.22692e-24
2.27582e-24
1.60325e-24
1.12817e-24
7.92976e-25
5.56746e-25
3.90451e-25
2.73519e-25
1.91391e-25
1.33773e-25
9.33954e-26
6.51324e-26
4.53714e-26
3.15704e-26
2.19427e-26
1.52341e-26
1.05646e-26
7.31823e-27
5.06375e-27
3.49988e-27
2.41629e-27
1.66632e-27
1.14784e-27
7.89809e-28
5.42846e-28
3.72689e-28
2.55583e-28
1.75079e-28
1.19798e-28
8.18811e-29
5.59028e-29
3.81241e-29
2.59706e-29
1.76718e-29
1.20115e-29
8.15514e-30
5.53073e-30
3.74672e-30
2.53535e-30
1.71373e-30
1.15708e-30
7.80378e-31
5.25732e-31
3.53787e-31
2.37815e-31
1.59682e-31
1.071e-31
7.1754e-32
4.80199e-32
3.21008e-32
2.14353e-32
1.42977e-32
9.52622e-33
6.34011e-33
4.21497e-33
2.79906e-33
1.85674e-33
1.2303e-33
8.14321e-34
5.38394e-34
3.55571e-34
2.34572e-34
1.54578e-34
1.01752e-34
6.6905e-35
4.39439e-35
2.88312e-35
1.88951e-35
1.23697e-35
8.08901e-36
5.28389e-36
3.44776e-36
2.24722e-36
1.46311e-36
9.51559e-37
6.18185e-37
4.01168e-37
2.60052e-37
1.68391e-37
1.08919e-37
7.03748e-38
4.54209e-38
2.92833e-38
1.88587e-38
1.2132e-38
7.79611e-39
5.0044e-39
3.20888e-39
2.05533e-39
1.31504e-39
8.40478e-40
5.36588e-40
3.42203e-40
2.18e-40
1.38726e-40
8.81839e-41
5.59951e-41
3.55174e-41
2.25041e-41
1.42434e-41
9.00521e-42
5.6873e-42
3.58798e-42
2.26112e-42
1.42341e-42
8.95093e-43
5.62261e-43
3.52809e-43
2.21143e-43
1.38465e-43
8.66042e-44
5.41092e-44
3.37704e-44
2.1054e-44
1.3112e-44
8.15706e-45
5.06914e-45
3.1468e-45
1.95136e-45
1.20877e-45
7.47965e-46
4.62334e-46
2.85473e-46
1.7608e-46
1.08491e-46
6.67743e-47
4.10547e-47
2.52147e-47
1.54697e-47
9.4808e-48
5.80425e-48
3.54965e-48
2.16851e-48
1.32336e-48
8.06732e-49
4.91271e-49
2.98848e-49
1.81601e-49
1.10237e-49
6.68458e-50
4.04912e-50
2.45012e-50
1.481e-50
8.94255e-51
5.39397e-51
3.2501e-51
1.95626e-51
1.17625e-51
7.06505e-52
4.23919e-52
2.54108e-52
1.52184e-52
9.10894e-53
5.45377e-53
3.27434e-53
1.98481e-53
1.23718e-53
8.28984e-54
6.49332e-54
)
;

boundaryField
{
    sides
    {
        type            zeroGradient;
    }
    empty
    {
        type            empty;
    }
}


// ************************************************************************* //
