/*--------------------------------*- C++ -*----------------------------------*\
  =========                 |
  \\      /  F ield         | OpenFOAM: The Open Source CFD Toolbox
   \\    /   O peration     | Website:  https://openfoam.org
    \\  /    A nd           | Version:  13
     \\/     M anipulation  |
\*---------------------------------------------------------------------------*/
FoamFile
{
    format      ascii;
    class       volScalarField;
    location    "0.69";
    object      T;
}
// * * * * * * * * * * * * * * * * * * * * * * * * * * * * * * * * * * * * * //

dimensions      [0 0 0 1 0 0 0];

internalField   nonuniform List<scalar> 
1000
(
2.22767e-225
1.23486e-224
7.84008e-224
4.98575e-223
3.16453e-222
2.00456e-221
1.26723e-220
7.99493e-220
5.03383e-219
3.16304e-218
1.98348e-217
1.24128e-216
7.75225e-216
4.83168e-215
3.00525e-214
1.8654e-213
1.15551e-212
7.14294e-212
4.40641e-211
2.71266e-210
1.6665e-209
1.02167e-208
6.2505e-208
3.81602e-207
2.32487e-206
1.41343e-205
8.5751e-205
5.19145e-204
3.13633e-203
1.89075e-202
1.13744e-201
6.82806e-201
4.09018e-200
2.44489e-199
1.4583e-198
8.67967e-198
5.15496e-197
3.055e-196
1.80659e-195
1.06603e-194
6.27674e-194
3.6877e-193
2.16187e-192
1.26461e-191
7.38124e-191
4.29883e-190
2.49813e-189
1.44851e-188
8.38049e-188
4.83787e-187
2.7866e-186
1.6015e-185
9.18354e-185
5.25439e-184
2.99958e-183
1.70853e-182
9.70969e-182
5.50564e-181
3.11477e-180
1.75817e-179
9.9016e-179
5.56366e-178
3.11905e-177
1.74458e-176
9.73553e-176
5.42037e-175
3.0109e-174
1.66862e-173
9.226e-173
5.0893e-172
2.80086e-171
1.53783e-170
8.42383e-170
4.60353e-169
2.50986e-168
1.36516e-167
7.4078e-167
4.0102e-166
2.16576e-165
1.16686e-164
6.27177e-164
3.36295e-163
1.79891e-162
9.59956e-162
5.11029e-161
2.71387e-160
1.43774e-159
7.59825e-159
4.0058e-158
2.1067e-157
1.10523e-156
5.78408e-156
3.01959e-155
1.57249e-154
8.16871e-154
4.23293e-153
2.188e-152
1.12816e-151
5.80241e-151
2.97684e-150
1.52339e-149
7.7763e-149
3.95947e-148
2.01094e-147
1.01873e-146
5.14769e-146
2.59452e-145
1.30433e-144
6.54041e-144
3.27117e-143
1.63185e-142
8.11961e-142
4.0296e-141
1.99461e-140
9.84742e-140
4.84898e-139
2.38143e-138
1.1665e-137
5.69883e-137
2.77676e-136
1.3494e-135
6.54014e-135
3.16138e-134
1.52407e-133
7.32772e-133
3.51371e-132
1.68032e-131
8.01392e-131
3.81172e-130
1.80808e-129
8.55322e-129
4.03511e-128
1.89842e-127
8.90707e-127
4.16755e-126
1.94459e-125
9.04837e-125
4.19862e-124
1.94282e-123
8.96492e-123
4.12518e-122
1.89286e-121
8.66105e-121
3.95181e-120
1.798e-119
8.15737e-119
3.69039e-118
1.66477e-117
7.48841e-117
3.35875e-116
1.50215e-115
6.69875e-115
2.97862e-114
1.3206e-113
5.838e-113
2.57327e-112
1.13092e-111
4.95567e-111
2.16517e-110
9.43179e-110
4.09646e-109
1.7739e-108
7.6587e-108
3.2967e-107
1.41482e-106
6.05358e-106
2.58233e-105
1.09824e-104
4.65652e-104
1.96835e-103
8.29498e-103
3.48495e-102
1.45963e-101
6.09463e-101
2.53693e-100
1.05274e-99
4.35497e-99
1.79594e-98
7.38306e-98
3.02564e-97
1.23603e-96
5.03349e-96
2.0433e-95
8.26823e-95
3.3351e-94
1.34096e-93
5.37435e-93
2.14704e-92
8.54967e-92
3.39354e-91
1.34259e-90
5.29444e-90
2.08101e-89
8.15276e-89
3.1835e-88
1.239e-87
4.80618e-87
1.85817e-86
7.16016e-86
2.74984e-85
1.05253e-84
4.01516e-84
1.52652e-83
5.78405e-83
2.18417e-82
8.21977e-82
3.08282e-81
1.15225e-80
4.29189e-80
1.59313e-79
5.8932e-79
2.1724e-78
7.98022e-78
2.92126e-77
1.06562e-76
3.87349e-76
1.40304e-75
5.06404e-75
1.8213e-74
6.527e-74
2.33073e-73
8.29297e-73
2.94011e-72
1.03859e-71
3.65554e-71
1.28197e-70
4.47937e-70
1.55942e-69
5.40897e-69
1.86923e-68
6.4358e-68
2.20765e-67
7.54462e-67
2.56874e-66
8.71313e-66
2.94437e-65
9.91219e-65
3.3243e-64
1.11065e-63
3.69656e-63
1.22562e-62
4.048e-62
1.33184e-61
4.36498e-61
1.42504e-60
4.63422e-60
1.50117e-59
4.84369e-59
1.55673e-58
4.98348e-58
1.58902e-57
5.0466e-57
1.59637e-56
5.02952e-56
1.57824e-55
4.93249e-55
1.53532e-54
4.75957e-54
1.46948e-53
4.51837e-53
1.38361e-52
4.21946e-52
1.28145e-51
3.87564e-51
1.16728e-50
3.50097e-50
1.04563e-49
3.10986e-49
9.21011e-49
2.7161e-48
7.97587e-48
2.33213e-47
6.78994e-47
1.96838e-46
5.68164e-46
1.63288e-45
4.67247e-45
1.33119e-44
3.77599e-44
1.06637e-43
2.99827e-43
8.39278e-43
2.33888e-42
6.48892e-42
1.79221e-41
4.9278e-41
1.34883e-40
3.67528e-40
9.96896e-40
2.6917e-39
7.23458e-39
1.93554e-38
5.15451e-38
1.36635e-37
3.60507e-37
9.46761e-37
2.47475e-36
6.43846e-36
1.66718e-35
4.2966e-35
1.10205e-34
2.81325e-34
7.14717e-34
1.80706e-33
4.54688e-33
1.13855e-32
2.83713e-32
7.03536e-32
1.73607e-31
4.26298e-31
1.04164e-30
2.53261e-30
6.12721e-30
1.47499e-29
3.53299e-29
8.41998e-29
1.99659e-28
4.71052e-28
1.10571e-27
2.58225e-27
5.99973e-27
1.38686e-26
3.1893e-26
7.29641e-26
1.66061e-25
3.75975e-25
8.46796e-25
1.89722e-24
4.2283e-24
9.37383e-24
2.0671e-23
4.5341e-23
9.89232e-23
2.14671e-22
4.6335e-22
9.94709e-22
2.12386e-21
4.51015e-21
9.52539e-21
2.00075e-20
4.17937e-20
8.68221e-20
1.79367e-19
3.68501e-19
7.52853e-19
1.5295e-18
3.08992e-18
6.20719e-18
1.23989e-17
2.46268e-17
4.86357e-17
9.55036e-17
1.86463e-16
3.61963e-16
6.98599e-16
1.34052e-15
2.55739e-15
4.85048e-15
9.14599e-15
1.71446e-14
3.19495e-14
5.91883e-14
1.09002e-13
1.99548e-13
3.63138e-13
6.56896e-13
1.18118e-12
2.11115e-12
3.75061e-12
6.62298e-12
1.16243e-11
2.02785e-11
3.51602e-11
6.05908e-11
1.03775e-10
1.76647e-10
2.98838e-10
5.02429e-10
8.39494e-10
1.39398e-09
2.3003e-09
3.77221e-09
6.14728e-09
9.95496e-09
1.60199e-08
2.56174e-08
4.07063e-08
6.42737e-08
1.00842e-07
1.57212e-07
2.43533e-07
3.74844e-07
5.73272e-07
8.71131e-07
1.31526e-06
1.97308e-06
2.94088e-06
4.35514e-06
6.40793e-06
9.36743e-06
1.36052e-05
1.96324e-05
2.8146e-05
4.00899e-05
5.67318e-05
7.97606e-05
0.000111409
0.000154604
0.000213151
0.000291958
0.000397302
0.00053714
0.000721478
0.000962783
0.00127645
0.00168134
0.00220029
0.0028608
0.00369554
0.00474305
0.00604827
0.00766313
0.00964691
0.0120666
0.0149971
0.0185209
0.022728
0.027715
0.0335843
0.0404426
0.0483991
0.0575637
0.0680439
0.0799426
0.0933546
0.108364
0.125039
0.143431
0.163572
0.185468
0.2091
0.234422
0.261357
0.289802
0.319624
0.350662
0.382734
0.415632
0.449134
0.483004
0.516996
0.550866
0.584368
0.617266
0.649338
0.680376
0.710198
0.738643
0.765578
0.7909
0.814532
0.836428
0.856569
0.874961
0.891636
0.906645
0.920057
0.931956
0.942436
0.951601
0.959557
0.966416
0.972285
0.977272
0.981479
0.985003
0.987933
0.990353
0.992337
0.993952
0.995257
0.996304
0.997139
0.9978
0.998319
0.998724
0.999037
0.999278
0.999463
0.999603
0.999708
0.999786
0.999845
0.999888
0.999919
0.999941
0.999957
0.999967
0.999974
0.999977
0.999977
0.999974
0.999967
0.999957
0.999941
0.999919
0.999888
0.999845
0.999786
0.999708
0.999603
0.999463
0.999278
0.999037
0.998724
0.998319
0.9978
0.997139
0.996304
0.995257
0.993952
0.992337
0.990353
0.987933
0.985003
0.981479
0.977272
0.972285
0.966416
0.959557
0.951601
0.942436
0.931956
0.920057
0.906645
0.891636
0.874961
0.856569
0.836428
0.814532
0.7909
0.765578
0.738643
0.710198
0.680376
0.649338
0.617266
0.584368
0.550866
0.516996
0.483004
0.449134
0.415632
0.382734
0.350662
0.319624
0.289802
0.261357
0.234422
0.2091
0.185468
0.163572
0.143431
0.125039
0.108364
0.0933546
0.0799426
0.0680439
0.0575637
0.0483991
0.0404426
0.0335843
0.027715
0.022728
0.0185209
0.0149971
0.0120666
0.00964691
0.00766313
0.00604827
0.00474305
0.00369554
0.0028608
0.00220029
0.00168134
0.00127645
0.000962783
0.000721478
0.00053714
0.000397302
0.000291958
0.000213151
0.000154604
0.000111409
7.97606e-05
5.67318e-05
4.00899e-05
2.8146e-05
1.96324e-05
1.36052e-05
9.36743e-06
6.40793e-06
4.35514e-06
2.94088e-06
1.97308e-06
1.31526e-06
8.71131e-07
5.73272e-07
3.74844e-07
2.43533e-07
1.57212e-07
1.00842e-07
6.42737e-08
4.07063e-08
2.56174e-08
1.60199e-08
9.95496e-09
6.14728e-09
3.77221e-09
2.3003e-09
1.39398e-09
8.39494e-10
5.02429e-10
2.98838e-10
1.76647e-10
1.03775e-10
6.05908e-11
3.51602e-11
2.02785e-11
1.16243e-11
6.62298e-12
3.75061e-12
2.11115e-12
1.18118e-12
6.56896e-13
3.63138e-13
1.99548e-13
1.09002e-13
5.91883e-14
3.19495e-14
1.71446e-14
9.14599e-15
4.85048e-15
2.55739e-15
1.34052e-15
6.98599e-16
3.61963e-16
1.86463e-16
9.55036e-17
4.86357e-17
2.46268e-17
1.23989e-17
6.20719e-18
3.08992e-18
1.5295e-18
7.52853e-19
3.68501e-19
1.79367e-19
8.68221e-20
4.17937e-20
2.00075e-20
9.52539e-21
4.51015e-21
2.12386e-21
9.94709e-22
4.6335e-22
2.14671e-22
9.89232e-23
4.5341e-23
2.0671e-23
9.37383e-24
4.2283e-24
1.89722e-24
8.46796e-25
3.75975e-25
1.66061e-25
7.29641e-26
3.1893e-26
1.38686e-26
5.99973e-27
2.58225e-27
1.10571e-27
4.71052e-28
1.99659e-28
8.41998e-29
3.53299e-29
1.47499e-29
6.12721e-30
2.53261e-30
1.04164e-30
4.26298e-31
1.73607e-31
7.03536e-32
2.83713e-32
1.13855e-32
4.54688e-33
1.80706e-33
7.14717e-34
2.81325e-34
1.10205e-34
4.2966e-35
1.66718e-35
6.43846e-36
2.47475e-36
9.46761e-37
3.60507e-37
1.36635e-37
5.15451e-38
1.93554e-38
7.23458e-39
2.6917e-39
9.96896e-40
3.67528e-40
1.34883e-40
4.9278e-41
1.79221e-41
6.48892e-42
2.33888e-42
8.39278e-43
2.99827e-43
1.06637e-43
3.77599e-44
1.33119e-44
4.67247e-45
1.63288e-45
5.68164e-46
1.96838e-46
6.78994e-47
2.33213e-47
7.97587e-48
2.7161e-48
9.21011e-49
3.10986e-49
1.04563e-49
3.50097e-50
1.16728e-50
3.87564e-51
1.28145e-51
4.21946e-52
1.38361e-52
4.51837e-53
1.46948e-53
4.75957e-54
1.53532e-54
4.93249e-55
1.57824e-55
5.02952e-56
1.59637e-56
5.0466e-57
1.58902e-57
4.98348e-58
1.55673e-58
4.84369e-59
1.50117e-59
4.63422e-60
1.42504e-60
4.36498e-61
1.33184e-61
4.048e-62
1.22562e-62
3.69656e-63
1.11065e-63
3.3243e-64
9.91219e-65
2.94437e-65
8.71313e-66
2.56874e-66
7.54462e-67
2.20765e-67
6.4358e-68
1.86923e-68
5.40897e-69
1.55942e-69
4.47937e-70
1.28197e-70
3.65554e-71
1.03859e-71
2.94011e-72
8.29297e-73
2.33073e-73
6.527e-74
1.8213e-74
5.06404e-75
1.40304e-75
3.87349e-76
1.06562e-76
2.92126e-77
7.98022e-78
2.1724e-78
5.8932e-79
1.59313e-79
4.29189e-80
1.15225e-80
3.08282e-81
8.21977e-82
2.18417e-82
5.78405e-83
1.52652e-83
4.01516e-84
1.05253e-84
2.74984e-85
7.16016e-86
1.85817e-86
4.80618e-87
1.239e-87
3.1835e-88
8.15276e-89
2.08101e-89
5.29444e-90
1.34259e-90
3.39354e-91
8.54967e-92
2.14704e-92
5.37435e-93
1.34096e-93
3.3351e-94
8.26823e-95
2.0433e-95
5.03349e-96
1.23603e-96
3.02564e-97
7.38306e-98
1.79594e-98
4.35497e-99
1.05274e-99
2.53693e-100
6.09463e-101
1.45963e-101
3.48495e-102
8.29498e-103
1.96835e-103
4.65652e-104
1.09824e-104
2.58233e-105
6.05358e-106
1.41482e-106
3.2967e-107
7.6587e-108
1.7739e-108
4.09646e-109
9.43179e-110
2.16517e-110
4.95567e-111
1.13092e-111
2.57327e-112
5.838e-113
1.3206e-113
2.97862e-114
6.69875e-115
1.50215e-115
3.35875e-116
7.48841e-117
1.66477e-117
3.69039e-118
8.15737e-119
1.798e-119
3.95181e-120
8.66105e-121
1.89286e-121
4.12518e-122
8.96492e-123
1.94282e-123
4.19862e-124
9.04837e-125
1.94459e-125
4.16755e-126
8.90707e-127
1.89842e-127
4.03511e-128
8.55322e-129
1.80808e-129
3.81172e-130
8.01392e-131
1.68032e-131
3.51371e-132
7.32772e-133
1.52407e-133
3.16138e-134
6.54014e-135
1.3494e-135
2.77676e-136
5.69883e-137
1.1665e-137
2.38143e-138
4.84898e-139
9.84742e-140
1.99461e-140
4.0296e-141
8.11961e-142
1.63185e-142
3.27117e-143
6.54041e-144
1.30433e-144
2.59452e-145
5.14769e-146
1.01873e-146
2.01094e-147
3.95947e-148
7.7763e-149
1.52339e-149
2.97684e-150
5.80241e-151
1.12816e-151
2.188e-152
4.23293e-153
8.16871e-154
1.57249e-154
3.01959e-155
5.78408e-156
1.10523e-156
2.1067e-157
4.0058e-158
7.59825e-159
1.43774e-159
2.71387e-160
5.11029e-161
9.59956e-162
1.79891e-162
3.36295e-163
6.27177e-164
1.16686e-164
2.16576e-165
4.0102e-166
7.4078e-167
1.36516e-167
2.50986e-168
4.60353e-169
8.42383e-170
1.53783e-170
2.80086e-171
5.0893e-172
9.226e-173
1.66862e-173
3.0109e-174
5.42037e-175
9.73553e-176
1.74458e-176
3.11905e-177
5.56366e-178
9.9016e-179
1.75817e-179
3.11477e-180
5.50564e-181
9.70969e-182
1.70853e-182
2.99958e-183
5.25439e-184
9.18354e-185
1.6015e-185
2.7866e-186
4.83787e-187
8.38049e-188
1.44851e-188
2.49813e-189
4.29883e-190
7.38124e-191
1.26461e-191
2.16187e-192
3.6877e-193
6.27674e-194
1.06603e-194
1.80659e-195
3.055e-196
5.15496e-197
8.67967e-198
1.4583e-198
2.44489e-199
4.09018e-200
6.82806e-201
1.13744e-201
1.89075e-202
3.13633e-203
5.19145e-204
8.5751e-205
1.41343e-205
2.32487e-206
3.81602e-207
6.2505e-208
1.02167e-208
1.6665e-209
2.71266e-210
4.40641e-211
7.14294e-212
1.15551e-212
1.8654e-213
3.00525e-214
4.83168e-215
7.75225e-216
1.24128e-216
1.98348e-217
3.16304e-218
5.03383e-219
7.99493e-220
1.26723e-220
2.00456e-221
3.16453e-222
4.98575e-223
7.84008e-224
1.23486e-224
2.22767e-225
)
;

boundaryField
{
    sides
    {
        type            zeroGradient;
    }
    empty
    {
        type            empty;
    }
}


// ************************************************************************* //
