/*--------------------------------*- C++ -*----------------------------------*\
  =========                 |
  \\      /  F ield         | OpenFOAM: The Open Source CFD Toolbox
   \\    /   O peration     | Website:  https://openfoam.org
    \\  /    A nd           | Version:  13
     \\/     M anipulation  |
\*---------------------------------------------------------------------------*/
FoamFile
{
    format      ascii;
    class       volScalarField;
    location    "4.905";
    object      T;
}
// * * * * * * * * * * * * * * * * * * * * * * * * * * * * * * * * * * * * * //

dimensions      [0 0 0 1 0 0 0];

internalField   nonuniform List<scalar> 
1000
(
5.03238e-46
6.04201e-46
8.25991e-46
1.21217e-45
1.83839e-45
2.82691e-45
4.36997e-45
6.76647e-45
1.04787e-44
1.62196e-44
2.50873e-44
3.87702e-44
5.98626e-44
9.23461e-44
1.42326e-43
2.19154e-43
3.37143e-43
5.18177e-43
7.95687e-43
1.22069e-42
1.87097e-42
2.86502e-42
4.38316e-42
6.69954e-42
1.02306e-41
1.56083e-41
2.37907e-41
3.6229e-41
5.51193e-41
8.37817e-41
1.27231e-40
1.93033e-40
2.92596e-40
4.431e-40
6.70397e-40
1.01335e-39
1.53032e-39
2.30889e-39
3.48032e-39
5.24121e-39
7.8857e-39
1.18534e-38
1.7801e-38
2.67079e-38
4.00341e-38
5.99536e-38
8.97008e-38
1.34083e-37
2.00236e-37
2.9875e-37
4.45316e-37
6.63166e-37
9.86667e-37
1.4666e-36
2.17796e-36
3.23132e-36
4.78965e-36
7.09285e-36
1.04938e-35
1.55109e-35
2.29051e-35
3.37927e-35
4.98088e-35
7.33469e-35
1.07907e-34
1.58603e-34
2.32897e-34
3.41671e-34
5.00778e-34
7.33288e-34
1.07274e-33
1.56786e-33
2.28935e-33
3.33969e-33
4.86735e-33
7.08713e-33
1.03095e-32
1.4983e-32
2.17544e-32
3.15564e-32
4.57319e-32
6.62125e-32
9.57748e-32
1.38405e-31
1.99822e-31
2.8822e-31
4.15332e-31
5.97937e-31
8.60012e-31
1.23579e-30
1.77407e-30
2.54441e-30
3.64581e-30
5.21901e-30
7.46399e-30
1.06645e-29
1.52231e-29
2.17095e-29
3.09305e-29
4.40262e-29
6.2607e-29
8.89453e-29
1.26244e-28
1.79013e-28
2.53599e-28
3.58919e-28
5.07497e-28
7.16898e-28
1.01174e-27
1.42648e-27
2.00932e-27
2.82761e-27
3.97536e-27
5.58367e-27
7.83519e-27
1.09841e-26
1.53839e-26
2.15255e-26
3.00903e-26
4.20228e-26
5.86313e-26
8.17257e-26
1.13808e-25
1.58334e-25
2.20068e-25
3.05582e-25
4.23918e-25
5.87518e-25
8.13476e-25
1.12526e-24
1.55506e-24
2.14695e-24
2.96131e-24
4.08064e-24
5.61769e-24
7.72628e-24
1.06161e-23
1.45729e-23
1.99853e-23
2.73815e-23
3.7479e-23
5.12508e-23
7.0016e-23
9.55601e-23
1.30298e-22
1.77494e-22
2.41553e-22
3.28414e-22
4.46082e-22
6.05327e-22
8.2063e-22
1.11144e-21
1.50386e-21
2.03288e-21
2.74535e-21
3.70394e-21
4.99245e-21
6.7227e-21
9.0439e-21
1.21548e-20
1.63201e-20
2.18917e-20
2.9337e-20
3.92766e-20
5.25331e-20
7.01961e-20
9.37073e-20
1.24972e-19
1.66508e-19
2.21635e-19
2.94728e-19
3.91547e-19
5.19669e-19
6.89049e-19
9.12753e-19
1.20792e-18
1.59698e-18
2.10932e-18
2.78333e-18
3.66917e-18
4.83225e-18
6.35785e-18
8.35702e-18
1.09742e-17
1.4397e-17
1.8869e-17
2.47062e-17
3.23179e-17
4.22337e-17
5.51383e-17
7.19161e-17
9.37083e-17
1.21986e-16
1.58642e-16
2.06113e-16
2.67529e-16
3.46909e-16
4.49406e-16
5.81621e-16
7.52002e-16
9.71351e-16
1.25346e-15
1.61594e-15
2.08121e-15
2.67784e-15
3.44217e-15
4.42035e-15
5.671e-15
7.26841e-15
9.30672e-15
1.19051e-14
1.5214e-14
1.94238e-14
2.47743e-14
3.15679e-14
4.01854e-14
5.11054e-14
6.49296e-14
8.24131e-14
1.04502e-13
1.32383e-13
1.6754e-13
2.11826e-13
2.67558e-13
3.37623e-13
4.25622e-13
5.36034e-13
6.74431e-13
8.47734e-13
1.06453e-12
1.33547e-12
1.67373e-12
2.09562e-12
2.6213e-12
3.27566e-12
4.08937e-12
5.10024e-12
6.35479e-12
7.9102e-12
9.83673e-12
1.22205e-11
1.51672e-11
1.88061e-11
2.32952e-11
2.88278e-11
3.56395e-11
4.40179e-11
5.43128e-11
6.69502e-11
8.24475e-11
1.01433e-10
1.24669e-10
1.53077e-10
1.87776e-10
2.30116e-10
2.81728e-10
3.44579e-10
4.2104e-10
5.13966e-10
6.26789e-10
7.63633e-10
9.29446e-10
1.13016e-09
1.37288e-09
1.6661e-09
2.01997e-09
2.44661e-09
2.96047e-09
3.57877e-09
4.32199e-09
5.21446e-09
6.28508e-09
7.56814e-09
9.10425e-09
1.09415e-08
1.31366e-08
1.57568e-08
1.88811e-08
2.26029e-08
2.7032e-08
3.22975e-08
3.85511e-08
4.59707e-08
5.47648e-08
6.51777e-08
7.7495e-08
9.20504e-08
1.09233e-07
1.29497e-07
1.53371e-07
1.81469e-07
2.14507e-07
2.53312e-07
2.98846e-07
3.52223e-07
4.1473e-07
4.87854e-07
5.73315e-07
6.73091e-07
7.89465e-07
9.2506e-07
1.08289e-06
1.26642e-06
1.47962e-06
1.72703e-06
2.01386e-06
2.34604e-06
2.73038e-06
3.17459e-06
3.6875e-06
4.27913e-06
4.96087e-06
5.74567e-06
6.64817e-06
7.685e-06
8.87494e-06
1.02392e-05
1.18018e-05
1.35897e-05
1.56334e-05
1.79671e-05
2.06291e-05
2.36628e-05
2.71164e-05
3.10442e-05
3.55067e-05
4.05715e-05
4.63142e-05
5.28189e-05
6.01793e-05
6.84995e-05
7.78952e-05
8.84946e-05
0.00010044
0.000113888
0.000129014
0.000146008
0.000165083
0.000186471
0.000210429
0.000237239
0.000267208
0.000300677
0.000338015
0.000379629
0.000425959
0.000477489
0.000534745
0.000598297
0.000668767
0.000746829
0.000833213
0.000928709
0.00103417
0.00115052
0.00127875
0.00141994
0.00157523
0.00174585
0.00193314
0.00213851
0.00236348
0.00260967
0.00287881
0.00317273
0.0034934
0.00384289
0.00422341
0.00463728
0.00508699
0.00557512
0.00610444
0.00667782
0.00729832
0.00796911
0.00869353
0.00947508
0.0103174
0.0112243
0.0121998
0.0132479
0.0143729
0.0155793
0.0168715
0.0182544
0.0197327
0.0213115
0.0229958
0.0247909
0.0267022
0.0287349
0.0308948
0.0331874
0.0356183
0.0381934
0.0409183
0.0437989
0.046841
0.0500502
0.0534325
0.0569934
0.0607386
0.0646737
0.068804
0.0731347
0.0776711
0.082418
0.0873801
0.0925619
0.0979677
0.103601
0.109466
0.115566
0.121904
0.128481
0.135301
0.142365
0.149675
0.15723
0.165032
0.17308
0.181374
0.189912
0.198693
0.207713
0.216971
0.226463
0.236184
0.246131
0.256297
0.266677
0.277264
0.288053
0.299034
0.310201
0.321543
0.333054
0.344722
0.356537
0.36849
0.380569
0.392762
0.405059
0.417446
0.429912
0.442443
0.455027
0.46765
0.4803
0.492962
0.505623
0.518269
0.530886
0.543461
0.555981
0.56843
0.580796
0.593065
0.605225
0.617261
0.629161
0.640913
0.652504
0.663921
0.675155
0.686192
0.697023
0.707635
0.71802
0.728168
0.738068
0.747712
0.757092
0.766198
0.775024
0.783562
0.791805
0.799747
0.807381
0.814702
0.821704
0.828383
0.834734
0.840753
0.846435
0.851778
0.856778
0.861432
0.865738
0.869692
0.873294
0.87654
0.87943
0.881961
0.884133
0.885945
0.887395
0.888484
0.889209
0.889572
0.889572
0.889209
0.888484
0.887395
0.885945
0.884133
0.881961
0.87943
0.87654
0.873294
0.869692
0.865738
0.861432
0.856778
0.851778
0.846435
0.840753
0.834734
0.828383
0.821704
0.814702
0.807381
0.799747
0.791805
0.783562
0.775024
0.766198
0.757092
0.747712
0.738068
0.728168
0.71802
0.707635
0.697023
0.686192
0.675155
0.663921
0.652504
0.640913
0.629161
0.617261
0.605225
0.593065
0.580796
0.56843
0.555981
0.543461
0.530886
0.518269
0.505623
0.492962
0.4803
0.46765
0.455027
0.442443
0.429912
0.417446
0.405059
0.392762
0.380569
0.36849
0.356537
0.344722
0.333054
0.321543
0.310201
0.299034
0.288053
0.277264
0.266677
0.256297
0.246131
0.236184
0.226463
0.216971
0.207713
0.198693
0.189912
0.181374
0.17308
0.165032
0.15723
0.149675
0.142365
0.135301
0.128481
0.121904
0.115566
0.109466
0.103601
0.0979677
0.0925619
0.0873801
0.082418
0.0776711
0.0731347
0.068804
0.0646737
0.0607386
0.0569934
0.0534325
0.0500502
0.046841
0.0437989
0.0409183
0.0381934
0.0356183
0.0331874
0.0308948
0.0287349
0.0267022
0.0247909
0.0229958
0.0213115
0.0197327
0.0182544
0.0168715
0.0155793
0.0143729
0.0132479
0.0121998
0.0112243
0.0103174
0.00947508
0.00869353
0.00796911
0.00729832
0.00667782
0.00610444
0.00557512
0.00508699
0.00463728
0.00422341
0.00384289
0.0034934
0.00317273
0.00287881
0.00260967
0.00236348
0.00213851
0.00193314
0.00174585
0.00157523
0.00141994
0.00127875
0.00115052
0.00103417
0.000928709
0.000833213
0.000746829
0.000668767
0.000598297
0.000534745
0.000477489
0.000425959
0.000379629
0.000338015
0.000300677
0.000267208
0.000237239
0.000210429
0.000186471
0.000165083
0.000146008
0.000129014
0.000113888
0.00010044
8.84946e-05
7.78952e-05
6.84995e-05
6.01793e-05
5.28189e-05
4.63142e-05
4.05715e-05
3.55067e-05
3.10442e-05
2.71164e-05
2.36628e-05
2.06291e-05
1.79671e-05
1.56334e-05
1.35897e-05
1.18018e-05
1.02392e-05
8.87494e-06
7.685e-06
6.64817e-06
5.74567e-06
4.96087e-06
4.27913e-06
3.6875e-06
3.17459e-06
2.73038e-06
2.34604e-06
2.01386e-06
1.72703e-06
1.47962e-06
1.26642e-06
1.08289e-06
9.2506e-07
7.89465e-07
6.73091e-07
5.73315e-07
4.87854e-07
4.1473e-07
3.52223e-07
2.98846e-07
2.53312e-07
2.14507e-07
1.81469e-07
1.53371e-07
1.29497e-07
1.09233e-07
9.20504e-08
7.7495e-08
6.51777e-08
5.47648e-08
4.59707e-08
3.85511e-08
3.22975e-08
2.7032e-08
2.26029e-08
1.88811e-08
1.57568e-08
1.31366e-08
1.09415e-08
9.10425e-09
7.56814e-09
6.28508e-09
5.21446e-09
4.32199e-09
3.57877e-09
2.96047e-09
2.44661e-09
2.01997e-09
1.6661e-09
1.37288e-09
1.13016e-09
9.29446e-10
7.63633e-10
6.26789e-10
5.13966e-10
4.2104e-10
3.44579e-10
2.81728e-10
2.30116e-10
1.87776e-10
1.53077e-10
1.24669e-10
1.01433e-10
8.24475e-11
6.69502e-11
5.43128e-11
4.40179e-11
3.56395e-11
2.88278e-11
2.32952e-11
1.88061e-11
1.51672e-11
1.22205e-11
9.83673e-12
7.9102e-12
6.35479e-12
5.10024e-12
4.08937e-12
3.27566e-12
2.6213e-12
2.09562e-12
1.67373e-12
1.33547e-12
1.06453e-12
8.47734e-13
6.74431e-13
5.36034e-13
4.25622e-13
3.37623e-13
2.67558e-13
2.11826e-13
1.6754e-13
1.32383e-13
1.04502e-13
8.24131e-14
6.49296e-14
5.11054e-14
4.01854e-14
3.15679e-14
2.47743e-14
1.94238e-14
1.5214e-14
1.19051e-14
9.30672e-15
7.26841e-15
5.671e-15
4.42035e-15
3.44217e-15
2.67784e-15
2.08121e-15
1.61594e-15
1.25346e-15
9.71351e-16
7.52002e-16
5.81621e-16
4.49406e-16
3.46909e-16
2.67529e-16
2.06113e-16
1.58642e-16
1.21986e-16
9.37083e-17
7.19161e-17
5.51383e-17
4.22337e-17
3.23179e-17
2.47062e-17
1.8869e-17
1.4397e-17
1.09742e-17
8.35702e-18
6.35785e-18
4.83225e-18
3.66917e-18
2.78333e-18
2.10932e-18
1.59698e-18
1.20792e-18
9.12753e-19
6.89049e-19
5.19669e-19
3.91547e-19
2.94728e-19
2.21635e-19
1.66508e-19
1.24972e-19
9.37073e-20
7.01961e-20
5.25331e-20
3.92766e-20
2.9337e-20
2.18917e-20
1.63201e-20
1.21548e-20
9.0439e-21
6.7227e-21
4.99245e-21
3.70394e-21
2.74535e-21
2.03288e-21
1.50386e-21
1.11144e-21
8.2063e-22
6.05327e-22
4.46082e-22
3.28414e-22
2.41553e-22
1.77494e-22
1.30298e-22
9.55601e-23
7.0016e-23
5.12508e-23
3.7479e-23
2.73815e-23
1.99853e-23
1.45729e-23
1.06161e-23
7.72628e-24
5.61769e-24
4.08064e-24
2.96131e-24
2.14695e-24
1.55506e-24
1.12526e-24
8.13476e-25
5.87518e-25
4.23918e-25
3.05582e-25
2.20068e-25
1.58334e-25
1.13808e-25
8.17257e-26
5.86313e-26
4.20228e-26
3.00903e-26
2.15255e-26
1.53839e-26
1.09841e-26
7.83519e-27
5.58367e-27
3.97536e-27
2.82761e-27
2.00932e-27
1.42648e-27
1.01174e-27
7.16898e-28
5.07497e-28
3.58919e-28
2.53599e-28
1.79013e-28
1.26244e-28
8.89453e-29
6.2607e-29
4.40262e-29
3.09305e-29
2.17095e-29
1.52231e-29
1.06645e-29
7.46399e-30
5.21901e-30
3.64581e-30
2.54441e-30
1.77407e-30
1.23579e-30
8.60012e-31
5.97937e-31
4.15332e-31
2.8822e-31
1.99822e-31
1.38405e-31
9.57748e-32
6.62125e-32
4.57319e-32
3.15564e-32
2.17544e-32
1.4983e-32
1.03095e-32
7.08713e-33
4.86735e-33
3.33969e-33
2.28935e-33
1.56786e-33
1.07274e-33
7.33288e-34
5.00778e-34
3.41671e-34
2.32897e-34
1.58603e-34
1.07907e-34
7.33469e-35
4.98088e-35
3.37927e-35
2.29051e-35
1.55109e-35
1.04938e-35
7.09285e-36
4.78965e-36
3.23132e-36
2.17796e-36
1.4666e-36
9.86667e-37
6.63166e-37
4.45316e-37
2.9875e-37
2.00236e-37
1.34083e-37
8.97008e-38
5.99536e-38
4.00341e-38
2.67079e-38
1.7801e-38
1.18534e-38
7.8857e-39
5.24121e-39
3.48032e-39
2.30889e-39
1.53032e-39
1.01335e-39
6.70397e-40
4.431e-40
2.92596e-40
1.93033e-40
1.27231e-40
8.37817e-41
5.51193e-41
3.6229e-41
2.37907e-41
1.56083e-41
1.02306e-41
6.69954e-42
4.38316e-42
2.86502e-42
1.87097e-42
1.22069e-42
7.95687e-43
5.18177e-43
3.37143e-43
2.19154e-43
1.42326e-43
9.23461e-44
5.98626e-44
3.87702e-44
2.50873e-44
1.62196e-44
1.04787e-44
6.76647e-45
4.36997e-45
2.82691e-45
1.83839e-45
1.21217e-45
8.25991e-46
6.04201e-46
5.03238e-46
)
;

boundaryField
{
    sides
    {
        type            zeroGradient;
    }
    empty
    {
        type            empty;
    }
}


// ************************************************************************* //
