/*--------------------------------*- C++ -*----------------------------------*\
  =========                 |
  \\      /  F ield         | OpenFOAM: The Open Source CFD Toolbox
   \\    /   O peration     | Website:  https://openfoam.org
    \\  /    A nd           | Version:  13
     \\/     M anipulation  |
\*---------------------------------------------------------------------------*/
FoamFile
{
    format      ascii;
    class       volScalarField;
    location    "3.02";
    object      T;
}
// * * * * * * * * * * * * * * * * * * * * * * * * * * * * * * * * * * * * * //

dimensions      [0 0 0 1 0 0 0];

internalField   nonuniform List<scalar> 
1000
(
8.15046e-72
1.21548e-71
2.21072e-71
4.28272e-71
8.43156e-71
1.66522e-70
3.28821e-70
6.48637e-70
1.27792e-69
2.51444e-69
4.94094e-69
9.69628e-69
1.90033e-68
3.71944e-68
7.27032e-68
1.41924e-67
2.76683e-67
5.38683e-67
1.04739e-66
2.0338e-66
3.94394e-66
7.63793e-66
1.47721e-65
2.8532e-65
5.50356e-65
1.06017e-64
2.03952e-64
3.91833e-64
7.51784e-64
1.44047e-63
2.75635e-63
5.26722e-63
1.00519e-62
1.91571e-62
3.64611e-62
6.9302e-62
1.31546e-61
2.49359e-61
4.72049e-61
8.92408e-61
1.68482e-60
3.17657e-60
5.98102e-60
1.12462e-59
2.11177e-59
3.96004e-59
7.41591e-59
1.38688e-58
2.59015e-58
4.83082e-58
8.99758e-58
1.67355e-57
3.10858e-57
5.76622e-57
1.06814e-56
1.97594e-56
3.65027e-56
6.73414e-56
1.24064e-55
2.28251e-55
4.19359e-55
7.69418e-55
1.40975e-54
2.57945e-54
4.71319e-54
8.60011e-54
1.56709e-53
2.8516e-53
5.18182e-53
9.40322e-53
1.70401e-52
3.08365e-52
5.57261e-52
1.00566e-51
1.81235e-51
3.26159e-51
5.86159e-51
1.05196e-50
1.88528e-50
3.37405e-50
6.03007e-50
1.07619e-49
1.918e-49
3.41352e-49
6.06668e-49
1.07669e-48
1.90821e-48
3.37717e-48
5.96859e-48
1.05337e-47
1.85645e-47
3.26719e-47
5.7419e-47
1.00769e-46
1.76598e-46
3.09055e-46
5.40099e-46
9.42538e-46
1.64252e-45
2.85832e-45
4.96703e-45
8.61924e-45
1.49357e-44
2.58446e-44
4.46578e-44
7.70565e-44
1.32771e-43
2.28446e-43
3.92505e-43
6.73426e-43
1.15376e-42
1.9739e-42
3.3722e-42
5.75285e-42
9.80016e-42
1.66711e-41
2.83186e-41
4.80353e-41
8.13631e-41
1.37617e-40
2.32431e-40
3.92007e-40
6.60193e-40
1.11026e-39
1.86446e-39
3.12648e-39
5.23522e-39
8.75364e-39
1.46156e-38
2.43679e-38
4.05688e-38
6.74435e-38
1.11959e-37
1.85589e-37
3.07196e-37
5.0775e-37
8.38021e-37
1.38112e-36
2.27288e-36
3.735e-36
6.12879e-36
1.00422e-35
1.64304e-35
2.68433e-35
4.37917e-35
7.13369e-35
1.16039e-34
1.88477e-34
3.05688e-34
4.95067e-34
8.00598e-34
1.2928e-33
2.08453e-33
3.35622e-33
5.39581e-33
8.66213e-33
1.38853e-32
2.22253e-32
3.55224e-32
5.66914e-32
9.03426e-32
1.43757e-31
2.28415e-31
3.62393e-31
5.74109e-31
9.0817e-31
1.43449e-30
2.26249e-30
3.56315e-30
5.60322e-30
8.79828e-30
1.37948e-29
2.15967e-29
3.37609e-29
5.26984e-29
8.21362e-29
1.27828e-28
1.98642e-28
3.08227e-28
4.77555e-28
7.38803e-28
1.14126e-27
1.76033e-27
2.71116e-27
4.16935e-27
6.40222e-27
9.81621e-27
1.50282e-26
2.29731e-26
3.50657e-26
5.34434e-26
8.13305e-26
1.23584e-25
1.87507e-25
2.84067e-25
4.29705e-25
6.49035e-25
9.78839e-25
1.47401e-24
2.21634e-24
3.32748e-24
4.98816e-24
7.46638e-24
1.1159e-23
1.66526e-23
2.48132e-23
3.6917e-23
5.48421e-23
8.13473e-23
1.2048e-22
1.78167e-22
2.63077e-22
3.87862e-22
5.70971e-22
8.39249e-22
1.23171e-21
1.80494e-21
2.64094e-21
3.85828e-21
5.62817e-21
8.19746e-21
1.19214e-20
1.73108e-20
2.50981e-20
3.63332e-20
5.25172e-20
7.57944e-20
1.09222e-19
1.5715e-19
2.25765e-19
3.23844e-19
4.63818e-19
6.63277e-19
9.47057e-19
1.35018e-18
1.92194e-18
2.73163e-18
3.87648e-18
5.4927e-18
7.77081e-18
1.09769e-17
1.54819e-17
2.18022e-17
3.06554e-17
4.30373e-17
6.03274e-17
8.44334e-17
1.1799e-16
1.64628e-16
2.29347e-16
3.19016e-16
4.43058e-16
6.14381e-16
8.50636e-16
1.17592e-15
1.62308e-15
2.23681e-15
3.07785e-15
4.22856e-15
5.80048e-15
7.94443e-15
1.0864e-14
1.48334e-14
2.02217e-14
2.75247e-14
3.74069e-14
5.07583e-14
6.87682e-14
9.30237e-14
1.25639e-13
1.69426e-13
2.28117e-13
3.06663e-13
4.11614e-13
5.51621e-13
7.38102e-13
9.86086e-13
1.31534e-12
1.75179e-12
2.32943e-12
3.09271e-12
4.0997e-12
5.42609e-12
7.17042e-12
9.46072e-12
1.24631e-11
1.63926e-11
2.15275e-11
2.82266e-11
3.69527e-11
4.83008e-11
6.30352e-11
8.2136e-11
1.06857e-10
1.38802e-10
1.80014e-10
2.33099e-10
3.01364e-10
3.89013e-10
5.01369e-10
6.45164e-10
8.289e-10
1.0633e-09
1.36184e-09
1.74148e-09
2.22346e-09
2.83439e-09
3.60753e-09
4.58436e-09
5.81658e-09
7.36843e-09
9.31971e-09
1.17692e-08
1.48393e-08
1.86809e-08
2.34802e-08
2.94663e-08
3.69205e-08
4.61879e-08
5.76911e-08
7.19462e-08
8.95832e-08
1.11369e-07
1.38236e-07
1.71316e-07
2.11979e-07
2.61883e-07
3.2303e-07
3.97829e-07
4.89181e-07
6.00569e-07
7.36167e-07
9.00967e-07
1.10094e-06
1.34318e-06
1.63617e-06
1.98995e-06
2.41645e-06
2.92976e-06
3.54657e-06
4.28652e-06
5.17278e-06
6.23252e-06
7.49765e-06
9.00552e-06
1.07998e-05
1.29313e-05
1.54594e-05
1.8453e-05
2.19919e-05
2.61688e-05
3.10905e-05
3.68804e-05
4.36805e-05
5.16541e-05
6.09884e-05
7.18977e-05
8.46269e-05
9.94555e-05
0.000116701
0.000136725
0.000159937
0.000186801
0.00021784
0.000253644
0.000294877
0.000342284
0.000396702
0.000459063
0.00053041
0.000611905
0.000704838
0.00081064
0.000930896
0.00106736
0.00122195
0.0013968
0.00159423
0.0018168
0.00206729
0.00234874
0.00266446
0.00301805
0.00341338
0.00385466
0.00434642
0.00489354
0.00550124
0.00617512
0.00692116
0.00774573
0.00865558
0.00965789
0.0107602
0.0119706
0.0132974
0.0147493
0.0163357
0.0180661
0.0199504
0.021999
0.0242225
0.0266319
0.0292383
0.0320533
0.0350885
0.0383557
0.0418669
0.0456341
0.0496692
0.0539842
0.0585909
0.0635008
0.0687252
0.0742752
0.0801613
0.0863934
0.0929811
0.0999331
0.107257
0.114961
0.123051
0.131532
0.140408
0.149682
0.159356
0.169431
0.179907
0.190779
0.202047
0.213703
0.225742
0.238156
0.250935
0.264068
0.277543
0.291345
0.30546
0.319869
0.334556
0.349501
0.364682
0.380079
0.395668
0.411426
0.427327
0.443348
0.459461
0.475641
0.49186
0.508092
0.52431
0.540487
0.556596
0.57261
0.588504
0.604252
0.61983
0.635213
0.650378
0.665303
0.679968
0.694351
0.708435
0.722202
0.735636
0.748722
0.761446
0.773798
0.785766
0.797341
0.808515
0.819282
0.829637
0.839576
0.849096
0.858195
0.866874
0.875132
0.882971
0.890394
0.897402
0.904001
0.910193
0.915984
0.921378
0.926381
0.930998
0.935234
0.939095
0.942585
0.94571
0.948475
0.950884
0.952941
0.954649
0.956012
0.957032
0.957711
0.958051
0.958051
0.957711
0.957032
0.956012
0.954649
0.952941
0.950884
0.948475
0.94571
0.942585
0.939095
0.935234
0.930998
0.926381
0.921378
0.915984
0.910193
0.904001
0.897402
0.890394
0.882971
0.875132
0.866874
0.858195
0.849096
0.839576
0.829637
0.819282
0.808515
0.797341
0.785766
0.773798
0.761446
0.748722
0.735636
0.722202
0.708435
0.694351
0.679968
0.665303
0.650378
0.635213
0.61983
0.604252
0.588504
0.57261
0.556596
0.540487
0.52431
0.508092
0.49186
0.475641
0.459461
0.443348
0.427327
0.411426
0.395668
0.380079
0.364682
0.349501
0.334556
0.319869
0.30546
0.291345
0.277543
0.264068
0.250935
0.238156
0.225742
0.213703
0.202047
0.190779
0.179907
0.169431
0.159356
0.149682
0.140408
0.131532
0.123051
0.114961
0.107257
0.0999331
0.0929811
0.0863934
0.0801613
0.0742752
0.0687252
0.0635008
0.0585909
0.0539842
0.0496692
0.0456341
0.0418669
0.0383557
0.0350885
0.0320533
0.0292383
0.0266319
0.0242225
0.021999
0.0199504
0.0180661
0.0163357
0.0147493
0.0132974
0.0119706
0.0107602
0.00965789
0.00865558
0.00774573
0.00692116
0.00617512
0.00550124
0.00489354
0.00434642
0.00385466
0.00341338
0.00301805
0.00266446
0.00234874
0.00206729
0.0018168
0.00159423
0.0013968
0.00122195
0.00106736
0.000930896
0.00081064
0.000704838
0.000611905
0.00053041
0.000459063
0.000396702
0.000342284
0.000294877
0.000253644
0.00021784
0.000186801
0.000159937
0.000136725
0.000116701
9.94555e-05
8.46269e-05
7.18977e-05
6.09884e-05
5.16541e-05
4.36805e-05
3.68804e-05
3.10905e-05
2.61688e-05
2.19919e-05
1.8453e-05
1.54594e-05
1.29313e-05
1.07998e-05
9.00552e-06
7.49765e-06
6.23252e-06
5.17278e-06
4.28652e-06
3.54657e-06
2.92976e-06
2.41645e-06
1.98995e-06
1.63617e-06
1.34318e-06
1.10094e-06
9.00967e-07
7.36167e-07
6.00569e-07
4.89181e-07
3.97829e-07
3.2303e-07
2.61883e-07
2.11979e-07
1.71316e-07
1.38236e-07
1.11369e-07
8.95832e-08
7.19462e-08
5.76911e-08
4.61879e-08
3.69205e-08
2.94663e-08
2.34802e-08
1.86809e-08
1.48393e-08
1.17692e-08
9.31971e-09
7.36843e-09
5.81658e-09
4.58436e-09
3.60753e-09
2.83439e-09
2.22346e-09
1.74148e-09
1.36184e-09
1.0633e-09
8.289e-10
6.45164e-10
5.01369e-10
3.89013e-10
3.01364e-10
2.33099e-10
1.80014e-10
1.38802e-10
1.06857e-10
8.2136e-11
6.30352e-11
4.83008e-11
3.69527e-11
2.82266e-11
2.15275e-11
1.63926e-11
1.24631e-11
9.46072e-12
7.17042e-12
5.42609e-12
4.0997e-12
3.09271e-12
2.32943e-12
1.75179e-12
1.31534e-12
9.86086e-13
7.38102e-13
5.51621e-13
4.11614e-13
3.06663e-13
2.28117e-13
1.69426e-13
1.25639e-13
9.30237e-14
6.87682e-14
5.07583e-14
3.74069e-14
2.75247e-14
2.02217e-14
1.48334e-14
1.0864e-14
7.94443e-15
5.80048e-15
4.22856e-15
3.07785e-15
2.23681e-15
1.62308e-15
1.17592e-15
8.50636e-16
6.14381e-16
4.43058e-16
3.19016e-16
2.29347e-16
1.64628e-16
1.1799e-16
8.44334e-17
6.03274e-17
4.30373e-17
3.06554e-17
2.18022e-17
1.54819e-17
1.09769e-17
7.77081e-18
5.4927e-18
3.87648e-18
2.73163e-18
1.92194e-18
1.35018e-18
9.47057e-19
6.63277e-19
4.63818e-19
3.23844e-19
2.25765e-19
1.5715e-19
1.09222e-19
7.57944e-20
5.25172e-20
3.63332e-20
2.50981e-20
1.73108e-20
1.19214e-20
8.19746e-21
5.62817e-21
3.85828e-21
2.64094e-21
1.80494e-21
1.23171e-21
8.39249e-22
5.70971e-22
3.87862e-22
2.63077e-22
1.78167e-22
1.2048e-22
8.13473e-23
5.48421e-23
3.6917e-23
2.48132e-23
1.66526e-23
1.1159e-23
7.46638e-24
4.98816e-24
3.32748e-24
2.21634e-24
1.47401e-24
9.78839e-25
6.49035e-25
4.29705e-25
2.84067e-25
1.87507e-25
1.23584e-25
8.13305e-26
5.34434e-26
3.50657e-26
2.29731e-26
1.50282e-26
9.81621e-27
6.40222e-27
4.16935e-27
2.71116e-27
1.76033e-27
1.14126e-27
7.38803e-28
4.77555e-28
3.08227e-28
1.98642e-28
1.27828e-28
8.21362e-29
5.26984e-29
3.37609e-29
2.15967e-29
1.37948e-29
8.79828e-30
5.60322e-30
3.56315e-30
2.26249e-30
1.43449e-30
9.0817e-31
5.74109e-31
3.62393e-31
2.28415e-31
1.43757e-31
9.03426e-32
5.66914e-32
3.55224e-32
2.22253e-32
1.38853e-32
8.66213e-33
5.39581e-33
3.35622e-33
2.08453e-33
1.2928e-33
8.00598e-34
4.95067e-34
3.05688e-34
1.88477e-34
1.16039e-34
7.13369e-35
4.37917e-35
2.68433e-35
1.64304e-35
1.00422e-35
6.12879e-36
3.735e-36
2.27288e-36
1.38112e-36
8.38021e-37
5.0775e-37
3.07196e-37
1.85589e-37
1.11959e-37
6.74435e-38
4.05688e-38
2.43679e-38
1.46156e-38
8.75364e-39
5.23522e-39
3.12648e-39
1.86446e-39
1.11026e-39
6.60193e-40
3.92007e-40
2.32431e-40
1.37617e-40
8.13631e-41
4.80353e-41
2.83186e-41
1.66711e-41
9.80016e-42
5.75285e-42
3.3722e-42
1.9739e-42
1.15376e-42
6.73426e-43
3.92505e-43
2.28446e-43
1.32771e-43
7.70565e-44
4.46578e-44
2.58446e-44
1.49357e-44
8.61924e-45
4.96703e-45
2.85832e-45
1.64252e-45
9.42538e-46
5.40099e-46
3.09055e-46
1.76598e-46
1.00769e-46
5.7419e-47
3.26719e-47
1.85645e-47
1.05337e-47
5.96859e-48
3.37717e-48
1.90821e-48
1.07669e-48
6.06668e-49
3.41352e-49
1.918e-49
1.07619e-49
6.03007e-50
3.37405e-50
1.88528e-50
1.05196e-50
5.86159e-51
3.26159e-51
1.81235e-51
1.00566e-51
5.57261e-52
3.08365e-52
1.70401e-52
9.40322e-53
5.18182e-53
2.8516e-53
1.56709e-53
8.60011e-54
4.71319e-54
2.57945e-54
1.40975e-54
7.69418e-55
4.19359e-55
2.28251e-55
1.24064e-55
6.73414e-56
3.65027e-56
1.97594e-56
1.06814e-56
5.76622e-57
3.10858e-57
1.67355e-57
8.99758e-58
4.83082e-58
2.59015e-58
1.38688e-58
7.41591e-59
3.96004e-59
2.11177e-59
1.12462e-59
5.98102e-60
3.17657e-60
1.68482e-60
8.92408e-61
4.72049e-61
2.49359e-61
1.31546e-61
6.9302e-62
3.64611e-62
1.91571e-62
1.00519e-62
5.26722e-63
2.75635e-63
1.44047e-63
7.51784e-64
3.91833e-64
2.03952e-64
1.06017e-64
5.50356e-65
2.8532e-65
1.47721e-65
7.63793e-66
3.94394e-66
2.0338e-66
1.04739e-66
5.38683e-67
2.76683e-67
1.41924e-67
7.27032e-68
3.71944e-68
1.90033e-68
9.69628e-69
4.94094e-69
2.51444e-69
1.27792e-69
6.48637e-70
3.28821e-70
1.66522e-70
8.43156e-71
4.28272e-71
2.21072e-71
1.21548e-71
8.15046e-72
)
;

boundaryField
{
    sides
    {
        type            zeroGradient;
    }
    empty
    {
        type            empty;
    }
}


// ************************************************************************* //
