/*--------------------------------*- C++ -*----------------------------------*\
  =========                 |
  \\      /  F ield         | OpenFOAM: The Open Source CFD Toolbox
   \\    /   O peration     | Website:  https://openfoam.org
    \\  /    A nd           | Version:  13
     \\/     M anipulation  |
\*---------------------------------------------------------------------------*/
FoamFile
{
    format      ascii;
    class       volScalarField;
    location    "3.22";
    object      T;
}
// * * * * * * * * * * * * * * * * * * * * * * * * * * * * * * * * * * * * * //

dimensions      [0 0 0 1 0 0 0];

internalField   nonuniform List<scalar> 
1000
(
8.90065e-68
1.27983e-67
2.22787e-67
4.1431e-67
7.84895e-67
1.49327e-66
2.84166e-66
5.40301e-66
1.02612e-65
1.94639e-65
3.68734e-65
6.97668e-65
1.31836e-64
2.48813e-64
4.68986e-64
8.82868e-64
1.65989e-63
3.11684e-63
5.84515e-63
1.09478e-62
2.04787e-62
3.82583e-62
7.13831e-62
1.33018e-61
2.47556e-61
4.6013e-61
8.54147e-61
1.58354e-60
2.93204e-60
5.42192e-60
1.00134e-59
1.84693e-59
3.40223e-59
6.25918e-59
1.15004e-58
2.11033e-58
3.86749e-58
7.0786e-58
1.29391e-57
2.36213e-57
4.30666e-57
7.84181e-57
1.42604e-56
2.5899e-56
4.69756e-56
8.5094e-56
1.53944e-55
2.78139e-55
5.01878e-55
9.04419e-55
1.62771e-54
2.92561e-54
5.25161e-54
9.41459e-54
1.68556e-53
3.01384e-53
5.38182e-53
9.59775e-53
1.70939e-52
3.04051e-52
5.4011e-52
9.58182e-52
1.69764e-51
3.0038e-51
5.30794e-51
9.36723e-51
1.65091e-50
2.9058e-50
5.10782e-50
8.96671e-50
1.57202e-49
2.75238e-49
4.81267e-49
8.40405e-49
1.46561e-48
2.55253e-48
4.43966e-48
7.71174e-48
1.33776e-47
2.31755e-47
4.00962e-47
6.92786e-47
1.19541e-46
2.05996e-46
3.54503e-46
6.09261e-46
1.0457e-45
1.79239e-45
3.06815e-45
5.24494e-45
8.95414e-45
1.5266e-44
2.59924e-44
4.41962e-44
7.50483e-44
1.27267e-43
2.15529e-43
3.64512e-43
6.15651e-43
1.03842e-42
1.74915e-42
2.94236e-42
4.94288e-42
8.29235e-42
1.38928e-41
2.32442e-41
3.88376e-41
6.48041e-41
1.07986e-40
1.79697e-40
2.98625e-40
4.95592e-40
8.21358e-40
1.35941e-39
2.24688e-39
3.70867e-39
6.11315e-39
1.00629e-38
1.65419e-38
2.71556e-38
4.45184e-38
7.28832e-38
1.19158e-37
1.94547e-37
3.17199e-37
5.16471e-37
8.39779e-37
1.36361e-36
2.21115e-36
3.58057e-36
5.79014e-36
9.35041e-36
1.50791e-35
2.42841e-35
3.90546e-35
6.27227e-35
1.00596e-34
1.61114e-34
2.57686e-34
4.11574e-34
6.56456e-34
1.04559e-33
1.66311e-33
2.64166e-33
4.19018e-33
6.63724e-33
1.04988e-32
1.6584e-32
2.616e-32
4.12081e-32
6.48223e-32
1.01827e-31
1.59734e-31
2.50223e-31
3.91429e-31
6.11468e-31
9.5387e-31
1.48593e-30
2.31155e-30
3.59088e-30
5.57046e-30
8.62929e-30
1.33491e-29
2.06215e-29
3.18113e-29
4.90042e-29
7.53836e-29
1.15801e-28
1.77638e-28
2.72115e-28
4.16253e-28
6.35847e-28
9.69922e-28
1.47744e-27
2.24736e-27
3.41368e-27
5.17798e-27
7.84307e-27
1.18631e-26
1.79184e-26
2.70263e-26
4.07061e-26
6.12235e-26
9.19524e-26
1.37909e-25
2.06542e-25
3.08893e-25
4.6131e-25
6.87957e-25
1.0245e-24
1.52352e-24
2.2624e-24
3.35483e-24
4.96769e-24
7.3455e-24
1.0846e-23
1.59919e-23
2.35457e-23
3.46182e-23
5.08251e-23
7.4513e-23
1.09085e-22
1.5947e-22
2.32795e-22
3.39348e-22
4.93966e-22
7.18005e-22
1.04216e-21
1.51051e-21
2.18619e-21
3.15958e-21
4.55983e-21
6.5712e-21
9.45623e-21
1.35884e-20
1.94981e-20
2.79379e-20
3.99734e-20
5.71115e-20
8.14799e-20
1.16079e-19
1.65131e-19
2.34574e-19
3.3274e-19
4.71306e-19
6.66615e-19
9.41499e-19
1.32782e-18
1.86994e-18
2.62961e-18
3.69256e-18
5.17767e-18
7.24958e-18
1.01359e-17
1.41509e-17
1.97277e-17
2.74625e-17
3.81746e-17
5.2988e-17
7.34432e-17
1.01647e-16
1.40478e-16
1.93861e-16
2.67142e-16
3.67589e-16
5.0507e-16
6.92961e-16
9.49367e-16
1.29876e-15
1.77415e-15
2.42002e-15
3.29621e-15
4.48309e-15
6.08847e-15
8.25667e-15
1.11807e-14
1.51181e-14
2.04124e-14
2.75205e-14
3.70497e-14
4.98055e-14
6.68554e-14
8.96108e-14
1.19936e-13
1.60289e-13
2.13905e-13
2.85039e-13
3.79273e-13
5.03923e-13
6.68559e-13
8.85685e-13
1.17161e-12
1.54757e-12
2.04117e-12
2.68827e-12
3.53532e-12
4.64247e-12
6.08739e-12
7.97033e-12
1.04204e-11
1.36036e-11
1.77332e-11
2.30824e-11
3.00011e-11
3.89364e-11
5.04587e-11
6.52948e-11
8.43689e-11
1.08855e-10
1.40241e-10
1.80411e-10
2.31746e-10
2.97251e-10
3.8071e-10
4.86886e-10
6.21757e-10
7.92821e-10
1.00946e-09
1.28341e-09
1.62931e-09
2.06538e-09
2.61432e-09
3.30428e-09
4.1702e-09
5.25528e-09
6.61296e-09
8.30915e-09
1.0425e-08
1.30605e-08
1.63381e-08
2.04081e-08
2.54545e-08
3.17021e-08
3.9425e-08
4.8957e-08
6.07043e-08
7.51595e-08
9.292e-08
1.14708e-07
1.41397e-07
1.7404e-07
2.13903e-07
2.62509e-07
3.21687e-07
3.93627e-07
4.80945e-07
5.86771e-07
7.14829e-07
8.69555e-07
1.05622e-06
1.28107e-06
1.5515e-06
1.87626e-06
2.26567e-06
2.73189e-06
3.28921e-06
3.95441e-06
4.74718e-06
5.69052e-06
6.81131e-06
8.14092e-06
9.71582e-06
1.15784e-05
1.37779e-05
1.63712e-05
1.94242e-05
2.30128e-05
2.72246e-05
3.21602e-05
3.79352e-05
4.46818e-05
5.25516e-05
6.17173e-05
7.23761e-05
8.47522e-05
9.91002e-05
0.000115709
0.000134904
0.000157056
0.000182579
0.000211943
0.000245673
0.000284358
0.000328658
0.000379311
0.000437139
0.000503055
0.000578075
0.000663326
0.000760054
0.000869635
0.000993585
0.00113357
0.00129143
0.00146916
0.00166896
0.00189323
0.00214457
0.00242581
0.00274003
0.00309055
0.00348096
0.00391514
0.00439723
0.00493171
0.00552335
0.00617726
0.00689886
0.00769394
0.00856863
0.00952941
0.0105831
0.011737
0.0129985
0.0143756
0.0158767
0.0175102
0.0192852
0.0212108
0.0232968
0.0255528
0.0279891
0.0306159
0.0334437
0.0364832
0.0397453
0.0432407
0.0469803
0.0509751
0.0552359
0.0597732
0.0645976
0.0697192
0.075148
0.0808935
0.0869646
0.09337
0.100118
0.107214
0.114667
0.122482
0.130662
0.139214
0.148138
0.157438
0.167113
0.177164
0.187588
0.198384
0.209546
0.221069
0.232946
0.24517
0.257731
0.270618
0.28382
0.297322
0.31111
0.325168
0.33948
0.354027
0.36879
0.383749
0.398883
0.41417
0.429588
0.445114
0.460724
0.476394
0.4921
0.507817
0.523521
0.539187
0.55479
0.570307
0.585714
0.600988
0.616105
0.631044
0.645783
0.660302
0.674581
0.688601
0.702346
0.715798
0.728942
0.741763
0.75425
0.766389
0.77817
0.789584
0.800622
0.811278
0.821544
0.831417
0.840893
0.849968
0.858641
0.866911
0.874778
0.882242
0.889305
0.895967
0.902233
0.908104
0.913583
0.918675
0.923382
0.927708
0.931658
0.935235
0.938442
0.941283
0.943761
0.945879
0.94764
0.949046
0.950099
0.9508
0.95115
0.95115
0.9508
0.950099
0.949046
0.94764
0.945879
0.943761
0.941283
0.938442
0.935235
0.931658
0.927708
0.923382
0.918675
0.913583
0.908104
0.902233
0.895967
0.889305
0.882242
0.874778
0.866911
0.858641
0.849968
0.840893
0.831417
0.821544
0.811278
0.800622
0.789584
0.77817
0.766389
0.75425
0.741763
0.728942
0.715798
0.702346
0.688601
0.674581
0.660302
0.645783
0.631044
0.616105
0.600988
0.585714
0.570307
0.55479
0.539187
0.523521
0.507817
0.4921
0.476394
0.460724
0.445114
0.429588
0.41417
0.398883
0.383749
0.36879
0.354027
0.33948
0.325168
0.31111
0.297322
0.28382
0.270618
0.257731
0.24517
0.232946
0.221069
0.209546
0.198384
0.187588
0.177164
0.167113
0.157438
0.148138
0.139214
0.130662
0.122482
0.114667
0.107214
0.100118
0.09337
0.0869646
0.0808935
0.075148
0.0697192
0.0645976
0.0597732
0.0552359
0.0509751
0.0469803
0.0432407
0.0397453
0.0364832
0.0334437
0.0306159
0.0279891
0.0255528
0.0232968
0.0212108
0.0192852
0.0175102
0.0158767
0.0143756
0.0129985
0.011737
0.0105831
0.00952941
0.00856863
0.00769394
0.00689886
0.00617726
0.00552335
0.00493171
0.00439723
0.00391514
0.00348096
0.00309055
0.00274003
0.00242581
0.00214457
0.00189323
0.00166896
0.00146916
0.00129143
0.00113357
0.000993585
0.000869635
0.000760054
0.000663326
0.000578075
0.000503055
0.000437139
0.000379311
0.000328658
0.000284358
0.000245673
0.000211943
0.000182579
0.000157056
0.000134904
0.000115709
9.91002e-05
8.47522e-05
7.23761e-05
6.17173e-05
5.25516e-05
4.46818e-05
3.79352e-05
3.21602e-05
2.72246e-05
2.30128e-05
1.94242e-05
1.63712e-05
1.37779e-05
1.15784e-05
9.71582e-06
8.14092e-06
6.81131e-06
5.69052e-06
4.74718e-06
3.95441e-06
3.28921e-06
2.73189e-06
2.26567e-06
1.87626e-06
1.5515e-06
1.28107e-06
1.05622e-06
8.69555e-07
7.14829e-07
5.86771e-07
4.80945e-07
3.93627e-07
3.21687e-07
2.62509e-07
2.13903e-07
1.7404e-07
1.41397e-07
1.14708e-07
9.292e-08
7.51595e-08
6.07043e-08
4.8957e-08
3.9425e-08
3.17021e-08
2.54545e-08
2.04081e-08
1.63381e-08
1.30605e-08
1.0425e-08
8.30915e-09
6.61296e-09
5.25528e-09
4.1702e-09
3.30428e-09
2.61432e-09
2.06538e-09
1.62931e-09
1.28341e-09
1.00946e-09
7.92821e-10
6.21757e-10
4.86886e-10
3.8071e-10
2.97251e-10
2.31746e-10
1.80411e-10
1.40241e-10
1.08855e-10
8.43689e-11
6.52948e-11
5.04587e-11
3.89364e-11
3.00011e-11
2.30824e-11
1.77332e-11
1.36036e-11
1.04204e-11
7.97033e-12
6.08739e-12
4.64247e-12
3.53532e-12
2.68827e-12
2.04117e-12
1.54757e-12
1.17161e-12
8.85685e-13
6.68559e-13
5.03923e-13
3.79273e-13
2.85039e-13
2.13905e-13
1.60289e-13
1.19936e-13
8.96108e-14
6.68554e-14
4.98055e-14
3.70497e-14
2.75205e-14
2.04124e-14
1.51181e-14
1.11807e-14
8.25667e-15
6.08847e-15
4.48309e-15
3.29621e-15
2.42002e-15
1.77415e-15
1.29876e-15
9.49367e-16
6.92961e-16
5.0507e-16
3.67589e-16
2.67142e-16
1.93861e-16
1.40478e-16
1.01647e-16
7.34432e-17
5.2988e-17
3.81746e-17
2.74625e-17
1.97277e-17
1.41509e-17
1.01359e-17
7.24958e-18
5.17767e-18
3.69256e-18
2.62961e-18
1.86994e-18
1.32782e-18
9.41499e-19
6.66615e-19
4.71306e-19
3.3274e-19
2.34574e-19
1.65131e-19
1.16079e-19
8.14799e-20
5.71115e-20
3.99734e-20
2.79379e-20
1.94981e-20
1.35884e-20
9.45623e-21
6.5712e-21
4.55983e-21
3.15958e-21
2.18619e-21
1.51051e-21
1.04216e-21
7.18005e-22
4.93966e-22
3.39348e-22
2.32795e-22
1.5947e-22
1.09085e-22
7.4513e-23
5.08251e-23
3.46182e-23
2.35457e-23
1.59919e-23
1.0846e-23
7.3455e-24
4.96769e-24
3.35483e-24
2.2624e-24
1.52352e-24
1.0245e-24
6.87957e-25
4.6131e-25
3.08893e-25
2.06542e-25
1.37909e-25
9.19524e-26
6.12235e-26
4.07061e-26
2.70263e-26
1.79184e-26
1.18631e-26
7.84307e-27
5.17798e-27
3.41368e-27
2.24736e-27
1.47744e-27
9.69922e-28
6.35847e-28
4.16253e-28
2.72115e-28
1.77638e-28
1.15801e-28
7.53836e-29
4.90042e-29
3.18113e-29
2.06215e-29
1.33491e-29
8.62929e-30
5.57046e-30
3.59088e-30
2.31155e-30
1.48593e-30
9.5387e-31
6.11468e-31
3.91429e-31
2.50223e-31
1.59734e-31
1.01827e-31
6.48223e-32
4.12081e-32
2.616e-32
1.6584e-32
1.04988e-32
6.63724e-33
4.19018e-33
2.64166e-33
1.66311e-33
1.04559e-33
6.56456e-34
4.11574e-34
2.57686e-34
1.61114e-34
1.00596e-34
6.27227e-35
3.90546e-35
2.42841e-35
1.50791e-35
9.35041e-36
5.79014e-36
3.58057e-36
2.21115e-36
1.36361e-36
8.39779e-37
5.16471e-37
3.17199e-37
1.94547e-37
1.19158e-37
7.28832e-38
4.45184e-38
2.71556e-38
1.65419e-38
1.00629e-38
6.11315e-39
3.70867e-39
2.24688e-39
1.35941e-39
8.21358e-40
4.95592e-40
2.98625e-40
1.79697e-40
1.07986e-40
6.48041e-41
3.88376e-41
2.32442e-41
1.38928e-41
8.29235e-42
4.94288e-42
2.94236e-42
1.74915e-42
1.03842e-42
6.15651e-43
3.64512e-43
2.15529e-43
1.27267e-43
7.50483e-44
4.41962e-44
2.59924e-44
1.5266e-44
8.95414e-45
5.24494e-45
3.06815e-45
1.79239e-45
1.0457e-45
6.09261e-46
3.54503e-46
2.05996e-46
1.19541e-46
6.92786e-47
4.00962e-47
2.31755e-47
1.33776e-47
7.71174e-48
4.43966e-48
2.55253e-48
1.46561e-48
8.40405e-49
4.81267e-49
2.75238e-49
1.57202e-49
8.96671e-50
5.10782e-50
2.9058e-50
1.65091e-50
9.36723e-51
5.30794e-51
3.0038e-51
1.69764e-51
9.58182e-52
5.4011e-52
3.04051e-52
1.70939e-52
9.59775e-53
5.38182e-53
3.01384e-53
1.68556e-53
9.41459e-54
5.25161e-54
2.92561e-54
1.62771e-54
9.04419e-55
5.01878e-55
2.78139e-55
1.53944e-55
8.5094e-56
4.69756e-56
2.5899e-56
1.42604e-56
7.84181e-57
4.30666e-57
2.36213e-57
1.29391e-57
7.0786e-58
3.86749e-58
2.11033e-58
1.15004e-58
6.25918e-59
3.40223e-59
1.84693e-59
1.00134e-59
5.42192e-60
2.93204e-60
1.58354e-60
8.54147e-61
4.6013e-61
2.47556e-61
1.33018e-61
7.13831e-62
3.82583e-62
2.04787e-62
1.09478e-62
5.84515e-63
3.11684e-63
1.65989e-63
8.82868e-64
4.68986e-64
2.48813e-64
1.31836e-64
6.97668e-65
3.68734e-65
1.94639e-65
1.02612e-65
5.40301e-66
2.84166e-66
1.49327e-66
7.84895e-67
4.1431e-67
2.22787e-67
1.27983e-67
8.90065e-68
)
;

boundaryField
{
    sides
    {
        type            zeroGradient;
    }
    empty
    {
        type            empty;
    }
}


// ************************************************************************* //
