/*--------------------------------*- C++ -*----------------------------------*\
  =========                 |
  \\      /  F ield         | OpenFOAM: The Open Source CFD Toolbox
   \\    /   O peration     | Website:  https://openfoam.org
    \\  /    A nd           | Version:  13
     \\/     M anipulation  |
\*---------------------------------------------------------------------------*/
FoamFile
{
    format      ascii;
    class       volScalarField;
    location    "3.795";
    object      T;
}
// * * * * * * * * * * * * * * * * * * * * * * * * * * * * * * * * * * * * * //

dimensions      [0 0 0 1 0 0 0];

internalField   nonuniform List<scalar> 
1000
(
2.4085e-58
3.1899e-58
5.00241e-58
8.42407e-58
1.45427e-57
2.52966e-57
4.40788e-57
7.67914e-57
1.33671e-56
2.32444e-56
4.03759e-56
7.00554e-56
1.21415e-55
2.10192e-55
3.6347e-55
6.27815e-55
1.08319e-54
1.86675e-54
3.21349e-54
5.52556e-54
9.49039e-54
1.62817e-53
2.79012e-53
4.7759e-53
8.1657e-53
1.39457e-52
2.37898e-52
4.05369e-52
6.89946e-52
1.17297e-51
1.99188e-51
3.37865e-51
5.72441e-51
9.68772e-51
1.63764e-50
2.76514e-50
4.6636e-50
7.8565e-50
1.32203e-49
2.22205e-49
3.73053e-49
6.2559e-49
1.04788e-48
1.75321e-48
2.92995e-48
4.89087e-48
8.15481e-48
1.35813e-47
2.25929e-47
3.75405e-47
6.2306e-47
1.0329e-46
1.71036e-46
2.82888e-46
4.67349e-46
7.71199e-46
1.27113e-45
2.09272e-45
3.44137e-45
5.6526e-45
9.27391e-45
1.51976e-44
2.48761e-44
4.06712e-44
6.64182e-44
1.08339e-43
1.76513e-43
2.87252e-43
4.66924e-43
7.58096e-43
1.22941e-42
1.99142e-42
3.22198e-42
5.20688e-42
8.40475e-42
1.35508e-41
2.18223e-41
3.51016e-41
5.63957e-41
9.05017e-41
1.45064e-40
2.3225e-40
3.71399e-40
5.93224e-40
9.46426e-40
1.50815e-39
2.40046e-39
3.81622e-39
6.05986e-39
9.61127e-39
1.52261e-38
2.40927e-38
3.80777e-38
6.01098e-38
9.4778e-38
1.49265e-37
2.34799e-37
3.68911e-37
5.78941e-37
9.07474e-37
1.42076e-36
2.22174e-36
3.47018e-36
5.41374e-36
8.43584e-36
1.31294e-35
2.04101e-35
3.16907e-35
4.91477e-35
7.61305e-35
1.17787e-34
1.82021e-34
2.8095e-34
4.33132e-34
6.66951e-34
1.02577e-33
1.57576e-33
2.41776e-33
3.70525e-33
5.67157e-33
8.67104e-33
1.3241e-32
2.01953e-32
3.07654e-32
4.68118e-32
7.11424e-32
1.07989e-31
1.63725e-31
2.47929e-31
3.74991e-31
5.6649e-31
8.54758e-31
1.28817e-30
1.93902e-30
2.9152e-30
4.37757e-30
6.56562e-30
9.8355e-30
1.47162e-29
2.19922e-29
3.28263e-29
4.89385e-29
7.28712e-29
1.08377e-28
1.60989e-28
2.38852e-28
3.53947e-28
5.23869e-28
7.7443e-28
1.14345e-27
1.68627e-27
2.48376e-27
3.65399e-27
5.36908e-27
7.87962e-27
1.15501e-26
1.69098e-26
2.47266e-26
3.61129e-26
5.26786e-26
7.675e-26
1.11685e-25
1.62324e-25
2.35637e-25
3.41645e-25
4.94742e-25
7.15572e-25
1.03371e-24
1.49147e-24
2.14933e-24
3.09357e-24
4.44721e-24
6.38536e-24
9.15699e-24
1.31156e-23
1.87627e-23
2.68084e-23
3.82574e-23
5.45292e-23
7.76266e-23
1.10372e-22
1.5674e-22
2.22313e-22
3.14934e-22
4.45595e-22
6.29694e-22
8.88763e-22
1.25288e-21
1.764e-21
2.48059e-21
3.484e-21
4.88729e-21
6.84736e-21
9.58174e-21
1.33916e-20
1.86932e-20
2.60616e-20
3.62898e-20
5.04699e-20
7.01043e-20
9.72573e-20
1.34761e-19
1.86496e-19
2.57774e-19
3.55855e-19
4.9065e-19
6.75667e-19
9.29303e-19
1.27657e-18
1.75144e-18
2.39999e-18
3.28463e-18
4.48979e-18
6.12953e-18
8.35779e-18
1.1382e-17
1.54812e-17
2.10307e-17
2.85342e-17
3.86669e-17
5.23327e-17
7.07405e-17
9.55046e-17
1.28778e-16
1.73428e-16
2.3327e-16
3.1337e-16
4.20452e-16
5.63424e-16
7.54076e-16
1.00799e-15
1.34572e-15
1.79437e-15
2.38963e-15
3.17839e-15
4.22225e-15
5.60196e-15
7.42326e-15
9.82445e-15
1.29861e-14
1.7144e-14
2.26048e-14
2.97679e-14
3.9152e-14
5.14302e-14
6.74746e-14
8.84138e-14
1.15707e-13
1.51235e-13
1.97427e-13
2.57405e-13
3.35185e-13
4.35923e-13
5.66229e-13
7.34568e-13
9.51762e-13
1.23163e-12
1.59181e-12
2.05475e-12
2.649e-12
3.41084e-12
4.3863e-12
5.63367e-12
7.22671e-12
9.25861e-12
1.1847e-11
1.514e-11
1.93241e-11
2.46336e-11
3.13627e-11
3.988e-11
5.06469e-11
6.424e-11
8.13794e-11
1.02962e-10
1.30106e-10
1.642e-10
2.06969e-10
2.6055e-10
3.27591e-10
4.11367e-10
5.15919e-10
6.46234e-10
8.08449e-10
1.01012e-09
1.2605e-09
1.57099e-09
1.9555e-09
2.43106e-09
3.0185e-09
3.74318e-09
4.63602e-09
5.73463e-09
7.08468e-09
8.74159e-09
1.07725e-08
1.32586e-08
1.6298e-08
2.0009e-08
2.45342e-08
3.00451e-08
3.67477e-08
4.48894e-08
5.47661e-08
6.67322e-08
8.1211e-08
9.87074e-08
1.19823e-07
1.45274e-07
1.75909e-07
2.12739e-07
2.56957e-07
3.09978e-07
3.73471e-07
4.49406e-07
5.40104e-07
6.48294e-07
7.77184e-07
9.30533e-07
1.11275e-06
1.32898e-06
1.58525e-06
1.88857e-06
2.24711e-06
2.67039e-06
3.16945e-06
3.75707e-06
4.44808e-06
5.25961e-06
6.21145e-06
7.32641e-06
8.63073e-06
1.01546e-05
1.19327e-05
1.40046e-05
1.64158e-05
1.92183e-05
2.24713e-05
2.62422e-05
3.06078e-05
3.56554e-05
4.14838e-05
4.82052e-05
5.59461e-05
6.48497e-05
7.50772e-05
8.681e-05
0.000100252
0.000115633
0.000133209
0.000153266
0.000176127
0.000202147
0.000231726
0.000265306
0.000303378
0.000346487
0.000395236
0.000450291
0.000512385
0.000582327
0.000661007
0.000749399
0.000848573
0.000959699
0.00108405
0.00122303
0.00137814
0.00155104
0.00174351
0.00195749
0.00219506
0.00245849
0.0027502
0.00307282
0.00342913
0.00382216
0.00425511
0.00473141
0.00525472
0.00582893
0.00645815
0.00714675
0.00789935
0.00872082
0.00961628
0.0105911
0.011651
0.0128017
0.0140496
0.015401
0.0168625
0.018441
0.0201438
0.0219781
0.0239515
0.0260718
0.0283469
0.0307849
0.0333941
0.0361828
0.0391594
0.0423324
0.0457103
0.0493017
0.0531149
0.0571584
0.0614404
0.0659691
0.0707524
0.0757978
0.0811129
0.0867045
0.0925794
0.0987439
0.105204
0.111964
0.119029
0.126404
0.134091
0.142093
0.150413
0.159051
0.168008
0.177283
0.186876
0.196783
0.207001
0.217528
0.228356
0.239482
0.250897
0.262593
0.274562
0.286794
0.299279
0.312004
0.324957
0.338125
0.351493
0.365047
0.378772
0.39265
0.406665
0.4208
0.435036
0.449355
0.463739
0.478169
0.492625
0.507088
0.521539
0.535958
0.550326
0.564624
0.578832
0.592933
0.606907
0.620737
0.634405
0.647894
0.661188
0.674271
0.687129
0.699745
0.712108
0.724203
0.736019
0.747544
0.758767
0.76968
0.780272
0.790536
0.800463
0.810048
0.819285
0.828168
0.836692
0.844854
0.852651
0.860079
0.867137
0.873823
0.880136
0.886075
0.891639
0.896829
0.901644
0.906085
0.910152
0.913847
0.917168
0.920118
0.922698
0.924907
0.926747
0.928218
0.929321
0.930056
0.930423
0.930423
0.930056
0.929321
0.928218
0.926747
0.924907
0.922698
0.920118
0.917168
0.913847
0.910152
0.906085
0.901644
0.896829
0.891639
0.886075
0.880136
0.873823
0.867137
0.860079
0.852651
0.844854
0.836692
0.828168
0.819285
0.810048
0.800463
0.790536
0.780272
0.76968
0.758767
0.747544
0.736019
0.724203
0.712108
0.699745
0.687129
0.674271
0.661188
0.647894
0.634405
0.620737
0.606907
0.592933
0.578832
0.564624
0.550326
0.535958
0.521539
0.507088
0.492625
0.478169
0.463739
0.449355
0.435036
0.4208
0.406665
0.39265
0.378772
0.365047
0.351493
0.338125
0.324957
0.312004
0.299279
0.286794
0.274562
0.262593
0.250897
0.239482
0.228356
0.217528
0.207001
0.196783
0.186876
0.177283
0.168008
0.159051
0.150413
0.142093
0.134091
0.126404
0.119029
0.111964
0.105204
0.0987439
0.0925794
0.0867045
0.0811129
0.0757978
0.0707524
0.0659691
0.0614404
0.0571584
0.0531149
0.0493017
0.0457103
0.0423324
0.0391594
0.0361828
0.0333941
0.0307849
0.0283469
0.0260718
0.0239515
0.0219781
0.0201438
0.018441
0.0168625
0.015401
0.0140496
0.0128017
0.011651
0.0105911
0.00961628
0.00872082
0.00789935
0.00714675
0.00645815
0.00582893
0.00525472
0.00473141
0.00425511
0.00382216
0.00342913
0.00307282
0.0027502
0.00245849
0.00219506
0.00195749
0.00174351
0.00155104
0.00137814
0.00122303
0.00108405
0.000959699
0.000848573
0.000749399
0.000661007
0.000582327
0.000512385
0.000450291
0.000395236
0.000346487
0.000303378
0.000265306
0.000231726
0.000202147
0.000176127
0.000153266
0.000133209
0.000115633
0.000100252
8.681e-05
7.50772e-05
6.48497e-05
5.59461e-05
4.82052e-05
4.14838e-05
3.56554e-05
3.06078e-05
2.62422e-05
2.24713e-05
1.92183e-05
1.64158e-05
1.40046e-05
1.19327e-05
1.01546e-05
8.63073e-06
7.32641e-06
6.21145e-06
5.25961e-06
4.44808e-06
3.75707e-06
3.16945e-06
2.67039e-06
2.24711e-06
1.88857e-06
1.58525e-06
1.32898e-06
1.11275e-06
9.30533e-07
7.77184e-07
6.48294e-07
5.40104e-07
4.49406e-07
3.73471e-07
3.09978e-07
2.56957e-07
2.12739e-07
1.75909e-07
1.45274e-07
1.19823e-07
9.87074e-08
8.1211e-08
6.67322e-08
5.47661e-08
4.48894e-08
3.67477e-08
3.00451e-08
2.45342e-08
2.0009e-08
1.6298e-08
1.32586e-08
1.07725e-08
8.74159e-09
7.08468e-09
5.73463e-09
4.63602e-09
3.74318e-09
3.0185e-09
2.43106e-09
1.9555e-09
1.57099e-09
1.2605e-09
1.01012e-09
8.08449e-10
6.46234e-10
5.15919e-10
4.11367e-10
3.27591e-10
2.6055e-10
2.06969e-10
1.642e-10
1.30106e-10
1.02962e-10
8.13794e-11
6.424e-11
5.06469e-11
3.988e-11
3.13627e-11
2.46336e-11
1.93241e-11
1.514e-11
1.1847e-11
9.25861e-12
7.22671e-12
5.63367e-12
4.3863e-12
3.41084e-12
2.649e-12
2.05475e-12
1.59181e-12
1.23163e-12
9.51762e-13
7.34568e-13
5.66229e-13
4.35923e-13
3.35185e-13
2.57405e-13
1.97427e-13
1.51235e-13
1.15707e-13
8.84138e-14
6.74746e-14
5.14302e-14
3.9152e-14
2.97679e-14
2.26048e-14
1.7144e-14
1.29861e-14
9.82445e-15
7.42326e-15
5.60196e-15
4.22225e-15
3.17839e-15
2.38963e-15
1.79437e-15
1.34572e-15
1.00799e-15
7.54076e-16
5.63424e-16
4.20452e-16
3.1337e-16
2.3327e-16
1.73428e-16
1.28778e-16
9.55046e-17
7.07405e-17
5.23327e-17
3.86669e-17
2.85342e-17
2.10307e-17
1.54812e-17
1.1382e-17
8.35779e-18
6.12953e-18
4.48979e-18
3.28463e-18
2.39999e-18
1.75144e-18
1.27657e-18
9.29303e-19
6.75667e-19
4.9065e-19
3.55855e-19
2.57774e-19
1.86496e-19
1.34761e-19
9.72573e-20
7.01043e-20
5.04699e-20
3.62898e-20
2.60616e-20
1.86932e-20
1.33916e-20
9.58174e-21
6.84736e-21
4.88729e-21
3.484e-21
2.48059e-21
1.764e-21
1.25288e-21
8.88763e-22
6.29694e-22
4.45595e-22
3.14934e-22
2.22313e-22
1.5674e-22
1.10372e-22
7.76266e-23
5.45292e-23
3.82574e-23
2.68084e-23
1.87627e-23
1.31156e-23
9.15699e-24
6.38536e-24
4.44721e-24
3.09357e-24
2.14933e-24
1.49147e-24
1.03371e-24
7.15572e-25
4.94742e-25
3.41645e-25
2.35637e-25
1.62324e-25
1.11685e-25
7.675e-26
5.26786e-26
3.61129e-26
2.47266e-26
1.69098e-26
1.15501e-26
7.87962e-27
5.36908e-27
3.65399e-27
2.48376e-27
1.68627e-27
1.14345e-27
7.7443e-28
5.23869e-28
3.53947e-28
2.38852e-28
1.60989e-28
1.08377e-28
7.28712e-29
4.89385e-29
3.28263e-29
2.19922e-29
1.47162e-29
9.8355e-30
6.56562e-30
4.37757e-30
2.9152e-30
1.93902e-30
1.28817e-30
8.54758e-31
5.6649e-31
3.74991e-31
2.47929e-31
1.63725e-31
1.07989e-31
7.11424e-32
4.68118e-32
3.07654e-32
2.01953e-32
1.3241e-32
8.67104e-33
5.67157e-33
3.70525e-33
2.41776e-33
1.57576e-33
1.02577e-33
6.66951e-34
4.33132e-34
2.8095e-34
1.82021e-34
1.17787e-34
7.61305e-35
4.91477e-35
3.16907e-35
2.04101e-35
1.31294e-35
8.43584e-36
5.41374e-36
3.47018e-36
2.22174e-36
1.42076e-36
9.07474e-37
5.78941e-37
3.68911e-37
2.34799e-37
1.49265e-37
9.4778e-38
6.01098e-38
3.80777e-38
2.40927e-38
1.52261e-38
9.61127e-39
6.05986e-39
3.81622e-39
2.40046e-39
1.50815e-39
9.46426e-40
5.93224e-40
3.71399e-40
2.3225e-40
1.45064e-40
9.05017e-41
5.63957e-41
3.51016e-41
2.18223e-41
1.35508e-41
8.40475e-42
5.20688e-42
3.22198e-42
1.99142e-42
1.22941e-42
7.58096e-43
4.66924e-43
2.87252e-43
1.76513e-43
1.08339e-43
6.64182e-44
4.06712e-44
2.48761e-44
1.51976e-44
9.27391e-45
5.6526e-45
3.44137e-45
2.09272e-45
1.27113e-45
7.71199e-46
4.67349e-46
2.82888e-46
1.71036e-46
1.0329e-46
6.2306e-47
3.75405e-47
2.25929e-47
1.35813e-47
8.15481e-48
4.89087e-48
2.92995e-48
1.75321e-48
1.04788e-48
6.2559e-49
3.73053e-49
2.22205e-49
1.32203e-49
7.8565e-50
4.6636e-50
2.76514e-50
1.63764e-50
9.68772e-51
5.72441e-51
3.37865e-51
1.99188e-51
1.17297e-51
6.89946e-52
4.05369e-52
2.37898e-52
1.39457e-52
8.1657e-53
4.7759e-53
2.79012e-53
1.62817e-53
9.49039e-54
5.52556e-54
3.21349e-54
1.86675e-54
1.08319e-54
6.27815e-55
3.6347e-55
2.10192e-55
1.21415e-55
7.00554e-56
4.03759e-56
2.32444e-56
1.33671e-56
7.67914e-57
4.40788e-57
2.52966e-57
1.45427e-57
8.42407e-58
5.00241e-58
3.1899e-58
2.4085e-58
)
;

boundaryField
{
    sides
    {
        type            zeroGradient;
    }
    empty
    {
        type            empty;
    }
}


// ************************************************************************* //
