/*--------------------------------*- C++ -*----------------------------------*\
  =========                 |
  \\      /  F ield         | OpenFOAM: The Open Source CFD Toolbox
   \\    /   O peration     | Website:  https://openfoam.org
    \\  /    A nd           | Version:  13
     \\/     M anipulation  |
\*---------------------------------------------------------------------------*/
FoamFile
{
    format      ascii;
    class       volScalarField;
    location    "4.115";
    object      T;
}
// * * * * * * * * * * * * * * * * * * * * * * * * * * * * * * * * * * * * * //

dimensions      [0 0 0 1 0 0 0];

internalField   nonuniform List<scalar> 
1000
(
3.72163e-54
4.76065e-54
7.12408e-54
1.14598e-53
1.89527e-53
3.16433e-53
5.29743e-53
8.87081e-53
1.48458e-52
2.48231e-52
4.14643e-52
6.91895e-52
1.15332e-51
1.92043e-51
3.19439e-51
5.30782e-51
8.81016e-51
1.46079e-50
2.41954e-50
4.00327e-50
6.6166e-50
1.09243e-49
1.80172e-49
2.96838e-49
4.88526e-49
8.03144e-49
1.31897e-48
2.16378e-48
3.54591e-48
5.80467e-48
9.49211e-48
1.55054e-47
2.53011e-47
4.1241e-47
6.71513e-47
1.09223e-46
1.77463e-46
2.88028e-46
4.66977e-46
7.56293e-46
1.22354e-45
1.97733e-45
3.19206e-45
5.14751e-45
8.29193e-45
1.33428e-44
2.14471e-44
3.44367e-44
5.5234e-44
8.84958e-44
1.41635e-43
2.26437e-43
3.61623e-43
5.76892e-43
9.19312e-43
1.46339e-42
2.32696e-42
3.69613e-42
5.86453e-42
9.29498e-42
1.47161e-41
2.32737e-41
3.67677e-41
5.80223e-41
9.14643e-41
1.44024e-40
2.26541e-40
3.55948e-40
5.58666e-40
8.7588e-40
1.37171e-39
2.1459e-39
3.35336e-39
5.23452e-39
8.16206e-39
1.2713e-38
1.97798e-38
3.07411e-38
4.77246e-38
7.40099e-38
1.14647e-37
1.77402e-37
2.74207e-37
4.23372e-37
6.52964e-37
1.00596e-36
1.54808e-36
2.37974e-36
3.65416e-36
5.60492e-36
8.58763e-36
1.31431e-35
2.00931e-35
3.06842e-35
4.68064e-35
7.13209e-35
1.08555e-34
1.65045e-34
2.50655e-34
3.80251e-34
5.76216e-34
8.72207e-34
1.31878e-33
1.9918e-33
3.00497e-33
4.52847e-33
6.81683e-33
1.02502e-32
1.53957e-32
2.30986e-32
3.46171e-32
5.18219e-32
7.74914e-32
1.15747e-31
1.72698e-31
2.57382e-31
3.83167e-31
5.69788e-31
8.46361e-31
1.25578e-30
1.86118e-30
2.75537e-30
4.07461e-30
6.01878e-30
8.88067e-30
1.30888e-29
1.92693e-29
2.83366e-29
4.16242e-29
6.10741e-29
8.95123e-29
1.31046e-28
1.91635e-28
2.79926e-28
4.08436e-28
5.95275e-28
8.66612e-28
1.26021e-27
1.83053e-27
2.65597e-27
3.84929e-27
5.5725e-27
8.05808e-27
1.16393e-26
1.67931e-26
2.42018e-26
3.48398e-26
5.00973e-26
7.19556e-26
1.03235e-25
1.47944e-25
2.11777e-25
3.0281e-25
4.32487e-25
6.17e-25
8.79238e-25
1.25152e-24
1.77942e-24
2.52713e-24
3.58498e-24
5.07989e-24
7.19003e-24
1.01652e-23
1.43552e-23
2.02493e-23
2.85312e-23
4.01548e-23
5.64498e-23
7.92674e-23
1.11182e-22
1.55769e-22
2.1799e-22
3.04717e-22
4.25466e-22
5.93388e-22
8.26647e-22
1.15029e-21
1.59882e-21
2.21972e-21
3.07825e-21
4.26397e-21
5.89971e-21
8.15365e-21
1.12559e-20
1.55207e-20
2.1377e-20
2.94095e-20
4.04142e-20
5.54733e-20
7.6057e-20
1.04159e-19
1.42482e-19
1.94683e-19
2.65704e-19
3.6222e-19
4.9323e-19
6.70858e-19
9.11412e-19
1.23681e-18
1.67645e-18
2.26978e-18
3.06959e-18
4.14647e-18
5.59473e-18
7.54018e-18
1.01505e-17
1.36488e-17
1.83317e-17
2.45931e-17
3.29553e-17
4.41102e-17
5.89731e-17
7.87536e-17
1.05048e-16
1.39961e-16
1.86263e-16
2.47597e-16
3.28751e-16
4.36002e-16
5.77578e-16
7.64246e-16
1.01008e-15
1.33346e-15
1.75834e-15
2.31593e-15
3.04682e-15
4.00377e-15
5.25523e-15
6.8899e-15
9.02265e-15
1.1802e-14
1.54196e-14
2.0123e-14
2.62307e-14
3.41528e-14
4.44163e-14
5.76975e-14
7.48634e-14
9.70245e-14
1.25601e-13
1.62405e-13
2.09752e-13
2.7059e-13
3.48671e-13
4.48763e-13
5.76921e-13
7.40823e-13
9.50188e-13
1.21731e-12
1.55774e-12
1.99105e-12
2.54196e-12
3.24155e-12
4.1289e-12
5.25308e-12
6.6756e-12
8.47352e-12
1.07432e-11
1.36051e-11
1.72095e-11
2.17436e-11
2.74404e-11
3.45898e-11
4.35513e-11
5.47712e-11
6.88018e-11
8.63265e-11
1.0819e-10
1.35433e-10
1.6934e-10
2.11491e-10
2.63827e-10
3.28734e-10
4.09135e-10
5.08611e-10
6.31541e-10
7.83274e-10
9.70336e-10
1.20068e-09
1.48399e-09
1.83201e-09
2.25904e-09
2.78238e-09
3.42298e-09
4.2062e-09
5.16265e-09
6.32923e-09
7.75044e-09
9.47979e-09
1.15816e-08
1.4133e-08
1.72265e-08
2.09727e-08
2.55042e-08
3.09788e-08
3.7585e-08
4.55472e-08
5.51323e-08
6.66572e-08
8.04981e-08
9.71004e-08
1.16991e-07
1.40794e-07
1.69243e-07
2.03206e-07
2.43702e-07
2.9193e-07
3.49299e-07
4.17458e-07
4.9834e-07
5.94207e-07
7.07697e-07
8.41889e-07
1.00037e-06
1.18731e-06
1.40757e-06
1.66675e-06
1.97138e-06
2.329e-06
2.74833e-06
3.23941e-06
3.81384e-06
4.48497e-06
5.26811e-06
6.18089e-06
7.24347e-06
8.47896e-06
9.91377e-06
1.15781e-05
1.35062e-05
1.57373e-05
1.8316e-05
2.12927e-05
2.47248e-05
2.86773e-05
3.32234e-05
3.8446e-05
4.44388e-05
5.13069e-05
5.91686e-05
6.81571e-05
7.84213e-05
9.01282e-05
0.000103464
0.000118639
0.000135883
0.000155457
0.000177648
0.000202776
0.000231194
0.000263296
0.000299515
0.00034033
0.000386268
0.000437911
0.000495896
0.000560923
0.000633761
0.000715249
0.000806303
0.000907925
0.0010212
0.00114732
0.00128757
0.00144334
0.00161614
0.0018076
0.00201948
0.00225368
0.00251222
0.0027973
0.00311127
0.00345662
0.00383605
0.0042524
0.00470871
0.00520823
0.00575437
0.00635076
0.00700125
0.00770987
0.0084809
0.0093188
0.0102283
0.0112143
0.0122819
0.0134365
0.0146837
0.0160293
0.0174792
0.0190397
0.0207171
0.0225181
0.0244494
0.0265179
0.0287307
0.0310949
0.0336179
0.0363072
0.03917
0.042214
0.0454467
0.0488757
0.0525084
0.0563522
0.0604146
0.0647027
0.0692236
0.0739841
0.0789908
0.0842502
0.0897681
0.0955504
0.101602
0.107929
0.114534
0.121422
0.128597
0.13606
0.143815
0.151862
0.160204
0.168839
0.177768
0.186989
0.1965
0.206298
0.216381
0.226743
0.237379
0.248283
0.259448
0.270867
0.282531
0.294431
0.306557
0.318898
0.331443
0.344179
0.357093
0.370172
0.383402
0.396768
0.410255
0.423847
0.437529
0.451283
0.465093
0.478943
0.492815
0.506691
0.520555
0.534389
0.548175
0.561898
0.575538
0.589081
0.602508
0.615804
0.628954
0.64194
0.654749
0.667366
0.679776
0.691966
0.703924
0.715636
0.727092
0.73828
0.749189
0.759811
0.770135
0.780153
0.789857
0.79924
0.808296
0.817019
0.825402
0.833442
0.841133
0.848473
0.855457
0.862083
0.868348
0.87425
0.879788
0.88496
0.889765
0.894202
0.89827
0.901969
0.905298
0.908258
0.910848
0.913067
0.914917
0.916396
0.917506
0.918246
0.918616
0.918616
0.918246
0.917506
0.916396
0.914917
0.913067
0.910848
0.908258
0.905298
0.901969
0.89827
0.894202
0.889765
0.88496
0.879788
0.87425
0.868348
0.862083
0.855457
0.848473
0.841133
0.833442
0.825402
0.817019
0.808296
0.79924
0.789857
0.780153
0.770135
0.759811
0.749189
0.73828
0.727092
0.715636
0.703924
0.691966
0.679776
0.667366
0.654749
0.64194
0.628954
0.615804
0.602508
0.589081
0.575538
0.561898
0.548175
0.534389
0.520555
0.506691
0.492815
0.478943
0.465093
0.451283
0.437529
0.423847
0.410255
0.396768
0.383402
0.370172
0.357093
0.344179
0.331443
0.318898
0.306557
0.294431
0.282531
0.270867
0.259448
0.248283
0.237379
0.226743
0.216381
0.206298
0.1965
0.186989
0.177768
0.168839
0.160204
0.151862
0.143815
0.13606
0.128597
0.121422
0.114534
0.107929
0.101602
0.0955504
0.0897681
0.0842502
0.0789908
0.0739841
0.0692236
0.0647027
0.0604146
0.0563522
0.0525084
0.0488757
0.0454467
0.042214
0.03917
0.0363072
0.0336179
0.0310949
0.0287307
0.0265179
0.0244494
0.0225181
0.0207171
0.0190397
0.0174792
0.0160293
0.0146837
0.0134365
0.0122819
0.0112143
0.0102283
0.0093188
0.0084809
0.00770987
0.00700125
0.00635076
0.00575437
0.00520823
0.00470871
0.0042524
0.00383605
0.00345662
0.00311127
0.0027973
0.00251222
0.00225368
0.00201948
0.0018076
0.00161614
0.00144334
0.00128757
0.00114732
0.0010212
0.000907925
0.000806303
0.000715249
0.000633761
0.000560923
0.000495896
0.000437911
0.000386268
0.00034033
0.000299515
0.000263296
0.000231194
0.000202776
0.000177648
0.000155457
0.000135883
0.000118639
0.000103464
9.01282e-05
7.84213e-05
6.81571e-05
5.91686e-05
5.13069e-05
4.44388e-05
3.8446e-05
3.32234e-05
2.86773e-05
2.47248e-05
2.12927e-05
1.8316e-05
1.57373e-05
1.35062e-05
1.15781e-05
9.91377e-06
8.47896e-06
7.24347e-06
6.18089e-06
5.26811e-06
4.48497e-06
3.81384e-06
3.23941e-06
2.74833e-06
2.329e-06
1.97138e-06
1.66675e-06
1.40757e-06
1.18731e-06
1.00037e-06
8.41889e-07
7.07697e-07
5.94207e-07
4.9834e-07
4.17458e-07
3.49299e-07
2.9193e-07
2.43702e-07
2.03206e-07
1.69243e-07
1.40794e-07
1.16991e-07
9.71004e-08
8.04981e-08
6.66572e-08
5.51323e-08
4.55472e-08
3.7585e-08
3.09788e-08
2.55042e-08
2.09727e-08
1.72265e-08
1.4133e-08
1.15816e-08
9.47979e-09
7.75044e-09
6.32923e-09
5.16265e-09
4.2062e-09
3.42298e-09
2.78238e-09
2.25904e-09
1.83201e-09
1.48399e-09
1.20068e-09
9.70336e-10
7.83274e-10
6.31541e-10
5.08611e-10
4.09135e-10
3.28734e-10
2.63827e-10
2.11491e-10
1.6934e-10
1.35433e-10
1.0819e-10
8.63265e-11
6.88018e-11
5.47712e-11
4.35513e-11
3.45898e-11
2.74404e-11
2.17436e-11
1.72095e-11
1.36051e-11
1.07432e-11
8.47352e-12
6.6756e-12
5.25308e-12
4.1289e-12
3.24155e-12
2.54196e-12
1.99105e-12
1.55774e-12
1.21731e-12
9.50188e-13
7.40823e-13
5.76921e-13
4.48763e-13
3.48671e-13
2.7059e-13
2.09752e-13
1.62405e-13
1.25601e-13
9.70245e-14
7.48634e-14
5.76975e-14
4.44163e-14
3.41528e-14
2.62307e-14
2.0123e-14
1.54196e-14
1.1802e-14
9.02265e-15
6.8899e-15
5.25523e-15
4.00377e-15
3.04682e-15
2.31593e-15
1.75834e-15
1.33346e-15
1.01008e-15
7.64246e-16
5.77578e-16
4.36002e-16
3.28751e-16
2.47597e-16
1.86263e-16
1.39961e-16
1.05048e-16
7.87536e-17
5.89731e-17
4.41102e-17
3.29553e-17
2.45931e-17
1.83317e-17
1.36488e-17
1.01505e-17
7.54018e-18
5.59473e-18
4.14647e-18
3.06959e-18
2.26978e-18
1.67645e-18
1.23681e-18
9.11412e-19
6.70858e-19
4.9323e-19
3.6222e-19
2.65704e-19
1.94683e-19
1.42482e-19
1.04159e-19
7.6057e-20
5.54733e-20
4.04142e-20
2.94095e-20
2.1377e-20
1.55207e-20
1.12559e-20
8.15365e-21
5.89971e-21
4.26397e-21
3.07825e-21
2.21972e-21
1.59882e-21
1.15029e-21
8.26647e-22
5.93388e-22
4.25466e-22
3.04717e-22
2.1799e-22
1.55769e-22
1.11182e-22
7.92674e-23
5.64498e-23
4.01548e-23
2.85312e-23
2.02493e-23
1.43552e-23
1.01652e-23
7.19003e-24
5.07989e-24
3.58498e-24
2.52713e-24
1.77942e-24
1.25152e-24
8.79238e-25
6.17e-25
4.32487e-25
3.0281e-25
2.11777e-25
1.47944e-25
1.03235e-25
7.19556e-26
5.00973e-26
3.48398e-26
2.42018e-26
1.67931e-26
1.16393e-26
8.05808e-27
5.5725e-27
3.84929e-27
2.65597e-27
1.83053e-27
1.26021e-27
8.66612e-28
5.95275e-28
4.08436e-28
2.79926e-28
1.91635e-28
1.31046e-28
8.95123e-29
6.10741e-29
4.16242e-29
2.83366e-29
1.92693e-29
1.30888e-29
8.88067e-30
6.01878e-30
4.07461e-30
2.75537e-30
1.86118e-30
1.25578e-30
8.46361e-31
5.69788e-31
3.83167e-31
2.57382e-31
1.72698e-31
1.15747e-31
7.74914e-32
5.18219e-32
3.46171e-32
2.30986e-32
1.53957e-32
1.02502e-32
6.81683e-33
4.52847e-33
3.00497e-33
1.9918e-33
1.31878e-33
8.72207e-34
5.76216e-34
3.80251e-34
2.50655e-34
1.65045e-34
1.08555e-34
7.13209e-35
4.68064e-35
3.06842e-35
2.00931e-35
1.31431e-35
8.58763e-36
5.60492e-36
3.65416e-36
2.37974e-36
1.54808e-36
1.00596e-36
6.52964e-37
4.23372e-37
2.74207e-37
1.77402e-37
1.14647e-37
7.40099e-38
4.77246e-38
3.07411e-38
1.97798e-38
1.2713e-38
8.16206e-39
5.23452e-39
3.35336e-39
2.1459e-39
1.37171e-39
8.7588e-40
5.58666e-40
3.55948e-40
2.26541e-40
1.44024e-40
9.14643e-41
5.80223e-41
3.67677e-41
2.32737e-41
1.47161e-41
9.29498e-42
5.86453e-42
3.69613e-42
2.32696e-42
1.46339e-42
9.19312e-43
5.76892e-43
3.61623e-43
2.26437e-43
1.41635e-43
8.84958e-44
5.5234e-44
3.44367e-44
2.14471e-44
1.33428e-44
8.29193e-45
5.14751e-45
3.19206e-45
1.97733e-45
1.22354e-45
7.56293e-46
4.66977e-46
2.88028e-46
1.77463e-46
1.09223e-46
6.71513e-47
4.1241e-47
2.53011e-47
1.55054e-47
9.49211e-48
5.80467e-48
3.54591e-48
2.16378e-48
1.31897e-48
8.03144e-49
4.88526e-49
2.96838e-49
1.80172e-49
1.09243e-49
6.6166e-50
4.00327e-50
2.41954e-50
1.46079e-50
8.81016e-51
5.30782e-51
3.19439e-51
1.92043e-51
1.15332e-51
6.91895e-52
4.14643e-52
2.48231e-52
1.48458e-52
8.87081e-53
5.29743e-53
3.16433e-53
1.89527e-53
1.14598e-53
7.12408e-54
4.76065e-54
3.72163e-54
)
;

boundaryField
{
    sides
    {
        type            zeroGradient;
    }
    empty
    {
        type            empty;
    }
}


// ************************************************************************* //
