/*--------------------------------*- C++ -*----------------------------------*\
  =========                 |
  \\      /  F ield         | OpenFOAM: The Open Source CFD Toolbox
   \\    /   O peration     | Website:  https://openfoam.org
    \\  /    A nd           | Version:  13
     \\/     M anipulation  |
\*---------------------------------------------------------------------------*/
FoamFile
{
    format      ascii;
    class       volScalarField;
    location    "2.59";
    object      T;
}
// * * * * * * * * * * * * * * * * * * * * * * * * * * * * * * * * * * * * * //

dimensions      [0 0 0 1 0 0 0];

internalField   nonuniform List<scalar> 
1000
(
2.37945e-82
3.91139e-82
7.95135e-82
1.70669e-81
3.70319e-81
8.04444e-81
1.74593e-80
3.78426e-80
8.19066e-80
1.77024e-79
3.8205e-79
8.23341e-79
1.77178e-78
3.80726e-78
8.16929e-78
1.75036e-77
3.74487e-77
8.00048e-77
1.70672e-76
3.63561e-76
7.73317e-76
1.64249e-75
3.4835e-75
7.37721e-75
1.56003e-74
3.2941e-74
6.9455e-74
1.46229e-73
3.07413e-73
6.45318e-73
1.35265e-72
2.83111e-72
5.9168e-72
1.23474e-71
2.57289e-71
5.35335e-71
1.11221e-70
2.30729e-70
4.7794e-70
9.88551e-70
2.04164e-69
4.21029e-69
8.66959e-69
1.78253e-68
3.65954e-68
7.50183e-68
1.53553e-67
3.13833e-67
6.40454e-67
1.30505e-66
2.65529e-66
5.39441e-66
1.09427e-65
2.2164e-65
4.48248e-65
9.05176e-65
1.82512e-64
3.67446e-64
7.3865e-64
1.4826e-63
2.97135e-63
5.94597e-63
1.18804e-62
2.37017e-62
4.72137e-62
9.3906e-62
1.86491e-61
3.69792e-61
7.3214e-61
1.44733e-60
2.85676e-60
5.63011e-60
1.10788e-59
2.17672e-59
4.27015e-59
8.36406e-59
1.63577e-58
3.19417e-58
6.22765e-58
1.21233e-57
2.35637e-57
4.57294e-57
8.86084e-57
1.71428e-56
3.31142e-56
6.38665e-56
1.22986e-55
2.36464e-55
4.53937e-55
8.70063e-55
1.66505e-54
3.18146e-54
6.06942e-54
1.15608e-53
2.19861e-53
4.17474e-53
7.91458e-53
1.49811e-52
2.83126e-52
5.34233e-52
1.00646e-51
1.89313e-51
3.55532e-51
6.66639e-51
1.24801e-50
2.33268e-50
4.35318e-50
8.11091e-50
1.50884e-49
2.80239e-49
5.19665e-49
9.62115e-49
1.77844e-48
3.28216e-48
6.04767e-48
1.11256e-47
2.04345e-47
3.74723e-47
6.86059e-47
1.25406e-46
2.28864e-46
4.17003e-46
7.58584e-46
1.37775e-45
2.49826e-45
4.52279e-45
8.17475e-45
1.47517e-44
2.65771e-44
4.78049e-44
8.58488e-44
1.53919e-43
2.75516e-43
4.92377e-43
8.78503e-43
1.56489e-42
2.78302e-42
4.94132e-42
8.75915e-42
1.55015e-41
2.7389e-41
4.83135e-41
8.50848e-41
1.49597e-40
2.62595e-40
4.60188e-40
8.05142e-40
1.40636e-39
2.45249e-39
4.26977e-39
7.42141e-39
1.28781e-38
2.23102e-38
3.85866e-38
6.66275e-38
1.14856e-37
1.97666e-37
3.3962e-37
5.82553e-37
9.97601e-37
1.70552e-36
2.91096e-36
4.96014e-36
8.43779e-36
1.43298e-35
2.42956e-35
4.11236e-35
6.94912e-35
1.17231e-34
1.97437e-34
3.31962e-34
5.57213e-34
9.3374e-34
1.56208e-33
2.60885e-33
4.34978e-33
7.24026e-33
1.20312e-32
1.99588e-32
3.30543e-32
5.46498e-32
9.02019e-32
1.48631e-31
2.44494e-31
4.01507e-31
6.58236e-31
1.0773e-30
1.76016e-30
2.87098e-30
4.6749e-30
7.59933e-30
1.23322e-29
1.99786e-29
3.2311e-29
5.21668e-29
8.4081e-29
1.35288e-28
2.1731e-28
3.48463e-28
5.57815e-28
8.91415e-28
1.42208e-27
2.26478e-27
3.60065e-27
5.71465e-27
9.05424e-27
1.43208e-26
2.26118e-26
3.56414e-26
5.60822e-26
8.80941e-26
1.3814e-25
2.16242e-25
3.37917e-25
5.27145e-25
8.20913e-25
1.27618e-24
1.9805e-24
3.06819e-24
4.74501e-24
7.32549e-24
1.12897e-23
1.73689e-23
2.6675e-23
4.08961e-23
6.25895e-23
9.56234e-23
1.45837e-22
2.22031e-22
3.37443e-22
5.11951e-22
7.75346e-22
1.1722e-21
1.76908e-21
2.66521e-21
4.00824e-21
6.01747e-21
9.01801e-21
1.3491e-20
2.01471e-20
3.00344e-20
4.4695e-20
6.63948e-20
9.84563e-20
1.45743e-19
2.15359e-19
3.17667e-19
4.67751e-19
6.87525e-19
1.00877e-18
1.47751e-18
2.16022e-18
3.15279e-18
4.59327e-18
6.68002e-18
9.69758e-18
1.40533e-17
2.03291e-17
2.93554e-17
4.23141e-17
6.08848e-17
8.74498e-17
1.25382e-16
1.79447e-16
2.56368e-16
3.65607e-16
5.20464e-16
7.3959e-16
1.04909e-15
1.48546e-15
2.09957e-15
2.96226e-15
4.17194e-15
5.86508e-15
8.2306e-15
1.15295e-14
1.61216e-14
2.25024e-14
3.13522e-14
4.36041e-14
6.05349e-14
8.38886e-14
1.16043e-13
1.60233e-13
2.20854e-13
3.03861e-13
4.17313e-13
5.72093e-13
7.82866e-13
1.06936e-12
1.45807e-12
1.98448e-12
2.69608e-12
3.65622e-12
4.94935e-12
6.68772e-12
9.02032e-12
1.21445e-11
1.63212e-11
2.18947e-11
2.93183e-11
3.91879e-11
5.22851e-11
6.96332e-11
9.25694e-11
1.22837e-10
1.62707e-10
2.15126e-10
2.83918e-10
3.74028e-10
4.91842e-10
6.45593e-10
8.45869e-10
1.10626e-09
1.44419e-09
1.88192e-09
2.44786e-09
3.17822e-09
4.11899e-09
5.32854e-09
6.88074e-09
8.86894e-09
1.14109e-08
1.46546e-08
1.87862e-08
2.40389e-08
3.07043e-08
3.91465e-08
4.98192e-08
6.32862e-08
8.02474e-08
1.01569e-07
1.28322e-07
1.61827e-07
2.03709e-07
2.55963e-07
3.21037e-07
4.01922e-07
5.02271e-07
6.26532e-07
7.80114e-07
9.69578e-07
1.20287e-06
1.48957e-06
1.84126e-06
2.27185e-06
2.79805e-06
3.43985e-06
4.2212e-06
5.17062e-06
6.32208e-06
7.71594e-06
9.40002e-06
1.14309e-05
1.38754e-05
1.68121e-05
2.03334e-05
2.45478e-05
2.9582e-05
3.55841e-05
4.27267e-05
5.12101e-05
6.12672e-05
7.31669e-05
8.72203e-05
0.000103785
0.000123274
0.000146159
0.000172979
0.000204354
0.000240985
0.000283672
0.000333321
0.000390958
0.000457739
0.000534969
0.000624111
0.000726806
0.000844889
0.000980406
0.00113563
0.0013131
0.0015156
0.00174622
0.00200838
0.0023058
0.00264259
0.00302323
0.00345259
0.003936
0.00447922
0.00508846
0.00577044
0.0065324
0.00738206
0.00832772
0.00937819
0.0105428
0.0118316
0.013255
0.0148241
0.0165504
0.018446
0.0205236
0.0227963
0.0252775
0.0279813
0.0309218
0.0341138
0.0375719
0.0413113
0.045347
0.049694
0.0543675
0.0593822
0.0647527
0.0704931
0.0766172
0.0831379
0.0900677
0.0974179
0.105199
0.11342
0.12209
0.131216
0.140802
0.150852
0.16137
0.172354
0.183805
0.195718
0.208089
0.220909
0.234171
0.247862
0.261969
0.276477
0.291369
0.306624
0.322223
0.338141
0.354354
0.370835
0.387557
0.40449
0.421605
0.438868
0.456249
0.473713
0.491228
0.50876
0.526275
0.543739
0.561118
0.578379
0.595491
0.612421
0.629139
0.645616
0.661823
0.677734
0.693324
0.70857
0.723449
0.737943
0.752034
0.765706
0.778945
0.791738
0.804077
0.815954
0.827362
0.838297
0.848757
0.85874
0.868249
0.877285
0.885853
0.893956
0.901602
0.908797
0.915549
0.921867
0.927761
0.933239
0.938312
0.94299
0.947283
0.9512
0.954753
0.957949
0.960798
0.963308
0.965486
0.96734
0.968876
0.970098
0.971011
0.971618
0.971921
0.971921
0.971618
0.971011
0.970098
0.968876
0.96734
0.965486
0.963308
0.960798
0.957949
0.954753
0.9512
0.947283
0.94299
0.938312
0.933239
0.927761
0.921867
0.915549
0.908797
0.901602
0.893956
0.885853
0.877285
0.868249
0.85874
0.848757
0.838297
0.827362
0.815954
0.804077
0.791738
0.778945
0.765706
0.752034
0.737943
0.723449
0.70857
0.693324
0.677734
0.661823
0.645616
0.629139
0.612421
0.595491
0.578379
0.561118
0.543739
0.526275
0.50876
0.491228
0.473713
0.456249
0.438868
0.421605
0.40449
0.387557
0.370835
0.354354
0.338141
0.322223
0.306624
0.291369
0.276477
0.261969
0.247862
0.234171
0.220909
0.208089
0.195718
0.183805
0.172354
0.16137
0.150852
0.140802
0.131216
0.12209
0.11342
0.105199
0.0974179
0.0900677
0.0831379
0.0766172
0.0704931
0.0647527
0.0593822
0.0543675
0.049694
0.045347
0.0413113
0.0375719
0.0341138
0.0309218
0.0279813
0.0252775
0.0227963
0.0205236
0.018446
0.0165504
0.0148241
0.013255
0.0118316
0.0105428
0.00937819
0.00832772
0.00738206
0.0065324
0.00577044
0.00508846
0.00447922
0.003936
0.00345259
0.00302323
0.00264259
0.0023058
0.00200838
0.00174622
0.0015156
0.0013131
0.00113563
0.000980406
0.000844889
0.000726806
0.000624111
0.000534969
0.000457739
0.000390958
0.000333321
0.000283672
0.000240985
0.000204354
0.000172979
0.000146159
0.000123274
0.000103785
8.72203e-05
7.31669e-05
6.12672e-05
5.12101e-05
4.27267e-05
3.55841e-05
2.9582e-05
2.45478e-05
2.03334e-05
1.68121e-05
1.38754e-05
1.14309e-05
9.40002e-06
7.71594e-06
6.32208e-06
5.17062e-06
4.2212e-06
3.43985e-06
2.79805e-06
2.27185e-06
1.84126e-06
1.48957e-06
1.20287e-06
9.69578e-07
7.80114e-07
6.26532e-07
5.02271e-07
4.01922e-07
3.21037e-07
2.55963e-07
2.03709e-07
1.61827e-07
1.28322e-07
1.01569e-07
8.02474e-08
6.32862e-08
4.98192e-08
3.91465e-08
3.07043e-08
2.40389e-08
1.87862e-08
1.46546e-08
1.14109e-08
8.86894e-09
6.88074e-09
5.32854e-09
4.11899e-09
3.17822e-09
2.44786e-09
1.88192e-09
1.44419e-09
1.10626e-09
8.45869e-10
6.45593e-10
4.91842e-10
3.74028e-10
2.83918e-10
2.15126e-10
1.62707e-10
1.22837e-10
9.25694e-11
6.96332e-11
5.22851e-11
3.91879e-11
2.93183e-11
2.18947e-11
1.63212e-11
1.21445e-11
9.02032e-12
6.68772e-12
4.94935e-12
3.65622e-12
2.69608e-12
1.98448e-12
1.45807e-12
1.06936e-12
7.82866e-13
5.72093e-13
4.17313e-13
3.03861e-13
2.20854e-13
1.60233e-13
1.16043e-13
8.38886e-14
6.05349e-14
4.36041e-14
3.13522e-14
2.25024e-14
1.61216e-14
1.15295e-14
8.2306e-15
5.86508e-15
4.17194e-15
2.96226e-15
2.09957e-15
1.48546e-15
1.04909e-15
7.3959e-16
5.20464e-16
3.65607e-16
2.56368e-16
1.79447e-16
1.25382e-16
8.74498e-17
6.08848e-17
4.23141e-17
2.93554e-17
2.03291e-17
1.40533e-17
9.69758e-18
6.68002e-18
4.59327e-18
3.15279e-18
2.16022e-18
1.47751e-18
1.00877e-18
6.87525e-19
4.67751e-19
3.17667e-19
2.15359e-19
1.45743e-19
9.84563e-20
6.63948e-20
4.4695e-20
3.00344e-20
2.01471e-20
1.3491e-20
9.01801e-21
6.01747e-21
4.00824e-21
2.66521e-21
1.76908e-21
1.1722e-21
7.75346e-22
5.11951e-22
3.37443e-22
2.22031e-22
1.45837e-22
9.56234e-23
6.25895e-23
4.08961e-23
2.6675e-23
1.73689e-23
1.12897e-23
7.32549e-24
4.74501e-24
3.06819e-24
1.9805e-24
1.27618e-24
8.20913e-25
5.27145e-25
3.37917e-25
2.16242e-25
1.3814e-25
8.80941e-26
5.60822e-26
3.56414e-26
2.26118e-26
1.43208e-26
9.05424e-27
5.71465e-27
3.60065e-27
2.26478e-27
1.42208e-27
8.91415e-28
5.57815e-28
3.48463e-28
2.1731e-28
1.35288e-28
8.4081e-29
5.21668e-29
3.2311e-29
1.99786e-29
1.23322e-29
7.59933e-30
4.6749e-30
2.87098e-30
1.76016e-30
1.0773e-30
6.58236e-31
4.01507e-31
2.44494e-31
1.48631e-31
9.02019e-32
5.46498e-32
3.30543e-32
1.99588e-32
1.20312e-32
7.24026e-33
4.34978e-33
2.60885e-33
1.56208e-33
9.3374e-34
5.57213e-34
3.31962e-34
1.97437e-34
1.17231e-34
6.94912e-35
4.11236e-35
2.42956e-35
1.43298e-35
8.43779e-36
4.96014e-36
2.91096e-36
1.70552e-36
9.97601e-37
5.82553e-37
3.3962e-37
1.97666e-37
1.14856e-37
6.66275e-38
3.85866e-38
2.23102e-38
1.28781e-38
7.42141e-39
4.26977e-39
2.45249e-39
1.40636e-39
8.05142e-40
4.60188e-40
2.62595e-40
1.49597e-40
8.50848e-41
4.83135e-41
2.7389e-41
1.55015e-41
8.75915e-42
4.94132e-42
2.78302e-42
1.56489e-42
8.78503e-43
4.92377e-43
2.75516e-43
1.53919e-43
8.58488e-44
4.78049e-44
2.65771e-44
1.47517e-44
8.17475e-45
4.52279e-45
2.49826e-45
1.37775e-45
7.58584e-46
4.17003e-46
2.28864e-46
1.25406e-46
6.86059e-47
3.74723e-47
2.04345e-47
1.11256e-47
6.04767e-48
3.28216e-48
1.77844e-48
9.62115e-49
5.19665e-49
2.80239e-49
1.50884e-49
8.11091e-50
4.35318e-50
2.33268e-50
1.24801e-50
6.66639e-51
3.55532e-51
1.89313e-51
1.00646e-51
5.34233e-52
2.83126e-52
1.49811e-52
7.91458e-53
4.17474e-53
2.19861e-53
1.15608e-53
6.06942e-54
3.18146e-54
1.66505e-54
8.70063e-55
4.53937e-55
2.36464e-55
1.22986e-55
6.38665e-56
3.31142e-56
1.71428e-56
8.86084e-57
4.57294e-57
2.35637e-57
1.21233e-57
6.22765e-58
3.19417e-58
1.63577e-58
8.36406e-59
4.27015e-59
2.17672e-59
1.10788e-59
5.63011e-60
2.85676e-60
1.44733e-60
7.3214e-61
3.69792e-61
1.86491e-61
9.3906e-62
4.72137e-62
2.37017e-62
1.18804e-62
5.94597e-63
2.97135e-63
1.4826e-63
7.3865e-64
3.67446e-64
1.82512e-64
9.05176e-65
4.48248e-65
2.2164e-65
1.09427e-65
5.39441e-66
2.65529e-66
1.30505e-66
6.40454e-67
3.13833e-67
1.53553e-67
7.50183e-68
3.65954e-68
1.78253e-68
8.66959e-69
4.21029e-69
2.04164e-69
9.88551e-70
4.7794e-70
2.30729e-70
1.11221e-70
5.35335e-71
2.57289e-71
1.23474e-71
5.9168e-72
2.83111e-72
1.35265e-72
6.45318e-73
3.07413e-73
1.46229e-73
6.9455e-74
3.2941e-74
1.56003e-74
7.37721e-75
3.4835e-75
1.64249e-75
7.73317e-76
3.63561e-76
1.70672e-76
8.00048e-77
3.74487e-77
1.75036e-77
8.16929e-78
3.80726e-78
1.77178e-78
8.23341e-79
3.8205e-79
1.77024e-79
8.19066e-80
3.78426e-80
1.74593e-80
8.04444e-81
3.70319e-81
1.70669e-81
7.95135e-82
3.91139e-82
2.37945e-82
)
;

boundaryField
{
    sides
    {
        type            zeroGradient;
    }
    empty
    {
        type            empty;
    }
}


// ************************************************************************* //
