/*--------------------------------*- C++ -*----------------------------------*\
  =========                 |
  \\      /  F ield         | OpenFOAM: The Open Source CFD Toolbox
   \\    /   O peration     | Website:  https://openfoam.org
    \\  /    A nd           | Version:  13
     \\/     M anipulation  |
\*---------------------------------------------------------------------------*/
FoamFile
{
    format      ascii;
    class       volScalarField;
    location    "2.32";
    object      T;
}
// * * * * * * * * * * * * * * * * * * * * * * * * * * * * * * * * * * * * * //

dimensions      [0 0 0 1 0 0 0];

internalField   nonuniform List<scalar> 
1000
(
1.12015e-90
1.99123e-90
4.40444e-90
1.0214e-89
2.38685e-89
5.57847e-89
1.30219e-88
3.03525e-88
7.06406e-88
1.64154e-87
3.80875e-87
8.82365e-87
2.04102e-86
4.71388e-86
1.08703e-85
2.50286e-85
5.75389e-85
1.32074e-84
3.02691e-84
6.92646e-84
1.58252e-83
3.61007e-83
8.22256e-83
1.86992e-82
4.24585e-82
9.62563e-82
2.1788e-81
4.92409e-81
1.11111e-80
2.50327e-80
5.63092e-80
1.26465e-79
2.83582e-79
6.34899e-79
1.41921e-78
3.16742e-78
7.05798e-78
1.57025e-77
3.48796e-77
7.73549e-77
1.71283e-76
3.78665e-76
8.35805e-76
1.84189e-75
4.0526e-75
8.90249e-75
1.95253e-74
4.27552e-74
9.34732e-74
2.04028e-73
4.4463e-73
9.6741e-73
2.10148e-72
4.55767e-72
9.86874e-72
2.13344e-71
4.6047e-71
9.92247e-71
2.1347e-70
4.58513e-70
9.83248e-70
2.10509e-69
4.4996e-69
9.60222e-69
2.0458e-68
4.35159e-68
9.24111e-68
1.95926e-67
4.14717e-67
8.76395e-67
1.849e-66
3.89461e-66
8.18989e-66
1.71941e-65
3.60384e-65
7.54114e-65
1.57541e-64
3.28574e-64
6.84158e-64
1.4222e-63
2.95153e-63
6.11526e-63
1.26491e-62
2.61208e-62
5.38507e-62
1.10834e-61
2.27735e-61
4.67158e-61
9.56694e-61
1.95594e-60
3.99221e-60
8.13473e-60
1.6548e-59
3.3606e-59
6.81334e-59
1.37903e-58
2.78647e-58
5.62088e-58
1.13193e-57
2.27564e-57
4.56723e-57
9.15097e-57
1.8304e-56
3.65499e-56
7.28602e-56
1.44996e-55
2.8806e-55
5.71306e-55
1.13114e-54
2.23573e-54
4.41146e-54
8.68965e-54
1.70875e-53
3.35436e-53
6.57349e-53
1.28599e-52
2.51148e-52
4.89638e-52
9.52954e-52
1.85148e-51
3.59102e-51
6.95288e-51
1.34388e-50
2.593e-50
4.99451e-50
9.60349e-50
1.84336e-49
3.53213e-49
6.75625e-49
1.29008e-48
2.45908e-48
4.67917e-48
8.88802e-48
1.68532e-47
3.19004e-47
6.02768e-47
1.13695e-46
2.14077e-46
4.02376e-46
7.54973e-46
1.41405e-45
2.64381e-45
4.93435e-45
9.19309e-45
1.70972e-44
3.17407e-44
5.88219e-44
1.08816e-43
2.00942e-43
3.70405e-43
6.8157e-43
1.2519e-42
2.29538e-42
4.2011e-42
7.67528e-42
1.39975e-41
2.54815e-41
4.63045e-41
8.39926e-41
1.52082e-40
2.74875e-40
4.95917e-40
8.93102e-40
1.6055e-39
2.88093e-39
5.16027e-39
9.22625e-39
1.64661e-38
2.9334e-38
5.2163e-38
9.25901e-38
1.6405e-37
2.90135e-37
5.1219e-37
9.02548e-37
1.58751e-36
2.78722e-36
4.88461e-36
8.54465e-36
1.49198e-35
2.60037e-35
4.52387e-35
7.85574e-35
1.36165e-34
2.35583e-34
4.0684e-34
7.01296e-34
1.20664e-33
2.0723e-33
3.55241e-33
6.0784e-33
1.03813e-32
1.76974e-32
3.01134e-32
5.11451e-32
8.67042e-32
1.46713e-31
2.47792e-31
4.17731e-31
7.02903e-31
1.18055e-30
1.97906e-30
3.31148e-30
5.53059e-30
9.21949e-30
1.53401e-29
2.54761e-29
4.223e-29
6.98704e-29
1.15384e-28
1.90188e-28
3.12896e-28
5.13803e-28
8.42118e-28
1.37761e-27
2.24937e-27
3.66582e-27
5.96291e-27
9.68103e-27
1.56877e-26
2.5373e-26
4.09599e-26
6.59963e-26
1.06133e-25
1.70355e-25
2.72918e-25
4.36393e-25
6.96455e-25
1.10937e-24
1.76373e-24
2.79867e-24
4.43242e-24
7.0064e-24
1.10539e-23
1.74061e-23
2.73559e-23
4.29106e-23
6.71802e-23
1.04974e-22
1.63712e-22
2.54826e-22
3.95883e-22
6.13832e-22
9.4993e-22
1.46721e-21
2.26178e-21
3.4799e-21
5.34368e-21
8.18972e-21
1.25272e-20
1.91246e-20
2.91398e-20
4.43133e-20
6.72565e-20
1.0188e-19
1.54025e-19
2.32406e-19
3.49989e-19
5.26031e-19
7.89074e-19
1.18133e-18
1.76513e-18
2.63225e-18
3.91765e-18
5.8193e-18
8.62704e-18
1.27643e-17
1.88486e-17
2.77783e-17
4.08578e-17
5.99775e-17
8.78707e-17
1.28482e-16
1.87491e-16
2.73062e-16
3.96902e-16
5.75764e-16
8.33576e-16
1.20444e-15
1.73686e-15
2.49966e-15
3.59033e-15
5.14666e-15
7.36297e-15
1.05128e-14
1.49802e-14
2.13035e-14
3.02357e-14
4.28276e-14
6.05426e-14
8.54144e-14
1.20264e-13
1.68994e-13
2.36994e-13
3.31694e-13
4.63306e-13
6.45846e-13
8.98504e-13
1.2475e-12
1.72859e-12
2.39041e-12
3.29899e-12
4.54378e-12
6.24572e-12
8.5679e-12
1.17299e-11
1.60266e-11
2.18531e-11
2.97381e-11
4.03867e-11
5.47379e-11
7.40396e-11
9.99458e-11
1.34645e-10
1.81025e-10
2.42892e-10
3.25245e-10
4.34641e-10
5.79662e-10
7.7151e-10
1.02478e-09
1.35845e-09
1.79712e-09
2.37265e-09
3.12616e-09
4.11065e-09
5.39426e-09
7.06438e-09
9.23288e-09
1.20426e-08
1.56757e-08
2.03635e-08
2.63996e-08
3.41558e-08
4.41013e-08
5.68274e-08
7.30777e-08
9.37847e-08
1.20115e-07
1.53527e-07
1.95836e-07
2.49298e-07
3.16713e-07
4.01543e-07
5.08063e-07
6.4154e-07
8.08444e-07
1.01671e-06
1.27603e-06
1.59827e-06
1.99782e-06
2.4922e-06
3.10264e-06
3.85478e-06
4.77957e-06
5.91425e-06
7.30351e-06
9.00088e-06
1.10703e-05
1.35881e-05
1.66448e-05
2.0348e-05
2.48248e-05
3.02256e-05
3.67273e-05
4.45375e-05
5.38998e-05
6.5099e-05
7.84669e-05
9.43898e-05
0.000113316
0.000135763
0.000162331
0.000193709
0.000230689
0.000274179
0.000325215
0.00038498
0.000454819
0.000536254
0.000631011
0.000741032
0.000868505
0.00101588
0.00118591
0.00138165
0.00160652
0.00186428
0.00215913
0.00249569
0.00287902
0.0033147
0.00380882
0.00436802
0.00499952
0.00571113
0.00651132
0.00740917
0.00841446
0.00953762
0.0107898
0.0121828
0.0137292
0.0154421
0.0173355
0.0194239
0.0217223
0.0242465
0.0270128
0.0300378
0.0333387
0.0369328
0.0408379
0.0450716
0.0496519
0.0545964
0.0599226
0.0656476
0.0717882
0.0783602
0.0853789
0.0928586
0.100812
0.109252
0.118188
0.127629
0.137582
0.148053
0.159045
0.170558
0.182591
0.195142
0.208203
0.221767
0.235823
0.250356
0.265351
0.28079
0.29665
0.312909
0.32954
0.346515
0.363805
0.381377
0.399197
0.417229
0.435438
0.453784
0.47223
0.490736
0.509261
0.527766
0.546211
0.564557
0.582765
0.600797
0.618615
0.636186
0.653473
0.670447
0.687075
0.70333
0.719186
0.734618
0.749607
0.764133
0.778179
0.791732
0.80478
0.817314
0.829329
0.84082
0.851785
0.862224
0.87214
0.881538
0.890423
0.898803
0.906687
0.914085
0.921009
0.927471
0.933484
0.939062
0.944218
0.948966
0.953322
0.957298
0.960908
0.964166
0.967083
0.969672
0.971945
0.97391
0.975577
0.976953
0.978047
0.978862
0.979403
0.979673
0.979673
0.979403
0.978862
0.978047
0.976953
0.975577
0.97391
0.971945
0.969672
0.967083
0.964166
0.960908
0.957298
0.953322
0.948966
0.944218
0.939062
0.933484
0.927471
0.921009
0.914085
0.906687
0.898803
0.890423
0.881538
0.87214
0.862224
0.851785
0.84082
0.829329
0.817314
0.80478
0.791732
0.778179
0.764133
0.749607
0.734618
0.719186
0.70333
0.687075
0.670447
0.653473
0.636186
0.618615
0.600797
0.582765
0.564557
0.546211
0.527766
0.509261
0.490736
0.47223
0.453784
0.435438
0.417229
0.399197
0.381377
0.363805
0.346515
0.32954
0.312909
0.29665
0.28079
0.265351
0.250356
0.235823
0.221767
0.208203
0.195142
0.182591
0.170558
0.159045
0.148053
0.137582
0.127629
0.118188
0.109252
0.100812
0.0928586
0.0853789
0.0783602
0.0717882
0.0656476
0.0599226
0.0545964
0.0496519
0.0450716
0.0408379
0.0369328
0.0333387
0.0300378
0.0270128
0.0242465
0.0217223
0.0194239
0.0173355
0.0154421
0.0137292
0.0121828
0.0107898
0.00953762
0.00841446
0.00740917
0.00651132
0.00571113
0.00499952
0.00436802
0.00380882
0.0033147
0.00287902
0.00249569
0.00215913
0.00186428
0.00160652
0.00138165
0.00118591
0.00101588
0.000868505
0.000741032
0.000631011
0.000536254
0.000454819
0.00038498
0.000325215
0.000274179
0.000230689
0.000193709
0.000162331
0.000135763
0.000113316
9.43898e-05
7.84669e-05
6.5099e-05
5.38998e-05
4.45375e-05
3.67273e-05
3.02256e-05
2.48248e-05
2.0348e-05
1.66448e-05
1.35881e-05
1.10703e-05
9.00088e-06
7.30351e-06
5.91425e-06
4.77957e-06
3.85478e-06
3.10264e-06
2.4922e-06
1.99782e-06
1.59827e-06
1.27603e-06
1.01671e-06
8.08444e-07
6.4154e-07
5.08063e-07
4.01543e-07
3.16713e-07
2.49298e-07
1.95836e-07
1.53527e-07
1.20115e-07
9.37847e-08
7.30777e-08
5.68274e-08
4.41013e-08
3.41558e-08
2.63996e-08
2.03635e-08
1.56757e-08
1.20426e-08
9.23288e-09
7.06438e-09
5.39426e-09
4.11065e-09
3.12616e-09
2.37265e-09
1.79712e-09
1.35845e-09
1.02478e-09
7.7151e-10
5.79662e-10
4.34641e-10
3.25245e-10
2.42892e-10
1.81025e-10
1.34645e-10
9.99458e-11
7.40396e-11
5.47379e-11
4.03867e-11
2.97381e-11
2.18531e-11
1.60266e-11
1.17299e-11
8.5679e-12
6.24572e-12
4.54378e-12
3.29899e-12
2.39041e-12
1.72859e-12
1.2475e-12
8.98504e-13
6.45846e-13
4.63306e-13
3.31694e-13
2.36994e-13
1.68994e-13
1.20264e-13
8.54144e-14
6.05426e-14
4.28276e-14
3.02357e-14
2.13035e-14
1.49802e-14
1.05128e-14
7.36297e-15
5.14666e-15
3.59033e-15
2.49966e-15
1.73686e-15
1.20444e-15
8.33576e-16
5.75764e-16
3.96902e-16
2.73062e-16
1.87491e-16
1.28482e-16
8.78707e-17
5.99775e-17
4.08578e-17
2.77783e-17
1.88486e-17
1.27643e-17
8.62704e-18
5.8193e-18
3.91765e-18
2.63225e-18
1.76513e-18
1.18133e-18
7.89074e-19
5.26031e-19
3.49989e-19
2.32406e-19
1.54025e-19
1.0188e-19
6.72565e-20
4.43133e-20
2.91398e-20
1.91246e-20
1.25272e-20
8.18972e-21
5.34368e-21
3.4799e-21
2.26178e-21
1.46721e-21
9.4993e-22
6.13832e-22
3.95883e-22
2.54826e-22
1.63712e-22
1.04974e-22
6.71802e-23
4.29106e-23
2.73559e-23
1.74061e-23
1.10539e-23
7.0064e-24
4.43242e-24
2.79867e-24
1.76373e-24
1.10937e-24
6.96455e-25
4.36393e-25
2.72918e-25
1.70355e-25
1.06133e-25
6.59963e-26
4.09599e-26
2.5373e-26
1.56877e-26
9.68103e-27
5.96291e-27
3.66582e-27
2.24937e-27
1.37761e-27
8.42118e-28
5.13803e-28
3.12896e-28
1.90188e-28
1.15384e-28
6.98704e-29
4.223e-29
2.54761e-29
1.53401e-29
9.21949e-30
5.53059e-30
3.31148e-30
1.97906e-30
1.18055e-30
7.02903e-31
4.17731e-31
2.47792e-31
1.46713e-31
8.67042e-32
5.11451e-32
3.01134e-32
1.76974e-32
1.03813e-32
6.0784e-33
3.55241e-33
2.0723e-33
1.20664e-33
7.01296e-34
4.0684e-34
2.35583e-34
1.36165e-34
7.85574e-35
4.52387e-35
2.60037e-35
1.49198e-35
8.54465e-36
4.88461e-36
2.78722e-36
1.58751e-36
9.02548e-37
5.1219e-37
2.90135e-37
1.6405e-37
9.25901e-38
5.2163e-38
2.9334e-38
1.64661e-38
9.22625e-39
5.16027e-39
2.88093e-39
1.6055e-39
8.93102e-40
4.95917e-40
2.74875e-40
1.52082e-40
8.39926e-41
4.63045e-41
2.54815e-41
1.39975e-41
7.67528e-42
4.2011e-42
2.29538e-42
1.2519e-42
6.8157e-43
3.70405e-43
2.00942e-43
1.08816e-43
5.88219e-44
3.17407e-44
1.70972e-44
9.19309e-45
4.93435e-45
2.64381e-45
1.41405e-45
7.54973e-46
4.02376e-46
2.14077e-46
1.13695e-46
6.02768e-47
3.19004e-47
1.68532e-47
8.88802e-48
4.67917e-48
2.45908e-48
1.29008e-48
6.75625e-49
3.53213e-49
1.84336e-49
9.60349e-50
4.99451e-50
2.593e-50
1.34388e-50
6.95288e-51
3.59102e-51
1.85148e-51
9.52954e-52
4.89638e-52
2.51148e-52
1.28599e-52
6.57349e-53
3.35436e-53
1.70875e-53
8.68965e-54
4.41146e-54
2.23573e-54
1.13114e-54
5.71306e-55
2.8806e-55
1.44996e-55
7.28602e-56
3.65499e-56
1.8304e-56
9.15097e-57
4.56723e-57
2.27564e-57
1.13193e-57
5.62088e-58
2.78647e-58
1.37903e-58
6.81334e-59
3.3606e-59
1.6548e-59
8.13473e-60
3.99221e-60
1.95594e-60
9.56694e-61
4.67158e-61
2.27735e-61
1.10834e-61
5.38507e-62
2.61208e-62
1.26491e-62
6.11526e-63
2.95153e-63
1.4222e-63
6.84158e-64
3.28574e-64
1.57541e-64
7.54114e-65
3.60384e-65
1.71941e-65
8.18989e-66
3.89461e-66
1.849e-66
8.76395e-67
4.14717e-67
1.95926e-67
9.24111e-68
4.35159e-68
2.0458e-68
9.60222e-69
4.4996e-69
2.10509e-69
9.83248e-70
4.58513e-70
2.1347e-70
9.92247e-71
4.6047e-71
2.13344e-71
9.86874e-72
4.55767e-72
2.10148e-72
9.6741e-73
4.4463e-73
2.04028e-73
9.34732e-74
4.27552e-74
1.95253e-74
8.90249e-75
4.0526e-75
1.84189e-75
8.35805e-76
3.78665e-76
1.71283e-76
7.73549e-77
3.48796e-77
1.57025e-77
7.05798e-78
3.16742e-78
1.41921e-78
6.34899e-79
2.83582e-79
1.26465e-79
5.63092e-80
2.50327e-80
1.11111e-80
4.92409e-81
2.1788e-81
9.62563e-82
4.24585e-82
1.86992e-82
8.22256e-83
3.61007e-83
1.58252e-83
6.92646e-84
3.02691e-84
1.32074e-84
5.75389e-85
2.50286e-85
1.08703e-85
4.71388e-86
2.04102e-86
8.82365e-87
3.80875e-87
1.64154e-87
7.06406e-88
3.03525e-88
1.30219e-88
5.57847e-89
2.38685e-89
1.0214e-89
4.40444e-90
1.99123e-90
1.12015e-90
)
;

boundaryField
{
    sides
    {
        type            zeroGradient;
    }
    empty
    {
        type            empty;
    }
}


// ************************************************************************* //
