/*--------------------------------*- C++ -*----------------------------------*\
  =========                 |
  \\      /  F ield         | OpenFOAM: The Open Source CFD Toolbox
   \\    /   O peration     | Website:  https://openfoam.org
    \\  /    A nd           | Version:  13
     \\/     M anipulation  |
\*---------------------------------------------------------------------------*/
FoamFile
{
    format      ascii;
    class       volScalarField;
    location    "0.74";
    object      T;
}
// * * * * * * * * * * * * * * * * * * * * * * * * * * * * * * * * * * * * * //

dimensions      [0 0 0 1 0 0 0];

internalField   nonuniform List<scalar> 
1000
(
1.0115e-215
5.22507e-215
3.11364e-214
1.8598e-213
1.10879e-212
6.59725e-212
3.91749e-211
2.32155e-210
1.37302e-209
8.10394e-209
4.77351e-208
2.80608e-207
1.64619e-206
9.63771e-206
5.63096e-205
3.28325e-204
1.91045e-203
1.10936e-202
6.42864e-202
3.71765e-201
2.14546e-200
1.23558e-199
7.10105e-199
4.07257e-198
2.33082e-197
1.3312e-196
7.58692e-196
4.31496e-195
2.44892e-194
1.38693e-193
7.83825e-193
4.42041e-192
2.48762e-191
1.39695e-190
7.82804e-190
4.3772e-189
2.44235e-188
1.35984e-187
7.55499e-187
4.18834e-186
2.31693e-185
1.27891e-184
7.04411e-184
3.87139e-183
2.12304e-182
1.16172e-181
6.34297e-181
3.45565e-180
1.8785e-179
1.0189e-178
5.51435e-178
2.97778e-177
1.60445e-176
8.62565e-176
4.62688e-175
2.47635e-174
1.3224e-173
7.04589e-173
3.74568e-172
1.98675e-171
1.05141e-170
5.5516e-170
2.92465e-169
1.53723e-168
8.06144e-168
4.21784e-167
2.20176e-166
1.1467e-165
5.95838e-165
3.08888e-164
1.59759e-163
8.24371e-163
4.24392e-162
2.1797e-161
1.11689e-160
5.70956e-160
2.91188e-159
1.48157e-158
7.5204e-158
3.80831e-157
1.92394e-156
9.6965e-156
4.87531e-155
2.4454e-154
1.22365e-153
6.10825e-153
3.0418e-152
1.51111e-151
7.48869e-151
3.70222e-150
1.82583e-149
8.98253e-149
4.40833e-148
2.15816e-147
1.05396e-146
5.13445e-146
2.49511e-145
1.20951e-144
5.84857e-144
2.82103e-143
1.35732e-142
6.5143e-142
3.11863e-141
1.48925e-140
7.09371e-140
3.3704e-139
1.59731e-138
7.55076e-138
3.5603e-137
1.67445e-136
7.85495e-136
3.67536e-135
1.71529e-134
7.9846e-134
3.70719e-133
1.71676e-132
7.92942e-132
3.65293e-131
1.67844e-130
7.69182e-130
3.51569e-129
1.60268e-128
7.28676e-128
3.30423e-127
1.49435e-126
6.74024e-126
3.03206e-125
1.36031e-124
6.08652e-124
2.71601e-123
1.2087e-122
5.36452e-122
2.37445e-121
1.04812e-120
4.61398e-120
2.02558e-119
8.86811e-119
3.87183e-118
1.68579e-117
7.31959e-117
3.16932e-116
1.36847e-115
5.8924e-115
2.53007e-114
1.08332e-113
4.62547e-113
1.96938e-112
8.36131e-112
3.53987e-111
1.49439e-110
6.29071e-110
2.64054e-109
1.1052e-108
4.6125e-108
1.91946e-107
7.96464e-107
3.29527e-106
1.35942e-105
5.59173e-105
2.29334e-104
9.3781e-104
3.82369e-103
1.55442e-102
6.3004e-102
2.54611e-101
1.02587e-100
4.12109e-100
1.65056e-99
6.59088e-99
2.6239e-98
1.04145e-97
4.12113e-97
1.62582e-96
6.39446e-96
2.50731e-95
9.80122e-95
3.81959e-94
1.48393e-93
5.74735e-93
2.21908e-92
8.54139e-92
3.27739e-91
1.25362e-90
4.78017e-90
1.81699e-89
6.88474e-89
2.60045e-88
9.79104e-88
3.67473e-87
1.37478e-86
5.12682e-86
1.90575e-85
7.06129e-85
2.60793e-84
9.60061e-84
3.5228e-83
1.28842e-82
4.69684e-82
1.70658e-81
6.1804e-81
2.23085e-80
8.02573e-80
2.87776e-79
1.02843e-78
3.66303e-78
1.30032e-77
4.6004e-77
1.62209e-76
5.70008e-76
1.99624e-75
6.96725e-75
2.4234e-74
8.40038e-74
2.90187e-73
9.98979e-73
3.42713e-72
1.17164e-71
3.99159e-71
1.35512e-70
4.58444e-70
1.54549e-69
5.19174e-69
1.73788e-68
5.79675e-68
1.92664e-67
6.38064e-67
2.10557e-66
6.92325e-66
2.26821e-65
7.40428e-65
2.40826e-64
7.80442e-64
2.51993e-63
8.10669e-63
2.59836e-62
8.29755e-62
2.63992e-61
8.3679e-61
2.64254e-60
8.31385e-60
2.60586e-59
8.137e-59
2.53125e-58
7.84438e-58
2.42175e-57
7.44804e-57
2.28187e-56
6.9642e-56
2.11727e-55
6.41211e-55
1.93437e-54
5.81281e-54
1.73995e-53
5.18779e-53
1.54071e-52
4.55767e-52
1.34291e-51
3.94115e-51
1.15204e-50
3.35409e-50
9.7261e-50
2.809e-49
8.07999e-49
2.31477e-48
6.60446e-48
1.87669e-47
5.31092e-47
1.49679e-46
4.20106e-46
1.17425e-45
3.26857e-45
9.06034e-45
2.50101e-44
6.87485e-44
1.88184e-43
5.1294e-43
1.39222e-42
3.76274e-42
1.01262e-41
2.71347e-41
7.23998e-41
1.92343e-40
5.08788e-40
1.34002e-39
3.51391e-39
9.17427e-39
2.38477e-38
6.17176e-38
1.5902e-37
4.07915e-37
1.04173e-36
2.64849e-36
6.70345e-36
1.68906e-35
4.23674e-35
1.05792e-34
2.62967e-34
6.50682e-34
1.60269e-33
3.9295e-33
9.59011e-33
2.32971e-32
5.63336e-32
1.35585e-31
3.24807e-31
7.74469e-31
1.83798e-30
4.34138e-30
1.02061e-29
2.38795e-29
5.56059e-29
1.28866e-28
2.97215e-28
6.82199e-28
1.5583e-27
3.5423e-27
8.0132e-27
1.80387e-26
4.04087e-26
9.00761e-26
1.99803e-25
4.41005e-25
9.68561e-25
2.11664e-24
4.60249e-24
9.95773e-24
2.14358e-23
4.59121e-23
9.78389e-23
2.07437e-22
4.37569e-22
9.18295e-22
1.91728e-21
3.98247e-21
8.22949e-21
1.69176e-20
3.45976e-20
7.03857e-20
1.42445e-19
2.86766e-19
5.74272e-19
1.14396e-18
2.26672e-18
4.46758e-18
8.75847e-18
1.70788e-17
3.31247e-17
6.39006e-17
1.22605e-16
2.33968e-16
4.4406e-16
8.38217e-16
1.57359e-15
2.93795e-15
5.45511e-15
1.00731e-14
1.84977e-14
3.37799e-14
6.13449e-14
1.10782e-13
1.98943e-13
3.5526e-13
6.30834e-13
1.11386e-12
1.9556e-12
3.41401e-12
5.92616e-12
1.02282e-11
1.75525e-11
2.9949e-11
5.08071e-11
8.56958e-11
1.43708e-10
2.39597e-10
3.97152e-10
6.54485e-10
1.07227e-09
1.74648e-09
2.82797e-09
4.5523e-09
7.28493e-09
1.15892e-08
1.83277e-08
2.8813e-08
4.50282e-08
6.99511e-08
1.08022e-07
1.65819e-07
2.53019e-07
3.83767e-07
5.78591e-07
8.67086e-07
1.29162e-06
1.91243e-06
2.81457e-06
4.11726e-06
5.98652e-06
8.65177e-06
1.24279e-05
1.7744e-05
2.51805e-05
3.55167e-05
4.97914e-05
6.93791e-05
9.6085e-05
0.000132261
0.000180951
0.000246058
0.000332556
0.000446728
0.000596449
0.000791509
0.00104398
0.00136863
0.00178336
0.0023097
0.00297328
0.00380441
0.00483852
0.00611671
0.00768616
0.00960048
0.01192
0.0147118
0.0180499
0.0220144
0.0266917
0.0321731
0.038554
0.0459324
0.0544072
0.0640762
0.0750336
0.087368
0.101159
0.116476
0.133372
0.151885
0.172034
0.193816
0.217203
0.242145
0.268567
0.296366
0.325417
0.355572
0.386662
0.418497
0.450878
0.483589
0.516411
0.549122
0.581503
0.613338
0.644428
0.674583
0.703634
0.731433
0.757855
0.782797
0.806184
0.827966
0.848115
0.866628
0.883524
0.898841
0.912632
0.924966
0.935924
0.945593
0.954068
0.961446
0.967827
0.973308
0.977986
0.98195
0.985288
0.98808
0.9904
0.992314
0.993883
0.995161
0.996196
0.997027
0.99769
0.998217
0.998631
0.998956
0.999208
0.999403
0.999553
0.999667
0.999753
0.999817
0.999865
0.9999
0.999925
0.999942
0.999952
0.999957
0.999957
0.999952
0.999942
0.999925
0.9999
0.999865
0.999817
0.999753
0.999667
0.999553
0.999403
0.999208
0.998956
0.998631
0.998217
0.99769
0.997027
0.996196
0.995161
0.993883
0.992314
0.9904
0.98808
0.985288
0.98195
0.977986
0.973308
0.967827
0.961446
0.954068
0.945593
0.935924
0.924966
0.912632
0.898841
0.883524
0.866628
0.848115
0.827966
0.806184
0.782797
0.757855
0.731433
0.703634
0.674583
0.644428
0.613338
0.581503
0.549122
0.516411
0.483589
0.450878
0.418497
0.386662
0.355572
0.325417
0.296366
0.268567
0.242145
0.217203
0.193816
0.172034
0.151885
0.133372
0.116476
0.101159
0.087368
0.0750336
0.0640762
0.0544072
0.0459324
0.038554
0.0321731
0.0266917
0.0220144
0.0180499
0.0147118
0.01192
0.00960048
0.00768616
0.00611671
0.00483852
0.00380441
0.00297328
0.0023097
0.00178336
0.00136863
0.00104398
0.000791509
0.000596449
0.000446728
0.000332556
0.000246058
0.000180951
0.000132261
9.6085e-05
6.93791e-05
4.97914e-05
3.55167e-05
2.51805e-05
1.7744e-05
1.24279e-05
8.65177e-06
5.98652e-06
4.11726e-06
2.81457e-06
1.91243e-06
1.29162e-06
8.67086e-07
5.78591e-07
3.83767e-07
2.53019e-07
1.65819e-07
1.08022e-07
6.99511e-08
4.50282e-08
2.8813e-08
1.83277e-08
1.15892e-08
7.28493e-09
4.5523e-09
2.82797e-09
1.74648e-09
1.07227e-09
6.54485e-10
3.97152e-10
2.39597e-10
1.43708e-10
8.56958e-11
5.08071e-11
2.9949e-11
1.75525e-11
1.02282e-11
5.92616e-12
3.41401e-12
1.9556e-12
1.11386e-12
6.30834e-13
3.5526e-13
1.98943e-13
1.10782e-13
6.13449e-14
3.37799e-14
1.84977e-14
1.00731e-14
5.45511e-15
2.93795e-15
1.57359e-15
8.38217e-16
4.4406e-16
2.33968e-16
1.22605e-16
6.39006e-17
3.31247e-17
1.70788e-17
8.75847e-18
4.46758e-18
2.26672e-18
1.14396e-18
5.74272e-19
2.86766e-19
1.42445e-19
7.03857e-20
3.45976e-20
1.69176e-20
8.22949e-21
3.98247e-21
1.91728e-21
9.18295e-22
4.37569e-22
2.07437e-22
9.78389e-23
4.59121e-23
2.14358e-23
9.95773e-24
4.60249e-24
2.11664e-24
9.68561e-25
4.41005e-25
1.99803e-25
9.00761e-26
4.04087e-26
1.80387e-26
8.0132e-27
3.5423e-27
1.5583e-27
6.82199e-28
2.97215e-28
1.28866e-28
5.56059e-29
2.38795e-29
1.02061e-29
4.34138e-30
1.83798e-30
7.74469e-31
3.24807e-31
1.35585e-31
5.63336e-32
2.32971e-32
9.59011e-33
3.9295e-33
1.60269e-33
6.50682e-34
2.62967e-34
1.05792e-34
4.23674e-35
1.68906e-35
6.70345e-36
2.64849e-36
1.04173e-36
4.07915e-37
1.5902e-37
6.17176e-38
2.38477e-38
9.17427e-39
3.51391e-39
1.34002e-39
5.08788e-40
1.92343e-40
7.23998e-41
2.71347e-41
1.01262e-41
3.76274e-42
1.39222e-42
5.1294e-43
1.88184e-43
6.87485e-44
2.50101e-44
9.06034e-45
3.26857e-45
1.17425e-45
4.20106e-46
1.49679e-46
5.31092e-47
1.87669e-47
6.60446e-48
2.31477e-48
8.07999e-49
2.809e-49
9.7261e-50
3.35409e-50
1.15204e-50
3.94115e-51
1.34291e-51
4.55767e-52
1.54071e-52
5.18779e-53
1.73995e-53
5.81281e-54
1.93437e-54
6.41211e-55
2.11727e-55
6.9642e-56
2.28187e-56
7.44804e-57
2.42175e-57
7.84438e-58
2.53125e-58
8.137e-59
2.60586e-59
8.31385e-60
2.64254e-60
8.3679e-61
2.63992e-61
8.29755e-62
2.59836e-62
8.10669e-63
2.51993e-63
7.80442e-64
2.40826e-64
7.40428e-65
2.26821e-65
6.92325e-66
2.10557e-66
6.38064e-67
1.92664e-67
5.79675e-68
1.73788e-68
5.19174e-69
1.54549e-69
4.58444e-70
1.35512e-70
3.99159e-71
1.17164e-71
3.42713e-72
9.98979e-73
2.90187e-73
8.40038e-74
2.4234e-74
6.96725e-75
1.99624e-75
5.70008e-76
1.62209e-76
4.6004e-77
1.30032e-77
3.66303e-78
1.02843e-78
2.87776e-79
8.02573e-80
2.23085e-80
6.1804e-81
1.70658e-81
4.69684e-82
1.28842e-82
3.5228e-83
9.60061e-84
2.60793e-84
7.06129e-85
1.90575e-85
5.12682e-86
1.37478e-86
3.67473e-87
9.79104e-88
2.60045e-88
6.88474e-89
1.81699e-89
4.78017e-90
1.25362e-90
3.27739e-91
8.54139e-92
2.21908e-92
5.74735e-93
1.48393e-93
3.81959e-94
9.80122e-95
2.50731e-95
6.39446e-96
1.62582e-96
4.12113e-97
1.04145e-97
2.6239e-98
6.59088e-99
1.65056e-99
4.12109e-100
1.02587e-100
2.54611e-101
6.3004e-102
1.55442e-102
3.82369e-103
9.3781e-104
2.29334e-104
5.59173e-105
1.35942e-105
3.29527e-106
7.96464e-107
1.91946e-107
4.6125e-108
1.1052e-108
2.64054e-109
6.29071e-110
1.49439e-110
3.53987e-111
8.36131e-112
1.96938e-112
4.62547e-113
1.08332e-113
2.53007e-114
5.8924e-115
1.36847e-115
3.16932e-116
7.31959e-117
1.68579e-117
3.87183e-118
8.86811e-119
2.02558e-119
4.61398e-120
1.04812e-120
2.37445e-121
5.36452e-122
1.2087e-122
2.71601e-123
6.08652e-124
1.36031e-124
3.03206e-125
6.74024e-126
1.49435e-126
3.30423e-127
7.28676e-128
1.60268e-128
3.51569e-129
7.69182e-130
1.67844e-130
3.65293e-131
7.92942e-132
1.71676e-132
3.70719e-133
7.9846e-134
1.71529e-134
3.67536e-135
7.85495e-136
1.67445e-136
3.5603e-137
7.55076e-138
1.59731e-138
3.3704e-139
7.09371e-140
1.48925e-140
3.11863e-141
6.5143e-142
1.35732e-142
2.82103e-143
5.84857e-144
1.20951e-144
2.49511e-145
5.13445e-146
1.05396e-146
2.15816e-147
4.40833e-148
8.98253e-149
1.82583e-149
3.70222e-150
7.48869e-151
1.51111e-151
3.0418e-152
6.10825e-153
1.22365e-153
2.4454e-154
4.87531e-155
9.6965e-156
1.92394e-156
3.80831e-157
7.5204e-158
1.48157e-158
2.91188e-159
5.70956e-160
1.11689e-160
2.1797e-161
4.24392e-162
8.24371e-163
1.59759e-163
3.08888e-164
5.95838e-165
1.1467e-165
2.20176e-166
4.21784e-167
8.06144e-168
1.53723e-168
2.92465e-169
5.5516e-170
1.05141e-170
1.98675e-171
3.74568e-172
7.04589e-173
1.3224e-173
2.47635e-174
4.62688e-175
8.62565e-176
1.60445e-176
2.97778e-177
5.51435e-178
1.0189e-178
1.8785e-179
3.45565e-180
6.34297e-181
1.16172e-181
2.12304e-182
3.87139e-183
7.04411e-184
1.27891e-184
2.31693e-185
4.18834e-186
7.55499e-187
1.35984e-187
2.44235e-188
4.3772e-189
7.82804e-190
1.39695e-190
2.48762e-191
4.42041e-192
7.83825e-193
1.38693e-193
2.44892e-194
4.31496e-195
7.58692e-196
1.3312e-196
2.33082e-197
4.07257e-198
7.10105e-199
1.23558e-199
2.14546e-200
3.71765e-201
6.42864e-202
1.10936e-202
1.91045e-203
3.28325e-204
5.63096e-205
9.63771e-206
1.64619e-206
2.80608e-207
4.77351e-208
8.10394e-209
1.37302e-209
2.32155e-210
3.91749e-211
6.59725e-212
1.10879e-212
1.8598e-213
3.11364e-214
5.22507e-215
1.0115e-215
)
;

boundaryField
{
    sides
    {
        type            zeroGradient;
    }
    empty
    {
        type            empty;
    }
}


// ************************************************************************* //
