/*--------------------------------*- C++ -*----------------------------------*\
  =========                 |
  \\      /  F ield         | OpenFOAM: The Open Source CFD Toolbox
   \\    /   O peration     | Website:  https://openfoam.org
    \\  /    A nd           | Version:  13
     \\/     M anipulation  |
\*---------------------------------------------------------------------------*/
FoamFile
{
    format      ascii;
    class       volScalarField;
    location    "1.835";
    object      T;
}
// * * * * * * * * * * * * * * * * * * * * * * * * * * * * * * * * * * * * * //

dimensions      [0 0 0 1 0 0 0];

internalField   nonuniform List<scalar> 
1000
(
1.16926e-110
2.5083e-110
6.70829e-110
1.85296e-109
5.1325e-109
1.42007e-108
3.92274e-108
1.08178e-107
2.97819e-107
8.18518e-107
2.24578e-106
6.15128e-106
1.682e-105
4.59137e-105
1.25118e-104
3.4037e-104
9.24356e-104
2.50601e-103
6.78233e-103
1.83243e-102
4.9423e-102
1.3307e-101
3.57669e-101
9.59688e-101
2.57055e-100
6.87337e-100
1.83467e-99
4.88866e-99
1.30037e-98
3.45289e-98
9.15253e-98
2.42181e-97
6.39701e-97
1.68676e-96
4.43981e-96
1.16657e-95
3.05981e-95
8.01142e-95
2.09391e-94
5.46307e-94
1.42281e-93
3.69901e-93
9.59959e-93
2.48683e-92
6.43082e-92
1.66001e-91
4.2774e-91
1.1002e-90
2.82477e-90
7.23963e-90
1.85212e-89
4.72977e-89
1.20567e-88
3.06783e-88
7.79203e-88
1.97553e-87
4.99952e-87
1.26295e-86
3.18458e-86
8.01548e-86
2.01379e-85
5.05018e-85
1.26417e-84
3.1587e-84
7.87799e-84
1.96121e-83
4.87344e-83
1.20878e-82
2.99267e-82
7.39549e-82
1.8242e-81
4.49133e-81
1.10375e-80
2.70746e-80
6.62894e-80
1.62001e-79
3.95168e-79
9.62132e-79
2.33817e-78
5.67156e-78
1.37314e-77
3.31828e-77
8.00376e-77
1.92689e-76
4.63021e-76
1.11052e-75
2.65844e-75
6.35195e-75
1.51483e-74
3.60574e-74
8.56642e-74
2.03131e-73
4.80758e-73
1.13566e-72
2.67754e-72
6.30077e-72
1.47985e-71
3.46903e-71
8.1164e-71
1.89532e-70
4.41736e-70
1.02755e-69
2.38564e-69
5.52797e-69
1.27845e-68
2.95092e-68
6.79808e-68
1.56304e-67
3.58678e-67
8.21471e-67
1.87772e-66
4.28368e-66
9.75331e-66
2.21632e-65
5.02644e-65
1.13771e-64
2.57008e-64
5.79433e-64
1.30377e-63
2.92778e-63
6.56165e-63
1.46766e-62
3.27623e-62
7.29889e-62
1.62283e-61
3.601e-61
7.97448e-61
1.76243e-60
3.88732e-60
8.55691e-60
1.87979e-59
4.12122e-59
9.0171e-59
1.96893e-58
4.29057e-58
9.33082e-58
2.02509e-57
4.38617e-57
9.48075e-57
2.04511e-56
4.40254e-56
9.45807e-56
2.02775e-55
4.33846e-55
9.26331e-55
1.97381e-54
4.1971e-54
8.90635e-54
1.88605e-53
3.98577e-53
8.40564e-53
1.76901e-52
3.71526e-52
7.78655e-52
1.62854e-51
3.39897e-51
7.07929e-51
1.47138e-50
3.05178e-50
6.31643e-50
1.3046e-49
2.6889e-49
5.5304e-49
1.13507e-48
2.32475e-48
4.75128e-48
9.69008e-48
1.97208e-47
4.00499e-47
8.11625e-47
1.6413e-46
3.31203e-46
6.66922e-46
1.34008e-45
2.68693e-45
5.37591e-45
1.07329e-44
2.13822e-44
4.25063e-44
8.43179e-44
1.66898e-43
3.29644e-43
6.49681e-43
1.27766e-42
2.50722e-42
4.90938e-42
9.59217e-42
1.87009e-41
3.63801e-41
7.06183e-41
1.3678e-40
2.6435e-40
5.09782e-40
9.80931e-40
1.88339e-39
3.60816e-39
6.89725e-39
1.31556e-38
2.50372e-38
4.75447e-38
9.00861e-38
1.70315e-37
3.21279e-37
6.04713e-37
1.13567e-36
2.12806e-36
3.97879e-36
7.42247e-36
1.38158e-35
2.56584e-35
4.75458e-35
8.79063e-35
1.62163e-34
2.98475e-34
5.48134e-34
1.00435e-33
1.83613e-33
3.3492e-33
6.09531e-33
1.10679e-32
2.00517e-32
3.62452e-32
6.53674e-32
1.17621e-31
2.11162e-31
3.78231e-31
6.75935e-31
1.2052e-30
2.14398e-30
3.80526e-30
6.7383e-30
1.19047e-29
2.09839e-29
3.69024e-29
6.4747e-29
1.1334e-28
1.97943e-28
3.44899e-28
5.99565e-28
1.03986e-27
1.79929e-27
3.10613e-27
5.34965e-27
9.19217e-27
1.57579e-26
2.69502e-26
4.59843e-26
7.82781e-26
1.32939e-25
2.2524e-25
3.80729e-25
6.42045e-25
1.08017e-24
1.81298e-24
3.03578e-24
5.07131e-24
8.45167e-24
1.40519e-23
2.33077e-23
3.85684e-23
6.36696e-23
1.04857e-22
1.72279e-22
2.82376e-22
4.61731e-22
7.53201e-22
1.22573e-21
1.98993e-21
3.22286e-21
5.20717e-21
8.39304e-21
1.34956e-20
2.16481e-20
3.46419e-20
5.53014e-20
8.80688e-20
1.39913e-19
2.2174e-19
3.50573e-19
5.52916e-19
8.69936e-19
1.3654e-18
2.13785e-18
3.33917e-18
5.20285e-18
8.08696e-18
1.25392e-17
1.93952e-17
2.99265e-17
4.60634e-17
7.07281e-17
1.08334e-16
1.65527e-16
2.52295e-16
3.83602e-16
5.81814e-16
8.80276e-16
1.32857e-15
2.00021e-15
3.00399e-15
4.50035e-15
6.72544e-15
1.00258e-14
1.49089e-14
2.21153e-14
3.27238e-14
4.83011e-14
7.11166e-14
1.04449e-13
1.53024e-13
2.2363e-13
3.26002e-13
4.74054e-13
6.87624e-13
9.94924e-13
1.43596e-12
2.06734e-12
2.96887e-12
4.2529e-12
6.07701e-12
8.66176e-12
1.23149e-11
1.7465e-11
2.47067e-11
3.48632e-11
4.90714e-11
6.88965e-11
9.64876e-11
1.34788e-10
1.87818e-10
2.61053e-10
3.61929e-10
5.0052e-10
6.90434e-10
9.50004e-10
1.30386e-09
1.785e-09
2.4375e-09
3.32012e-09
4.51088e-09
6.11321e-09
8.26374e-09
1.11425e-08
1.4986e-08
2.01043e-08
2.69022e-08
3.59075e-08
4.78056e-08
6.34848e-08
8.40924e-08
1.11107e-07
1.46426e-07
1.92484e-07
2.52386e-07
3.30089e-07
4.30618e-07
5.60337e-07
7.27278e-07
9.41557e-07
1.21587e-06
1.56612e-06
2.01213e-06
2.57858e-06
3.29611e-06
4.2026e-06
5.34477e-06
6.78009e-06
8.57902e-06
1.08277e-05
1.3631e-05
1.71167e-05
2.1439e-05
2.67848e-05
3.33787e-05
4.14904e-05
5.14427e-05
6.36208e-05
7.84826e-05
9.65711e-05
0.000118528
0.00014511
0.000177204
0.000215851
0.000262263
0.000317852
0.000384253
0.000463357
0.000557341
0.000668705
0.000800309
0.000955413
0.00113772
0.00135143
0.00160128
0.00189259
0.00223132
0.00262415
0.00307846
0.00360249
0.00420529
0.00489683
0.00568804
0.00659084
0.00761818
0.00878409
0.0101037
0.0115932
0.0132699
0.0151523
0.0172598
0.0196131
0.0222336
0.0251438
0.0283669
0.031927
0.0358486
0.0401566
0.0448764
0.0500332
0.0556523
0.0617584
0.0683758
0.0755277
0.0832364
0.0915226
0.100405
0.109902
0.120027
0.130792
0.142208
0.15428
0.167012
0.180402
0.194447
0.209139
0.224465
0.240409
0.256952
0.274068
0.291731
0.309906
0.328559
0.347649
0.367134
0.386968
0.407101
0.427483
0.448061
0.46878
0.489584
0.510416
0.53122
0.551938
0.572516
0.592898
0.613032
0.632865
0.65235
0.67144
0.690093
0.708268
0.72593
0.743046
0.759588
0.775531
0.790856
0.805546
0.81959
0.832978
0.845706
0.857775
0.869186
0.879946
0.890065
0.899553
0.908426
0.9167
0.924394
0.931528
0.938123
0.944203
0.94979
0.954908
0.959581
0.963834
0.967689
0.97117
0.974299
0.977098
0.979587
0.981785
0.98371
0.985379
0.986806
0.988004
0.988985
0.989758
0.990331
0.990709
0.990898
0.990898
0.990709
0.990331
0.989758
0.988985
0.988004
0.986806
0.985379
0.98371
0.981785
0.979587
0.977098
0.974299
0.97117
0.967689
0.963834
0.959581
0.954908
0.94979
0.944203
0.938123
0.931528
0.924394
0.9167
0.908426
0.899553
0.890065
0.879946
0.869186
0.857775
0.845706
0.832978
0.81959
0.805546
0.790856
0.775531
0.759588
0.743046
0.72593
0.708268
0.690093
0.67144
0.65235
0.632865
0.613032
0.592898
0.572516
0.551938
0.53122
0.510416
0.489584
0.46878
0.448061
0.427483
0.407101
0.386968
0.367134
0.347649
0.328559
0.309906
0.291731
0.274068
0.256952
0.240409
0.224465
0.209139
0.194447
0.180402
0.167012
0.15428
0.142208
0.130792
0.120027
0.109902
0.100405
0.0915226
0.0832364
0.0755277
0.0683758
0.0617584
0.0556523
0.0500332
0.0448764
0.0401566
0.0358486
0.031927
0.0283669
0.0251438
0.0222336
0.0196131
0.0172598
0.0151523
0.0132699
0.0115932
0.0101037
0.00878409
0.00761818
0.00659084
0.00568804
0.00489683
0.00420529
0.00360249
0.00307846
0.00262415
0.00223132
0.00189259
0.00160128
0.00135143
0.00113772
0.000955413
0.000800309
0.000668705
0.000557341
0.000463357
0.000384253
0.000317852
0.000262263
0.000215851
0.000177204
0.00014511
0.000118528
9.65711e-05
7.84826e-05
6.36208e-05
5.14427e-05
4.14904e-05
3.33787e-05
2.67848e-05
2.1439e-05
1.71167e-05
1.3631e-05
1.08277e-05
8.57902e-06
6.78009e-06
5.34477e-06
4.2026e-06
3.29611e-06
2.57858e-06
2.01213e-06
1.56612e-06
1.21587e-06
9.41557e-07
7.27278e-07
5.60337e-07
4.30618e-07
3.30089e-07
2.52386e-07
1.92484e-07
1.46426e-07
1.11107e-07
8.40924e-08
6.34848e-08
4.78056e-08
3.59075e-08
2.69022e-08
2.01043e-08
1.4986e-08
1.11425e-08
8.26374e-09
6.11321e-09
4.51088e-09
3.32012e-09
2.4375e-09
1.785e-09
1.30386e-09
9.50004e-10
6.90434e-10
5.0052e-10
3.61929e-10
2.61053e-10
1.87818e-10
1.34788e-10
9.64876e-11
6.88965e-11
4.90714e-11
3.48632e-11
2.47067e-11
1.7465e-11
1.23149e-11
8.66176e-12
6.07701e-12
4.2529e-12
2.96887e-12
2.06734e-12
1.43596e-12
9.94924e-13
6.87624e-13
4.74054e-13
3.26002e-13
2.2363e-13
1.53024e-13
1.04449e-13
7.11166e-14
4.83011e-14
3.27238e-14
2.21153e-14
1.49089e-14
1.00258e-14
6.72544e-15
4.50035e-15
3.00399e-15
2.00021e-15
1.32857e-15
8.80276e-16
5.81814e-16
3.83602e-16
2.52295e-16
1.65527e-16
1.08334e-16
7.07281e-17
4.60634e-17
2.99265e-17
1.93952e-17
1.25392e-17
8.08696e-18
5.20285e-18
3.33917e-18
2.13785e-18
1.3654e-18
8.69936e-19
5.52916e-19
3.50573e-19
2.2174e-19
1.39913e-19
8.80688e-20
5.53014e-20
3.46419e-20
2.16481e-20
1.34956e-20
8.39304e-21
5.20717e-21
3.22286e-21
1.98993e-21
1.22573e-21
7.53201e-22
4.61731e-22
2.82376e-22
1.72279e-22
1.04857e-22
6.36696e-23
3.85684e-23
2.33077e-23
1.40519e-23
8.45167e-24
5.07131e-24
3.03578e-24
1.81298e-24
1.08017e-24
6.42045e-25
3.80729e-25
2.2524e-25
1.32939e-25
7.82781e-26
4.59843e-26
2.69502e-26
1.57579e-26
9.19217e-27
5.34965e-27
3.10613e-27
1.79929e-27
1.03986e-27
5.99565e-28
3.44899e-28
1.97943e-28
1.1334e-28
6.4747e-29
3.69024e-29
2.09839e-29
1.19047e-29
6.7383e-30
3.80526e-30
2.14398e-30
1.2052e-30
6.75935e-31
3.78231e-31
2.11162e-31
1.17621e-31
6.53674e-32
3.62452e-32
2.00517e-32
1.10679e-32
6.09531e-33
3.3492e-33
1.83613e-33
1.00435e-33
5.48134e-34
2.98475e-34
1.62163e-34
8.79063e-35
4.75458e-35
2.56584e-35
1.38158e-35
7.42247e-36
3.97879e-36
2.12806e-36
1.13567e-36
6.04713e-37
3.21279e-37
1.70315e-37
9.00861e-38
4.75447e-38
2.50372e-38
1.31556e-38
6.89725e-39
3.60816e-39
1.88339e-39
9.80931e-40
5.09782e-40
2.6435e-40
1.3678e-40
7.06183e-41
3.63801e-41
1.87009e-41
9.59217e-42
4.90938e-42
2.50722e-42
1.27766e-42
6.49681e-43
3.29644e-43
1.66898e-43
8.43179e-44
4.25063e-44
2.13822e-44
1.07329e-44
5.37591e-45
2.68693e-45
1.34008e-45
6.66922e-46
3.31203e-46
1.6413e-46
8.11625e-47
4.00499e-47
1.97208e-47
9.69008e-48
4.75128e-48
2.32475e-48
1.13507e-48
5.5304e-49
2.6889e-49
1.3046e-49
6.31643e-50
3.05178e-50
1.47138e-50
7.07929e-51
3.39897e-51
1.62854e-51
7.78655e-52
3.71526e-52
1.76901e-52
8.40564e-53
3.98577e-53
1.88605e-53
8.90635e-54
4.1971e-54
1.97381e-54
9.26331e-55
4.33846e-55
2.02775e-55
9.45807e-56
4.40254e-56
2.04511e-56
9.48075e-57
4.38617e-57
2.02509e-57
9.33082e-58
4.29057e-58
1.96893e-58
9.0171e-59
4.12122e-59
1.87979e-59
8.55691e-60
3.88732e-60
1.76243e-60
7.97448e-61
3.601e-61
1.62283e-61
7.29889e-62
3.27623e-62
1.46766e-62
6.56165e-63
2.92778e-63
1.30377e-63
5.79433e-64
2.57008e-64
1.13771e-64
5.02644e-65
2.21632e-65
9.75331e-66
4.28368e-66
1.87772e-66
8.21471e-67
3.58678e-67
1.56304e-67
6.79808e-68
2.95092e-68
1.27845e-68
5.52797e-69
2.38564e-69
1.02755e-69
4.41736e-70
1.89532e-70
8.1164e-71
3.46903e-71
1.47985e-71
6.30077e-72
2.67754e-72
1.13566e-72
4.80758e-73
2.03131e-73
8.56642e-74
3.60574e-74
1.51483e-74
6.35195e-75
2.65844e-75
1.11052e-75
4.63021e-76
1.92689e-76
8.00376e-77
3.31828e-77
1.37314e-77
5.67156e-78
2.33817e-78
9.62132e-79
3.95168e-79
1.62001e-79
6.62894e-80
2.70746e-80
1.10375e-80
4.49133e-81
1.8242e-81
7.39549e-82
2.99267e-82
1.20878e-82
4.87344e-83
1.96121e-83
7.87799e-84
3.1587e-84
1.26417e-84
5.05018e-85
2.01379e-85
8.01548e-86
3.18458e-86
1.26295e-86
4.99952e-87
1.97553e-87
7.79203e-88
3.06783e-88
1.20567e-88
4.72977e-89
1.85212e-89
7.23963e-90
2.82477e-90
1.1002e-90
4.2774e-91
1.66001e-91
6.43082e-92
2.48683e-92
9.59959e-93
3.69901e-93
1.42281e-93
5.46307e-94
2.09391e-94
8.01142e-95
3.05981e-95
1.16657e-95
4.43981e-96
1.68676e-96
6.39701e-97
2.42181e-97
9.15253e-98
3.45289e-98
1.30037e-98
4.88866e-99
1.83467e-99
6.87337e-100
2.57055e-100
9.59688e-101
3.57669e-101
1.3307e-101
4.9423e-102
1.83243e-102
6.78233e-103
2.50601e-103
9.24356e-104
3.4037e-104
1.25118e-104
4.59137e-105
1.682e-105
6.15128e-106
2.24578e-106
8.18518e-107
2.97819e-107
1.08178e-107
3.92274e-108
1.42007e-108
5.1325e-109
1.85296e-109
6.70829e-110
2.5083e-110
1.16926e-110
)
;

boundaryField
{
    sides
    {
        type            zeroGradient;
    }
    empty
    {
        type            empty;
    }
}


// ************************************************************************* //
