/*--------------------------------*- C++ -*----------------------------------*\
  =========                 |
  \\      /  F ield         | OpenFOAM: The Open Source CFD Toolbox
   \\    /   O peration     | Website:  https://openfoam.org
    \\  /    A nd           | Version:  13
     \\/     M anipulation  |
\*---------------------------------------------------------------------------*/
FoamFile
{
    format      ascii;
    class       volScalarField;
    location    "4.2";
    object      T;
}
// * * * * * * * * * * * * * * * * * * * * * * * * * * * * * * * * * * * * * //

dimensions      [0 0 0 1 0 0 0];

internalField   nonuniform List<scalar> 
1000
(
3.83031e-53
4.85963e-53
7.19032e-53
1.14371e-52
1.8717e-52
3.09377e-52
5.12893e-52
8.50628e-52
1.41002e-51
2.33527e-51
3.8639e-51
6.38664e-51
1.05456e-50
1.73946e-50
2.8662e-50
4.71786e-50
7.75763e-50
1.27426e-49
2.09091e-49
3.42734e-49
5.61207e-49
9.17983e-49
1.5e-48
2.44845e-48
3.99242e-48
6.50317e-48
1.05818e-47
1.72002e-47
2.79289e-47
4.53019e-47
7.34044e-47
1.18815e-46
1.92115e-46
3.10309e-46
5.00691e-46
8.07026e-46
1.29941e-45
2.09e-45
3.35805e-45
5.38976e-45
8.64157e-45
1.38406e-44
2.21442e-44
3.53919e-44
5.65052e-44
9.0118e-44
1.43574e-43
2.28495e-43
3.6326e-43
5.76897e-43
9.15202e-43
1.45035e-42
2.29599e-42
3.6308e-42
5.73552e-42
9.05069e-42
1.42668e-41
2.24652e-41
3.5337e-41
5.55247e-41
8.71524e-41
1.3665e-40
2.14029e-40
3.34869e-40
5.23373e-40
8.17116e-40
1.27436e-39
1.98533e-39
3.08966e-39
4.8031e-39
7.45879e-39
1.15704e-38
1.79293e-38
2.77531e-38
4.29133e-38
6.62838e-38
1.02272e-37
1.57629e-37
2.42689e-37
3.73247e-37
5.73424e-37
8.80007e-37
1.34905e-36
2.06587e-36
3.16016e-36
4.82889e-36
7.37082e-36
1.12387e-35
1.71177e-35
2.60439e-35
3.95819e-35
6.00922e-35
9.11317e-35
1.38054e-34
2.08911e-34
3.15791e-34
4.76836e-34
7.19229e-34
1.08366e-33
1.63098e-33
2.45207e-33
3.68251e-33
5.52439e-33
8.2785e-33
1.23922e-32
1.85297e-32
2.7677e-32
4.12948e-32
6.1546e-32
9.16283e-32
1.36266e-31
2.02428e-31
3.00385e-31
4.4526e-31
6.59287e-31
9.75126e-31
1.4407e-30
2.12622e-30
3.13452e-30
4.61591e-30
6.78998e-30
9.97709e-30
1.46441e-29
2.14708e-29
3.14452e-29
4.6003e-29
6.72266e-29
9.81339e-29
1.43094e-28
2.08423e-28
3.03244e-28
4.40719e-28
6.39814e-28
9.27829e-28
1.34402e-27
1.94475e-27
2.81089e-27
4.05831e-27
5.85286e-27
8.43164e-27
1.21333e-26
1.74407e-26
2.50421e-26
3.59168e-26
5.14572e-26
7.364e-26
1.05269e-25
1.50318e-25
2.14406e-25
3.05481e-25
4.34762e-25
6.18069e-25
8.77691e-25
1.24499e-24
1.76404e-24
2.49671e-24
3.52978e-24
4.98477e-24
7.0317e-24
9.90818e-24
1.39459e-23
1.96071e-23
2.75359e-23
3.86281e-23
5.41282e-23
7.57638e-23
1.05929e-22
1.4794e-22
2.06383e-22
2.87593e-22
4.00312e-22
5.56589e-22
7.73012e-22
1.07239e-21
1.48606e-21
2.05701e-21
2.84414e-21
3.92808e-21
5.41907e-21
7.46765e-21
1.02792e-20
1.41334e-20
1.94111e-20
2.66297e-20
3.64921e-20
4.9951e-20
6.82973e-20
9.32775e-20
1.27252e-19
1.73406e-19
2.36036e-19
3.20926e-19
4.35858e-19
5.91287e-19
8.01244e-19
1.08453e-18
1.46634e-18
1.98033e-18
2.6715e-18
3.59984e-18
4.84533e-18
6.51442e-18
8.74862e-18
1.17359e-17
1.57255e-17
2.10476e-17
2.81393e-17
3.75781e-17
5.01265e-17
6.67899e-17
8.88926e-17
1.18177e-16
1.56931e-16
2.08159e-16
2.75798e-16
3.65005e-16
4.82522e-16
6.37155e-16
8.40394e-16
1.10721e-15
1.4571e-15
1.91539e-15
2.51498e-15
3.29853e-15
4.32133e-15
5.65487e-15
7.39158e-15
9.65076e-15
1.25862e-14
1.6396e-14
2.13348e-14
2.77299e-14
3.60012e-14
4.66868e-14
6.04755e-14
7.82481e-14
1.01129e-13
1.30553e-13
1.68348e-13
2.16837e-13
2.78978e-13
3.5852e-13
4.6022e-13
5.90099e-13
7.55774e-13
9.66867e-13
1.23552e-12
1.57703e-12
2.01066e-12
2.56061e-12
3.25729e-12
4.13882e-12
5.25296e-12
6.65946e-12
8.43298e-12
1.06667e-11
1.34768e-11
1.70079e-11
2.14398e-11
2.69959e-11
3.39534e-11
4.26554e-11
5.3527e-11
6.70931e-11
8.40021e-11
1.05053e-10
1.31231e-10
1.63745e-10
2.04083e-10
2.54069e-10
3.1594e-10
3.92432e-10
4.86889e-10
6.03396e-10
7.46933e-10
9.23565e-10
1.14067e-09
1.40721e-09
1.73406e-09
2.1344e-09
2.62419e-09
3.22271e-09
3.95324e-09
4.84386e-09
5.92839e-09
7.24752e-09
8.8501e-09
1.07948e-08
1.31518e-08
1.60053e-08
1.94559e-08
2.36235e-08
2.86512e-08
3.47096e-08
4.20013e-08
5.07673e-08
6.12931e-08
7.39173e-08
8.90406e-08
1.07136e-07
1.28764e-07
1.54581e-07
1.85365e-07
2.22028e-07
2.6564e-07
3.17459e-07
3.78956e-07
4.51855e-07
5.38166e-07
6.40238e-07
7.60809e-07
9.03062e-07
1.0707e-06
1.26802e-06
1.50001e-06
1.77243e-06
2.09197e-06
2.46631e-06
2.90436e-06
3.41636e-06
4.01407e-06
4.71103e-06
5.52276e-06
6.46706e-06
7.56428e-06
8.83768e-06
1.03138e-05
1.2023e-05
1.39995e-05
1.62827e-05
1.8917e-05
2.19527e-05
2.54469e-05
2.94641e-05
3.40773e-05
3.93684e-05
4.54301e-05
5.23663e-05
6.02939e-05
6.93439e-05
7.96629e-05
9.14151e-05
0.000104784
0.000119973
0.000137211
0.00015675
0.000178872
0.000203889
0.000232145
0.000264023
0.000299945
0.000340374
0.000385825
0.000436859
0.000494094
0.000558209
0.000629946
0.000710114
0.000799601
0.00089937
0.00101047
0.00113405
0.00127133
0.00142367
0.00159251
0.00177941
0.00198608
0.00221431
0.00246608
0.00274346
0.00304872
0.00338425
0.00375261
0.00415655
0.00459896
0.00508295
0.00561179
0.00618895
0.0068181
0.00750311
0.00824806
0.00905722
0.00993509
0.0108864
0.011916
0.0130291
0.014231
0.0155272
0.0169235
0.0184259
0.0200404
0.0217733
0.0236313
0.0256208
0.0277488
0.0300221
0.0324477
0.0350328
0.0377847
0.0407105
0.0438176
0.0471134
0.050605
0.0542998
0.0582048
0.0623273
0.066674
0.0712519
0.0760673
0.0811266
0.0864359
0.0920009
0.0978269
0.103919
0.110282
0.116919
0.123835
0.131032
0.138513
0.14628
0.154334
0.162677
0.171307
0.180224
0.189427
0.198914
0.208682
0.218727
0.229044
0.239629
0.250475
0.261575
0.272923
0.284509
0.296324
0.308359
0.320603
0.333045
0.345673
0.358473
0.371434
0.384541
0.397779
0.411135
0.424593
0.438137
0.451751
0.46542
0.479126
0.492852
0.506584
0.520302
0.533991
0.547633
0.561212
0.574712
0.588115
0.601406
0.614568
0.627587
0.640447
0.653133
0.665631
0.677928
0.690009
0.701862
0.713476
0.724838
0.735937
0.746763
0.757306
0.767558
0.777509
0.787151
0.796478
0.805482
0.814158
0.822499
0.830501
0.838158
0.845468
0.852427
0.859031
0.865277
0.871163
0.876688
0.881849
0.886645
0.891075
0.895137
0.898832
0.902159
0.905116
0.907705
0.909924
0.911773
0.913252
0.914362
0.915102
0.915472
0.915472
0.915102
0.914362
0.913252
0.911773
0.909924
0.907705
0.905116
0.902159
0.898832
0.895137
0.891075
0.886645
0.881849
0.876688
0.871163
0.865277
0.859031
0.852427
0.845468
0.838158
0.830501
0.822499
0.814158
0.805482
0.796478
0.787151
0.777509
0.767558
0.757306
0.746763
0.735937
0.724838
0.713476
0.701862
0.690009
0.677928
0.665631
0.653133
0.640447
0.627587
0.614568
0.601406
0.588115
0.574712
0.561212
0.547633
0.533991
0.520302
0.506584
0.492852
0.479126
0.46542
0.451751
0.438137
0.424593
0.411135
0.397779
0.384541
0.371434
0.358473
0.345673
0.333045
0.320603
0.308359
0.296324
0.284509
0.272923
0.261575
0.250475
0.239629
0.229044
0.218727
0.208682
0.198914
0.189427
0.180224
0.171307
0.162677
0.154334
0.14628
0.138513
0.131032
0.123835
0.116919
0.110282
0.103919
0.0978269
0.0920009
0.0864359
0.0811266
0.0760673
0.0712519
0.066674
0.0623273
0.0582048
0.0542998
0.050605
0.0471134
0.0438176
0.0407105
0.0377847
0.0350328
0.0324477
0.0300221
0.0277488
0.0256208
0.0236313
0.0217733
0.0200404
0.0184259
0.0169235
0.0155272
0.014231
0.0130291
0.011916
0.0108864
0.00993509
0.00905722
0.00824806
0.00750311
0.0068181
0.00618895
0.00561179
0.00508295
0.00459896
0.00415655
0.00375261
0.00338425
0.00304872
0.00274346
0.00246608
0.00221431
0.00198608
0.00177941
0.00159251
0.00142367
0.00127133
0.00113405
0.00101047
0.00089937
0.000799601
0.000710114
0.000629946
0.000558209
0.000494094
0.000436859
0.000385825
0.000340374
0.000299945
0.000264023
0.000232145
0.000203889
0.000178872
0.00015675
0.000137211
0.000119973
0.000104784
9.14151e-05
7.96629e-05
6.93439e-05
6.02939e-05
5.23663e-05
4.54301e-05
3.93684e-05
3.40773e-05
2.94641e-05
2.54469e-05
2.19527e-05
1.8917e-05
1.62827e-05
1.39995e-05
1.2023e-05
1.03138e-05
8.83768e-06
7.56428e-06
6.46706e-06
5.52276e-06
4.71103e-06
4.01407e-06
3.41636e-06
2.90436e-06
2.46631e-06
2.09197e-06
1.77243e-06
1.50001e-06
1.26802e-06
1.0707e-06
9.03062e-07
7.60809e-07
6.40238e-07
5.38166e-07
4.51855e-07
3.78956e-07
3.17459e-07
2.6564e-07
2.22028e-07
1.85365e-07
1.54581e-07
1.28764e-07
1.07136e-07
8.90406e-08
7.39173e-08
6.12931e-08
5.07673e-08
4.20013e-08
3.47096e-08
2.86512e-08
2.36235e-08
1.94559e-08
1.60053e-08
1.31518e-08
1.07948e-08
8.8501e-09
7.24752e-09
5.92839e-09
4.84386e-09
3.95324e-09
3.22271e-09
2.62419e-09
2.1344e-09
1.73406e-09
1.40721e-09
1.14067e-09
9.23565e-10
7.46933e-10
6.03396e-10
4.86889e-10
3.92432e-10
3.1594e-10
2.54069e-10
2.04083e-10
1.63745e-10
1.31231e-10
1.05053e-10
8.40021e-11
6.70931e-11
5.3527e-11
4.26554e-11
3.39534e-11
2.69959e-11
2.14398e-11
1.70079e-11
1.34768e-11
1.06667e-11
8.43298e-12
6.65946e-12
5.25296e-12
4.13882e-12
3.25729e-12
2.56061e-12
2.01066e-12
1.57703e-12
1.23552e-12
9.66867e-13
7.55774e-13
5.90099e-13
4.6022e-13
3.5852e-13
2.78978e-13
2.16837e-13
1.68348e-13
1.30553e-13
1.01129e-13
7.82481e-14
6.04755e-14
4.66868e-14
3.60012e-14
2.77299e-14
2.13348e-14
1.6396e-14
1.25862e-14
9.65076e-15
7.39158e-15
5.65487e-15
4.32133e-15
3.29853e-15
2.51498e-15
1.91539e-15
1.4571e-15
1.10721e-15
8.40394e-16
6.37155e-16
4.82522e-16
3.65005e-16
2.75798e-16
2.08159e-16
1.56931e-16
1.18177e-16
8.88926e-17
6.67899e-17
5.01265e-17
3.75781e-17
2.81393e-17
2.10476e-17
1.57255e-17
1.17359e-17
8.74862e-18
6.51442e-18
4.84533e-18
3.59984e-18
2.6715e-18
1.98033e-18
1.46634e-18
1.08453e-18
8.01244e-19
5.91287e-19
4.35858e-19
3.20926e-19
2.36036e-19
1.73406e-19
1.27252e-19
9.32775e-20
6.82973e-20
4.9951e-20
3.64921e-20
2.66297e-20
1.94111e-20
1.41334e-20
1.02792e-20
7.46765e-21
5.41907e-21
3.92808e-21
2.84414e-21
2.05701e-21
1.48606e-21
1.07239e-21
7.73012e-22
5.56589e-22
4.00312e-22
2.87593e-22
2.06383e-22
1.4794e-22
1.05929e-22
7.57638e-23
5.41282e-23
3.86281e-23
2.75359e-23
1.96071e-23
1.39459e-23
9.90818e-24
7.0317e-24
4.98477e-24
3.52978e-24
2.49671e-24
1.76404e-24
1.24499e-24
8.77691e-25
6.18069e-25
4.34762e-25
3.05481e-25
2.14406e-25
1.50318e-25
1.05269e-25
7.364e-26
5.14572e-26
3.59168e-26
2.50421e-26
1.74407e-26
1.21333e-26
8.43164e-27
5.85286e-27
4.05831e-27
2.81089e-27
1.94475e-27
1.34402e-27
9.27829e-28
6.39814e-28
4.40719e-28
3.03244e-28
2.08423e-28
1.43094e-28
9.81339e-29
6.72266e-29
4.6003e-29
3.14452e-29
2.14708e-29
1.46441e-29
9.97709e-30
6.78998e-30
4.61591e-30
3.13452e-30
2.12622e-30
1.4407e-30
9.75126e-31
6.59287e-31
4.4526e-31
3.00385e-31
2.02428e-31
1.36266e-31
9.16283e-32
6.1546e-32
4.12948e-32
2.7677e-32
1.85297e-32
1.23922e-32
8.2785e-33
5.52439e-33
3.68251e-33
2.45207e-33
1.63098e-33
1.08366e-33
7.19229e-34
4.76836e-34
3.15791e-34
2.08911e-34
1.38054e-34
9.11317e-35
6.00922e-35
3.95819e-35
2.60439e-35
1.71177e-35
1.12387e-35
7.37082e-36
4.82889e-36
3.16016e-36
2.06587e-36
1.34905e-36
8.80007e-37
5.73424e-37
3.73247e-37
2.42689e-37
1.57629e-37
1.02272e-37
6.62838e-38
4.29133e-38
2.77531e-38
1.79293e-38
1.15704e-38
7.45879e-39
4.8031e-39
3.08966e-39
1.98533e-39
1.27436e-39
8.17116e-40
5.23373e-40
3.34869e-40
2.14029e-40
1.3665e-40
8.71524e-41
5.55247e-41
3.5337e-41
2.24652e-41
1.42668e-41
9.05069e-42
5.73552e-42
3.6308e-42
2.29599e-42
1.45035e-42
9.15202e-43
5.76897e-43
3.6326e-43
2.28495e-43
1.43574e-43
9.0118e-44
5.65052e-44
3.53919e-44
2.21442e-44
1.38406e-44
8.64157e-45
5.38976e-45
3.35805e-45
2.09e-45
1.29941e-45
8.07026e-46
5.00691e-46
3.10309e-46
1.92115e-46
1.18815e-46
7.34044e-47
4.53019e-47
2.79289e-47
1.72002e-47
1.05818e-47
6.50317e-48
3.99242e-48
2.44845e-48
1.5e-48
9.17983e-49
5.61207e-49
3.42734e-49
2.09091e-49
1.27426e-49
7.75763e-50
4.71786e-50
2.8662e-50
1.73946e-50
1.05456e-50
6.38664e-51
3.8639e-51
2.33527e-51
1.41002e-51
8.50628e-52
5.12893e-52
3.09377e-52
1.8717e-52
1.14371e-52
7.19032e-53
4.85963e-53
3.83031e-53
)
;

boundaryField
{
    sides
    {
        type            zeroGradient;
    }
    empty
    {
        type            empty;
    }
}


// ************************************************************************* //
