/*--------------------------------*- C++ -*----------------------------------*\
  =========                 |
  \\      /  F ield         | OpenFOAM: The Open Source CFD Toolbox
   \\    /   O peration     | Website:  https://openfoam.org
    \\  /    A nd           | Version:  13
     \\/     M anipulation  |
\*---------------------------------------------------------------------------*/
FoamFile
{
    format      ascii;
    class       volScalarField;
    location    "1.3";
    object      T;
}
// * * * * * * * * * * * * * * * * * * * * * * * * * * * * * * * * * * * * * //

dimensions      [0 0 0 1 0 0 0];

internalField   nonuniform List<scalar> 
1000
(
1.33757e-145
3.93621e-145
1.41534e-144
5.16708e-144
1.88527e-143
6.86645e-143
2.49621e-142
9.05764e-142
3.28045e-141
1.18587e-140
4.27877e-140
1.54093e-139
5.53891e-139
1.98721e-138
7.11604e-138
2.54336e-137
9.07297e-137
3.23045e-136
1.14801e-135
4.0719e-135
1.4415e-134
5.0933e-134
1.79617e-133
6.32205e-133
2.2209e-132
7.78681e-132
2.72489e-131
9.51685e-131
3.31737e-130
1.15411e-129
4.0073e-129
1.3887e-128
4.803e-128
1.65792e-127
5.71166e-127
1.96383e-126
6.7389e-126
2.30789e-125
7.88825e-125
2.69082e-124
9.16061e-124
3.11243e-123
1.05538e-122
3.57148e-122
1.2062e-121
4.06553e-121
1.36755e-120
4.59086e-120
1.53804e-119
5.14241e-119
1.71587e-118
5.71375e-118
1.89878e-117
6.29717e-117
2.08415e-116
6.88378e-116
2.269e-115
7.46365e-115
2.45005e-114
8.02613e-114
2.62386e-113
8.56008e-113
2.78687e-112
9.05428e-112
2.93555e-111
9.49774e-111
3.06652e-110
9.88016e-110
3.17668e-109
1.01923e-108
3.2633e-108
1.04263e-107
3.32417e-107
1.0576e-106
3.35769e-106
1.06375e-105
3.36289e-105
1.06087e-104
3.33954e-104
1.04902e-103
3.28813e-103
1.02845e-102
3.20985e-102
9.99659e-102
3.10657e-101
9.63325e-101
2.98074e-100
9.20306e-100
2.83529e-99
8.71598e-99
2.67355e-98
8.18295e-98
2.49909e-97
7.61552e-97
2.3156e-96
7.02538e-96
2.12676e-95
6.42403e-95
1.93613e-94
5.82232e-94
1.747e-93
5.23025e-93
1.56236e-92
4.65662e-92
1.3848e-91
4.10891e-91
1.21644e-90
3.59315e-90
1.05896e-89
3.11387e-89
9.13562e-89
2.67417e-88
7.81001e-88
2.27575e-87
6.61613e-87
1.91907e-86
5.55368e-86
1.60352e-85
4.61919e-85
1.32757e-84
3.80666e-84
1.089e-83
3.10814e-83
8.85044e-83
2.51431e-82
7.12619e-82
2.01503e-81
5.68445e-81
1.59984e-80
4.49202e-80
1.2583e-79
3.51642e-79
9.80372e-79
2.72679e-78
7.56624e-78
2.09447e-77
5.78409e-77
1.59352e-76
4.37965e-76
1.20083e-75
3.28457e-75
8.96252e-75
2.43969e-74
6.62504e-74
1.79469e-73
4.84997e-73
1.30747e-72
3.51613e-72
9.43277e-72
2.52436e-71
6.73904e-71
1.79464e-70
4.7675e-70
1.26337e-69
3.33964e-69
8.80631e-69
2.31638e-68
6.07781e-68
1.59075e-67
4.15313e-67
1.08159e-66
2.80971e-66
7.28064e-66
1.88186e-65
4.85187e-65
1.24777e-64
3.20083e-64
8.19009e-64
2.09032e-63
5.32146e-63
1.35127e-62
3.42249e-62
8.64633e-62
2.17875e-61
5.47604e-61
1.3728e-60
3.43263e-60
8.56101e-60
2.12959e-59
5.28374e-59
1.30754e-58
3.2273e-58
7.94491e-58
1.95075e-57
4.77722e-57
1.16683e-56
2.84249e-56
6.90627e-56
1.67356e-55
4.04471e-55
9.74948e-55
2.34381e-54
5.61959e-54
1.34378e-53
3.20473e-53
7.62236e-53
1.8081e-52
4.27746e-52
1.00921e-51
2.37465e-51
5.57243e-51
1.3041e-50
3.04368e-50
7.08441e-50
1.64446e-49
3.80677e-49
8.7882e-49
2.02326e-48
4.64525e-48
1.06358e-47
2.42846e-47
5.52959e-47
1.2556e-46
2.84316e-46
6.42013e-46
1.44569e-45
3.24634e-45
7.26938e-45
1.62324e-44
3.6145e-44
8.02583e-44
1.77708e-43
3.92371e-43
8.63886e-43
1.89663e-42
4.15218e-42
9.06424e-42
1.97309e-41
4.28273e-41
9.26936e-41
2.00047e-40
4.30492e-40
9.23733e-40
1.97639e-39
4.21642e-39
8.96923e-39
1.90242e-38
4.02338e-38
8.4842e-38
1.78387e-37
3.73974e-37
7.81714e-37
1.62921e-36
3.38555e-36
7.01454e-36
1.44906e-35
2.9846e-35
6.12913e-35
1.25493e-34
2.56182e-34
5.21412e-34
1.05807e-33
2.14067e-33
4.31797e-33
8.6837e-33
1.74109e-32
3.48039e-32
6.93619e-32
1.37816e-31
2.72998e-31
5.39137e-31
1.06149e-30
2.08357e-30
4.0773e-30
7.95438e-30
1.54706e-29
2.99967e-29
5.79833e-29
1.11736e-28
2.14654e-28
4.11093e-28
7.84865e-28
1.49382e-27
2.83434e-27
5.36106e-27
1.01086e-26
1.90009e-26
3.56035e-26
6.65041e-26
1.23833e-25
2.29857e-25
4.2531e-25
7.84476e-25
1.44237e-24
2.64361e-24
4.82986e-24
8.79608e-24
1.59683e-23
2.8896e-23
5.21228e-23
9.37184e-23
1.67968e-22
3.00075e-22
5.34358e-22
9.48492e-22
1.67815e-21
2.9595e-21
5.20233e-21
9.11519e-21
1.59191e-20
2.77113e-20
4.80811e-20
8.31519e-20
1.43333e-19
2.46261e-19
4.21712e-19
7.19791e-19
1.22452e-18
2.07629e-18
3.50894e-18
5.91049e-18
9.92271e-18
1.66033e-17
2.76893e-17
4.60237e-17
7.62433e-17
1.25884e-16
2.07149e-16
3.39736e-16
5.55316e-16
9.04647e-16
1.46877e-15
2.37666e-15
3.83275e-15
6.16008e-15
9.86714e-15
1.57516e-14
2.506e-14
3.97339e-14
6.2786e-14
9.88745e-14
1.55175e-13
2.42704e-13
3.78307e-13
5.87656e-13
9.0973e-13
1.40349e-12
2.15781e-12
3.30614e-12
5.04814e-12
7.68144e-12
1.16481e-11
1.7602e-11
2.65073e-11
3.97799e-11
5.94914e-11
8.86617e-11
1.31676e-10
1.9488e-10
2.87416e-10
4.22417e-10
6.18664e-10
9.02923e-10
1.31319e-09
1.90319e-09
2.74862e-09
3.95571e-09
5.67295e-09
8.10714e-09
1.15451e-08
1.63834e-08
2.31674e-08
3.26452e-08
4.58386e-08
6.41373e-08
8.94244e-08
1.24242e-07
1.72006e-07
2.37292e-07
3.26201e-07
4.46837e-07
6.09924e-07
8.29589e-07
1.12437e-06
1.51851e-06
2.04355e-06
2.74038e-06
3.66181e-06
4.87571e-06
6.46903e-06
8.55259e-06
1.12671e-05
1.47907e-05
1.93473e-05
2.5218e-05
3.27535e-05
4.23901e-05
5.46675e-05
7.02511e-05
8.99574e-05
0.000114784
0.000145944
0.000184906
0.000233443
0.000293679
0.000368155
0.00045989
0.000572459
0.000710074
0.000877674
0.00108102
0.00132681
0.00162278
0.00197783
0.00240214
0.00290729
0.00350643
0.00421434
0.00504759
0.00602467
0.00716603
0.00849425
0.010034
0.0118123
0.0138582
0.016203
0.0188801
0.021925
0.025375
0.0292691
0.0336477
0.0385522
0.0440249
0.0501081
0.0568442
0.0642747
0.0724398
0.0813778
0.0911243
0.101712
0.113169
0.125519
0.138781
0.152967
0.168084
0.184132
0.201101
0.218975
0.237732
0.257339
0.277754
0.298931
0.320813
0.343337
0.366432
0.390022
0.414024
0.438353
0.462917
0.487623
0.512377
0.537083
0.561647
0.585976
0.609978
0.633568
0.656663
0.679187
0.701069
0.722246
0.742661
0.762268
0.781024
0.798899
0.815868
0.831916
0.847033
0.861219
0.874481
0.886831
0.898288
0.908875
0.918621
0.927559
0.935724
0.943154
0.949889
0.955971
0.961443
0.966346
0.970722
0.974614
0.97806
0.981101
0.983772
0.986109
0.988145
0.989911
0.991435
0.992744
0.993861
0.994806
0.995601
0.99626
0.996799
0.99723
0.997562
0.997805
0.997963
0.998041
0.998041
0.997963
0.997805
0.997562
0.99723
0.996799
0.99626
0.995601
0.994806
0.993861
0.992744
0.991435
0.989911
0.988145
0.986109
0.983772
0.981101
0.97806
0.974614
0.970722
0.966346
0.961443
0.955971
0.949889
0.943154
0.935724
0.927559
0.918621
0.908875
0.898288
0.886831
0.874481
0.861219
0.847033
0.831916
0.815868
0.798899
0.781024
0.762268
0.742661
0.722246
0.701069
0.679187
0.656663
0.633568
0.609978
0.585976
0.561647
0.537083
0.512377
0.487623
0.462917
0.438353
0.414024
0.390022
0.366432
0.343337
0.320813
0.298931
0.277754
0.257339
0.237732
0.218975
0.201101
0.184132
0.168084
0.152967
0.138781
0.125519
0.113169
0.101712
0.0911243
0.0813778
0.0724398
0.0642747
0.0568442
0.0501081
0.0440249
0.0385522
0.0336477
0.0292691
0.025375
0.021925
0.0188801
0.016203
0.0138582
0.0118123
0.010034
0.00849425
0.00716603
0.00602467
0.00504759
0.00421434
0.00350643
0.00290729
0.00240214
0.00197783
0.00162278
0.00132681
0.00108102
0.000877674
0.000710074
0.000572459
0.00045989
0.000368155
0.000293679
0.000233443
0.000184906
0.000145944
0.000114784
8.99574e-05
7.02511e-05
5.46675e-05
4.23901e-05
3.27535e-05
2.5218e-05
1.93473e-05
1.47907e-05
1.12671e-05
8.55259e-06
6.46903e-06
4.87571e-06
3.66181e-06
2.74038e-06
2.04355e-06
1.51851e-06
1.12437e-06
8.29589e-07
6.09924e-07
4.46837e-07
3.26201e-07
2.37292e-07
1.72006e-07
1.24242e-07
8.94244e-08
6.41373e-08
4.58386e-08
3.26452e-08
2.31674e-08
1.63834e-08
1.15451e-08
8.10714e-09
5.67295e-09
3.95571e-09
2.74862e-09
1.90319e-09
1.31319e-09
9.02923e-10
6.18664e-10
4.22417e-10
2.87416e-10
1.9488e-10
1.31676e-10
8.86617e-11
5.94914e-11
3.97799e-11
2.65073e-11
1.7602e-11
1.16481e-11
7.68144e-12
5.04814e-12
3.30614e-12
2.15781e-12
1.40349e-12
9.0973e-13
5.87656e-13
3.78307e-13
2.42704e-13
1.55175e-13
9.88745e-14
6.2786e-14
3.97339e-14
2.506e-14
1.57516e-14
9.86714e-15
6.16008e-15
3.83275e-15
2.37666e-15
1.46877e-15
9.04647e-16
5.55316e-16
3.39736e-16
2.07149e-16
1.25884e-16
7.62433e-17
4.60237e-17
2.76893e-17
1.66033e-17
9.92271e-18
5.91049e-18
3.50894e-18
2.07629e-18
1.22452e-18
7.19791e-19
4.21712e-19
2.46261e-19
1.43333e-19
8.31519e-20
4.80811e-20
2.77113e-20
1.59191e-20
9.11519e-21
5.20233e-21
2.9595e-21
1.67815e-21
9.48492e-22
5.34358e-22
3.00075e-22
1.67968e-22
9.37184e-23
5.21228e-23
2.8896e-23
1.59683e-23
8.79608e-24
4.82986e-24
2.64361e-24
1.44237e-24
7.84476e-25
4.2531e-25
2.29857e-25
1.23833e-25
6.65041e-26
3.56035e-26
1.90009e-26
1.01086e-26
5.36106e-27
2.83434e-27
1.49382e-27
7.84865e-28
4.11093e-28
2.14654e-28
1.11736e-28
5.79833e-29
2.99967e-29
1.54706e-29
7.95438e-30
4.0773e-30
2.08357e-30
1.06149e-30
5.39137e-31
2.72998e-31
1.37816e-31
6.93619e-32
3.48039e-32
1.74109e-32
8.6837e-33
4.31797e-33
2.14067e-33
1.05807e-33
5.21412e-34
2.56182e-34
1.25493e-34
6.12913e-35
2.9846e-35
1.44906e-35
7.01454e-36
3.38555e-36
1.62921e-36
7.81714e-37
3.73974e-37
1.78387e-37
8.4842e-38
4.02338e-38
1.90242e-38
8.96923e-39
4.21642e-39
1.97639e-39
9.23733e-40
4.30492e-40
2.00047e-40
9.26936e-41
4.28273e-41
1.97309e-41
9.06424e-42
4.15218e-42
1.89663e-42
8.63886e-43
3.92371e-43
1.77708e-43
8.02583e-44
3.6145e-44
1.62324e-44
7.26938e-45
3.24634e-45
1.44569e-45
6.42013e-46
2.84316e-46
1.2556e-46
5.52959e-47
2.42846e-47
1.06358e-47
4.64525e-48
2.02326e-48
8.7882e-49
3.80677e-49
1.64446e-49
7.08441e-50
3.04368e-50
1.3041e-50
5.57243e-51
2.37465e-51
1.00921e-51
4.27746e-52
1.8081e-52
7.62236e-53
3.20473e-53
1.34378e-53
5.61959e-54
2.34381e-54
9.74948e-55
4.04471e-55
1.67356e-55
6.90627e-56
2.84249e-56
1.16683e-56
4.77722e-57
1.95075e-57
7.94491e-58
3.2273e-58
1.30754e-58
5.28374e-59
2.12959e-59
8.56101e-60
3.43263e-60
1.3728e-60
5.47604e-61
2.17875e-61
8.64633e-62
3.42249e-62
1.35127e-62
5.32146e-63
2.09032e-63
8.19009e-64
3.20083e-64
1.24777e-64
4.85187e-65
1.88186e-65
7.28064e-66
2.80971e-66
1.08159e-66
4.15313e-67
1.59075e-67
6.07781e-68
2.31638e-68
8.80631e-69
3.33964e-69
1.26337e-69
4.7675e-70
1.79464e-70
6.73904e-71
2.52436e-71
9.43277e-72
3.51613e-72
1.30747e-72
4.84997e-73
1.79469e-73
6.62504e-74
2.43969e-74
8.96252e-75
3.28457e-75
1.20083e-75
4.37965e-76
1.59352e-76
5.78409e-77
2.09447e-77
7.56624e-78
2.72679e-78
9.80372e-79
3.51642e-79
1.2583e-79
4.49202e-80
1.59984e-80
5.68445e-81
2.01503e-81
7.12619e-82
2.51431e-82
8.85044e-83
3.10814e-83
1.089e-83
3.80666e-84
1.32757e-84
4.61919e-85
1.60352e-85
5.55368e-86
1.91907e-86
6.61613e-87
2.27575e-87
7.81001e-88
2.67417e-88
9.13562e-89
3.11387e-89
1.05896e-89
3.59315e-90
1.21644e-90
4.10891e-91
1.3848e-91
4.65662e-92
1.56236e-92
5.23025e-93
1.747e-93
5.82232e-94
1.93613e-94
6.42403e-95
2.12676e-95
7.02538e-96
2.3156e-96
7.61552e-97
2.49909e-97
8.18295e-98
2.67355e-98
8.71598e-99
2.83529e-99
9.20306e-100
2.98074e-100
9.63325e-101
3.10657e-101
9.99659e-102
3.20985e-102
1.02845e-102
3.28813e-103
1.04902e-103
3.33954e-104
1.06087e-104
3.36289e-105
1.06375e-105
3.35769e-106
1.0576e-106
3.32417e-107
1.04263e-107
3.2633e-108
1.01923e-108
3.17668e-109
9.88016e-110
3.06652e-110
9.49774e-111
2.93555e-111
9.05428e-112
2.78687e-112
8.56008e-113
2.62386e-113
8.02613e-114
2.45005e-114
7.46365e-115
2.269e-115
6.88378e-116
2.08415e-116
6.29717e-117
1.89878e-117
5.71375e-118
1.71587e-118
5.14241e-119
1.53804e-119
4.59086e-120
1.36755e-120
4.06553e-121
1.2062e-121
3.57148e-122
1.05538e-122
3.11243e-123
9.16061e-124
2.69082e-124
7.88825e-125
2.30789e-125
6.7389e-126
1.96383e-126
5.71166e-127
1.65792e-127
4.803e-128
1.3887e-128
4.0073e-129
1.15411e-129
3.31737e-130
9.51685e-131
2.72489e-131
7.78681e-132
2.2209e-132
6.32205e-133
1.79617e-133
5.0933e-134
1.4415e-134
4.0719e-135
1.14801e-135
3.23045e-136
9.07297e-137
2.54336e-137
7.11604e-138
1.98721e-138
5.53891e-139
1.54093e-139
4.27877e-140
1.18587e-140
3.28045e-141
9.05764e-142
2.49621e-142
6.86645e-143
1.88527e-143
5.16708e-144
1.41534e-144
3.93621e-145
1.33757e-145
)
;

boundaryField
{
    sides
    {
        type            zeroGradient;
    }
    empty
    {
        type            empty;
    }
}


// ************************************************************************* //
