/*--------------------------------*- C++ -*----------------------------------*\
  =========                 |
  \\      /  F ield         | OpenFOAM: The Open Source CFD Toolbox
   \\    /   O peration     | Website:  https://openfoam.org
    \\  /    A nd           | Version:  13
     \\/     M anipulation  |
\*---------------------------------------------------------------------------*/
FoamFile
{
    format      ascii;
    class       volScalarField;
    location    "2.37";
    object      T;
}
// * * * * * * * * * * * * * * * * * * * * * * * * * * * * * * * * * * * * * //

dimensions      [0 0 0 1 0 0 0];

internalField   nonuniform List<scalar> 
1000
(
5.17476e-89
9.05565e-89
1.97003e-88
4.49951e-88
1.03617e-87
2.38688e-87
5.49191e-87
1.26179e-86
2.89467e-86
6.63064e-86
1.51654e-85
3.46332e-85
7.89721e-85
1.79802e-84
4.08745e-84
9.27791e-84
2.10274e-83
4.75837e-83
1.07514e-82
2.42555e-82
5.46374e-82
1.22886e-81
2.75962e-81
6.18769e-81
1.38529e-80
3.09657e-80
6.91121e-80
1.54013e-79
3.42679e-79
7.61285e-79
1.68863e-78
3.7398e-78
8.26967e-78
1.8258e-77
4.02479e-77
8.85844e-77
1.94668e-76
4.27124e-76
9.35696e-76
2.04662e-75
4.4695e-75
9.74542e-75
2.12159e-74
4.61147e-74
1.00077e-73
2.16844e-73
4.69111e-73
1.01325e-72
2.18512e-72
4.70486e-72
1.01142e-71
2.17083e-71
4.65194e-71
9.95294e-71
2.12608e-70
4.53436e-70
9.6552e-70
2.05265e-69
4.35686e-69
9.23293e-69
1.95349e-68
4.12655e-68
8.70295e-68
1.83252e-67
3.85243e-67
8.08578e-67
1.69438e-66
3.54485e-66
7.40434e-66
1.54409e-65
3.21482e-65
6.68249e-65
1.38681e-64
2.87336e-64
5.94372e-64
1.2275e-63
2.53092e-63
5.20987e-63
1.0707e-62
2.19685e-62
4.50011e-62
9.20312e-62
1.87904e-61
3.83024e-61
7.79476e-61
1.58368e-60
3.2123e-60
6.50506e-60
1.31513e-59
2.65444e-59
5.34884e-59
1.07604e-58
2.16111e-58
4.33318e-58
8.67396e-58
1.73343e-57
3.4584e-57
6.88843e-57
1.36975e-56
2.7192e-56
5.38909e-56
1.06626e-55
2.10614e-55
4.1532e-55
8.17618e-55
1.60691e-54
3.15284e-54
6.17564e-54
1.20763e-53
2.3575e-53
4.5945e-53
8.93907e-53
1.73625e-52
3.36666e-52
6.51703e-52
1.2594e-51
2.42965e-51
4.67934e-51
8.99679e-51
1.72684e-50
3.30884e-50
6.32937e-50
1.20866e-49
2.30412e-49
4.38493e-49
8.33063e-49
1.57997e-48
2.9914e-48
5.65399e-48
1.06682e-47
2.00945e-47
3.77846e-47
7.0926e-47
1.32907e-46
2.48621e-46
4.64278e-46
8.65498e-46
1.61065e-45
2.99216e-45
5.54899e-45
1.02728e-44
1.89849e-44
3.50244e-44
6.45026e-44
1.18584e-43
2.17629e-43
3.98701e-43
7.29153e-43
1.33116e-42
2.42594e-42
4.41333e-42
8.01478e-42
1.45296e-41
2.62936e-41
4.74987e-41
8.56541e-41
1.54187e-40
2.77064e-40
4.96987e-40
8.899e-40
1.59063e-39
2.83808e-39
5.05487e-39
8.98719e-39
1.59502e-38
2.82575e-38
4.99723e-38
8.82164e-38
1.55451e-37
2.73441e-37
4.80127e-37
8.41532e-37
1.47234e-36
2.57137e-36
4.48274e-36
7.80084e-36
1.35506e-35
2.3496e-35
4.06674e-35
7.02612e-35
1.21172e-34
2.08594e-34
3.58441e-34
6.14819e-34
1.05266e-33
1.79906e-33
3.06911e-33
5.22626e-33
8.8834e-33
1.50722e-32
2.55261e-32
4.3152e-32
7.28155e-32
1.22646e-31
2.06201e-31
3.46044e-31
5.79666e-31
9.69234e-31
1.61764e-30
2.69488e-30
4.48124e-30
7.43803e-30
1.23231e-29
2.03788e-29
3.36387e-29
5.5424e-29
9.11495e-29
1.49626e-28
2.45165e-28
4.00963e-28
6.54554e-28
1.06655e-27
1.73465e-27
2.81601e-27
4.56299e-27
7.38001e-27
1.19139e-26
1.91975e-26
3.08762e-26
4.95669e-26
7.94234e-26
1.27026e-25
2.0278e-25
3.23105e-25
5.13863e-25
8.15713e-25
1.29244e-24
2.04395e-24
3.22636e-24
5.0832e-24
7.99363e-24
1.25468e-23
1.96563e-23
3.07362e-23
4.79711e-23
7.47288e-23
1.16191e-22
1.80318e-22
2.79306e-22
4.31815e-22
6.66333e-22
1.02627e-21
1.57763e-21
2.4206e-21
3.70693e-21
5.66603e-21
8.64402e-21
1.31621e-20
2.00034e-20
3.03427e-20
4.59383e-20
6.94168e-20
1.04694e-19
1.57598e-19
2.3678e-19
3.55064e-19
5.31416e-19
7.93833e-19
1.18356e-18
1.76122e-18
2.61579e-18
3.87754e-18
5.73684e-18
8.47133e-18
1.24851e-17
1.83652e-17
2.69625e-17
3.9508e-17
5.7779e-17
8.43363e-17
1.22862e-16
1.78641e-16
2.5924e-16
3.75474e-16
5.42768e-16
7.8308e-16
1.1276e-15
1.62053e-15
2.32443e-15
3.32759e-15
4.75442e-15
6.77984e-15
9.64926e-15
1.37063e-14
1.94313e-14
2.74938e-14
3.88255e-14
5.47208e-14
7.69729e-14
1.08062e-13
1.51412e-13
2.11736e-13
2.95514e-13
4.11633e-13
5.72257e-13
7.93998e-13
1.0995e-12
1.51956e-12
2.09599e-12
2.88539e-12
3.9643e-12
5.43593e-12
7.43921e-12
1.01607e-11
1.38506e-11
1.88432e-11
2.55849e-11
3.46704e-11
4.68896e-11
6.32902e-11
8.52589e-11
1.14627e-10
1.53806e-10
2.05969e-10
2.75279e-10
3.67186e-10
4.8881e-10
6.49433e-10
8.61132e-10
1.13958e-09
1.50508e-09
1.98389e-09
2.60983e-09
3.42647e-09
4.48974e-09
5.87131e-09
7.66281e-09
9.98112e-09
1.29751e-08
1.68337e-08
2.17965e-08
2.81665e-08
3.63259e-08
4.67562e-08
6.0062e-08
7.70014e-08
9.85225e-08
1.25809e-07
1.60333e-07
2.03927e-07
2.58858e-07
3.27936e-07
4.14623e-07
5.23185e-07
6.58864e-07
8.28084e-07
1.0387e-06
1.30031e-06
1.62457e-06
2.02568e-06
2.52081e-06
3.13076e-06
3.88059e-06
4.80047e-06
5.92667e-06
7.30258e-06
8.98011e-06
1.10211e-05
1.34993e-05
1.65021e-05
2.01329e-05
2.4514e-05
2.97896e-05
3.6129e-05
4.3731e-05
5.28283e-05
6.36922e-05
7.6639e-05
9.2036e-05
0.000110309
0.000131949
0.000157525
0.00018769
0.000223191
0.000264887
0.000313757
0.000370915
0.000437629
0.000515333
0.000605648
0.000710404
0.000831656
0.000971708
0.00113314
0.00131882
0.00153195
0.00177608
0.00205513
0.00237343
0.00273573
0.00314727
0.00361376
0.00414142
0.00473702
0.00540792
0.00616203
0.00700792
0.00795476
0.00901237
0.0101912
0.0115025
0.012958
0.0145702
0.0163522
0.0183178
0.0204813
0.0228577
0.0254624
0.0283113
0.0314208
0.0348077
0.0384889
0.0424815
0.0468028
0.0514701
0.0565004
0.0619105
0.0677169
0.0739356
0.0805816
0.0876696
0.0952129
0.103224
0.111714
0.120692
0.130167
0.140145
0.15063
0.161625
0.173131
0.185146
0.197666
0.210684
0.224193
0.238181
0.252634
0.267536
0.28287
0.298613
0.314744
0.331236
0.348062
0.365194
0.382598
0.400244
0.418095
0.436117
0.454272
0.472524
0.490833
0.509162
0.527471
0.545722
0.563877
0.581898
0.599748
0.617392
0.634795
0.651924
0.668747
0.685236
0.701362
0.717101
0.732428
0.747322
0.761766
0.775743
0.789239
0.802242
0.814744
0.826737
0.838217
0.849183
0.859632
0.869568
0.878994
0.887915
0.896338
0.904272
0.911725
0.918708
0.925233
0.931311
0.936956
0.942181
0.946998
0.951421
0.955463
0.959138
0.962457
0.965432
0.968075
0.970396
0.972405
0.974111
0.97552
0.97664
0.977475
0.97803
0.978306
0.978306
0.97803
0.977475
0.97664
0.97552
0.974111
0.972405
0.970396
0.968075
0.965432
0.962457
0.959138
0.955463
0.951421
0.946998
0.942181
0.936956
0.931311
0.925233
0.918708
0.911725
0.904272
0.896338
0.887915
0.878994
0.869568
0.859632
0.849183
0.838217
0.826737
0.814744
0.802242
0.789239
0.775743
0.761766
0.747322
0.732428
0.717101
0.701362
0.685236
0.668747
0.651924
0.634795
0.617392
0.599748
0.581898
0.563877
0.545722
0.527471
0.509162
0.490833
0.472524
0.454272
0.436117
0.418095
0.400244
0.382598
0.365194
0.348062
0.331236
0.314744
0.298613
0.28287
0.267536
0.252634
0.238181
0.224193
0.210684
0.197666
0.185146
0.173131
0.161625
0.15063
0.140145
0.130167
0.120692
0.111714
0.103224
0.0952129
0.0876696
0.0805816
0.0739356
0.0677169
0.0619105
0.0565004
0.0514701
0.0468028
0.0424815
0.0384889
0.0348077
0.0314208
0.0283113
0.0254624
0.0228577
0.0204813
0.0183178
0.0163522
0.0145702
0.012958
0.0115025
0.0101912
0.00901237
0.00795476
0.00700792
0.00616203
0.00540792
0.00473702
0.00414142
0.00361376
0.00314727
0.00273573
0.00237343
0.00205513
0.00177608
0.00153195
0.00131882
0.00113314
0.000971708
0.000831656
0.000710404
0.000605648
0.000515333
0.000437629
0.000370915
0.000313757
0.000264887
0.000223191
0.00018769
0.000157525
0.000131949
0.000110309
9.2036e-05
7.6639e-05
6.36922e-05
5.28283e-05
4.3731e-05
3.6129e-05
2.97896e-05
2.4514e-05
2.01329e-05
1.65021e-05
1.34993e-05
1.10211e-05
8.98011e-06
7.30258e-06
5.92667e-06
4.80047e-06
3.88059e-06
3.13076e-06
2.52081e-06
2.02568e-06
1.62457e-06
1.30031e-06
1.0387e-06
8.28084e-07
6.58864e-07
5.23185e-07
4.14623e-07
3.27936e-07
2.58858e-07
2.03927e-07
1.60333e-07
1.25809e-07
9.85225e-08
7.70014e-08
6.0062e-08
4.67562e-08
3.63259e-08
2.81665e-08
2.17965e-08
1.68337e-08
1.29751e-08
9.98112e-09
7.66281e-09
5.87131e-09
4.48974e-09
3.42647e-09
2.60983e-09
1.98389e-09
1.50508e-09
1.13958e-09
8.61132e-10
6.49433e-10
4.8881e-10
3.67186e-10
2.75279e-10
2.05969e-10
1.53806e-10
1.14627e-10
8.52589e-11
6.32902e-11
4.68896e-11
3.46704e-11
2.55849e-11
1.88432e-11
1.38506e-11
1.01607e-11
7.43921e-12
5.43593e-12
3.9643e-12
2.88539e-12
2.09599e-12
1.51956e-12
1.0995e-12
7.93998e-13
5.72257e-13
4.11633e-13
2.95514e-13
2.11736e-13
1.51412e-13
1.08062e-13
7.69729e-14
5.47208e-14
3.88255e-14
2.74938e-14
1.94313e-14
1.37063e-14
9.64926e-15
6.77984e-15
4.75442e-15
3.32759e-15
2.32443e-15
1.62053e-15
1.1276e-15
7.8308e-16
5.42768e-16
3.75474e-16
2.5924e-16
1.78641e-16
1.22862e-16
8.43363e-17
5.7779e-17
3.9508e-17
2.69625e-17
1.83652e-17
1.24851e-17
8.47133e-18
5.73684e-18
3.87754e-18
2.61579e-18
1.76122e-18
1.18356e-18
7.93833e-19
5.31416e-19
3.55064e-19
2.3678e-19
1.57598e-19
1.04694e-19
6.94168e-20
4.59383e-20
3.03427e-20
2.00034e-20
1.31621e-20
8.64402e-21
5.66603e-21
3.70693e-21
2.4206e-21
1.57763e-21
1.02627e-21
6.66333e-22
4.31815e-22
2.79306e-22
1.80318e-22
1.16191e-22
7.47288e-23
4.79711e-23
3.07362e-23
1.96563e-23
1.25468e-23
7.99363e-24
5.0832e-24
3.22636e-24
2.04395e-24
1.29244e-24
8.15713e-25
5.13863e-25
3.23105e-25
2.0278e-25
1.27026e-25
7.94234e-26
4.95669e-26
3.08762e-26
1.91975e-26
1.19139e-26
7.38001e-27
4.56299e-27
2.81601e-27
1.73465e-27
1.06655e-27
6.54554e-28
4.00963e-28
2.45165e-28
1.49626e-28
9.11495e-29
5.5424e-29
3.36387e-29
2.03788e-29
1.23231e-29
7.43803e-30
4.48124e-30
2.69488e-30
1.61764e-30
9.69234e-31
5.79666e-31
3.46044e-31
2.06201e-31
1.22646e-31
7.28155e-32
4.3152e-32
2.55261e-32
1.50722e-32
8.8834e-33
5.22626e-33
3.06911e-33
1.79906e-33
1.05266e-33
6.14819e-34
3.58441e-34
2.08594e-34
1.21172e-34
7.02612e-35
4.06674e-35
2.3496e-35
1.35506e-35
7.80084e-36
4.48274e-36
2.57137e-36
1.47234e-36
8.41532e-37
4.80127e-37
2.73441e-37
1.55451e-37
8.82164e-38
4.99723e-38
2.82575e-38
1.59502e-38
8.98719e-39
5.05487e-39
2.83808e-39
1.59063e-39
8.899e-40
4.96987e-40
2.77064e-40
1.54187e-40
8.56541e-41
4.74987e-41
2.62936e-41
1.45296e-41
8.01478e-42
4.41333e-42
2.42594e-42
1.33116e-42
7.29153e-43
3.98701e-43
2.17629e-43
1.18584e-43
6.45026e-44
3.50244e-44
1.89849e-44
1.02728e-44
5.54899e-45
2.99216e-45
1.61065e-45
8.65498e-46
4.64278e-46
2.48621e-46
1.32907e-46
7.0926e-47
3.77846e-47
2.00945e-47
1.06682e-47
5.65399e-48
2.9914e-48
1.57997e-48
8.33063e-49
4.38493e-49
2.30412e-49
1.20866e-49
6.32937e-50
3.30884e-50
1.72684e-50
8.99679e-51
4.67934e-51
2.42965e-51
1.2594e-51
6.51703e-52
3.36666e-52
1.73625e-52
8.93907e-53
4.5945e-53
2.3575e-53
1.20763e-53
6.17564e-54
3.15284e-54
1.60691e-54
8.17618e-55
4.1532e-55
2.10614e-55
1.06626e-55
5.38909e-56
2.7192e-56
1.36975e-56
6.88843e-57
3.4584e-57
1.73343e-57
8.67396e-58
4.33318e-58
2.16111e-58
1.07604e-58
5.34884e-59
2.65444e-59
1.31513e-59
6.50506e-60
3.2123e-60
1.58368e-60
7.79476e-61
3.83024e-61
1.87904e-61
9.20312e-62
4.50011e-62
2.19685e-62
1.0707e-62
5.20987e-63
2.53092e-63
1.2275e-63
5.94372e-64
2.87336e-64
1.38681e-64
6.68249e-65
3.21482e-65
1.54409e-65
7.40434e-66
3.54485e-66
1.69438e-66
8.08578e-67
3.85243e-67
1.83252e-67
8.70295e-68
4.12655e-68
1.95349e-68
9.23293e-69
4.35686e-69
2.05265e-69
9.6552e-70
4.53436e-70
2.12608e-70
9.95294e-71
4.65194e-71
2.17083e-71
1.01142e-71
4.70486e-72
2.18512e-72
1.01325e-72
4.69111e-73
2.16844e-73
1.00077e-73
4.61147e-74
2.12159e-74
9.74542e-75
4.4695e-75
2.04662e-75
9.35696e-76
4.27124e-76
1.94668e-76
8.85844e-77
4.02479e-77
1.8258e-77
8.26967e-78
3.7398e-78
1.68863e-78
7.61285e-79
3.42679e-79
1.54013e-79
6.91121e-80
3.09657e-80
1.38529e-80
6.18769e-81
2.75962e-81
1.22886e-81
5.46374e-82
2.42555e-82
1.07514e-82
4.75837e-83
2.10274e-83
9.27791e-84
4.08745e-84
1.79802e-84
7.89721e-85
3.46332e-85
1.51654e-85
6.63064e-86
2.89467e-86
1.26179e-86
5.49191e-87
2.38688e-87
1.03617e-87
4.49951e-88
1.97003e-88
9.05565e-89
5.17476e-89
)
;

boundaryField
{
    sides
    {
        type            zeroGradient;
    }
    empty
    {
        type            empty;
    }
}


// ************************************************************************* //
