/*--------------------------------*- C++ -*----------------------------------*\
  =========                 |
  \\      /  F ield         | OpenFOAM: The Open Source CFD Toolbox
   \\    /   O peration     | Website:  https://openfoam.org
    \\  /    A nd           | Version:  13
     \\/     M anipulation  |
\*---------------------------------------------------------------------------*/
FoamFile
{
    format      ascii;
    class       volScalarField;
    location    "2.9";
    object      T;
}
// * * * * * * * * * * * * * * * * * * * * * * * * * * * * * * * * * * * * * //

dimensions      [0 0 0 1 0 0 0];

internalField   nonuniform List<scalar> 
1000
(
1.77837e-74
2.71741e-74
5.08562e-74
1.01161e-73
2.04194e-73
4.13225e-73
8.35899e-73
1.68902e-72
3.40842e-72
6.86896e-72
1.38243e-71
2.77849e-71
5.57682e-71
1.11783e-70
2.23757e-70
4.47289e-70
8.92915e-70
1.78009e-69
3.5439e-69
7.04581e-69
1.3989e-68
2.77366e-68
5.49193e-68
1.08593e-67
2.14431e-67
4.22843e-67
8.32673e-67
1.63748e-66
3.21573e-66
6.30648e-66
1.23509e-65
2.41553e-65
4.71767e-65
9.20121e-65
1.7921e-64
3.48564e-64
6.7702e-64
1.31317e-63
2.54354e-63
4.91988e-63
9.50318e-63
1.83308e-62
3.53093e-62
6.79196e-62
1.30466e-61
2.50261e-61
4.79387e-61
9.17007e-61
1.75167e-60
3.34139e-60
6.36495e-60
1.21075e-59
2.29989e-59
4.36264e-59
8.26388e-59
1.56318e-58
2.95273e-58
5.56965e-58
1.04911e-57
1.97334e-57
3.70657e-57
6.95232e-57
1.30219e-56
2.43559e-56
4.54905e-56
8.48444e-56
1.58019e-55
2.93888e-55
5.45804e-55
1.01222e-54
1.87455e-54
3.46659e-54
6.4016e-54
1.18047e-53
2.17373e-53
3.997e-53
7.33911e-53
1.34565e-52
2.46377e-52
4.50449e-52
8.22374e-52
1.49924e-51
2.72929e-51
4.9614e-51
9.00606e-51
1.63245e-50
2.95476e-50
5.34045e-50
9.63847e-50
1.73705e-49
3.12599e-49
5.61741e-49
1.00799e-48
1.80613e-48
3.23156e-48
5.77359e-48
1.03003e-47
1.83495e-47
3.26412e-47
5.79797e-47
1.02838e-46
1.82139e-46
3.22118e-46
5.68847e-46
1.00309e-45
1.76626e-45
3.10549e-45
5.4522e-45
9.55823e-45
1.6732e-44
2.92469e-44
5.10475e-44
8.89676e-44
1.54829e-43
2.69049e-43
4.66844e-43
8.0886e-43
1.39938e-42
2.41743e-42
4.16998e-42
7.18242e-42
1.23528e-41
2.12138e-41
3.63771e-41
6.22865e-41
1.06492e-40
1.81799e-40
3.09902e-40
5.27486e-40
8.96502e-40
1.52141e-39
2.57806e-39
4.36206e-39
7.36959e-39
1.24322e-38
2.09412e-38
3.52214e-38
5.9151e-38
9.91897e-38
1.66081e-37
2.77667e-37
4.63528e-37
7.72636e-37
1.28594e-36
2.13705e-36
3.54613e-36
5.87545e-36
9.72014e-36
1.60564e-35
2.64832e-35
4.3615e-35
7.17207e-35
1.1776e-34
1.9306e-34
3.1603e-34
5.16545e-34
8.43001e-34
1.37369e-33
2.23507e-33
3.63106e-33
5.88999e-33
9.53971e-33
1.54275e-32
2.49111e-32
4.01631e-32
6.46547e-32
1.03922e-31
1.66784e-31
2.67262e-31
4.27616e-31
6.83135e-31
1.08967e-30
1.73546e-30
2.75975e-30
4.38186e-30
6.94672e-30
1.0996e-29
1.73788e-29
2.74244e-29
4.32101e-29
6.79774e-29
1.06776e-28
1.67461e-28
2.6223e-28
4.09996e-28
6.40039e-28
9.97611e-28
1.55254e-27
2.41242e-27
3.74274e-27
5.79766e-27
8.96689e-27
1.3847e-26
2.13499e-26
3.28671e-26
5.05185e-26
7.7529e-26
1.18796e-25
1.81744e-25
2.77615e-25
4.23398e-25
6.44727e-25
9.80222e-25
1.48797e-24
2.2552e-24
3.41268e-24
5.15616e-24
7.77816e-24
1.17151e-23
1.76171e-23
2.6451e-23
3.96522e-23
5.93485e-23
8.86889e-23
1.32326e-22
1.97124e-22
2.93189e-22
4.35385e-22
6.45525e-22
9.55583e-22
1.41234e-21
2.08412e-21
3.07058e-21
4.51681e-21
6.63371e-21
9.72733e-21
1.42411e-20
2.08164e-20
3.03793e-20
4.42653e-20
6.4396e-20
9.35331e-20
1.35638e-19
1.96385e-19
2.83887e-19
4.09723e-19
5.90398e-19
8.49391e-19
1.22005e-18
1.74968e-18
2.50521e-18
3.58128e-18
5.1114e-18
7.28362e-18
1.03624e-17
1.47191e-17
2.0874e-17
2.95554e-17
4.17804e-17
5.89675e-17
8.30916e-17
1.16898e-16
1.64194e-16
2.30258e-16
3.22384e-16
4.50647e-16
6.28928e-16
8.7633e-16
1.21909e-15
1.6932e-15
2.3479e-15
3.25053e-15
4.49291e-15
6.20016e-15
8.54237e-15
1.17504e-14
1.61373e-14
2.21261e-14
3.02886e-14
4.13954e-14
5.64839e-14
7.69476e-14
1.04656e-13
1.42112e-13
1.92662e-13
2.60771e-13
3.52387e-13
4.75419e-13
6.4037e-13
8.61157e-13
1.15619e-12
1.54979e-12
2.07402e-12
2.77108e-12
3.69642e-12
4.92275e-12
6.54531e-12
8.68856e-12
1.15149e-11
1.52359e-11
2.01265e-11
2.65439e-11
3.49507e-11
4.59452e-11
6.03002e-11
7.90116e-11
1.03361e-10
1.34995e-10
1.76023e-10
2.29147e-10
2.9782e-10
3.86443e-10
5.00623e-10
6.47483e-10
8.36062e-10
1.07781e-09
1.38719e-09
1.78248e-09
2.28667e-09
2.9287e-09
3.74489e-09
4.78074e-09
6.09316e-09
7.75323e-09
9.8495e-09
1.24922e-08
1.5818e-08
1.99968e-08
2.52382e-08
3.18016e-08
4.00065e-08
5.02463e-08
6.30042e-08
7.88726e-08
9.85768e-08
1.23003e-07
1.53231e-07
1.90577e-07
2.36639e-07
2.93356e-07
3.63073e-07
4.48628e-07
5.53439e-07
6.81626e-07
8.38136e-07
1.0289e-06
1.26104e-06
1.54303e-06
1.88501e-06
2.29903e-06
2.79943e-06
3.4032e-06
4.13047e-06
5.00501e-06
6.05486e-06
7.31302e-06
8.81829e-06
1.06161e-05
1.27598e-05
1.53114e-05
1.83435e-05
2.19404e-05
2.62001e-05
3.12362e-05
3.718e-05
4.41832e-05
5.24207e-05
6.20935e-05
7.34323e-05
8.67015e-05
0.000102203
0.000120282
0.000141332
0.000165797
0.000194185
0.000227067
0.000265091
0.000308985
0.00035957
0.000417766
0.000484603
0.000561234
0.000648944
0.000749163
0.000863479
0.000993653
0.00114163
0.00130956
0.00149981
0.00171497
0.00195788
0.00223167
0.00253972
0.00288574
0.00327373
0.00370804
0.00419337
0.00473477
0.00533771
0.00600801
0.00675194
0.00757615
0.00848774
0.00949426
0.0106037
0.0118244
0.0131654
0.0146358
0.0162455
0.0180045
0.0199235
0.0220134
0.0242855
0.0267515
0.0294233
0.032313
0.0354332
0.0387964
0.0424152
0.0463025
0.0504709
0.0549332
0.0597017
0.0647888
0.0702063
0.075966
0.0820787
0.088555
0.0954046
0.102637
0.11026
0.11828
0.126705
0.135539
0.144787
0.15445
0.16453
0.175028
0.185941
0.197266
0.209
0.221134
0.233662
0.246575
0.25986
0.273505
0.287496
0.301816
0.316449
0.331375
0.346574
0.362024
0.377702
0.393584
0.409645
0.425859
0.442199
0.458638
0.475148
0.4917
0.508266
0.524817
0.541325
0.557761
0.574096
0.590305
0.606359
0.622232
0.6379
0.653337
0.668521
0.683429
0.698041
0.712337
0.7263
0.739912
0.75316
0.766028
0.778506
0.790582
0.802249
0.813498
0.824323
0.83472
0.844686
0.85422
0.863319
0.871985
0.88022
0.888025
0.895405
0.902364
0.908905
0.915036
0.92076
0.926086
0.931018
0.935564
0.939729
0.943521
0.946946
0.950009
0.952716
0.955073
0.957083
0.958752
0.960083
0.961079
0.961741
0.962072
0.962072
0.961741
0.961079
0.960083
0.958752
0.957083
0.955073
0.952716
0.950009
0.946946
0.943521
0.939729
0.935564
0.931018
0.926086
0.92076
0.915036
0.908905
0.902364
0.895405
0.888025
0.88022
0.871985
0.863319
0.85422
0.844686
0.83472
0.824323
0.813498
0.802249
0.790582
0.778506
0.766028
0.75316
0.739912
0.7263
0.712337
0.698041
0.683429
0.668521
0.653337
0.6379
0.622232
0.606359
0.590305
0.574096
0.557761
0.541325
0.524817
0.508266
0.4917
0.475148
0.458638
0.442199
0.425859
0.409645
0.393584
0.377702
0.362024
0.346574
0.331375
0.316449
0.301816
0.287496
0.273505
0.25986
0.246575
0.233662
0.221134
0.209
0.197266
0.185941
0.175028
0.16453
0.15445
0.144787
0.135539
0.126705
0.11828
0.11026
0.102637
0.0954046
0.088555
0.0820787
0.075966
0.0702063
0.0647888
0.0597017
0.0549332
0.0504709
0.0463025
0.0424152
0.0387964
0.0354332
0.032313
0.0294233
0.0267515
0.0242855
0.0220134
0.0199235
0.0180045
0.0162455
0.0146358
0.0131654
0.0118244
0.0106037
0.00949426
0.00848774
0.00757615
0.00675194
0.00600801
0.00533771
0.00473477
0.00419337
0.00370804
0.00327373
0.00288574
0.00253972
0.00223167
0.00195788
0.00171497
0.00149981
0.00130956
0.00114163
0.000993653
0.000863479
0.000749163
0.000648944
0.000561234
0.000484603
0.000417766
0.00035957
0.000308985
0.000265091
0.000227067
0.000194185
0.000165797
0.000141332
0.000120282
0.000102203
8.67015e-05
7.34323e-05
6.20935e-05
5.24207e-05
4.41832e-05
3.718e-05
3.12362e-05
2.62001e-05
2.19404e-05
1.83435e-05
1.53114e-05
1.27598e-05
1.06161e-05
8.81829e-06
7.31302e-06
6.05486e-06
5.00501e-06
4.13047e-06
3.4032e-06
2.79943e-06
2.29903e-06
1.88501e-06
1.54303e-06
1.26104e-06
1.0289e-06
8.38136e-07
6.81626e-07
5.53439e-07
4.48628e-07
3.63073e-07
2.93356e-07
2.36639e-07
1.90577e-07
1.53231e-07
1.23003e-07
9.85768e-08
7.88726e-08
6.30042e-08
5.02463e-08
4.00065e-08
3.18016e-08
2.52382e-08
1.99968e-08
1.5818e-08
1.24922e-08
9.8495e-09
7.75323e-09
6.09316e-09
4.78074e-09
3.74489e-09
2.9287e-09
2.28667e-09
1.78248e-09
1.38719e-09
1.07781e-09
8.36062e-10
6.47483e-10
5.00623e-10
3.86443e-10
2.9782e-10
2.29147e-10
1.76023e-10
1.34995e-10
1.03361e-10
7.90116e-11
6.03002e-11
4.59452e-11
3.49507e-11
2.65439e-11
2.01265e-11
1.52359e-11
1.15149e-11
8.68856e-12
6.54531e-12
4.92275e-12
3.69642e-12
2.77108e-12
2.07402e-12
1.54979e-12
1.15619e-12
8.61157e-13
6.4037e-13
4.75419e-13
3.52387e-13
2.60771e-13
1.92662e-13
1.42112e-13
1.04656e-13
7.69476e-14
5.64839e-14
4.13954e-14
3.02886e-14
2.21261e-14
1.61373e-14
1.17504e-14
8.54237e-15
6.20016e-15
4.49291e-15
3.25053e-15
2.3479e-15
1.6932e-15
1.21909e-15
8.7633e-16
6.28928e-16
4.50647e-16
3.22384e-16
2.30258e-16
1.64194e-16
1.16898e-16
8.30916e-17
5.89675e-17
4.17804e-17
2.95554e-17
2.0874e-17
1.47191e-17
1.03624e-17
7.28362e-18
5.1114e-18
3.58128e-18
2.50521e-18
1.74968e-18
1.22005e-18
8.49391e-19
5.90398e-19
4.09723e-19
2.83887e-19
1.96385e-19
1.35638e-19
9.35331e-20
6.4396e-20
4.42653e-20
3.03793e-20
2.08164e-20
1.42411e-20
9.72733e-21
6.63371e-21
4.51681e-21
3.07058e-21
2.08412e-21
1.41234e-21
9.55583e-22
6.45525e-22
4.35385e-22
2.93189e-22
1.97124e-22
1.32326e-22
8.86889e-23
5.93485e-23
3.96522e-23
2.6451e-23
1.76171e-23
1.17151e-23
7.77816e-24
5.15616e-24
3.41268e-24
2.2552e-24
1.48797e-24
9.80222e-25
6.44727e-25
4.23398e-25
2.77615e-25
1.81744e-25
1.18796e-25
7.7529e-26
5.05185e-26
3.28671e-26
2.13499e-26
1.3847e-26
8.96689e-27
5.79766e-27
3.74274e-27
2.41242e-27
1.55254e-27
9.97611e-28
6.40039e-28
4.09996e-28
2.6223e-28
1.67461e-28
1.06776e-28
6.79774e-29
4.32101e-29
2.74244e-29
1.73788e-29
1.0996e-29
6.94672e-30
4.38186e-30
2.75975e-30
1.73546e-30
1.08967e-30
6.83135e-31
4.27616e-31
2.67262e-31
1.66784e-31
1.03922e-31
6.46547e-32
4.01631e-32
2.49111e-32
1.54275e-32
9.53971e-33
5.88999e-33
3.63106e-33
2.23507e-33
1.37369e-33
8.43001e-34
5.16545e-34
3.1603e-34
1.9306e-34
1.1776e-34
7.17207e-35
4.3615e-35
2.64832e-35
1.60564e-35
9.72014e-36
5.87545e-36
3.54613e-36
2.13705e-36
1.28594e-36
7.72636e-37
4.63528e-37
2.77667e-37
1.66081e-37
9.91897e-38
5.9151e-38
3.52214e-38
2.09412e-38
1.24322e-38
7.36959e-39
4.36206e-39
2.57806e-39
1.52141e-39
8.96502e-40
5.27486e-40
3.09902e-40
1.81799e-40
1.06492e-40
6.22865e-41
3.63771e-41
2.12138e-41
1.23528e-41
7.18242e-42
4.16998e-42
2.41743e-42
1.39938e-42
8.0886e-43
4.66844e-43
2.69049e-43
1.54829e-43
8.89676e-44
5.10475e-44
2.92469e-44
1.6732e-44
9.55823e-45
5.4522e-45
3.10549e-45
1.76626e-45
1.00309e-45
5.68847e-46
3.22118e-46
1.82139e-46
1.02838e-46
5.79797e-47
3.26412e-47
1.83495e-47
1.03003e-47
5.77359e-48
3.23156e-48
1.80613e-48
1.00799e-48
5.61741e-49
3.12599e-49
1.73705e-49
9.63847e-50
5.34045e-50
2.95476e-50
1.63245e-50
9.00606e-51
4.9614e-51
2.72929e-51
1.49924e-51
8.22374e-52
4.50449e-52
2.46377e-52
1.34565e-52
7.33911e-53
3.997e-53
2.17373e-53
1.18047e-53
6.4016e-54
3.46659e-54
1.87455e-54
1.01222e-54
5.45804e-55
2.93888e-55
1.58019e-55
8.48444e-56
4.54905e-56
2.43559e-56
1.30219e-56
6.95232e-57
3.70657e-57
1.97334e-57
1.04911e-57
5.56965e-58
2.95273e-58
1.56318e-58
8.26388e-59
4.36264e-59
2.29989e-59
1.21075e-59
6.36495e-60
3.34139e-60
1.75167e-60
9.17007e-61
4.79387e-61
2.50261e-61
1.30466e-61
6.79196e-62
3.53093e-62
1.83308e-62
9.50318e-63
4.91988e-63
2.54354e-63
1.31317e-63
6.7702e-64
3.48564e-64
1.7921e-64
9.20121e-65
4.71767e-65
2.41553e-65
1.23509e-65
6.30648e-66
3.21573e-66
1.63748e-66
8.32673e-67
4.22843e-67
2.14431e-67
1.08593e-67
5.49193e-68
2.77366e-68
1.3989e-68
7.04581e-69
3.5439e-69
1.78009e-69
8.92915e-70
4.47289e-70
2.23757e-70
1.11783e-70
5.57682e-71
2.77849e-71
1.38243e-71
6.86896e-72
3.40842e-72
1.68902e-72
8.35899e-73
4.13225e-73
2.04194e-73
1.01161e-73
5.08562e-74
2.71741e-74
1.77837e-74
)
;

boundaryField
{
    sides
    {
        type            zeroGradient;
    }
    empty
    {
        type            empty;
    }
}


// ************************************************************************* //
