/*--------------------------------*- C++ -*----------------------------------*\
  =========                 |
  \\      /  F ield         | OpenFOAM: The Open Source CFD Toolbox
   \\    /   O peration     | Website:  https://openfoam.org
    \\  /    A nd           | Version:  13
     \\/     M anipulation  |
\*---------------------------------------------------------------------------*/
FoamFile
{
    format      ascii;
    class       volScalarField;
    location    "0.015";
    object      T;
}
// * * * * * * * * * * * * * * * * * * * * * * * * * * * * * * * * * * * * * //

dimensions      [0 0 0 1 0 0 0];

internalField   nonuniform List<scalar> 
1000
(
0
0
0
0
0
0
0
0
0
0
0
0
0
0
0
0
0
0
0
0
0
0
0
0
0
0
0
0
0
0
0
0
0
0
0
0
0
0
0
0
0
0
0
0
0
0
0
0
0
0
0
0
0
0
0
0
0
0
0
0
0
0
0
0
0
0
0
0
0
0
0
0
0
0
0
0
0
0
0
0
0
0
0
0
0
0
0
0
0
0
0
0
0
0
0
0
0
0
0
0
0
0
0
0
0
0
0
0
0
0
0
0
0
0
0
0
0
0
0
0
0
0
0
0
0
0
0
0
0
0
0
0
0
0
0
0
0
0
0
0
0
0
0
0
0
0
0
0
0
0
0
0
0
0
0
0
0
0
0
0
0
0
0
0
0
0
0
0
0
0
0
0
0
0
0
0
0
0
0
0
0
0
0
0
0
0
0
0
0
0
0
0
0
0
0
0
0
0
0
0
0
0
0
0
0
0
0
0
0
0
0
0
0
0
0
0
0
0
0
0
0
0
0
0
0
0
0
0
0
0
0
0
0
0
0
0
0
0
6.42285e-323
3.97229e-321
2.37423e-319
1.41657e-317
8.43524e-316
5.01288e-314
2.97305e-312
1.75969e-310
1.0394e-308
6.12682e-307
3.604e-305
2.11556e-303
1.23923e-301
7.24358e-300
4.22499e-298
2.45901e-296
1.42807e-294
8.27532e-293
4.78477e-291
2.76038e-289
1.58891e-287
9.12532e-286
5.22883e-284
2.98923e-282
1.70493e-280
9.70149e-279
5.50737e-277
3.119e-275
1.76216e-273
9.93171e-272
5.58396e-270
3.13178e-268
1.75211e-266
9.77791e-265
5.44293e-263
3.02213e-261
1.6737e-259
9.24518e-258
5.09352e-256
2.79882e-254
1.53383e-252
8.38322e-251
4.56951e-249
2.48394e-247
1.34652e-245
7.27909e-244
3.92393e-242
2.10928e-240
1.13059e-238
6.04256e-237
3.22012e-235
1.71098e-233
9.06416e-232
4.7875e-230
2.52102e-228
1.32347e-226
6.92653e-225
3.6138e-223
1.87951e-221
9.74424e-220
5.03568e-218
2.59395e-216
1.33182e-214
6.81542e-213
3.4761e-211
1.76696e-209
8.95125e-208
4.51905e-206
2.27353e-204
1.1398e-202
5.694e-201
2.83432e-199
1.40575e-197
6.94667e-196
3.4201e-194
1.67755e-192
8.19734e-191
3.99034e-189
1.93495e-187
9.34618e-186
4.4966e-184
2.15476e-182
1.0284e-180
4.88825e-179
2.31393e-177
1.09078e-175
5.12018e-174
2.39321e-172
1.11378e-170
5.16082e-169
2.38077e-167
1.09338e-165
4.99871e-164
2.27486e-162
1.03047e-160
4.64598e-159
2.08475e-157
9.30983e-156
4.13726e-154
1.82953e-152
8.05006e-151
3.52419e-149
1.53495e-147
6.65083e-146
2.86664e-144
1.22901e-142
5.24078e-141
2.22259e-139
9.37379e-138
3.93126e-136
1.63936e-134
6.79688e-133
2.80158e-131
1.14794e-129
4.67542e-128
1.89265e-126
7.61435e-125
3.04415e-123
1.20929e-121
4.77298e-120
1.87153e-118
7.28971e-117
2.82025e-115
1.08364e-113
4.13479e-112
1.56656e-110
5.89279e-109
2.2005e-107
8.15642e-106
3.00057e-104
1.09542e-102
3.968e-101
1.42602e-99
5.08374e-98
1.79757e-96
6.30331e-95
2.19166e-93
7.55499e-92
2.58157e-90
8.74287e-89
2.93411e-87
9.75609e-86
3.21351e-84
1.04836e-82
3.38681e-81
1.08327e-79
3.42976e-78
1.0747e-76
3.33207e-75
1.02201e-73
3.10035e-72
9.30003e-71
2.75786e-69
8.08295e-68
2.3408e-66
6.69645e-65
1.89187e-63
5.27693e-62
1.45274e-60
3.94619e-59
1.05734e-57
2.79356e-56
7.27538e-55
1.86704e-53
4.71945e-52
1.17463e-50
2.87744e-49
6.93462e-48
1.64346e-46
3.82839e-45
8.76159e-44
1.96896e-42
4.34261e-41
9.39458e-40
1.99234e-38
4.1394e-37
8.4201e-36
1.67572e-34
3.26043e-33
6.19726e-32
1.1498e-30
2.08046e-29
3.66788e-28
6.29443e-27
1.05033e-25
1.70229e-24
2.67642e-23
4.07682e-22
6.00796e-21
8.55288e-20
1.17426e-18
1.55205e-17
1.97103e-16
2.39994e-15
2.79517e-14
3.10596e-13
3.28336e-12
3.29145e-11
3.1178e-10
2.77939e-09
2.32113e-08
1.80645e-07
1.30227e-06
8.63522e-06
5.22345e-05
0.000285425
0.00139241
0.00597834
0.0222006
0.0698061
0.181226
0.378097
0.621903
0.818774
0.930194
0.977799
0.994022
0.998608
0.999715
0.999948
0.999991
0.999999
1
1
1
1
1
1
1
1
1
1
1
1
1
1
1
1
1
1
1
1
1
1
1
1
1
1
1
1
1
1
1
1
1
1
1
1
1
1
1
1
1
1
1
1
1
1
1
1
1
1
1
1
1
1
1
1
1
1
1
1
1
1
1
1
1
1
1
1
1
1
1
1
1
1
1
1
1
1
1
1
0.999999
0.999991
0.999948
0.999715
0.998608
0.994022
0.977799
0.930194
0.818774
0.621903
0.378097
0.181226
0.0698061
0.0222006
0.00597834
0.00139241
0.000285425
5.22345e-05
8.63522e-06
1.30227e-06
1.80645e-07
2.32113e-08
2.77939e-09
3.1178e-10
3.29145e-11
3.28336e-12
3.10596e-13
2.79517e-14
2.39994e-15
1.97103e-16
1.55205e-17
1.17426e-18
8.55288e-20
6.00796e-21
4.07682e-22
2.67642e-23
1.70229e-24
1.05033e-25
6.29443e-27
3.66788e-28
2.08046e-29
1.1498e-30
6.19726e-32
3.26043e-33
1.67572e-34
8.4201e-36
4.1394e-37
1.99234e-38
9.39458e-40
4.34261e-41
1.96896e-42
8.76159e-44
3.82839e-45
1.64346e-46
6.93462e-48
2.87744e-49
1.17463e-50
4.71945e-52
1.86704e-53
7.27538e-55
2.79356e-56
1.05734e-57
3.94619e-59
1.45274e-60
5.27693e-62
1.89187e-63
6.69645e-65
2.3408e-66
8.08295e-68
2.75786e-69
9.30003e-71
3.10035e-72
1.02201e-73
3.33207e-75
1.0747e-76
3.42976e-78
1.08327e-79
3.38681e-81
1.04836e-82
3.21351e-84
9.75609e-86
2.93411e-87
8.74287e-89
2.58157e-90
7.55499e-92
2.19166e-93
6.30331e-95
1.79757e-96
5.08374e-98
1.42602e-99
3.968e-101
1.09542e-102
3.00057e-104
8.15642e-106
2.2005e-107
5.89279e-109
1.56656e-110
4.13479e-112
1.08364e-113
2.82025e-115
7.28971e-117
1.87153e-118
4.77298e-120
1.20929e-121
3.04415e-123
7.61435e-125
1.89265e-126
4.67542e-128
1.14794e-129
2.80158e-131
6.79688e-133
1.63936e-134
3.93126e-136
9.37379e-138
2.22259e-139
5.24078e-141
1.22901e-142
2.86664e-144
6.65083e-146
1.53495e-147
3.52419e-149
8.05006e-151
1.82953e-152
4.13726e-154
9.30983e-156
2.08475e-157
4.64598e-159
1.03047e-160
2.27486e-162
4.99871e-164
1.09338e-165
2.38077e-167
5.16082e-169
1.11378e-170
2.39321e-172
5.12018e-174
1.09078e-175
2.31393e-177
4.88825e-179
1.0284e-180
2.15476e-182
4.4966e-184
9.34618e-186
1.93495e-187
3.99034e-189
8.19734e-191
1.67755e-192
3.4201e-194
6.94667e-196
1.40575e-197
2.83432e-199
5.694e-201
1.1398e-202
2.27353e-204
4.51905e-206
8.95125e-208
1.76696e-209
3.4761e-211
6.81542e-213
1.33182e-214
2.59395e-216
5.03568e-218
9.74424e-220
1.87951e-221
3.6138e-223
6.92653e-225
1.32347e-226
2.52102e-228
4.7875e-230
9.06416e-232
1.71098e-233
3.22012e-235
6.04256e-237
1.13059e-238
2.10928e-240
3.92393e-242
7.27909e-244
1.34652e-245
2.48394e-247
4.56951e-249
8.38322e-251
1.53383e-252
2.79882e-254
5.09352e-256
9.24518e-258
1.6737e-259
3.02213e-261
5.44293e-263
9.77791e-265
1.75211e-266
3.13178e-268
5.58396e-270
9.93171e-272
1.76216e-273
3.119e-275
5.50737e-277
9.70149e-279
1.70493e-280
2.98923e-282
5.22883e-284
9.12532e-286
1.58891e-287
2.76038e-289
4.78477e-291
8.27532e-293
1.42807e-294
2.45901e-296
4.22499e-298
7.24358e-300
1.23923e-301
2.11556e-303
3.604e-305
6.12682e-307
1.0394e-308
1.75969e-310
2.97305e-312
5.01288e-314
8.43524e-316
1.41658e-317
2.37428e-319
3.97229e-321
6.42285e-323
0
0
0
0
0
0
0
0
0
0
0
0
0
0
0
0
0
0
0
0
0
0
0
0
0
0
0
0
0
0
0
0
0
0
0
0
0
0
0
0
0
0
0
0
0
0
0
0
0
0
0
0
0
0
0
0
0
0
0
0
0
0
0
0
0
0
0
0
0
0
0
0
0
0
0
0
0
0
0
0
0
0
0
0
0
0
0
0
0
0
0
0
0
0
0
0
0
0
0
0
0
0
0
0
0
0
0
0
0
0
0
0
0
0
0
0
0
0
0
0
0
0
0
0
0
0
0
0
0
0
0
0
0
0
0
0
0
0
0
0
0
0
0
0
0
0
0
0
0
0
0
0
0
0
0
0
0
0
0
0
0
0
0
0
0
0
0
0
0
0
0
0
0
0
0
0
0
0
0
0
0
0
0
0
0
0
0
0
0
0
0
0
0
0
0
0
0
0
0
0
0
0
0
0
0
0
0
0
0
0
0
0
0
0
0
0
0
0
0
0
0
0
0
0
0
0
0
0
0
0
0
0
0
0
0
0
0
0
)
;

boundaryField
{
    sides
    {
        type            zeroGradient;
    }
    empty
    {
        type            empty;
    }
}


// ************************************************************************* //
