/*--------------------------------*- C++ -*----------------------------------*\
  =========                 |
  \\      /  F ield         | OpenFOAM: The Open Source CFD Toolbox
   \\    /   O peration     | Website:  https://openfoam.org
    \\  /    A nd           | Version:  13
     \\/     M anipulation  |
\*---------------------------------------------------------------------------*/
FoamFile
{
    format      ascii;
    class       volScalarField;
    location    "3.485";
    object      T;
}
// * * * * * * * * * * * * * * * * * * * * * * * * * * * * * * * * * * * * * //

dimensions      [0 0 0 1 0 0 0];

internalField   nonuniform List<scalar> 
1000
(
4.46706e-63
6.16173e-63
1.01851e-62
1.80394e-62
3.26472e-62
5.94249e-62
1.08261e-61
1.97119e-61
3.58544e-61
6.5142e-61
1.18214e-60
2.14267e-60
3.87904e-60
7.01411e-60
1.26678e-59
2.2851e-59
4.11708e-59
7.40885e-59
1.33165e-58
2.3906e-58
4.28648e-58
7.67662e-58
1.37315e-57
2.45323e-57
4.3776e-57
7.80205e-57
1.38885e-56
2.46932e-56
4.38504e-56
7.77756e-56
1.3778e-55
2.43783e-55
4.30816e-55
7.6042e-55
1.34056e-54
2.36044e-54
4.15115e-54
7.29149e-54
1.27919e-53
2.24142e-53
3.92267e-53
6.85663e-53
1.19704e-52
2.08725e-52
3.63505e-52
6.32287e-52
1.09846e-51
1.90601e-51
3.30318e-51
5.71749e-51
9.8843e-51
1.70668e-50
2.94323e-50
5.06947e-50
8.721e-50
1.49842e-49
2.57139e-49
4.40722e-49
7.54442e-49
1.28988e-48
2.20262e-48
3.75656e-48
6.39887e-48
1.08863e-47
1.84977e-47
3.13918e-47
5.32081e-47
9.00739e-47
1.52293e-46
2.57172e-46
4.33737e-46
7.30615e-46
1.22916e-45
2.06533e-45
3.466e-45
5.80933e-45
9.72482e-45
1.6259e-44
2.71497e-44
4.52785e-44
7.54182e-44
1.25463e-43
2.08455e-43
3.45911e-43
5.73286e-43
9.48929e-43
1.56874e-42
2.59013e-42
4.27118e-42
7.0344e-42
1.15707e-41
1.90084e-41
3.11877e-41
5.11063e-41
8.36407e-41
1.36714e-40
2.23182e-40
3.63879e-40
5.92523e-40
9.63616e-40
1.56514e-39
2.53894e-39
4.1134e-39
6.65578e-39
1.07559e-38
1.73597e-38
2.79824e-38
4.50481e-38
7.24297e-38
1.16306e-37
1.86525e-37
2.98757e-37
4.77909e-37
7.63517e-37
1.21825e-36
1.94135e-36
3.08967e-36
4.91097e-36
7.79591e-36
1.23598e-35
1.95703e-35
3.09478e-35
4.8877e-35
7.70943e-35
1.21446e-34
1.91067e-34
3.00214e-34
4.71106e-34
7.38324e-34
1.15562e-33
1.80646e-33
2.82019e-33
4.39715e-33
6.84704e-33
1.06482e-32
1.65381e-32
2.56529e-32
3.97397e-32
6.14827e-32
9.4999e-32
1.46596e-31
2.25925e-31
3.47731e-31
5.34515e-31
8.20565e-31
1.25806e-30
1.92632e-30
2.94571e-30
4.49871e-30
6.86153e-30
1.04518e-29
1.58998e-29
2.41562e-29
3.66523e-29
5.55401e-29
8.40516e-29
1.27034e-28
1.91745e-28
2.89044e-28
4.35146e-28
6.54242e-28
9.82367e-28
1.47313e-27
2.20618e-27
3.29967e-27
4.92869e-27
7.3523e-27
1.09533e-26
1.62966e-26
2.42147e-26
3.59328e-26
5.32515e-26
7.88137e-26
1.16493e-25
1.7196e-25
2.53503e-25
3.73222e-25
5.48755e-25
8.05782e-25
1.18164e-24
1.73052e-24
2.53102e-24
3.69694e-24
5.39281e-24
7.85621e-24
1.14298e-23
1.66068e-23
2.40969e-23
3.49189e-23
5.05342e-23
7.30355e-23
1.05416e-22
1.51951e-22
2.18738e-22
3.14463e-22
4.51478e-22
6.47332e-22
9.26915e-22
1.32549e-21
1.89293e-21
2.69969e-21
3.84517e-21
5.46939e-21
7.76934e-21
1.10217e-20
1.56148e-20
2.20925e-20
3.12156e-20
4.40474e-20
6.2071e-20
8.73528e-20
1.22768e-19
1.7231e-19
2.41522e-19
3.38082e-19
4.72613e-19
6.59793e-19
9.19874e-19
1.28076e-18
1.78083e-18
2.47285e-18
3.42917e-18
4.74895e-18
6.56785e-18
9.07122e-18
1.25119e-17
1.72346e-17
2.37079e-17
3.25687e-17
4.46811e-17
6.12158e-17
8.37566e-17
1.14443e-16
1.56162e-16
2.12802e-16
2.89594e-16
3.93568e-16
5.3415e-16
7.23972e-16
9.79928e-16
1.32459e-15
1.78805e-15
2.41042e-15
3.24504e-15
4.36275e-15
5.85751e-15
7.85378e-15
1.05162e-14
1.4062e-14
1.87781e-14
2.50419e-14
3.33499e-14
4.43542e-14
5.89096e-14
7.81356e-14
1.03496e-13
1.36902e-13
1.80845e-13
2.3857e-13
3.14293e-13
4.1349e-13
5.43257e-13
7.12782e-13
9.3394e-13
1.22206e-12
1.59688e-12
2.08385e-12
2.71562e-12
3.53411e-12
4.59307e-12
5.96121e-12
7.72637e-12
1.00006e-11
1.29267e-11
1.66861e-11
2.15097e-11
2.76899e-11
3.55974e-11
4.57008e-11
5.8592e-11
7.50173e-11
9.59164e-11
1.22471e-10
1.56164e-10
1.98856e-10
2.52875e-10
3.21129e-10
4.07251e-10
5.15766e-10
6.52306e-10
8.23869e-10
1.03914e-09
1.30887e-09
1.64637e-09
2.06808e-09
2.59426e-09
3.24989e-09
4.06567e-09
5.07929e-09
6.33697e-09
7.8953e-09
9.82343e-09
1.22058e-08
1.51453e-08
1.8767e-08
2.32232e-08
2.86983e-08
3.54159e-08
4.36464e-08
5.37164e-08
6.60196e-08
8.10303e-08
9.93185e-08
1.21569e-07
1.48601e-07
1.81396e-07
2.21128e-07
2.69196e-07
3.27266e-07
3.97322e-07
4.81719e-07
5.83247e-07
7.05214e-07
8.51527e-07
1.0268e-06
1.23646e-06
1.48691e-06
1.78567e-06
2.14153e-06
2.56483e-06
3.06763e-06
3.66402e-06
4.37041e-06
5.20592e-06
6.19274e-06
7.35664e-06
8.72745e-06
1.03397e-05
1.22331e-05
1.44537e-05
1.70543e-05
2.00956e-05
2.36472e-05
2.77889e-05
3.26119e-05
3.82203e-05
4.47327e-05
5.22842e-05
6.10281e-05
7.11384e-05
8.28119e-05
9.62713e-05
0.000111768
0.000129584
0.000150039
0.000173489
0.000200335
0.000231025
0.00026606
0.000305998
0.00035146
0.000403137
0.000461794
0.000528281
0.000603535
0.00068859
0.000784587
0.000892779
0.00101454
0.00115138
0.00130494
0.00147703
0.0016696
0.00188478
0.00212489
0.00239243
0.00269012
0.00302086
0.00338782
0.00379438
0.00424416
0.00474106
0.00528921
0.00589306
0.0065573
0.00728694
0.00808726
0.00896387
0.00992266
0.0109698
0.0121119
0.0133557
0.0147083
0.0161772
0.0177701
0.019495
0.0213601
0.0233739
0.0255453
0.0278831
0.0303966
0.033095
0.0359879
0.0390848
0.0423953
0.0459292
0.049696
0.0537054
0.057967
0.06249
0.0672837
0.0723569
0.0777183
0.0833762
0.0893383
0.095612
0.102204
0.109121
0.116368
0.12395
0.131872
0.140136
0.148746
0.157702
0.167005
0.176655
0.18665
0.196988
0.207666
0.218678
0.230019
0.241682
0.253659
0.26594
0.278516
0.291374
0.304503
0.317888
0.331516
0.34537
0.359434
0.373692
0.388123
0.40271
0.417434
0.432273
0.447208
0.462217
0.477279
0.492372
0.507474
0.522564
0.537619
0.552618
0.567538
0.58236
0.597061
0.611622
0.626022
0.640242
0.654264
0.668069
0.68164
0.69496
0.708015
0.72079
0.73327
0.745444
0.7573
0.768827
0.780015
0.790855
0.80134
0.811464
0.821219
0.830602
0.839608
0.848233
0.856475
0.864333
0.871805
0.87889
0.885589
0.891903
0.897831
0.903375
0.908536
0.913318
0.91772
0.921746
0.925398
0.928677
0.931586
0.934127
0.936301
0.93811
0.939555
0.940638
0.94136
0.94172
0.94172
0.94136
0.940638
0.939555
0.93811
0.936301
0.934127
0.931586
0.928677
0.925398
0.921746
0.91772
0.913318
0.908536
0.903375
0.897831
0.891903
0.885589
0.87889
0.871805
0.864333
0.856475
0.848233
0.839608
0.830602
0.821219
0.811464
0.80134
0.790855
0.780015
0.768827
0.7573
0.745444
0.73327
0.72079
0.708015
0.69496
0.68164
0.668069
0.654264
0.640242
0.626022
0.611622
0.597061
0.58236
0.567538
0.552618
0.537619
0.522564
0.507474
0.492372
0.477279
0.462217
0.447208
0.432273
0.417434
0.40271
0.388123
0.373692
0.359434
0.34537
0.331516
0.317888
0.304503
0.291374
0.278516
0.26594
0.253659
0.241682
0.230019
0.218678
0.207666
0.196988
0.18665
0.176655
0.167005
0.157702
0.148746
0.140136
0.131872
0.12395
0.116368
0.109121
0.102204
0.095612
0.0893383
0.0833762
0.0777183
0.0723569
0.0672837
0.06249
0.057967
0.0537054
0.049696
0.0459292
0.0423953
0.0390848
0.0359879
0.033095
0.0303966
0.0278831
0.0255453
0.0233739
0.0213601
0.019495
0.0177701
0.0161772
0.0147083
0.0133557
0.0121119
0.0109698
0.00992266
0.00896387
0.00808726
0.00728694
0.0065573
0.00589306
0.00528921
0.00474106
0.00424416
0.00379438
0.00338782
0.00302086
0.00269012
0.00239243
0.00212489
0.00188478
0.0016696
0.00147703
0.00130494
0.00115138
0.00101454
0.000892779
0.000784587
0.00068859
0.000603535
0.000528281
0.000461794
0.000403137
0.00035146
0.000305998
0.00026606
0.000231025
0.000200335
0.000173489
0.000150039
0.000129584
0.000111768
9.62713e-05
8.28119e-05
7.11384e-05
6.10281e-05
5.22842e-05
4.47327e-05
3.82203e-05
3.26119e-05
2.77889e-05
2.36472e-05
2.00956e-05
1.70543e-05
1.44537e-05
1.22331e-05
1.03397e-05
8.72745e-06
7.35664e-06
6.19274e-06
5.20592e-06
4.37041e-06
3.66402e-06
3.06763e-06
2.56483e-06
2.14153e-06
1.78567e-06
1.48691e-06
1.23646e-06
1.0268e-06
8.51527e-07
7.05214e-07
5.83247e-07
4.81719e-07
3.97322e-07
3.27266e-07
2.69196e-07
2.21128e-07
1.81396e-07
1.48601e-07
1.21569e-07
9.93185e-08
8.10303e-08
6.60196e-08
5.37164e-08
4.36464e-08
3.54159e-08
2.86983e-08
2.32232e-08
1.8767e-08
1.51453e-08
1.22058e-08
9.82343e-09
7.8953e-09
6.33697e-09
5.07929e-09
4.06567e-09
3.24989e-09
2.59426e-09
2.06808e-09
1.64637e-09
1.30887e-09
1.03914e-09
8.23869e-10
6.52306e-10
5.15766e-10
4.07251e-10
3.21129e-10
2.52875e-10
1.98856e-10
1.56164e-10
1.22471e-10
9.59164e-11
7.50173e-11
5.8592e-11
4.57008e-11
3.55974e-11
2.76899e-11
2.15097e-11
1.66861e-11
1.29267e-11
1.00006e-11
7.72637e-12
5.96121e-12
4.59307e-12
3.53411e-12
2.71562e-12
2.08385e-12
1.59688e-12
1.22206e-12
9.3394e-13
7.12782e-13
5.43257e-13
4.1349e-13
3.14293e-13
2.3857e-13
1.80845e-13
1.36902e-13
1.03496e-13
7.81356e-14
5.89096e-14
4.43542e-14
3.33499e-14
2.50419e-14
1.87781e-14
1.4062e-14
1.05162e-14
7.85378e-15
5.85751e-15
4.36275e-15
3.24504e-15
2.41042e-15
1.78805e-15
1.32459e-15
9.79928e-16
7.23972e-16
5.3415e-16
3.93568e-16
2.89594e-16
2.12802e-16
1.56162e-16
1.14443e-16
8.37566e-17
6.12158e-17
4.46811e-17
3.25687e-17
2.37079e-17
1.72346e-17
1.25119e-17
9.07122e-18
6.56785e-18
4.74895e-18
3.42917e-18
2.47285e-18
1.78083e-18
1.28076e-18
9.19874e-19
6.59793e-19
4.72613e-19
3.38082e-19
2.41522e-19
1.7231e-19
1.22768e-19
8.73528e-20
6.2071e-20
4.40474e-20
3.12156e-20
2.20925e-20
1.56148e-20
1.10217e-20
7.76934e-21
5.46939e-21
3.84517e-21
2.69969e-21
1.89293e-21
1.32549e-21
9.26915e-22
6.47332e-22
4.51478e-22
3.14463e-22
2.18738e-22
1.51951e-22
1.05416e-22
7.30355e-23
5.05342e-23
3.49189e-23
2.40969e-23
1.66068e-23
1.14298e-23
7.85621e-24
5.39281e-24
3.69694e-24
2.53102e-24
1.73052e-24
1.18164e-24
8.05782e-25
5.48755e-25
3.73222e-25
2.53503e-25
1.7196e-25
1.16493e-25
7.88137e-26
5.32515e-26
3.59328e-26
2.42147e-26
1.62966e-26
1.09533e-26
7.3523e-27
4.92869e-27
3.29967e-27
2.20618e-27
1.47313e-27
9.82367e-28
6.54242e-28
4.35146e-28
2.89044e-28
1.91745e-28
1.27034e-28
8.40516e-29
5.55401e-29
3.66523e-29
2.41562e-29
1.58998e-29
1.04518e-29
6.86153e-30
4.49871e-30
2.94571e-30
1.92632e-30
1.25806e-30
8.20565e-31
5.34515e-31
3.47731e-31
2.25925e-31
1.46596e-31
9.4999e-32
6.14827e-32
3.97397e-32
2.56529e-32
1.65381e-32
1.06482e-32
6.84704e-33
4.39715e-33
2.82019e-33
1.80646e-33
1.15562e-33
7.38324e-34
4.71106e-34
3.00214e-34
1.91067e-34
1.21446e-34
7.70943e-35
4.8877e-35
3.09478e-35
1.95703e-35
1.23598e-35
7.79591e-36
4.91097e-36
3.08967e-36
1.94135e-36
1.21825e-36
7.63517e-37
4.77909e-37
2.98757e-37
1.86525e-37
1.16306e-37
7.24297e-38
4.50481e-38
2.79824e-38
1.73597e-38
1.07559e-38
6.65578e-39
4.1134e-39
2.53894e-39
1.56514e-39
9.63616e-40
5.92523e-40
3.63879e-40
2.23182e-40
1.36714e-40
8.36407e-41
5.11063e-41
3.11877e-41
1.90084e-41
1.15707e-41
7.0344e-42
4.27118e-42
2.59013e-42
1.56874e-42
9.48929e-43
5.73286e-43
3.45911e-43
2.08455e-43
1.25463e-43
7.54182e-44
4.52785e-44
2.71497e-44
1.6259e-44
9.72482e-45
5.80933e-45
3.466e-45
2.06533e-45
1.22916e-45
7.30615e-46
4.33737e-46
2.57172e-46
1.52293e-46
9.00739e-47
5.32081e-47
3.13918e-47
1.84977e-47
1.08863e-47
6.39887e-48
3.75656e-48
2.20262e-48
1.28988e-48
7.54442e-49
4.40722e-49
2.57139e-49
1.49842e-49
8.721e-50
5.06947e-50
2.94323e-50
1.70668e-50
9.8843e-51
5.71749e-51
3.30318e-51
1.90601e-51
1.09846e-51
6.32287e-52
3.63505e-52
2.08725e-52
1.19704e-52
6.85663e-53
3.92267e-53
2.24142e-53
1.27919e-53
7.29149e-54
4.15115e-54
2.36044e-54
1.34056e-54
7.6042e-55
4.30816e-55
2.43783e-55
1.3778e-55
7.77756e-56
4.38504e-56
2.46932e-56
1.38885e-56
7.80205e-57
4.3776e-57
2.45323e-57
1.37315e-57
7.67662e-58
4.28648e-58
2.3906e-58
1.33165e-58
7.40885e-59
4.11708e-59
2.2851e-59
1.26678e-59
7.01411e-60
3.87904e-60
2.14267e-60
1.18214e-60
6.5142e-61
3.58544e-61
1.97119e-61
1.08261e-61
5.94249e-62
3.26472e-62
1.80394e-62
1.01851e-62
6.16173e-63
4.46706e-63
)
;

boundaryField
{
    sides
    {
        type            zeroGradient;
    }
    empty
    {
        type            empty;
    }
}


// ************************************************************************* //
