/*--------------------------------*- C++ -*----------------------------------*\
  =========                 |
  \\      /  F ield         | OpenFOAM: The Open Source CFD Toolbox
   \\    /   O peration     | Website:  https://openfoam.org
    \\  /    A nd           | Version:  13
     \\/     M anipulation  |
\*---------------------------------------------------------------------------*/
FoamFile
{
    format      ascii;
    class       volScalarField;
    location    "0.165";
    object      T;
}
// * * * * * * * * * * * * * * * * * * * * * * * * * * * * * * * * * * * * * //

dimensions      [0 0 0 1 0 0 0];

internalField   nonuniform List<scalar> 
1000
(
0
0
0
0
0
0
0
0
0
0
0
0
0
0
0
0
0
0
0
0
0
0
0
0
0
0
0
0
0
0
0
0
0
0
0
0
0
0
0
0
0
0
0
0
0
0
0
0
0
0
0
0
0
0
0
0
0
0
0
0
0
0
0
0
0
0
0
0
0
0
0
0
0
0
0
0
0
0
0
0
0
0
0
0
0
0
0
0
0
0
0
0
0
0
0
1.08694e-322
2.24306e-321
4.07604e-320
7.35031e-319
1.32172e-317
2.37111e-316
4.24373e-315
7.57745e-314
1.34982e-312
2.39885e-311
4.25303e-310
7.52249e-309
1.32736e-307
2.33654e-306
4.10312e-305
7.18801e-304
1.25618e-302
2.18998e-301
3.80863e-300
6.6075e-299
1.14351e-297
1.97412e-296
3.39964e-295
5.84004e-294
1.00073e-292
1.71056e-291
2.91654e-290
4.96029e-289
8.41493e-288
1.42395e-286
2.40344e-285
4.04638e-284
6.79498e-283
1.13814e-281
1.90144e-280
3.16844e-279
5.26602e-278
8.72946e-277
1.4433e-275
2.38006e-274
3.91448e-273
6.42115e-272
1.05051e-270
1.71408e-269
2.78933e-268
4.52695e-267
7.32726e-266
1.18278e-264
1.9041e-263
3.05698e-262
4.89451e-261
7.8151e-260
1.24441e-258
1.97603e-257
3.1291e-256
4.94124e-255
7.78106e-254
1.22187e-252
1.91331e-251
2.98757e-250
4.65179e-249
7.22245e-248
1.11817e-246
1.72617e-245
2.6571e-244
4.07827e-243
6.24141e-242
9.52408e-241
1.44908e-239
2.19829e-238
3.32504e-237
5.01443e-236
7.53973e-235
1.1303e-233
1.68938e-232
2.51742e-231
3.74e-230
5.53948e-229
8.17983e-228
1.20418e-226
1.76727e-225
2.58569e-224
3.77142e-223
5.48382e-222
7.94887e-221
1.14859e-219
1.65447e-218
2.37564e-217
3.40034e-216
4.85154e-215
6.89996e-214
9.78178e-213
1.38225e-211
1.94692e-210
2.73334e-209
3.82491e-208
5.33484e-207
7.41633e-206
1.02759e-204
1.41907e-203
1.95316e-202
2.67925e-201
3.6629e-200
4.99077e-199
6.77692e-198
9.17095e-197
1.23682e-195
1.66227e-194
2.22635e-193
2.9715e-192
3.95222e-191
5.2382e-190
6.9182e-189
9.10472e-188
1.19398e-186
1.56017e-185
2.03138e-184
2.63538e-183
3.40661e-182
4.38753e-181
5.63028e-180
7.19855e-179
9.16973e-178
1.16374e-176
1.47143e-175
1.85352e-174
2.32606e-173
2.90806e-172
3.62189e-171
4.49377e-170
5.55419e-169
6.83844e-168
8.38709e-167
1.02465e-165
1.24693e-164
1.51148e-163
1.82493e-162
2.19466e-161
2.62879e-160
3.1362e-159
3.7265e-158
4.41001e-157
5.1977e-156
6.10107e-155
7.13206e-154
8.30289e-153
9.62586e-152
1.11131e-150
1.27764e-149
1.46268e-148
1.66743e-147
1.89276e-146
2.13934e-145
2.40765e-144
2.6979e-143
3.01e-142
3.34352e-141
3.69769e-140
4.07131e-139
4.46277e-138
4.87002e-137
5.29058e-136
5.72151e-135
6.15945e-134
6.60064e-133
7.04096e-132
7.47598e-131
7.90102e-130
8.31124e-129
8.70172e-128
9.06752e-127
9.40381e-126
9.706e-125
9.96977e-124
1.01912e-122
1.03669e-121
1.04941e-120
1.05706e-119
1.0595e-118
1.05666e-117
1.04855e-116
1.03526e-115
1.01696e-114
9.93894e-114
9.66365e-113
9.3475e-112
8.99473e-111
8.61006e-110
8.1985e-109
7.76531e-108
7.31585e-107
6.85548e-106
6.38944e-105
5.92277e-104
5.4602e-103
5.00609e-102
4.56436e-101
4.13843e-100
3.73121e-99
3.34509e-98
2.98189e-97
2.64293e-96
2.32902e-95
2.0405e-94
1.77729e-93
1.53894e-92
1.32468e-91
1.13345e-90
9.64019e-90
8.14963e-89
6.84765e-88
5.71844e-87
4.74599e-86
3.91446e-85
3.20841e-84
2.61315e-83
2.11483e-82
1.70059e-81
1.35868e-80
1.07848e-79
8.50464e-79
6.66242e-78
5.18464e-77
4.00767e-76
3.07702e-75
2.34645e-74
1.77711e-73
1.33663e-72
9.98348e-72
7.40461e-71
5.45315e-70
3.98743e-69
2.89477e-68
2.08634e-67
1.49273e-66
1.06017e-65
7.47378e-65
5.2294e-64
3.63146e-63
2.50265e-62
1.71152e-61
1.16144e-60
7.82022e-60
5.22414e-59
3.46223e-58
2.27621e-57
1.48441e-56
9.60171e-56
6.15976e-55
3.91894e-54
2.47246e-53
1.54672e-52
9.59368e-52
5.89945e-51
3.59631e-50
2.17314e-49
1.30156e-48
7.72592e-48
4.54475e-47
2.64914e-46
1.53001e-45
8.75469e-45
4.96253e-44
2.78638e-43
1.54957e-42
8.53439e-42
4.65459e-41
2.51359e-40
1.3439e-39
7.11296e-39
3.7265e-38
1.93229e-37
9.91547e-37
5.03474e-36
2.52937e-35
1.25709e-34
6.18004e-34
3.0049e-33
1.44488e-32
6.8697e-32
3.22919e-31
1.50052e-30
6.89167e-30
3.1281e-29
1.40297e-28
6.21682e-28
2.72129e-27
1.17653e-26
5.02328e-26
2.11768e-25
8.8136e-25
3.62072e-24
1.46796e-23
5.87269e-23
2.31787e-22
9.02387e-22
3.46474e-21
1.31173e-20
4.89585e-20
1.80112e-19
6.52982e-19
2.33248e-18
8.20734e-18
2.84424e-17
9.70541e-17
3.26027e-16
1.07792e-15
3.50686e-15
1.12239e-14
3.53317e-14
1.09364e-13
3.32785e-13
9.95239e-13
2.92452e-12
8.44172e-12
2.393e-11
6.65999e-11
1.8193e-10
4.87656e-10
1.28227e-09
3.30659e-09
8.35962e-09
2.07145e-08
5.02936e-08
1.19612e-07
2.78566e-07
6.35104e-07
1.41707e-06
3.09343e-06
6.60479e-06
1.37886e-05
2.81381e-05
5.61126e-05
0.000109319
0.000208008
0.000386457
0.000700898
0.00124062
0.00214271
0.00361033
0.00593361
0.00951097
0.014867
0.0226616
0.033684
0.0488255
0.0690244
0.0951852
0.128072
0.168191
0.215676
0.270194
0.330904
0.39647
0.465135
0.534865
0.60353
0.669096
0.729806
0.784324
0.831809
0.871928
0.904815
0.930976
0.951175
0.966316
0.977338
0.985133
0.990489
0.994066
0.99639
0.997857
0.998759
0.999299
0.999614
0.999792
0.999891
0.999944
0.999972
0.999986
0.999993
0.999997
0.999999
0.999999
1
1
1
1
1
1
1
1
1
1
1
1
1
1
1
1
1
1
1
1
1
1
1
1
1
1
1
1
1
1
1
1
1
1
1
1
1
1
1
1
1
1
0.999999
0.999999
0.999997
0.999993
0.999986
0.999972
0.999944
0.999891
0.999792
0.999614
0.999299
0.998759
0.997857
0.99639
0.994066
0.990489
0.985133
0.977338
0.966316
0.951175
0.930976
0.904815
0.871928
0.831809
0.784324
0.729806
0.669096
0.60353
0.534865
0.465135
0.39647
0.330904
0.270194
0.215676
0.168191
0.128072
0.0951852
0.0690244
0.0488255
0.033684
0.0226616
0.014867
0.00951097
0.00593361
0.00361033
0.00214271
0.00124062
0.000700898
0.000386457
0.000208008
0.000109319
5.61126e-05
2.81381e-05
1.37886e-05
6.60479e-06
3.09343e-06
1.41707e-06
6.35104e-07
2.78566e-07
1.19612e-07
5.02936e-08
2.07145e-08
8.35962e-09
3.30659e-09
1.28227e-09
4.87656e-10
1.8193e-10
6.65999e-11
2.393e-11
8.44172e-12
2.92452e-12
9.95239e-13
3.32785e-13
1.09364e-13
3.53317e-14
1.12239e-14
3.50686e-15
1.07792e-15
3.26027e-16
9.70541e-17
2.84424e-17
8.20734e-18
2.33248e-18
6.52982e-19
1.80112e-19
4.89585e-20
1.31173e-20
3.46474e-21
9.02387e-22
2.31787e-22
5.87269e-23
1.46796e-23
3.62072e-24
8.8136e-25
2.11768e-25
5.02328e-26
1.17653e-26
2.72129e-27
6.21682e-28
1.40297e-28
3.1281e-29
6.89167e-30
1.50052e-30
3.22919e-31
6.8697e-32
1.44488e-32
3.0049e-33
6.18004e-34
1.25709e-34
2.52937e-35
5.03474e-36
9.91547e-37
1.93229e-37
3.7265e-38
7.11296e-39
1.3439e-39
2.51359e-40
4.65459e-41
8.53439e-42
1.54957e-42
2.78638e-43
4.96253e-44
8.75469e-45
1.53001e-45
2.64914e-46
4.54475e-47
7.72592e-48
1.30156e-48
2.17314e-49
3.59631e-50
5.89945e-51
9.59368e-52
1.54672e-52
2.47246e-53
3.91894e-54
6.15976e-55
9.60171e-56
1.48441e-56
2.27621e-57
3.46223e-58
5.22414e-59
7.82022e-60
1.16144e-60
1.71152e-61
2.50265e-62
3.63146e-63
5.2294e-64
7.47378e-65
1.06017e-65
1.49273e-66
2.08634e-67
2.89477e-68
3.98743e-69
5.45315e-70
7.40461e-71
9.98348e-72
1.33663e-72
1.77711e-73
2.34645e-74
3.07702e-75
4.00767e-76
5.18464e-77
6.66242e-78
8.50464e-79
1.07848e-79
1.35868e-80
1.70059e-81
2.11483e-82
2.61315e-83
3.20841e-84
3.91446e-85
4.74599e-86
5.71844e-87
6.84765e-88
8.14963e-89
9.64019e-90
1.13345e-90
1.32468e-91
1.53894e-92
1.77729e-93
2.0405e-94
2.32902e-95
2.64293e-96
2.98189e-97
3.34509e-98
3.73121e-99
4.13843e-100
4.56436e-101
5.00609e-102
5.4602e-103
5.92277e-104
6.38944e-105
6.85548e-106
7.31585e-107
7.76531e-108
8.1985e-109
8.61006e-110
8.99473e-111
9.3475e-112
9.66365e-113
9.93894e-114
1.01696e-114
1.03526e-115
1.04855e-116
1.05666e-117
1.0595e-118
1.05706e-119
1.04941e-120
1.03669e-121
1.01912e-122
9.96977e-124
9.706e-125
9.40381e-126
9.06752e-127
8.70172e-128
8.31124e-129
7.90102e-130
7.47598e-131
7.04096e-132
6.60064e-133
6.15945e-134
5.72151e-135
5.29058e-136
4.87002e-137
4.46277e-138
4.07131e-139
3.69769e-140
3.34352e-141
3.01e-142
2.6979e-143
2.40765e-144
2.13934e-145
1.89276e-146
1.66743e-147
1.46268e-148
1.27764e-149
1.11131e-150
9.62586e-152
8.30289e-153
7.13206e-154
6.10107e-155
5.1977e-156
4.41001e-157
3.7265e-158
3.1362e-159
2.62879e-160
2.19466e-161
1.82493e-162
1.51148e-163
1.24693e-164
1.02465e-165
8.38709e-167
6.83844e-168
5.55419e-169
4.49377e-170
3.62189e-171
2.90806e-172
2.32606e-173
1.85352e-174
1.47143e-175
1.16374e-176
9.16973e-178
7.19855e-179
5.63028e-180
4.38753e-181
3.40661e-182
2.63538e-183
2.03138e-184
1.56017e-185
1.19398e-186
9.10472e-188
6.9182e-189
5.2382e-190
3.95222e-191
2.9715e-192
2.22635e-193
1.66227e-194
1.23682e-195
9.17095e-197
6.77692e-198
4.99077e-199
3.6629e-200
2.67925e-201
1.95316e-202
1.41907e-203
1.02759e-204
7.41633e-206
5.33484e-207
3.82491e-208
2.73334e-209
1.94692e-210
1.38225e-211
9.78178e-213
6.89996e-214
4.85154e-215
3.40034e-216
2.37564e-217
1.65447e-218
1.14859e-219
7.94887e-221
5.48382e-222
3.77142e-223
2.58569e-224
1.76727e-225
1.20418e-226
8.17983e-228
5.53948e-229
3.74e-230
2.51742e-231
1.68938e-232
1.1303e-233
7.53973e-235
5.01443e-236
3.32504e-237
2.19829e-238
1.44908e-239
9.52408e-241
6.24141e-242
4.07827e-243
2.6571e-244
1.72617e-245
1.11817e-246
7.22245e-248
4.65179e-249
2.98757e-250
1.91331e-251
1.22187e-252
7.78106e-254
4.94124e-255
3.1291e-256
1.97603e-257
1.24441e-258
7.8151e-260
4.89451e-261
3.05698e-262
1.9041e-263
1.18278e-264
7.32726e-266
4.52695e-267
2.78933e-268
1.71408e-269
1.05051e-270
6.42115e-272
3.91448e-273
2.38006e-274
1.4433e-275
8.72946e-277
5.26602e-278
3.16844e-279
1.90144e-280
1.13814e-281
6.79498e-283
4.04638e-284
2.40344e-285
1.42395e-286
8.41493e-288
4.96029e-289
2.91654e-290
1.71056e-291
1.00073e-292
5.84004e-294
3.39964e-295
1.97412e-296
1.14351e-297
6.6075e-299
3.80863e-300
2.18998e-301
1.25618e-302
7.18801e-304
4.10312e-305
2.33654e-306
1.32736e-307
7.52249e-309
4.25303e-310
2.39885e-311
1.34982e-312
7.57745e-314
4.24373e-315
2.37111e-316
1.32172e-317
7.35026e-319
4.07604e-320
2.24306e-321
1.08694e-322
0
0
0
0
0
0
0
0
0
0
0
0
0
0
0
0
0
0
0
0
0
0
0
0
0
0
0
0
0
0
0
0
0
0
0
0
0
0
0
0
0
0
0
0
0
0
0
0
0
0
0
0
0
0
0
0
0
0
0
0
0
0
0
0
0
0
0
0
0
0
0
0
0
0
0
0
0
0
0
0
0
0
0
0
0
0
0
0
0
0
0
0
0
0
0
)
;

boundaryField
{
    sides
    {
        type            zeroGradient;
    }
    empty
    {
        type            empty;
    }
}


// ************************************************************************* //
