/*--------------------------------*- C++ -*----------------------------------*\
  =========                 |
  \\      /  F ield         | OpenFOAM: The Open Source CFD Toolbox
   \\    /   O peration     | Website:  https://openfoam.org
    \\  /    A nd           | Version:  13
     \\/     M anipulation  |
\*---------------------------------------------------------------------------*/
FoamFile
{
    format      ascii;
    class       volScalarField;
    location    "0.55";
    object      T;
}
// * * * * * * * * * * * * * * * * * * * * * * * * * * * * * * * * * * * * * //

dimensions      [0 0 0 1 0 0 0];

internalField   nonuniform List<scalar> 
1000
(
7.7911e-258
5.419e-257
4.22391e-256
3.29241e-255
2.56127e-254
1.9885e-253
1.54072e-252
1.19136e-251
9.19364e-251
7.08028e-250
5.44167e-249
4.17378e-248
3.19477e-247
2.44041e-246
1.86036e-245
1.41526e-244
1.07444e-243
8.14017e-243
6.15439e-242
4.6434e-241
3.49611e-240
2.62681e-239
1.96954e-238
1.47365e-237
1.1003e-236
8.1981e-236
6.09538e-235
4.52242e-234
3.34828e-233
2.47371e-232
1.8237e-231
1.34162e-230
9.84872e-230
7.21436e-229
5.2733e-228
3.8462e-227
2.79926e-226
2.0329e-225
1.47314e-224
1.0652e-223
7.68543e-223
5.53296e-222
3.97462e-221
2.84891e-220
2.03754e-219
1.45404e-218
1.03535e-217
7.35581e-217
5.21447e-216
3.68827e-215
2.60294e-214
1.83287e-213
1.28773e-212
9.02697e-212
6.31361e-211
4.40587e-210
3.06761e-209
2.13099e-208
1.47697e-207
1.02134e-206
7.04649e-206
4.85041e-205
3.33108e-204
2.28238e-203
1.56022e-202
1.06408e-201
7.24028e-201
4.91498e-200
3.32869e-199
2.24909e-198
1.51607e-197
1.01955e-196
6.84023e-196
4.5783e-195
3.05708e-194
2.03646e-193
1.35334e-192
8.97219e-192
5.93401e-191
3.91519e-190
2.57697e-189
1.69206e-188
1.10833e-187
7.24209e-187
4.72065e-186
3.06957e-185
1.99108e-184
1.28834e-183
8.3158e-183
5.35431e-182
3.43896e-181
2.20329e-180
1.4081e-179
8.97657e-179
5.70821e-178
3.62075e-177
2.29088e-176
1.44581e-175
9.10161e-175
5.71509e-174
3.5795e-173
2.23621e-172
1.39344e-171
8.66068e-171
5.36904e-170
3.31986e-169
2.04747e-168
1.25947e-167
7.7273e-167
4.72861e-166
2.88604e-165
1.75683e-164
1.06663e-163
6.45881e-163
3.90067e-162
2.34949e-161
1.4114e-160
8.45604e-160
5.05267e-159
3.01098e-158
1.78947e-157
1.06064e-156
6.2695e-156
3.69589e-155
2.1728e-154
1.2739e-153
7.44834e-153
4.34299e-152
2.52535e-151
1.46437e-150
8.46794e-150
4.8831e-149
2.80803e-148
1.61024e-147
9.20794e-147
5.25062e-146
2.98561e-145
1.69287e-144
9.57154e-144
5.39637e-143
3.03376e-142
1.70065e-141
9.50604e-141
5.29824e-140
2.94447e-139
1.63163e-138
9.01518e-138
4.96658e-137
2.72815e-136
1.49418e-135
8.15942e-135
4.44253e-134
2.41165e-133
1.30529e-132
7.04373e-132
3.78965e-131
2.03278e-130
1.08711e-129
5.79624e-129
3.08107e-128
1.63281e-127
8.62673e-127
4.54388e-126
2.38602e-125
1.24906e-124
6.51858e-124
3.39137e-123
1.75892e-122
9.09419e-122
4.68729e-121
2.40833e-120
1.23351e-119
6.29788e-119
3.20532e-118
1.62617e-117
8.22383e-117
4.14564e-116
2.08312e-115
1.04337e-114
5.20901e-114
2.59217e-113
1.28576e-112
6.35674e-112
3.13247e-111
1.53855e-110
7.53186e-110
3.67498e-109
1.78717e-108
8.66221e-108
4.18445e-107
2.01461e-106
9.66676e-106
4.62278e-105
2.20319e-104
1.04646e-103
4.95351e-103
2.33676e-102
1.09855e-101
5.14672e-101
2.4029e-100
1.11798e-99
5.1834e-99
2.39484e-98
1.10259e-97
5.0585e-97
2.31256e-96
1.05347e-95
4.78197e-95
2.16291e-94
9.74792e-94
4.37745e-93
1.95867e-92
8.73229e-92
3.87895e-91
1.71677e-90
7.57042e-90
3.32605e-89
1.45591e-88
6.34937e-88
2.75874e-87
1.19418e-86
5.14994e-86
2.21258e-85
9.47018e-85
4.03804e-84
1.71527e-83
7.25829e-83
3.05966e-82
1.28482e-81
5.37442e-81
2.23944e-80
9.29517e-80
3.84308e-79
1.5827e-78
6.49245e-78
2.65279e-77
1.07963e-76
4.37642e-76
1.76696e-75
7.10547e-75
2.84583e-74
1.13519e-73
4.50991e-73
1.78442e-72
7.0315e-72
2.75941e-71
1.07843e-70
4.19733e-70
1.62685e-69
6.27928e-69
2.41353e-68
9.23783e-68
3.52089e-67
1.33627e-66
5.04995e-66
1.90031e-65
7.12027e-65
2.65643e-64
9.86781e-64
3.6497e-63
1.344e-62
4.92764e-62
1.79874e-61
6.53704e-61
2.3652e-60
8.51964e-60
3.05515e-59
1.09067e-58
3.87613e-58
1.37131e-57
4.82947e-57
1.69309e-56
5.9084e-56
2.05239e-55
7.09649e-55
2.44236e-54
8.36665e-54
2.85272e-53
9.68111e-53
3.26994e-52
1.09925e-51
3.67774e-51
1.22459e-50
4.058e-50
1.33826e-49
4.39199e-49
1.4344e-48
4.66181e-48
1.50767e-47
4.85198e-47
1.55374e-46
4.95084e-46
1.56967e-45
4.95176e-45
1.55425e-44
4.85381e-44
1.50812e-43
4.66199e-43
1.43376e-42
4.38678e-42
1.33526e-41
4.04323e-41
1.21793e-40
3.64952e-40
1.08783e-39
3.22543e-39
9.5127e-39
2.79061e-38
8.14264e-38
2.36314e-37
6.82122e-37
1.95827e-36
5.59124e-36
1.58767e-35
4.4835e-35
1.25912e-34
3.51643e-34
9.7658e-34
2.69696e-33
7.4061e-33
2.02229e-32
5.49065e-32
1.48224e-31
3.9785e-31
1.06172e-30
2.81699e-30
7.43065e-30
1.94862e-29
5.08009e-29
1.31659e-28
3.39197e-28
8.68685e-28
2.21142e-27
5.59585e-27
1.40746e-26
3.51856e-26
8.74267e-26
2.15904e-25
5.29909e-25
1.29257e-24
3.13335e-24
7.5483e-24
1.80703e-23
4.29875e-23
1.01618e-22
2.3869e-22
5.57087e-22
1.29188e-21
2.9766e-21
6.81405e-21
1.54975e-20
3.50171e-20
7.8604e-20
1.75284e-19
3.88295e-19
8.54456e-19
1.86772e-18
4.05524e-18
8.74561e-18
1.87335e-17
3.98557e-17
8.42154e-17
1.76729e-16
3.68323e-16
7.62325e-16
1.56685e-15
3.19801e-15
6.48159e-15
1.30443e-14
2.60667e-14
5.17204e-14
1.01891e-13
1.99295e-13
3.87016e-13
7.46142e-13
1.42811e-12
2.71353e-12
5.11834e-12
9.58368e-12
1.78128e-11
3.28636e-11
6.01825e-11
1.09392e-10
1.97353e-10
3.53378e-10
6.27997e-10
1.10761e-09
1.93872e-09
3.36768e-09
5.80528e-09
9.93072e-09
1.68575e-08
2.83954e-08
4.74608e-08
7.87127e-08
1.29529e-07
2.1149e-07
3.42616e-07
5.50689e-07
8.78173e-07
1.38937e-06
2.18079e-06
3.39592e-06
5.24616e-06
8.04006e-06
1.22237e-05
1.8436e-05
2.75831e-05
4.09381e-05
6.02719e-05
8.80239e-05
0.00012752
0.000183252
0.00026122
0.000369359
0.000518053
0.000720747
0.00099466
0.0013616
0.00184889
0.00249034
0.00332734
0.00440994
0.00579788
0.00756161
0.00978309
0.0125563
0.0159877
0.0201956
0.02531
0.0314705
0.0388249
0.0475259
0.057728
0.0695825
0.0832333
0.0988111
0.116428
0.13617
0.158094
0.182222
0.208535
0.236969
0.267418
0.299729
0.333704
0.369104
0.405654
0.443048
0.480958
0.519042
0.556952
0.594346
0.630896
0.666296
0.700271
0.732582
0.763031
0.791465
0.817778
0.841906
0.86383
0.883572
0.901189
0.916767
0.930418
0.942272
0.952474
0.961175
0.96853
0.97469
0.979804
0.984012
0.987444
0.990217
0.992438
0.994202
0.99559
0.996673
0.99751
0.998151
0.998638
0.999005
0.999279
0.999482
0.999631
0.999739
0.999817
0.999872
0.999912
0.99994
0.999959
0.999972
0.999982
0.999988
0.999992
0.999995
0.999996
0.999997
0.999998
0.999998
0.999997
0.999996
0.999995
0.999992
0.999988
0.999982
0.999972
0.999959
0.99994
0.999912
0.999872
0.999817
0.999739
0.999631
0.999482
0.999279
0.999005
0.998638
0.998151
0.99751
0.996673
0.99559
0.994202
0.992438
0.990217
0.987444
0.984012
0.979804
0.97469
0.96853
0.961175
0.952474
0.942272
0.930418
0.916767
0.901189
0.883572
0.86383
0.841906
0.817778
0.791465
0.763031
0.732582
0.700271
0.666296
0.630896
0.594346
0.556952
0.519042
0.480958
0.443048
0.405654
0.369104
0.333704
0.299729
0.267418
0.236969
0.208535
0.182222
0.158094
0.13617
0.116428
0.0988111
0.0832333
0.0695825
0.057728
0.0475259
0.0388249
0.0314705
0.02531
0.0201956
0.0159877
0.0125563
0.00978309
0.00756161
0.00579788
0.00440994
0.00332734
0.00249034
0.00184889
0.0013616
0.00099466
0.000720747
0.000518053
0.000369359
0.00026122
0.000183252
0.00012752
8.80239e-05
6.02719e-05
4.09381e-05
2.75831e-05
1.8436e-05
1.22237e-05
8.04006e-06
5.24616e-06
3.39592e-06
2.18079e-06
1.38937e-06
8.78173e-07
5.50689e-07
3.42616e-07
2.1149e-07
1.29529e-07
7.87127e-08
4.74608e-08
2.83954e-08
1.68575e-08
9.93072e-09
5.80528e-09
3.36768e-09
1.93872e-09
1.10761e-09
6.27997e-10
3.53378e-10
1.97353e-10
1.09392e-10
6.01825e-11
3.28636e-11
1.78128e-11
9.58368e-12
5.11834e-12
2.71353e-12
1.42811e-12
7.46142e-13
3.87016e-13
1.99295e-13
1.01891e-13
5.17204e-14
2.60667e-14
1.30443e-14
6.48159e-15
3.19801e-15
1.56685e-15
7.62325e-16
3.68323e-16
1.76729e-16
8.42154e-17
3.98557e-17
1.87335e-17
8.74561e-18
4.05524e-18
1.86772e-18
8.54456e-19
3.88295e-19
1.75284e-19
7.8604e-20
3.50171e-20
1.54975e-20
6.81405e-21
2.9766e-21
1.29188e-21
5.57087e-22
2.3869e-22
1.01618e-22
4.29875e-23
1.80703e-23
7.5483e-24
3.13335e-24
1.29257e-24
5.29909e-25
2.15904e-25
8.74267e-26
3.51856e-26
1.40746e-26
5.59585e-27
2.21142e-27
8.68685e-28
3.39197e-28
1.31659e-28
5.08009e-29
1.94862e-29
7.43065e-30
2.81699e-30
1.06172e-30
3.9785e-31
1.48224e-31
5.49065e-32
2.02229e-32
7.4061e-33
2.69696e-33
9.7658e-34
3.51643e-34
1.25912e-34
4.4835e-35
1.58767e-35
5.59124e-36
1.95827e-36
6.82122e-37
2.36314e-37
8.14264e-38
2.79061e-38
9.5127e-39
3.22543e-39
1.08783e-39
3.64952e-40
1.21793e-40
4.04323e-41
1.33526e-41
4.38678e-42
1.43376e-42
4.66199e-43
1.50812e-43
4.85381e-44
1.55425e-44
4.95176e-45
1.56967e-45
4.95084e-46
1.55374e-46
4.85198e-47
1.50767e-47
4.66181e-48
1.4344e-48
4.39199e-49
1.33826e-49
4.058e-50
1.22459e-50
3.67774e-51
1.09925e-51
3.26994e-52
9.68111e-53
2.85272e-53
8.36665e-54
2.44236e-54
7.09649e-55
2.05239e-55
5.9084e-56
1.69309e-56
4.82947e-57
1.37131e-57
3.87613e-58
1.09067e-58
3.05515e-59
8.51964e-60
2.3652e-60
6.53704e-61
1.79874e-61
4.92764e-62
1.344e-62
3.6497e-63
9.86781e-64
2.65643e-64
7.12027e-65
1.90031e-65
5.04995e-66
1.33627e-66
3.52089e-67
9.23783e-68
2.41353e-68
6.27928e-69
1.62685e-69
4.19733e-70
1.07843e-70
2.75941e-71
7.0315e-72
1.78442e-72
4.50991e-73
1.13519e-73
2.84583e-74
7.10547e-75
1.76696e-75
4.37642e-76
1.07963e-76
2.65279e-77
6.49245e-78
1.5827e-78
3.84308e-79
9.29517e-80
2.23944e-80
5.37442e-81
1.28482e-81
3.05966e-82
7.25829e-83
1.71527e-83
4.03804e-84
9.47018e-85
2.21258e-85
5.14994e-86
1.19418e-86
2.75874e-87
6.34937e-88
1.45591e-88
3.32605e-89
7.57042e-90
1.71677e-90
3.87895e-91
8.73229e-92
1.95867e-92
4.37745e-93
9.74792e-94
2.16291e-94
4.78197e-95
1.05347e-95
2.31256e-96
5.0585e-97
1.10259e-97
2.39484e-98
5.1834e-99
1.11798e-99
2.4029e-100
5.14672e-101
1.09855e-101
2.33676e-102
4.95351e-103
1.04646e-103
2.20319e-104
4.62278e-105
9.66676e-106
2.01461e-106
4.18445e-107
8.66221e-108
1.78717e-108
3.67498e-109
7.53186e-110
1.53855e-110
3.13247e-111
6.35674e-112
1.28576e-112
2.59217e-113
5.20901e-114
1.04337e-114
2.08312e-115
4.14564e-116
8.22383e-117
1.62617e-117
3.20532e-118
6.29788e-119
1.23351e-119
2.40833e-120
4.68729e-121
9.09419e-122
1.75892e-122
3.39137e-123
6.51858e-124
1.24906e-124
2.38602e-125
4.54388e-126
8.62673e-127
1.63281e-127
3.08107e-128
5.79624e-129
1.08711e-129
2.03278e-130
3.78965e-131
7.04373e-132
1.30529e-132
2.41165e-133
4.44253e-134
8.15942e-135
1.49418e-135
2.72815e-136
4.96658e-137
9.01518e-138
1.63163e-138
2.94447e-139
5.29824e-140
9.50604e-141
1.70065e-141
3.03376e-142
5.39637e-143
9.57154e-144
1.69287e-144
2.98561e-145
5.25062e-146
9.20794e-147
1.61024e-147
2.80803e-148
4.8831e-149
8.46794e-150
1.46437e-150
2.52535e-151
4.34299e-152
7.44834e-153
1.2739e-153
2.1728e-154
3.69589e-155
6.2695e-156
1.06064e-156
1.78947e-157
3.01098e-158
5.05267e-159
8.45604e-160
1.4114e-160
2.34949e-161
3.90067e-162
6.45881e-163
1.06663e-163
1.75683e-164
2.88604e-165
4.72861e-166
7.7273e-167
1.25947e-167
2.04747e-168
3.31986e-169
5.36904e-170
8.66068e-171
1.39344e-171
2.23621e-172
3.5795e-173
5.71509e-174
9.10161e-175
1.44581e-175
2.29088e-176
3.62075e-177
5.70821e-178
8.97657e-179
1.4081e-179
2.20329e-180
3.43896e-181
5.35431e-182
8.3158e-183
1.28834e-183
1.99108e-184
3.06957e-185
4.72065e-186
7.24209e-187
1.10833e-187
1.69206e-188
2.57697e-189
3.91519e-190
5.93401e-191
8.97219e-192
1.35334e-192
2.03646e-193
3.05708e-194
4.5783e-195
6.84023e-196
1.01955e-196
1.51607e-197
2.24909e-198
3.32869e-199
4.91498e-200
7.24028e-201
1.06408e-201
1.56022e-202
2.28238e-203
3.33108e-204
4.85041e-205
7.04649e-206
1.02134e-206
1.47697e-207
2.13099e-208
3.06761e-209
4.40587e-210
6.31361e-211
9.02697e-212
1.28773e-212
1.83287e-213
2.60294e-214
3.68827e-215
5.21447e-216
7.35581e-217
1.03535e-217
1.45404e-218
2.03754e-219
2.84891e-220
3.97462e-221
5.53296e-222
7.68543e-223
1.0652e-223
1.47314e-224
2.0329e-225
2.79926e-226
3.8462e-227
5.2733e-228
7.21436e-229
9.84872e-230
1.34162e-230
1.8237e-231
2.47371e-232
3.34828e-233
4.52242e-234
6.09538e-235
8.1981e-236
1.1003e-236
1.47365e-237
1.96954e-238
2.62681e-239
3.49611e-240
4.6434e-241
6.15439e-242
8.14017e-243
1.07444e-243
1.41526e-244
1.86036e-245
2.44041e-246
3.19477e-247
4.17378e-248
5.44167e-249
7.08028e-250
9.19364e-251
1.19136e-251
1.54072e-252
1.9885e-253
2.56127e-254
3.29241e-255
4.22391e-256
5.419e-257
7.7911e-258
)
;

boundaryField
{
    sides
    {
        type            zeroGradient;
    }
    empty
    {
        type            empty;
    }
}


// ************************************************************************* //
