/*--------------------------------*- C++ -*----------------------------------*\
  =========                 |
  \\      /  F ield         | OpenFOAM: The Open Source CFD Toolbox
   \\    /   O peration     | Website:  https://openfoam.org
    \\  /    A nd           | Version:  13
     \\/     M anipulation  |
\*---------------------------------------------------------------------------*/
FoamFile
{
    format      ascii;
    class       volScalarField;
    location    "3.11";
    object      T;
}
// * * * * * * * * * * * * * * * * * * * * * * * * * * * * * * * * * * * * * //

dimensions      [0 0 0 1 0 0 0];

internalField   nonuniform List<scalar> 
1000
(
6.11171e-70
8.96071e-70
1.59704e-69
3.03607e-69
5.87197e-69
1.13982e-68
2.21256e-68
4.29079e-68
8.31111e-68
1.60779e-67
3.10628e-67
5.99365e-67
1.155e-66
2.22283e-66
4.27237e-66
8.20103e-66
1.57219e-65
3.01006e-65
5.75548e-65
1.09906e-64
2.09603e-64
3.99214e-64
7.59362e-64
1.44253e-63
2.73673e-63
5.18528e-63
9.81168e-63
1.85416e-62
3.49929e-62
6.59544e-62
1.24147e-61
2.33379e-61
4.3814e-61
8.21475e-61
1.53817e-60
2.87634e-60
5.3716e-60
1.00183e-59
1.866e-59
3.471e-59
6.44798e-59
1.19624e-58
2.21634e-58
4.10089e-58
7.57783e-58
1.39841e-57
2.57719e-57
4.74332e-57
8.71845e-57
1.60036e-56
2.93371e-56
5.37079e-56
9.81927e-56
1.79283e-55
3.26904e-55
5.95277e-55
1.08252e-54
1.96595e-54
3.56554e-54
6.45798e-54
1.16811e-53
2.11003e-53
3.80634e-53
6.85714e-53
1.23365e-52
2.21645e-52
3.97684e-52
7.12576e-52
1.27508e-51
2.27854e-51
4.0662e-51
7.24658e-51
1.2897e-50
2.29221e-50
4.06849e-50
7.21142e-50
1.27649e-49
2.25645e-49
3.9833e-49
7.02211e-49
1.23623e-48
2.17341e-48
3.81584e-48
6.69031e-48
1.17141e-47
2.04822e-47
3.57643e-47
6.23632e-47
1.08596e-46
1.88843e-46
3.27938e-46
5.68706e-46
9.84887e-46
1.70329e-45
2.94165e-45
5.07338e-45
8.73784e-45
1.50284e-44
2.58119e-44
4.4272e-44
7.58295e-44
1.29702e-43
2.2154e-43
3.77884e-43
6.43667e-43
1.09487e-42
1.85978e-42
3.15468e-42
5.34376e-42
9.0393e-42
1.52693e-41
2.57571e-41
4.3388e-41
7.29855e-41
1.22602e-40
2.05662e-40
3.4451e-40
5.76291e-40
9.62665e-40
1.60583e-39
2.67495e-39
4.44963e-39
7.39132e-39
1.22606e-38
2.0309e-38
3.35936e-38
5.54898e-38
9.15291e-38
1.50762e-37
2.47979e-37
4.07308e-37
6.68066e-37
1.09421e-36
1.78966e-36
2.92298e-36
4.76723e-36
7.7641e-36
1.2627e-35
2.05067e-35
3.32562e-35
5.3856e-35
8.70921e-35
1.40639e-34
2.26786e-34
3.6518e-34
5.87191e-34
9.42831e-34
1.51171e-33
2.42038e-33
3.86971e-33
6.17807e-33
9.84933e-33
1.56797e-32
2.49258e-32
3.95675e-32
6.27199e-32
9.92771e-32
1.56917e-31
2.47666e-31
3.90337e-31
6.14312e-31
9.65414e-31
1.515e-30
2.37403e-30
3.7148e-30
5.8044e-30
9.05634e-30
1.41098e-29
2.19514e-29
3.41018e-29
5.29009e-29
8.19446e-29
1.2675e-28
1.95771e-28
3.01939e-28
4.65007e-28
7.15105e-28
1.09812e-27
1.68383e-27
2.5782e-27
3.94187e-27
6.01806e-27
9.17441e-27
1.39659e-26
2.12287e-26
3.22215e-26
4.88355e-26
7.39078e-26
1.11689e-25
1.68538e-25
2.5395e-25
3.82087e-25
5.7404e-25
8.61163e-25
1.29001e-24
1.92958e-24
2.88201e-24
4.29824e-24
6.40101e-24
9.51849e-24
1.41335e-23
2.09552e-23
3.10237e-23
4.58625e-23
6.76989e-23
9.9785e-23
1.46862e-22
2.1583e-22
3.16718e-22
4.6408e-22
6.79002e-22
9.9199e-22
1.44711e-21
2.10791e-21
3.06592e-21
4.45272e-21
6.45724e-21
9.35029e-21
1.35194e-20
1.95185e-20
2.81379e-20
4.05033e-20
5.82162e-20
8.35511e-20
1.19733e-19
1.71329e-19
2.44793e-19
3.49238e-19
4.97504e-19
7.0766e-19
1.00509e-18
1.4254e-18
2.01846e-18
2.85401e-18
4.02942e-18
5.68041e-18
7.99591e-18
1.12384e-17
1.57723e-17
2.21021e-17
3.09258e-17
4.32075e-17
6.02761e-17
8.39616e-17
1.16779e-16
1.6218e-16
2.24893e-16
3.1139e-16
4.30507e-16
5.94297e-16
8.19169e-16
1.12743e-15
1.54936e-15
2.126e-15
2.91286e-15
3.98494e-15
5.44339e-15
7.42441e-15
1.01111e-14
1.37494e-14
1.86686e-14
2.53096e-14
3.42612e-14
4.63088e-14
6.24984e-14
8.42206e-14
1.13321e-13
1.52247e-13
2.04233e-13
2.73558e-13
3.6586e-13
4.88565e-13
6.51438e-13
8.67293e-13
1.15292e-12
1.5303e-12
2.02813e-12
2.68384e-12
3.54615e-12
4.67843e-12
6.16289e-12
8.10605e-12
1.06457e-11
1.39599e-11
1.8278e-11
2.38955e-11
3.11921e-11
4.06548e-11
5.29079e-11
6.87493e-11
8.91982e-11
1.15554e-10
1.49469e-10
1.93044e-10
2.48945e-10
3.20544e-10
4.12109e-10
5.29024e-10
6.78075e-10
8.67799e-10
1.10892e-09
1.41488e-09
1.8025e-09
2.29283e-09
2.91211e-09
3.69301e-09
4.6762e-09
5.91212e-09
7.46332e-09
9.40718e-09
1.18393e-08
1.48775e-08
1.86669e-08
2.33858e-08
2.9253e-08
3.65366e-08
4.55642e-08
5.67359e-08
7.05392e-08
8.75672e-08
1.0854e-07
1.34332e-07
1.65999e-07
2.04819e-07
2.52333e-07
3.10396e-07
3.81239e-07
4.67538e-07
5.72501e-07
6.99962e-07
8.54499e-07
1.04157e-06
1.26766e-06
1.54049e-06
1.8692e-06
2.26459e-06
2.73946e-06
3.30887e-06
3.99058e-06
4.80542e-06
5.77788e-06
6.93659e-06
8.31505e-06
9.95234e-06
1.1894e-05
1.41929e-05
1.69105e-05
2.0118e-05
2.38976e-05
2.83444e-05
3.35679e-05
3.9694e-05
4.68672e-05
5.52531e-05
6.50414e-05
7.64482e-05
8.97202e-05
0.000105138
0.000123019
0.000143726
0.000167665
0.000195298
0.000227145
0.000263787
0.000305883
0.000354164
0.000409454
0.000472667
0.000544824
0.00062706
0.000720634
0.000826937
0.000947511
0.00108405
0.00123843
0.00141269
0.00160909
0.00183007
0.00207834
0.0023568
0.00266863
0.00301727
0.00340644
0.00384017
0.00432278
0.00485892
0.00545358
0.00611208
0.00684013
0.00764377
0.00852943
0.00950393
0.0105745
0.0117486
0.0130343
0.01444
0.0159743
0.0176463
0.0194655
0.0214418
0.0235851
0.0259059
0.0284148
0.0311228
0.034041
0.0371807
0.0405532
0.04417
0.0480425
0.0521823
0.0566006
0.0613087
0.0663174
0.0716374
0.0772791
0.0832522
0.0895661
0.0962295
0.10325
0.110636
0.118393
0.126527
0.135043
0.143944
0.153232
0.16291
0.172976
0.18343
0.19427
0.205491
0.217088
0.229054
0.241383
0.254063
0.267084
0.280434
0.294099
0.308064
0.322313
0.336827
0.351589
0.366578
0.381773
0.397153
0.412694
0.428372
0.444164
0.460045
0.47599
0.491972
0.507966
0.523947
0.539888
0.555763
0.571549
0.587218
0.602748
0.618113
0.633292
0.648261
0.663
0.677488
0.691705
0.705634
0.719258
0.73256
0.745526
0.758144
0.7704
0.782284
0.793788
0.804903
0.815622
0.82594
0.835852
0.845355
0.854447
0.863127
0.871394
0.87925
0.886695
0.893732
0.900364
0.906594
0.912425
0.917862
0.922909
0.927571
0.931851
0.935756
0.939288
0.942454
0.945256
0.947698
0.949785
0.951519
0.952903
0.953939
0.954629
0.954973
0.954973
0.954629
0.953939
0.952903
0.951519
0.949785
0.947698
0.945256
0.942454
0.939288
0.935756
0.931851
0.927571
0.922909
0.917862
0.912425
0.906594
0.900364
0.893732
0.886695
0.87925
0.871394
0.863127
0.854447
0.845355
0.835852
0.82594
0.815622
0.804903
0.793788
0.782284
0.7704
0.758144
0.745526
0.73256
0.719258
0.705634
0.691705
0.677488
0.663
0.648261
0.633292
0.618113
0.602748
0.587218
0.571549
0.555763
0.539888
0.523947
0.507966
0.491972
0.47599
0.460045
0.444164
0.428372
0.412694
0.397153
0.381773
0.366578
0.351589
0.336827
0.322313
0.308064
0.294099
0.280434
0.267084
0.254063
0.241383
0.229054
0.217088
0.205491
0.19427
0.18343
0.172976
0.16291
0.153232
0.143944
0.135043
0.126527
0.118393
0.110636
0.10325
0.0962295
0.0895661
0.0832522
0.0772791
0.0716374
0.0663174
0.0613087
0.0566006
0.0521823
0.0480425
0.04417
0.0405532
0.0371807
0.034041
0.0311228
0.0284148
0.0259059
0.0235851
0.0214418
0.0194655
0.0176463
0.0159743
0.01444
0.0130343
0.0117486
0.0105745
0.00950393
0.00852943
0.00764377
0.00684013
0.00611208
0.00545358
0.00485892
0.00432278
0.00384017
0.00340644
0.00301727
0.00266863
0.0023568
0.00207834
0.00183007
0.00160909
0.00141269
0.00123843
0.00108405
0.000947511
0.000826937
0.000720634
0.00062706
0.000544824
0.000472667
0.000409454
0.000354164
0.000305883
0.000263787
0.000227145
0.000195298
0.000167665
0.000143726
0.000123019
0.000105138
8.97202e-05
7.64482e-05
6.50414e-05
5.52531e-05
4.68672e-05
3.9694e-05
3.35679e-05
2.83444e-05
2.38976e-05
2.0118e-05
1.69105e-05
1.41929e-05
1.1894e-05
9.95234e-06
8.31505e-06
6.93659e-06
5.77788e-06
4.80542e-06
3.99058e-06
3.30887e-06
2.73946e-06
2.26459e-06
1.8692e-06
1.54049e-06
1.26766e-06
1.04157e-06
8.54499e-07
6.99962e-07
5.72501e-07
4.67538e-07
3.81239e-07
3.10396e-07
2.52333e-07
2.04819e-07
1.65999e-07
1.34332e-07
1.0854e-07
8.75672e-08
7.05392e-08
5.67359e-08
4.55642e-08
3.65366e-08
2.9253e-08
2.33858e-08
1.86669e-08
1.48775e-08
1.18393e-08
9.40718e-09
7.46332e-09
5.91212e-09
4.6762e-09
3.69301e-09
2.91211e-09
2.29283e-09
1.8025e-09
1.41488e-09
1.10892e-09
8.67799e-10
6.78075e-10
5.29024e-10
4.12109e-10
3.20544e-10
2.48945e-10
1.93044e-10
1.49469e-10
1.15554e-10
8.91982e-11
6.87493e-11
5.29079e-11
4.06548e-11
3.11921e-11
2.38955e-11
1.8278e-11
1.39599e-11
1.06457e-11
8.10605e-12
6.16289e-12
4.67843e-12
3.54615e-12
2.68384e-12
2.02813e-12
1.5303e-12
1.15292e-12
8.67293e-13
6.51438e-13
4.88565e-13
3.6586e-13
2.73558e-13
2.04233e-13
1.52247e-13
1.13321e-13
8.42206e-14
6.24984e-14
4.63088e-14
3.42612e-14
2.53096e-14
1.86686e-14
1.37494e-14
1.01111e-14
7.42441e-15
5.44339e-15
3.98494e-15
2.91286e-15
2.126e-15
1.54936e-15
1.12743e-15
8.19169e-16
5.94297e-16
4.30507e-16
3.1139e-16
2.24893e-16
1.6218e-16
1.16779e-16
8.39616e-17
6.02761e-17
4.32075e-17
3.09258e-17
2.21021e-17
1.57723e-17
1.12384e-17
7.99591e-18
5.68041e-18
4.02942e-18
2.85401e-18
2.01846e-18
1.4254e-18
1.00509e-18
7.0766e-19
4.97504e-19
3.49238e-19
2.44793e-19
1.71329e-19
1.19733e-19
8.35511e-20
5.82162e-20
4.05033e-20
2.81379e-20
1.95185e-20
1.35194e-20
9.35029e-21
6.45724e-21
4.45272e-21
3.06592e-21
2.10791e-21
1.44711e-21
9.9199e-22
6.79002e-22
4.6408e-22
3.16718e-22
2.1583e-22
1.46862e-22
9.9785e-23
6.76989e-23
4.58625e-23
3.10237e-23
2.09552e-23
1.41335e-23
9.51849e-24
6.40101e-24
4.29824e-24
2.88201e-24
1.92958e-24
1.29001e-24
8.61163e-25
5.7404e-25
3.82087e-25
2.5395e-25
1.68538e-25
1.11689e-25
7.39078e-26
4.88355e-26
3.22215e-26
2.12287e-26
1.39659e-26
9.17441e-27
6.01806e-27
3.94187e-27
2.5782e-27
1.68383e-27
1.09812e-27
7.15105e-28
4.65007e-28
3.01939e-28
1.95771e-28
1.2675e-28
8.19446e-29
5.29009e-29
3.41018e-29
2.19514e-29
1.41098e-29
9.05634e-30
5.8044e-30
3.7148e-30
2.37403e-30
1.515e-30
9.65414e-31
6.14312e-31
3.90337e-31
2.47666e-31
1.56917e-31
9.92771e-32
6.27199e-32
3.95675e-32
2.49258e-32
1.56797e-32
9.84933e-33
6.17807e-33
3.86971e-33
2.42038e-33
1.51171e-33
9.42831e-34
5.87191e-34
3.6518e-34
2.26786e-34
1.40639e-34
8.70921e-35
5.3856e-35
3.32562e-35
2.05067e-35
1.2627e-35
7.7641e-36
4.76723e-36
2.92298e-36
1.78966e-36
1.09421e-36
6.68066e-37
4.07308e-37
2.47979e-37
1.50762e-37
9.15291e-38
5.54898e-38
3.35936e-38
2.0309e-38
1.22606e-38
7.39132e-39
4.44963e-39
2.67495e-39
1.60583e-39
9.62665e-40
5.76291e-40
3.4451e-40
2.05662e-40
1.22602e-40
7.29855e-41
4.3388e-41
2.57571e-41
1.52693e-41
9.0393e-42
5.34376e-42
3.15468e-42
1.85978e-42
1.09487e-42
6.43667e-43
3.77884e-43
2.2154e-43
1.29702e-43
7.58295e-44
4.4272e-44
2.58119e-44
1.50284e-44
8.73784e-45
5.07338e-45
2.94165e-45
1.70329e-45
9.84887e-46
5.68706e-46
3.27938e-46
1.88843e-46
1.08596e-46
6.23632e-47
3.57643e-47
2.04822e-47
1.17141e-47
6.69031e-48
3.81584e-48
2.17341e-48
1.23623e-48
7.02211e-49
3.9833e-49
2.25645e-49
1.27649e-49
7.21142e-50
4.06849e-50
2.29221e-50
1.2897e-50
7.24658e-51
4.0662e-51
2.27854e-51
1.27508e-51
7.12576e-52
3.97684e-52
2.21645e-52
1.23365e-52
6.85714e-53
3.80634e-53
2.11003e-53
1.16811e-53
6.45798e-54
3.56554e-54
1.96595e-54
1.08252e-54
5.95277e-55
3.26904e-55
1.79283e-55
9.81927e-56
5.37079e-56
2.93371e-56
1.60036e-56
8.71845e-57
4.74332e-57
2.57719e-57
1.39841e-57
7.57783e-58
4.10089e-58
2.21634e-58
1.19624e-58
6.44798e-59
3.471e-59
1.866e-59
1.00183e-59
5.3716e-60
2.87634e-60
1.53817e-60
8.21475e-61
4.3814e-61
2.33379e-61
1.24147e-61
6.59544e-62
3.49929e-62
1.85416e-62
9.81168e-63
5.18528e-63
2.73673e-63
1.44253e-63
7.59362e-64
3.99214e-64
2.09603e-64
1.09906e-64
5.75548e-65
3.01006e-65
1.57219e-65
8.20103e-66
4.27237e-66
2.22283e-66
1.155e-66
5.99365e-67
3.10628e-67
1.60779e-67
8.31111e-68
4.29079e-68
2.21256e-68
1.13982e-68
5.87197e-69
3.03607e-69
1.59704e-69
8.96071e-70
6.11171e-70
)
;

boundaryField
{
    sides
    {
        type            zeroGradient;
    }
    empty
    {
        type            empty;
    }
}


// ************************************************************************* //
