/*--------------------------------*- C++ -*----------------------------------*\
  =========                 |
  \\      /  F ield         | OpenFOAM: The Open Source CFD Toolbox
   \\    /   O peration     | Website:  https://openfoam.org
    \\  /    A nd           | Version:  13
     \\/     M anipulation  |
\*---------------------------------------------------------------------------*/
FoamFile
{
    format      ascii;
    class       volScalarField;
    location    "2.465";
    object      T;
}
// * * * * * * * * * * * * * * * * * * * * * * * * * * * * * * * * * * * * * //

dimensions      [0 0 0 1 0 0 0];

internalField   nonuniform List<scalar> 
1000
(
5.20792e-86
8.85975e-86
1.86988e-85
4.15387e-85
9.3142e-85
2.08989e-84
4.68427e-84
1.04846e-83
2.3433e-83
5.22949e-83
1.16532e-82
2.59292e-82
5.76085e-82
1.27802e-81
2.831e-81
6.26174e-81
1.38294e-80
3.04972e-80
6.71532e-80
1.47647e-79
3.24138e-79
7.10531e-79
1.55519e-78
3.39885e-78
7.41695e-78
1.61609e-77
3.51599e-77
7.63793e-77
1.65671e-76
3.58806e-76
7.75918e-76
1.67538e-75
3.61201e-75
7.77547e-75
1.67126e-74
3.58672e-74
7.68582e-74
1.64445e-73
3.51306e-73
7.49355e-73
1.59597e-72
3.39388e-72
7.20611e-72
1.5277e-71
3.23377e-71
6.83457e-71
1.44226e-70
3.03883e-70
6.39293e-70
1.34283e-69
2.81625e-69
5.89723e-69
1.23297e-68
2.57384e-68
5.36461e-68
1.1164e-67
2.31965e-67
4.81227e-67
9.96782e-67
2.06145e-66
4.25663e-66
8.77566e-66
1.8064e-65
3.7125e-65
7.61795e-65
1.56073e-64
3.19252e-64
6.52014e-64
1.32952e-63
2.70676e-63
5.50196e-63
1.1166e-62
2.26252e-62
4.5772e-62
9.24524e-62
1.86444e-61
3.75393e-61
7.54632e-61
1.51458e-60
3.035e-60
6.072e-60
1.21286e-59
2.41878e-59
4.81601e-59
9.57377e-59
1.90013e-58
3.76517e-58
7.44886e-58
1.47128e-57
2.90138e-57
5.71232e-57
1.12285e-56
2.20357e-56
4.31751e-56
8.44571e-56
1.64944e-55
3.21612e-55
6.26071e-55
1.21677e-54
2.36097e-54
4.57367e-54
8.84568e-54
1.70801e-53
3.29261e-53
6.33696e-53
1.21762e-52
2.33578e-52
4.47343e-52
8.55337e-52
1.63275e-51
3.11165e-51
5.92034e-51
1.12457e-50
2.13262e-50
4.03759e-50
7.63158e-50
1.44009e-49
2.71297e-49
5.10249e-49
9.58075e-49
1.79596e-48
3.36103e-48
6.27951e-48
1.17127e-47
2.18105e-47
4.05461e-47
7.52504e-47
1.39426e-46
2.579e-46
4.76248e-46
8.77985e-46
1.6159e-45
2.96901e-45
5.44602e-45
9.97279e-45
1.82316e-44
3.32736e-44
6.06238e-44
1.10269e-43
2.00231e-43
3.62972e-43
6.56873e-43
1.18673e-42
2.14037e-42
3.85379e-42
6.92708e-42
1.24301e-41
2.22668e-41
3.982e-41
7.10895e-41
1.26698e-40
2.25419e-40
4.00376e-40
7.09911e-40
1.2566e-39
2.22046e-39
3.91693e-39
6.89768e-39
1.21259e-38
2.12802e-38
3.72813e-38
6.52016e-38
1.13835e-37
1.98401e-37
3.45193e-37
5.99553e-37
1.03954e-36
1.7993e-36
3.10895e-36
5.36251e-36
9.23356e-36
1.58714e-35
2.72336e-35
4.66485e-35
7.97653e-35
1.36155e-34
2.32002e-34
3.94633e-34
6.70092e-34
1.13584e-33
1.92192e-33
3.24634e-33
5.4738e-33
9.21344e-33
1.54807e-32
2.59655e-32
4.34747e-32
7.26626e-32
1.21232e-31
2.01911e-31
3.35687e-31
5.57109e-31
9.22948e-31
1.52632e-30
2.51966e-30
4.15212e-30
6.83007e-30
1.12153e-29
1.83832e-29
3.00787e-29
4.91273e-29
8.00963e-29
1.30355e-28
2.11771e-28
3.43423e-28
5.55924e-28
8.98304e-28
1.44895e-27
2.33295e-27
3.74954e-27
6.01547e-27
9.63344e-27
1.53997e-26
2.45731e-26
3.91405e-26
6.22315e-26
9.87665e-26
1.56468e-25
2.47432e-25
3.90572e-25
6.15405e-25
9.67908e-25
1.51957e-24
2.38132e-24
3.72501e-24
5.81632e-24
9.06525e-24
1.41033e-23
2.19014e-23
3.39494e-23
5.25291e-23
8.11289e-23
1.25071e-22
1.92463e-22
2.95626e-22
4.53256e-22
6.93664e-22
1.05964e-21
1.61575e-21
2.45918e-21
3.73603e-21
5.66542e-21
8.57543e-21
1.29563e-20
1.95392e-20
2.94125e-20
4.41933e-20
6.62796e-20
9.92207e-20
1.48259e-19
2.21126e-19
3.29196e-19
4.89176e-19
7.25558e-19
1.07417e-18
1.58735e-18
2.34133e-18
3.44706e-18
5.06556e-18
7.43017e-18
1.08783e-17
1.58971e-17
2.31882e-17
3.37602e-17
4.90607e-17
7.11628e-17
1.0303e-16
1.48888e-16
2.14756e-16
3.09187e-16
4.44307e-16
6.37284e-16
9.12368e-16
1.30375e-15
1.85953e-15
2.64726e-15
3.76164e-15
5.33509e-15
7.55251e-15
1.06715e-14
1.50501e-14
2.11856e-14
2.97661e-14
4.17433e-14
5.84297e-14
8.16323e-14
1.13834e-13
1.58439e-13
2.20106e-13
3.05198e-13
4.22389e-13
5.83475e-13
8.04471e-13
1.10708e-12
1.52063e-12
2.08471e-12
2.85265e-12
3.89607e-12
5.31107e-12
7.22626e-12
9.81346e-12
1.33017e-11
1.79956e-11
2.42998e-11
3.27502e-11
4.40555e-11
5.91509e-11
7.92677e-11
1.06024e-10
1.41543e-10
1.88602e-10
2.50828e-10
3.3295e-10
4.41119e-10
5.83318e-10
7.69888e-10
1.0142e-09
1.33348e-09
1.74995e-09
2.29212e-09
2.99653e-09
3.90996e-09
5.0921e-09
6.61901e-09
8.58737e-09
1.11198e-08
1.43717e-08
1.8539e-08
2.38691e-08
3.06731e-08
3.93413e-08
5.03629e-08
6.43491e-08
8.20626e-08
1.04452e-07
1.32697e-07
1.68257e-07
2.1294e-07
2.68974e-07
3.39105e-07
4.26706e-07
5.35912e-07
6.71782e-07
8.40493e-07
1.04957e-06
1.30815e-06
1.62732e-06
2.02052e-06
2.50393e-06
3.09708e-06
3.82344e-06
4.71116e-06
5.79393e-06
7.11198e-06
8.71325e-06
1.06547e-05
1.3004e-05
1.58411e-05
1.92604e-05
2.33733e-05
2.83105e-05
3.42256e-05
4.12979e-05
4.97372e-05
5.97873e-05
7.1732e-05
8.59001e-05
0.000102672
0.000122486
0.000145847
0.000173336
0.000205618
0.00024345
0.000287701
0.000339354
0.000399527
0.000469485
0.000550656
0.000644648
0.00075327
0.000878544
0.00102274
0.00118837
0.00137824
0.00159548
0.00184351
0.00212614
0.00244755
0.00281232
0.00322546
0.00369246
0.00421926
0.00481234
0.00547868
0.00622583
0.0070619
0.00799558
0.00903618
0.0101936
0.0114783
0.0129015
0.014475
0.0162109
0.0181224
0.0202228
0.0225262
0.0250471
0.0278004
0.0308016
0.0340663
0.0376105
0.0414503
0.0456021
0.0500819
0.0549061
0.0600905
0.0656508
0.0716021
0.0779591
0.0847358
0.091945
0.0995991
0.107709
0.116284
0.125333
0.134863
0.144879
0.155383
0.166379
0.177866
0.18984
0.202298
0.215233
0.228635
0.242494
0.256796
0.271526
0.286665
0.302192
0.318087
0.334324
0.350877
0.367719
0.384819
0.402146
0.419668
0.43735
0.455158
0.473057
0.491011
0.508982
0.526935
0.544834
0.562641
0.580322
0.597842
0.615167
0.632265
0.649103
0.665652
0.681884
0.697773
0.713294
0.728424
0.743144
0.757434
0.771279
0.784665
0.797579
0.810014
0.821961
0.833415
0.844373
0.854834
0.864798
0.874267
0.883246
0.89174
0.899756
0.907302
0.914386
0.921018
0.92721
0.932971
0.938314
0.94325
0.947792
0.95195
0.955737
0.959164
0.962241
0.964979
0.967387
0.969474
0.971248
0.972715
0.973882
0.974753
0.975331
0.97562
0.97562
0.975331
0.974753
0.973882
0.972715
0.971248
0.969474
0.967387
0.964979
0.962241
0.959164
0.955737
0.95195
0.947792
0.94325
0.938314
0.932971
0.92721
0.921018
0.914386
0.907302
0.899756
0.89174
0.883246
0.874267
0.864798
0.854834
0.844373
0.833415
0.821961
0.810014
0.797579
0.784665
0.771279
0.757434
0.743144
0.728424
0.713294
0.697773
0.681884
0.665652
0.649103
0.632265
0.615167
0.597842
0.580322
0.562641
0.544834
0.526935
0.508982
0.491011
0.473057
0.455158
0.43735
0.419668
0.402146
0.384819
0.367719
0.350877
0.334324
0.318087
0.302192
0.286665
0.271526
0.256796
0.242494
0.228635
0.215233
0.202298
0.18984
0.177866
0.166379
0.155383
0.144879
0.134863
0.125333
0.116284
0.107709
0.0995991
0.091945
0.0847358
0.0779591
0.0716021
0.0656508
0.0600905
0.0549061
0.0500819
0.0456021
0.0414503
0.0376105
0.0340663
0.0308016
0.0278004
0.0250471
0.0225262
0.0202228
0.0181224
0.0162109
0.014475
0.0129015
0.0114783
0.0101936
0.00903618
0.00799558
0.0070619
0.00622583
0.00547868
0.00481234
0.00421926
0.00369246
0.00322546
0.00281232
0.00244755
0.00212614
0.00184351
0.00159548
0.00137824
0.00118837
0.00102274
0.000878544
0.00075327
0.000644648
0.000550656
0.000469485
0.000399527
0.000339354
0.000287701
0.00024345
0.000205618
0.000173336
0.000145847
0.000122486
0.000102672
8.59001e-05
7.1732e-05
5.97873e-05
4.97372e-05
4.12979e-05
3.42256e-05
2.83105e-05
2.33733e-05
1.92604e-05
1.58411e-05
1.3004e-05
1.06547e-05
8.71325e-06
7.11198e-06
5.79393e-06
4.71116e-06
3.82344e-06
3.09708e-06
2.50393e-06
2.02052e-06
1.62732e-06
1.30815e-06
1.04957e-06
8.40493e-07
6.71782e-07
5.35912e-07
4.26706e-07
3.39105e-07
2.68974e-07
2.1294e-07
1.68257e-07
1.32697e-07
1.04452e-07
8.20626e-08
6.43491e-08
5.03629e-08
3.93413e-08
3.06731e-08
2.38691e-08
1.8539e-08
1.43717e-08
1.11198e-08
8.58737e-09
6.61901e-09
5.0921e-09
3.90996e-09
2.99653e-09
2.29212e-09
1.74995e-09
1.33348e-09
1.0142e-09
7.69888e-10
5.83318e-10
4.41119e-10
3.3295e-10
2.50828e-10
1.88602e-10
1.41543e-10
1.06024e-10
7.92677e-11
5.91509e-11
4.40555e-11
3.27502e-11
2.42998e-11
1.79956e-11
1.33017e-11
9.81346e-12
7.22626e-12
5.31107e-12
3.89607e-12
2.85265e-12
2.08471e-12
1.52063e-12
1.10708e-12
8.04471e-13
5.83475e-13
4.22389e-13
3.05198e-13
2.20106e-13
1.58439e-13
1.13834e-13
8.16323e-14
5.84297e-14
4.17433e-14
2.97661e-14
2.11856e-14
1.50501e-14
1.06715e-14
7.55251e-15
5.33509e-15
3.76164e-15
2.64726e-15
1.85953e-15
1.30375e-15
9.12368e-16
6.37284e-16
4.44307e-16
3.09187e-16
2.14756e-16
1.48888e-16
1.0303e-16
7.11628e-17
4.90607e-17
3.37602e-17
2.31882e-17
1.58971e-17
1.08783e-17
7.43017e-18
5.06556e-18
3.44706e-18
2.34133e-18
1.58735e-18
1.07417e-18
7.25558e-19
4.89176e-19
3.29196e-19
2.21126e-19
1.48259e-19
9.92207e-20
6.62796e-20
4.41933e-20
2.94125e-20
1.95392e-20
1.29563e-20
8.57543e-21
5.66542e-21
3.73603e-21
2.45918e-21
1.61575e-21
1.05964e-21
6.93664e-22
4.53256e-22
2.95626e-22
1.92463e-22
1.25071e-22
8.11289e-23
5.25291e-23
3.39494e-23
2.19014e-23
1.41033e-23
9.06525e-24
5.81632e-24
3.72501e-24
2.38132e-24
1.51957e-24
9.67908e-25
6.15405e-25
3.90572e-25
2.47432e-25
1.56468e-25
9.87665e-26
6.22315e-26
3.91405e-26
2.45731e-26
1.53997e-26
9.63344e-27
6.01547e-27
3.74954e-27
2.33295e-27
1.44895e-27
8.98304e-28
5.55924e-28
3.43423e-28
2.11771e-28
1.30355e-28
8.00963e-29
4.91273e-29
3.00787e-29
1.83832e-29
1.12153e-29
6.83007e-30
4.15212e-30
2.51966e-30
1.52632e-30
9.22948e-31
5.57109e-31
3.35687e-31
2.01911e-31
1.21232e-31
7.26626e-32
4.34747e-32
2.59655e-32
1.54807e-32
9.21344e-33
5.4738e-33
3.24634e-33
1.92192e-33
1.13584e-33
6.70092e-34
3.94633e-34
2.32002e-34
1.36155e-34
7.97653e-35
4.66485e-35
2.72336e-35
1.58714e-35
9.23356e-36
5.36251e-36
3.10895e-36
1.7993e-36
1.03954e-36
5.99553e-37
3.45193e-37
1.98401e-37
1.13835e-37
6.52016e-38
3.72813e-38
2.12802e-38
1.21259e-38
6.89768e-39
3.91693e-39
2.22046e-39
1.2566e-39
7.09911e-40
4.00376e-40
2.25419e-40
1.26698e-40
7.10895e-41
3.982e-41
2.22668e-41
1.24301e-41
6.92708e-42
3.85379e-42
2.14037e-42
1.18673e-42
6.56873e-43
3.62972e-43
2.00231e-43
1.10269e-43
6.06238e-44
3.32736e-44
1.82316e-44
9.97279e-45
5.44602e-45
2.96901e-45
1.6159e-45
8.77985e-46
4.76248e-46
2.579e-46
1.39426e-46
7.52504e-47
4.05461e-47
2.18105e-47
1.17127e-47
6.27951e-48
3.36103e-48
1.79596e-48
9.58075e-49
5.10249e-49
2.71297e-49
1.44009e-49
7.63158e-50
4.03759e-50
2.13262e-50
1.12457e-50
5.92034e-51
3.11165e-51
1.63275e-51
8.55337e-52
4.47343e-52
2.33578e-52
1.21762e-52
6.33696e-53
3.29261e-53
1.70801e-53
8.84568e-54
4.57367e-54
2.36097e-54
1.21677e-54
6.26071e-55
3.21612e-55
1.64944e-55
8.44571e-56
4.31751e-56
2.20357e-56
1.12285e-56
5.71232e-57
2.90138e-57
1.47128e-57
7.44886e-58
3.76517e-58
1.90013e-58
9.57377e-59
4.81601e-59
2.41878e-59
1.21286e-59
6.072e-60
3.035e-60
1.51458e-60
7.54632e-61
3.75393e-61
1.86444e-61
9.24524e-62
4.5772e-62
2.26252e-62
1.1166e-62
5.50196e-63
2.70676e-63
1.32952e-63
6.52014e-64
3.19252e-64
1.56073e-64
7.61795e-65
3.7125e-65
1.8064e-65
8.77566e-66
4.25663e-66
2.06145e-66
9.96782e-67
4.81227e-67
2.31965e-67
1.1164e-67
5.36461e-68
2.57384e-68
1.23297e-68
5.89723e-69
2.81625e-69
1.34283e-69
6.39293e-70
3.03883e-70
1.44226e-70
6.83457e-71
3.23377e-71
1.5277e-71
7.20611e-72
3.39388e-72
1.59597e-72
7.49355e-73
3.51306e-73
1.64445e-73
7.68582e-74
3.58672e-74
1.67126e-74
7.77547e-75
3.61201e-75
1.67538e-75
7.75918e-76
3.58806e-76
1.65671e-76
7.63793e-77
3.51599e-77
1.61609e-77
7.41695e-78
3.39885e-78
1.55519e-78
7.10531e-79
3.24138e-79
1.47647e-79
6.71532e-80
3.04972e-80
1.38294e-80
6.26174e-81
2.831e-81
1.27802e-81
5.76085e-82
2.59292e-82
1.16532e-82
5.22949e-83
2.3433e-83
1.04846e-83
4.68427e-84
2.08989e-84
9.3142e-85
4.15387e-85
1.86988e-85
8.85975e-86
5.20792e-86
)
;

boundaryField
{
    sides
    {
        type            zeroGradient;
    }
    empty
    {
        type            empty;
    }
}


// ************************************************************************* //
