/*--------------------------------*- C++ -*----------------------------------*\
  =========                 |
  \\      /  F ield         | OpenFOAM: The Open Source CFD Toolbox
   \\    /   O peration     | Website:  https://openfoam.org
    \\  /    A nd           | Version:  13
     \\/     M anipulation  |
\*---------------------------------------------------------------------------*/
FoamFile
{
    format      ascii;
    class       volScalarField;
    location    "0.91";
    object      T;
}
// * * * * * * * * * * * * * * * * * * * * * * * * * * * * * * * * * * * * * //

dimensions      [0 0 0 1 0 0 0];

internalField   nonuniform List<scalar> 
1000
(
2.63195e-188
1.10332e-187
5.4534e-187
2.71e-186
1.34445e-185
6.65683e-185
3.28952e-184
1.62232e-183
7.98506e-183
3.92244e-182
1.92295e-181
9.40835e-181
4.59398e-180
2.23869e-179
1.08874e-178
5.28425e-178
2.55955e-177
1.23728e-176
5.96884e-176
2.87363e-175
1.38066e-174
6.62003e-174
3.1677e-173
1.51265e-172
7.20849e-172
3.42812e-171
1.62694e-170
7.70534e-170
3.64178e-169
1.71765e-168
8.0845e-168
3.79724e-167
1.77982e-166
8.32486e-166
3.88568e-165
1.80986e-164
8.41223e-164
3.90176e-163
1.80589e-162
8.34071e-162
3.84409e-161
1.76791e-160
8.11336e-160
3.71547e-159
1.69784e-158
7.74195e-158
3.52264e-157
1.59938e-156
7.24598e-156
3.27569e-155
1.47764e-154
6.65101e-154
2.98719e-153
1.33872e-152
5.9864e-152
2.6711e-151
1.18922e-150
5.28294e-150
2.3417e-149
1.03569e-148
4.57047e-148
2.01247e-147
8.84162e-147
3.87583e-146
1.69522e-145
7.39802e-145
3.22128e-144
1.39947e-143
6.06625e-143
2.62358e-142
1.1321e-141
4.87403e-141
2.09365e-140
8.97279e-140
3.83671e-139
1.6368e-138
6.96679e-138
2.9585e-137
1.25345e-136
5.29835e-136
2.23443e-135
9.40119e-135
3.94628e-134
1.65265e-133
6.90489e-133
2.87816e-132
1.19688e-131
4.96554e-131
2.05521e-130
8.48629e-130
3.49583e-129
1.43664e-128
5.88998e-128
2.40903e-127
9.82946e-127
4.00107e-126
1.62472e-125
6.58161e-125
2.65973e-124
1.07224e-123
4.31212e-123
1.72995e-122
6.92337e-122
2.76401e-121
1.10077e-120
4.37309e-120
1.73305e-119
6.85109e-119
2.70169e-118
1.06276e-117
4.17016e-117
1.63226e-116
6.37298e-116
2.48203e-115
9.64235e-115
3.73651e-114
1.44429e-113
5.56857e-113
2.14157e-112
8.21523e-112
3.1434e-111
1.1997e-110
4.56703e-110
1.73413e-109
6.56768e-109
2.48098e-108
9.34788e-108
3.513e-107
1.31679e-106
4.92291e-106
1.83568e-105
6.82706e-105
2.53241e-104
9.36895e-104
3.45704e-103
1.27225e-102
4.66968e-102
1.70943e-101
6.24107e-101
2.27252e-100
8.2527e-100
2.98895e-99
1.07963e-98
3.88921e-98
1.39725e-97
5.00622e-97
1.78882e-96
6.37444e-96
2.26533e-95
8.0285e-95
2.83756e-94
1.00014e-93
3.51545e-93
1.23226e-92
4.30742e-92
1.5015e-91
5.21947e-91
1.80932e-90
6.25441e-90
2.15596e-89
7.4109e-89
2.54026e-88
8.68272e-88
2.95939e-87
1.00581e-86
3.4087e-86
1.15192e-85
3.88161e-85
1.30423e-84
4.36962e-84
1.45976e-83
4.86251e-83
1.61503e-82
5.34854e-82
1.76613e-81
5.81488e-81
1.90891e-80
6.24815e-80
2.0391e-79
6.63498e-79
2.15256e-78
6.96272e-78
2.24548e-77
7.22006e-77
2.31458e-76
7.39773e-76
2.35731e-75
7.48901e-75
2.37201e-74
7.49015e-74
2.35799e-73
7.40061e-73
2.31561e-72
7.22318e-72
2.24624e-71
6.96376e-71
2.15223e-70
6.6311e-70
2.03672e-69
6.23625e-69
1.90352e-68
5.792e-68
1.75685e-67
5.31216e-67
1.60116e-66
4.81086e-66
1.44088e-65
4.30181e-65
1.28022e-64
3.79777e-64
1.12299e-63
3.30996e-63
9.72448e-63
2.84776e-62
8.31244e-62
2.41846e-61
7.01343e-61
2.02721e-60
5.84039e-60
1.67708e-59
4.79987e-59
1.3692e-58
3.89281e-58
1.10309e-57
3.11538e-57
8.76909e-57
2.46002e-56
6.87799e-56
1.91653e-55
5.32232e-55
1.47303e-54
4.06294e-54
1.11683e-53
3.05947e-53
8.35244e-53
2.2724e-52
6.16108e-52
1.66466e-51
4.48212e-51
1.20262e-50
3.21558e-50
8.56776e-50
2.27484e-49
6.0187e-49
1.5868e-48
4.16872e-48
1.09129e-47
2.84663e-47
7.39894e-47
1.91625e-46
4.94511e-46
1.27155e-45
3.25779e-45
8.31647e-45
2.11532e-44
5.36084e-44
1.35363e-43
3.40548e-43
8.5361e-43
2.13177e-42
5.30416e-42
1.31487e-41
3.2474e-41
7.99042e-41
1.95876e-40
4.78369e-40
1.1639e-39
2.82116e-39
6.8124e-39
1.6388e-38
3.92736e-38
9.37606e-38
2.22987e-37
5.28292e-37
1.24681e-36
2.93123e-36
6.86469e-36
1.60143e-35
3.72141e-35
8.61417e-35
1.98619e-34
4.5617e-34
1.04358e-33
2.37799e-33
5.39731e-33
1.22018e-32
2.74753e-32
6.16212e-32
1.37652e-31
3.06261e-31
6.78665e-31
1.49785e-30
3.29249e-30
7.20811e-30
1.57164e-29
3.41281e-29
7.38068e-29
1.58965e-28
3.40973e-28
7.28366e-28
1.54947e-27
3.2826e-27
6.92544e-27
1.45501e-26
3.04419e-26
6.34245e-26
1.31588e-25
2.71862e-25
5.59301e-25
1.14578e-24
2.33731e-24
4.74766e-24
9.60262e-24
1.93393e-23
3.87817e-23
7.74363e-23
1.53953e-22
3.04757e-22
6.00667e-22
1.17876e-21
2.30317e-21
4.48049e-21
8.67806e-21
1.67344e-20
3.21282e-20
6.14106e-20
1.16863e-19
2.21403e-19
4.17598e-19
7.84141e-19
1.46585e-18
2.72794e-18
5.05394e-18
9.32111e-18
1.71137e-17
3.12791e-17
5.69106e-17
1.03076e-16
1.8584e-16
3.33531e-16
5.95859e-16
1.05964e-15
1.87573e-15
3.30507e-15
5.79672e-15
1.01198e-14
1.7585e-14
3.04153e-14
5.23618e-14
8.97235e-14
1.53025e-13
2.59765e-13
4.38887e-13
7.38036e-13
1.23523e-12
2.05762e-12
3.41129e-12
5.62869e-12
9.24329e-12
1.51068e-11
2.4572e-11
3.97767e-11
6.40811e-11
1.02741e-10
1.63931e-10
2.60306e-10
4.11345e-10
6.4688e-10
1.01236e-09
1.57664e-09
2.44352e-09
3.76861e-09
5.78395e-09
8.83372e-09
1.34256e-08
2.03046e-08
3.05576e-08
4.57623e-08
6.81956e-08
1.01126e-07
1.49218e-07
2.19096e-07
3.20107e-07
4.65376e-07
6.73221e-07
9.69066e-07
1.388e-06
1.97818e-06
2.80529e-06
3.95844e-06
5.55782e-06
7.76456e-06
1.07935e-05
1.49291e-05
2.05464e-05
2.81362e-05
3.83373e-05
5.19763e-05
7.01158e-05
9.41136e-05
0.000125694
0.000167034
0.000220862
0.00029058
0.000380398
0.000495497
0.000642208
0.000828214
0.00106278
0.00135701
0.0017241
0.00217964
0.00274191
0.00343217
0.00427503
0.00529865
0.00653513
0.00802065
0.00979574
0.0119054
0.0143991
0.0173307
0.0207586
0.0247448
0.0293554
0.0346589
0.0407264
0.0476302
0.0554426
0.0642351
0.0740766
0.0850322
0.0971612
0.110516
0.12514
0.141067
0.158316
0.176897
0.196801
0.218006
0.240474
0.264149
0.288959
0.314815
0.341614
0.369238
0.397555
0.426423
0.455692
0.485203
0.514797
0.544308
0.573577
0.602445
0.630762
0.658386
0.685185
0.711041
0.735851
0.759526
0.781994
0.803199
0.823103
0.841684
0.858933
0.87486
0.889484
0.902839
0.914968
0.925923
0.935765
0.944557
0.95237
0.959274
0.965341
0.970645
0.975255
0.979241
0.982669
0.985601
0.988094
0.990204
0.991979
0.993464
0.994701
0.995724
0.996566
0.997256
0.997818
0.998272
0.998637
0.998929
0.999161
0.999343
0.999484
0.999591
0.999671
0.999727
0.999763
0.99978
0.99978
0.999763
0.999727
0.999671
0.999591
0.999484
0.999343
0.999161
0.998929
0.998637
0.998272
0.997818
0.997256
0.996566
0.995724
0.994701
0.993464
0.991979
0.990204
0.988094
0.985601
0.982669
0.979241
0.975255
0.970645
0.965341
0.959274
0.95237
0.944557
0.935765
0.925923
0.914968
0.902839
0.889484
0.87486
0.858933
0.841684
0.823103
0.803199
0.781994
0.759526
0.735851
0.711041
0.685185
0.658386
0.630762
0.602445
0.573577
0.544308
0.514797
0.485203
0.455692
0.426423
0.397555
0.369238
0.341614
0.314815
0.288959
0.264149
0.240474
0.218006
0.196801
0.176897
0.158316
0.141067
0.12514
0.110516
0.0971612
0.0850322
0.0740766
0.0642351
0.0554426
0.0476302
0.0407264
0.0346589
0.0293554
0.0247448
0.0207586
0.0173307
0.0143991
0.0119054
0.00979574
0.00802065
0.00653513
0.00529865
0.00427503
0.00343217
0.00274191
0.00217964
0.0017241
0.00135701
0.00106278
0.000828214
0.000642208
0.000495497
0.000380398
0.00029058
0.000220862
0.000167034
0.000125694
9.41136e-05
7.01158e-05
5.19763e-05
3.83373e-05
2.81362e-05
2.05464e-05
1.49291e-05
1.07935e-05
7.76456e-06
5.55782e-06
3.95844e-06
2.80529e-06
1.97818e-06
1.388e-06
9.69066e-07
6.73221e-07
4.65376e-07
3.20107e-07
2.19096e-07
1.49218e-07
1.01126e-07
6.81956e-08
4.57623e-08
3.05576e-08
2.03046e-08
1.34256e-08
8.83372e-09
5.78395e-09
3.76861e-09
2.44352e-09
1.57664e-09
1.01236e-09
6.4688e-10
4.11345e-10
2.60306e-10
1.63931e-10
1.02741e-10
6.40811e-11
3.97767e-11
2.4572e-11
1.51068e-11
9.24329e-12
5.62869e-12
3.41129e-12
2.05762e-12
1.23523e-12
7.38036e-13
4.38887e-13
2.59765e-13
1.53025e-13
8.97235e-14
5.23618e-14
3.04153e-14
1.7585e-14
1.01198e-14
5.79672e-15
3.30507e-15
1.87573e-15
1.05964e-15
5.95859e-16
3.33531e-16
1.8584e-16
1.03076e-16
5.69106e-17
3.12791e-17
1.71137e-17
9.32111e-18
5.05394e-18
2.72794e-18
1.46585e-18
7.84141e-19
4.17598e-19
2.21403e-19
1.16863e-19
6.14106e-20
3.21282e-20
1.67344e-20
8.67806e-21
4.48049e-21
2.30317e-21
1.17876e-21
6.00667e-22
3.04757e-22
1.53953e-22
7.74363e-23
3.87817e-23
1.93393e-23
9.60262e-24
4.74766e-24
2.33731e-24
1.14578e-24
5.59301e-25
2.71862e-25
1.31588e-25
6.34245e-26
3.04419e-26
1.45501e-26
6.92544e-27
3.2826e-27
1.54947e-27
7.28366e-28
3.40973e-28
1.58965e-28
7.38068e-29
3.41281e-29
1.57164e-29
7.20811e-30
3.29249e-30
1.49785e-30
6.78665e-31
3.06261e-31
1.37652e-31
6.16212e-32
2.74753e-32
1.22018e-32
5.39731e-33
2.37799e-33
1.04358e-33
4.5617e-34
1.98619e-34
8.61417e-35
3.72141e-35
1.60143e-35
6.86469e-36
2.93123e-36
1.24681e-36
5.28292e-37
2.22987e-37
9.37606e-38
3.92736e-38
1.6388e-38
6.8124e-39
2.82116e-39
1.1639e-39
4.78369e-40
1.95876e-40
7.99042e-41
3.2474e-41
1.31487e-41
5.30416e-42
2.13177e-42
8.5361e-43
3.40548e-43
1.35363e-43
5.36084e-44
2.11532e-44
8.31647e-45
3.25779e-45
1.27155e-45
4.94511e-46
1.91625e-46
7.39894e-47
2.84663e-47
1.09129e-47
4.16872e-48
1.5868e-48
6.0187e-49
2.27484e-49
8.56776e-50
3.21558e-50
1.20262e-50
4.48212e-51
1.66466e-51
6.16108e-52
2.2724e-52
8.35244e-53
3.05947e-53
1.11683e-53
4.06294e-54
1.47303e-54
5.32232e-55
1.91653e-55
6.87799e-56
2.46002e-56
8.76909e-57
3.11538e-57
1.10309e-57
3.89281e-58
1.3692e-58
4.79987e-59
1.67708e-59
5.84039e-60
2.02721e-60
7.01343e-61
2.41846e-61
8.31244e-62
2.84776e-62
9.72448e-63
3.30996e-63
1.12299e-63
3.79777e-64
1.28022e-64
4.30181e-65
1.44088e-65
4.81086e-66
1.60116e-66
5.31216e-67
1.75685e-67
5.792e-68
1.90352e-68
6.23625e-69
2.03672e-69
6.6311e-70
2.15223e-70
6.96376e-71
2.24624e-71
7.22318e-72
2.31561e-72
7.40061e-73
2.35799e-73
7.49015e-74
2.37201e-74
7.48901e-75
2.35731e-75
7.39773e-76
2.31458e-76
7.22006e-77
2.24548e-77
6.96272e-78
2.15256e-78
6.63498e-79
2.0391e-79
6.24815e-80
1.90891e-80
5.81488e-81
1.76613e-81
5.34854e-82
1.61503e-82
4.86251e-83
1.45976e-83
4.36962e-84
1.30423e-84
3.88161e-85
1.15192e-85
3.4087e-86
1.00581e-86
2.95939e-87
8.68272e-88
2.54026e-88
7.4109e-89
2.15596e-89
6.25441e-90
1.80932e-90
5.21947e-91
1.5015e-91
4.30742e-92
1.23226e-92
3.51545e-93
1.00014e-93
2.83756e-94
8.0285e-95
2.26533e-95
6.37444e-96
1.78882e-96
5.00622e-97
1.39725e-97
3.88921e-98
1.07963e-98
2.98895e-99
8.2527e-100
2.27252e-100
6.24107e-101
1.70943e-101
4.66968e-102
1.27225e-102
3.45704e-103
9.36895e-104
2.53241e-104
6.82706e-105
1.83568e-105
4.92291e-106
1.31679e-106
3.513e-107
9.34788e-108
2.48098e-108
6.56768e-109
1.73413e-109
4.56703e-110
1.1997e-110
3.1434e-111
8.21523e-112
2.14157e-112
5.56857e-113
1.44429e-113
3.73651e-114
9.64235e-115
2.48203e-115
6.37298e-116
1.63226e-116
4.17016e-117
1.06276e-117
2.70169e-118
6.85109e-119
1.73305e-119
4.37309e-120
1.10077e-120
2.76401e-121
6.92337e-122
1.72995e-122
4.31212e-123
1.07224e-123
2.65973e-124
6.58161e-125
1.62472e-125
4.00107e-126
9.82946e-127
2.40903e-127
5.88998e-128
1.43664e-128
3.49583e-129
8.48629e-130
2.05521e-130
4.96554e-131
1.19688e-131
2.87816e-132
6.90489e-133
1.65265e-133
3.94628e-134
9.40119e-135
2.23443e-135
5.29835e-136
1.25345e-136
2.9585e-137
6.96679e-138
1.6368e-138
3.83671e-139
8.97279e-140
2.09365e-140
4.87403e-141
1.1321e-141
2.62358e-142
6.06625e-143
1.39947e-143
3.22128e-144
7.39802e-145
1.69522e-145
3.87583e-146
8.84162e-147
2.01247e-147
4.57047e-148
1.03569e-148
2.3417e-149
5.28294e-150
1.18922e-150
2.6711e-151
5.9864e-152
1.33872e-152
2.98719e-153
6.65101e-154
1.47764e-154
3.27569e-155
7.24598e-156
1.59938e-156
3.52264e-157
7.74195e-158
1.69784e-158
3.71547e-159
8.11336e-160
1.76791e-160
3.84409e-161
8.34071e-162
1.80589e-162
3.90176e-163
8.41223e-164
1.80986e-164
3.88568e-165
8.32486e-166
1.77982e-166
3.79724e-167
8.0845e-168
1.71765e-168
3.64178e-169
7.70534e-170
1.62694e-170
3.42812e-171
7.20849e-172
1.51265e-172
3.1677e-173
6.62003e-174
1.38066e-174
2.87363e-175
5.96884e-176
1.23728e-176
2.55955e-177
5.28425e-178
1.08874e-178
2.23869e-179
4.59398e-180
9.40835e-181
1.92295e-181
3.92244e-182
7.98506e-183
1.62232e-183
3.28952e-184
6.65683e-185
1.34445e-185
2.71e-186
5.4534e-187
1.10332e-187
2.63195e-188
)
;

boundaryField
{
    sides
    {
        type            zeroGradient;
    }
    empty
    {
        type            empty;
    }
}


// ************************************************************************* //
