/*--------------------------------*- C++ -*----------------------------------*\
  =========                 |
  \\      /  F ield         | OpenFOAM: The Open Source CFD Toolbox
   \\    /   O peration     | Website:  https://openfoam.org
    \\  /    A nd           | Version:  13
     \\/     M anipulation  |
\*---------------------------------------------------------------------------*/
FoamFile
{
    format      ascii;
    class       volScalarField;
    location    "3.76";
    object      T;
}
// * * * * * * * * * * * * * * * * * * * * * * * * * * * * * * * * * * * * * //

dimensions      [0 0 0 1 0 0 0];

internalField   nonuniform List<scalar> 
1000
(
7.64826e-59
1.01724e-58
1.60413e-58
2.71593e-58
4.71223e-58
8.23639e-58
1.44197e-57
2.52388e-57
4.41381e-57
7.71093e-57
1.34562e-56
2.34556e-56
4.08396e-56
7.10271e-56
1.23388e-55
2.14106e-55
3.71099e-55
6.42477e-55
1.11104e-54
1.91915e-54
3.31126e-54
5.70665e-54
9.82367e-54
1.68916e-53
2.90116e-53
4.97709e-53
8.5287e-53
1.4598e-52
2.49578e-52
4.26208e-52
7.27008e-52
1.23868e-51
2.10804e-51
3.58345e-51
6.0845e-51
1.03193e-50
1.74813e-50
2.958e-50
4.99945e-50
8.44006e-50
1.42321e-49
2.39712e-49
4.03284e-49
6.77689e-49
1.13749e-48
1.90705e-48
3.19356e-48
5.34176e-48
8.92466e-48
1.48934e-47
2.48253e-47
4.13324e-47
6.87358e-47
1.14175e-46
1.89432e-46
3.13929e-46
5.19641e-46
8.59153e-46
1.41883e-45
2.34038e-45
3.85598e-45
6.34567e-45
1.04307e-44
1.71254e-44
2.80841e-44
4.60016e-44
7.52623e-44
1.22991e-43
2.00753e-43
3.27296e-43
5.32979e-43
8.66902e-43
1.40838e-42
2.28539e-42
3.70417e-42
5.99668e-42
9.69661e-42
1.56609e-41
2.52641e-41
4.0708e-41
6.55153e-41
1.05316e-40
1.69095e-40
2.7118e-40
4.34381e-40
6.94977e-40
1.1106e-39
1.77267e-39
2.8261e-39
4.5002e-39
7.1575e-39
1.13704e-38
1.80416e-38
2.8593e-38
4.52615e-38
7.15618e-38
1.1301e-37
1.78254e-37
2.80829e-37
4.41905e-37
6.94541e-37
1.09031e-36
1.70956e-36
2.67732e-36
4.18792e-36
6.54302e-36
1.02103e-35
1.59141e-35
2.47744e-35
3.85218e-35
5.9826e-35
9.28011e-35
1.43779e-34
2.22494e-34
3.43891e-34
5.30886e-34
8.18578e-34
1.26066e-33
1.93916e-33
2.97925e-33
4.57171e-33
7.00694e-33
1.07264e-32
1.64005e-32
2.50459e-32
3.82026e-32
5.82004e-32
8.85593e-32
1.34592e-31
2.04305e-31
3.09751e-31
4.69054e-31
7.09426e-31
1.07168e-30
1.61696e-30
2.43673e-30
3.66765e-30
5.51369e-30
8.27886e-30
1.24157e-29
1.85971e-29
2.78222e-29
4.15729e-29
6.20441e-29
9.24833e-29
1.37689e-28
2.0474e-28
3.04075e-28
4.51054e-28
6.68262e-28
9.88862e-28
1.46149e-27
2.15737e-27
3.18071e-27
4.68373e-27
6.88859e-27
1.0119e-26
1.48461e-26
2.17549e-26
3.18399e-26
4.65428e-26
6.79519e-26
9.90875e-26
1.44312e-25
2.09921e-25
3.04983e-25
4.42549e-25
6.41378e-25
9.28396e-25
1.3422e-24
1.93807e-24
2.79504e-24
4.02597e-24
5.79188e-24
8.3221e-24
1.1943e-23
1.71181e-23
2.45055e-23
3.50377e-23
5.00348e-23
7.1363e-23
1.01657e-22
1.44632e-22
2.05521e-22
2.91683e-22
4.13455e-22
5.8534e-22
8.27658e-22
1.16884e-21
1.64863e-21
2.32248e-21
3.26771e-21
4.59194e-21
6.44481e-21
9.03411e-21
1.2648e-20
1.76856e-20
2.46988e-20
3.44505e-20
4.79925e-20
6.67747e-20
9.2792e-20
1.28786e-19
1.7852e-19
2.47152e-19
3.41743e-19
4.7195e-19
6.50954e-19
8.96733e-19
1.23377e-18
1.69537e-18
2.32676e-18
3.18932e-18
4.36618e-18
5.96985e-18
8.15234e-18
1.11188e-17
1.51458e-17
2.06055e-17
2.79982e-17
3.79957e-17
5.14986e-17
6.97127e-17
9.42509e-17
1.27267e-16
1.71633e-16
2.31175e-16
3.10984e-16
4.17821e-16
5.60657e-16
7.51381e-16
1.00572e-15
1.34447e-15
1.79506e-15
2.39365e-15
3.18785e-15
4.24022e-15
5.63293e-15
7.47366e-15
9.90346e-15
1.31067e-14
1.73243e-14
2.28702e-14
3.01535e-14
3.97064e-14
5.22198e-14
6.85903e-14
8.99796e-14
1.1789e-13
1.54264e-13
2.01606e-13
2.63146e-13
3.43037e-13
4.4662e-13
5.80747e-13
7.54203e-13
9.78232e-13
1.26721e-12
1.63948e-12
2.11843e-12
2.73385e-12
3.52361e-12
4.53578e-12
5.83133e-12
7.48747e-12
9.60181e-12
1.22977e-11
1.57305e-11
2.00963e-11
2.56412e-11
3.26748e-11
4.15851e-11
5.28583e-11
6.71026e-11
8.50779e-11
1.07732e-10
1.36246e-10
1.72089e-10
2.17086e-10
2.73503e-10
3.44146e-10
4.32488e-10
5.4282e-10
6.80436e-10
8.51863e-10
1.06513e-09
1.3301e-09
1.65889e-09
2.06634e-09
2.5706e-09
3.19388e-09
3.96327e-09
4.91177e-09
6.07956e-09
7.51549e-09
9.27881e-09
1.14414e-08
1.40901e-08
1.733e-08
2.1288e-08
2.61169e-08
3.20007e-08
3.91603e-08
4.78613e-08
5.84215e-08
7.12216e-08
8.67164e-08
1.05449e-07
1.28066e-07
1.55337e-07
1.88177e-07
2.27672e-07
2.75109e-07
3.32009e-07
4.00172e-07
4.8172e-07
5.79153e-07
6.95415e-07
8.33963e-07
9.98851e-07
1.19483e-06
1.42746e-06
1.70323e-06
2.02972e-06
2.41574e-06
2.87155e-06
3.40907e-06
4.04211e-06
4.78667e-06
5.66124e-06
6.68717e-06
7.8891e-06
9.29536e-06
1.09385e-05
1.2856e-05
1.50906e-05
1.76914e-05
2.07143e-05
2.42235e-05
2.82915e-05
3.30014e-05
3.84471e-05
4.47354e-05
5.1987e-05
6.03385e-05
6.99442e-05
8.09778e-05
9.36348e-05
0.000108135
0.000124725
0.000143681
0.000165312
0.000189963
0.000218018
0.000249905
0.0002861
0.000327132
0.000373584
0.000426103
0.000485404
0.000552275
0.00062758
0.000712274
0.000807399
0.000914101
0.00103363
0.00116735
0.00131675
0.00148345
0.0016692
0.00187591
0.00210564
0.00236061
0.00264323
0.00295607
0.00330192
0.00368375
0.00410474
0.0045683
0.00507806
0.00563787
0.00625184
0.00692431
0.00765989
0.00846344
0.00934006
0.0102951
0.0113343
0.0124635
0.0136889
0.0150169
0.0164542
0.0180077
0.0196846
0.0214924
0.0234385
0.0255309
0.0277776
0.0301866
0.0327664
0.0355254
0.0384721
0.0416152
0.0449631
0.0485246
0.0523082
0.0563226
0.060576
0.0650767
0.0698329
0.0748522
0.0801424
0.0857104
0.0915633
0.0977073
0.104148
0.110892
0.117943
0.125305
0.132983
0.140978
0.149293
0.15793
0.166888
0.176168
0.185768
0.195686
0.205919
0.216463
0.227313
0.238462
0.249905
0.261633
0.273636
0.285906
0.298431
0.3112
0.3242
0.337418
0.350839
0.364448
0.378229
0.392167
0.406244
0.420441
0.434742
0.449128
0.463578
0.478076
0.4926
0.507132
0.521651
0.536138
0.550573
0.564938
0.579212
0.593377
0.607415
0.621306
0.635034
0.648581
0.66193
0.675067
0.687975
0.70064
0.713048
0.725186
0.737041
0.748604
0.759862
0.770806
0.781426
0.791716
0.801667
0.811273
0.820527
0.829426
0.837964
0.846137
0.853943
0.861378
0.868442
0.875132
0.881448
0.887388
0.892952
0.898141
0.902955
0.907394
0.911459
0.91515
0.918469
0.921416
0.923993
0.926199
0.928037
0.929506
0.930607
0.931341
0.931708
0.931708
0.931341
0.930607
0.929506
0.928037
0.926199
0.923993
0.921416
0.918469
0.91515
0.911459
0.907394
0.902955
0.898141
0.892952
0.887388
0.881448
0.875132
0.868442
0.861378
0.853943
0.846137
0.837964
0.829426
0.820527
0.811273
0.801667
0.791716
0.781426
0.770806
0.759862
0.748604
0.737041
0.725186
0.713048
0.70064
0.687975
0.675067
0.66193
0.648581
0.635034
0.621306
0.607415
0.593377
0.579212
0.564938
0.550573
0.536138
0.521651
0.507132
0.4926
0.478076
0.463578
0.449128
0.434742
0.420441
0.406244
0.392167
0.378229
0.364448
0.350839
0.337418
0.3242
0.3112
0.298431
0.285906
0.273636
0.261633
0.249905
0.238462
0.227313
0.216463
0.205919
0.195686
0.185768
0.176168
0.166888
0.15793
0.149293
0.140978
0.132983
0.125305
0.117943
0.110892
0.104148
0.0977073
0.0915633
0.0857104
0.0801424
0.0748522
0.0698329
0.0650767
0.060576
0.0563226
0.0523082
0.0485246
0.0449631
0.0416152
0.0384721
0.0355254
0.0327664
0.0301866
0.0277776
0.0255309
0.0234385
0.0214924
0.0196846
0.0180077
0.0164542
0.0150169
0.0136889
0.0124635
0.0113343
0.0102951
0.00934006
0.00846344
0.00765989
0.00692431
0.00625184
0.00563787
0.00507806
0.0045683
0.00410474
0.00368375
0.00330192
0.00295607
0.00264323
0.00236061
0.00210564
0.00187591
0.0016692
0.00148345
0.00131675
0.00116735
0.00103363
0.000914101
0.000807399
0.000712274
0.00062758
0.000552275
0.000485404
0.000426103
0.000373584
0.000327132
0.0002861
0.000249905
0.000218018
0.000189963
0.000165312
0.000143681
0.000124725
0.000108135
9.36348e-05
8.09778e-05
6.99442e-05
6.03385e-05
5.1987e-05
4.47354e-05
3.84471e-05
3.30014e-05
2.82915e-05
2.42235e-05
2.07143e-05
1.76914e-05
1.50906e-05
1.2856e-05
1.09385e-05
9.29536e-06
7.8891e-06
6.68717e-06
5.66124e-06
4.78667e-06
4.04211e-06
3.40907e-06
2.87155e-06
2.41574e-06
2.02972e-06
1.70323e-06
1.42746e-06
1.19483e-06
9.98851e-07
8.33963e-07
6.95415e-07
5.79153e-07
4.8172e-07
4.00172e-07
3.32009e-07
2.75109e-07
2.27672e-07
1.88177e-07
1.55337e-07
1.28066e-07
1.05449e-07
8.67164e-08
7.12216e-08
5.84215e-08
4.78613e-08
3.91603e-08
3.20007e-08
2.61169e-08
2.1288e-08
1.733e-08
1.40901e-08
1.14414e-08
9.27881e-09
7.51549e-09
6.07956e-09
4.91177e-09
3.96327e-09
3.19388e-09
2.5706e-09
2.06634e-09
1.65889e-09
1.3301e-09
1.06513e-09
8.51863e-10
6.80436e-10
5.4282e-10
4.32488e-10
3.44146e-10
2.73503e-10
2.17086e-10
1.72089e-10
1.36246e-10
1.07732e-10
8.50779e-11
6.71026e-11
5.28583e-11
4.15851e-11
3.26748e-11
2.56412e-11
2.00963e-11
1.57305e-11
1.22977e-11
9.60181e-12
7.48747e-12
5.83133e-12
4.53578e-12
3.52361e-12
2.73385e-12
2.11843e-12
1.63948e-12
1.26721e-12
9.78232e-13
7.54203e-13
5.80747e-13
4.4662e-13
3.43037e-13
2.63146e-13
2.01606e-13
1.54264e-13
1.1789e-13
8.99796e-14
6.85903e-14
5.22198e-14
3.97064e-14
3.01535e-14
2.28702e-14
1.73243e-14
1.31067e-14
9.90346e-15
7.47366e-15
5.63293e-15
4.24022e-15
3.18785e-15
2.39365e-15
1.79506e-15
1.34447e-15
1.00572e-15
7.51381e-16
5.60657e-16
4.17821e-16
3.10984e-16
2.31175e-16
1.71633e-16
1.27267e-16
9.42509e-17
6.97127e-17
5.14986e-17
3.79957e-17
2.79982e-17
2.06055e-17
1.51458e-17
1.11188e-17
8.15234e-18
5.96985e-18
4.36618e-18
3.18932e-18
2.32676e-18
1.69537e-18
1.23377e-18
8.96733e-19
6.50954e-19
4.7195e-19
3.41743e-19
2.47152e-19
1.7852e-19
1.28786e-19
9.2792e-20
6.67747e-20
4.79925e-20
3.44505e-20
2.46988e-20
1.76856e-20
1.2648e-20
9.03411e-21
6.44481e-21
4.59194e-21
3.26771e-21
2.32248e-21
1.64863e-21
1.16884e-21
8.27658e-22
5.8534e-22
4.13455e-22
2.91683e-22
2.05521e-22
1.44632e-22
1.01657e-22
7.1363e-23
5.00348e-23
3.50377e-23
2.45055e-23
1.71181e-23
1.1943e-23
8.3221e-24
5.79188e-24
4.02597e-24
2.79504e-24
1.93807e-24
1.3422e-24
9.28396e-25
6.41378e-25
4.42549e-25
3.04983e-25
2.09921e-25
1.44312e-25
9.90875e-26
6.79519e-26
4.65428e-26
3.18399e-26
2.17549e-26
1.48461e-26
1.0119e-26
6.88859e-27
4.68373e-27
3.18071e-27
2.15737e-27
1.46149e-27
9.88862e-28
6.68262e-28
4.51054e-28
3.04075e-28
2.0474e-28
1.37689e-28
9.24833e-29
6.20441e-29
4.15729e-29
2.78222e-29
1.85971e-29
1.24157e-29
8.27886e-30
5.51369e-30
3.66765e-30
2.43673e-30
1.61696e-30
1.07168e-30
7.09426e-31
4.69054e-31
3.09751e-31
2.04305e-31
1.34592e-31
8.85593e-32
5.82004e-32
3.82026e-32
2.50459e-32
1.64005e-32
1.07264e-32
7.00694e-33
4.57171e-33
2.97925e-33
1.93916e-33
1.26066e-33
8.18578e-34
5.30886e-34
3.43891e-34
2.22494e-34
1.43779e-34
9.28011e-35
5.9826e-35
3.85218e-35
2.47744e-35
1.59141e-35
1.02103e-35
6.54302e-36
4.18792e-36
2.67732e-36
1.70956e-36
1.09031e-36
6.94541e-37
4.41905e-37
2.80829e-37
1.78254e-37
1.1301e-37
7.15618e-38
4.52615e-38
2.8593e-38
1.80416e-38
1.13704e-38
7.1575e-39
4.5002e-39
2.8261e-39
1.77267e-39
1.1106e-39
6.94977e-40
4.34381e-40
2.7118e-40
1.69095e-40
1.05316e-40
6.55153e-41
4.0708e-41
2.52641e-41
1.56609e-41
9.69661e-42
5.99668e-42
3.70417e-42
2.28539e-42
1.40838e-42
8.66902e-43
5.32979e-43
3.27296e-43
2.00753e-43
1.22991e-43
7.52623e-44
4.60016e-44
2.80841e-44
1.71254e-44
1.04307e-44
6.34567e-45
3.85598e-45
2.34038e-45
1.41883e-45
8.59153e-46
5.19641e-46
3.13929e-46
1.89432e-46
1.14175e-46
6.87358e-47
4.13324e-47
2.48253e-47
1.48934e-47
8.92466e-48
5.34176e-48
3.19356e-48
1.90705e-48
1.13749e-48
6.77689e-49
4.03284e-49
2.39712e-49
1.42321e-49
8.44006e-50
4.99945e-50
2.958e-50
1.74813e-50
1.03193e-50
6.0845e-51
3.58345e-51
2.10804e-51
1.23868e-51
7.27008e-52
4.26208e-52
2.49578e-52
1.4598e-52
8.5287e-53
4.97709e-53
2.90116e-53
1.68916e-53
9.82367e-54
5.70665e-54
3.31126e-54
1.91915e-54
1.11104e-54
6.42477e-55
3.71099e-55
2.14106e-55
1.23388e-55
7.10271e-56
4.08396e-56
2.34556e-56
1.34562e-56
7.71093e-57
4.41381e-57
2.52388e-57
1.44197e-57
8.23639e-58
4.71223e-58
2.71593e-58
1.60413e-58
1.01724e-58
7.64826e-59
)
;

boundaryField
{
    sides
    {
        type            zeroGradient;
    }
    empty
    {
        type            empty;
    }
}


// ************************************************************************* //
