/*--------------------------------*- C++ -*----------------------------------*\
  =========                 |
  \\      /  F ield         | OpenFOAM: The Open Source CFD Toolbox
   \\    /   O peration     | Website:  https://openfoam.org
    \\  /    A nd           | Version:  13
     \\/     M anipulation  |
\*---------------------------------------------------------------------------*/
FoamFile
{
    format      ascii;
    class       volScalarField;
    location    "2.64";
    object      T;
}
// * * * * * * * * * * * * * * * * * * * * * * * * * * * * * * * * * * * * * //

dimensions      [0 0 0 1 0 0 0];

internalField   nonuniform List<scalar> 
1000
(
5.69907e-81
9.24831e-81
1.85339e-80
3.92634e-80
8.41353e-80
1.80535e-79
3.87065e-79
8.28789e-79
1.77213e-78
3.78383e-78
8.06765e-78
1.71768e-77
3.65186e-77
7.7529e-77
1.64358e-76
3.47933e-76
7.35488e-76
1.5525e-75
3.27236e-75
6.88754e-75
1.44758e-74
3.03803e-74
6.3667e-74
1.33232e-73
2.78403e-73
5.80912e-73
1.21036e-72
2.5182e-72
5.2316e-72
1.08529e-71
2.24815e-71
4.6502e-71
9.6047e-71
1.9809e-70
4.07948e-70
8.38904e-70
1.7226e-69
3.53198e-69
7.23127e-69
1.47834e-68
3.01783e-68
6.15143e-68
1.25204e-67
2.54459e-67
5.16391e-67
1.0464e-66
2.11725e-66
4.27766e-66
8.62971e-66
1.73837e-65
3.49658e-65
7.02263e-65
1.40835e-64
2.82016e-64
5.63884e-64
1.12579e-63
2.24429e-63
4.46736e-63
8.87918e-63
1.76216e-62
3.49193e-62
6.90932e-62
1.36507e-61
2.69289e-61
5.30434e-61
1.04325e-60
2.04877e-60
4.01738e-60
7.86567e-60
1.5377e-59
3.0016e-59
5.85027e-59
1.13852e-58
2.21232e-58
4.29234e-58
8.31537e-58
1.60845e-57
3.10652e-57
5.9907e-57
1.1535e-56
2.21768e-56
4.25709e-56
8.15952e-56
1.56153e-55
2.98381e-55
5.69281e-55
1.08446e-54
2.0627e-54
3.91733e-54
7.42807e-54
1.40635e-53
2.65851e-53
5.01783e-53
9.4563e-53
1.77933e-52
3.34286e-52
6.27058e-52
1.17442e-51
2.19618e-51
4.10049e-51
7.64415e-51
1.42281e-50
2.64416e-50
4.90629e-50
9.0895e-50
1.68132e-49
3.10513e-49
5.72573e-49
1.05415e-48
1.93773e-48
3.55634e-48
6.51676e-48
1.19228e-47
2.17792e-47
3.9721e-47
7.23297e-47
1.31501e-46
2.387e-46
4.32607e-46
7.82793e-46
1.41421e-45
2.55089e-45
4.59391e-45
8.26008e-45
1.48285e-44
2.65778e-44
4.7561e-44
8.4975e-44
1.51579e-43
2.69958e-43
4.8002e-43
8.52176e-43
1.51045e-42
2.67292e-42
4.72249e-42
8.3303e-42
1.46708e-41
2.57958e-41
4.52843e-41
7.93684e-41
1.38883e-40
2.42633e-40
4.23206e-40
7.36974e-40
1.2813e-39
2.22408e-39
3.8543e-39
6.66864e-39
1.15193e-38
1.9866e-38
3.42051e-38
5.87985e-38
1.0091e-37
1.72901e-37
2.95769e-37
5.05127e-37
8.61272e-37
1.46613e-36
2.49168e-36
4.2277e-36
7.16153e-36
1.21114e-35
2.04491e-35
3.447e-35
5.80089e-35
9.7462e-35
1.63479e-34
2.73762e-34
4.57689e-34
7.63928e-34
1.27297e-33
2.11771e-33
3.51721e-33
5.83192e-33
9.654e-33
1.59545e-32
2.63233e-32
4.33588e-32
7.13007e-32
1.17055e-31
1.9185e-31
3.13917e-31
5.12794e-31
8.36273e-31
1.36154e-30
2.21303e-30
3.59103e-30
5.81735e-30
9.40818e-30
1.51901e-29
2.44842e-29
3.9399e-29
6.32931e-29
1.01508e-28
1.62522e-28
2.59774e-28
4.14523e-28
6.60344e-28
1.05017e-27
1.66732e-27
2.64269e-27
4.18158e-27
6.60541e-27
1.04166e-26
1.6399e-26
2.57736e-26
4.04385e-26
6.33404e-26
9.90442e-26
1.54611e-25
2.40943e-25
3.74844e-25
5.82167e-25
9.02622e-25
1.39709e-24
2.15876e-24
3.32998e-24
5.12789e-24
7.88304e-24
1.20978e-23
1.85344e-23
2.83469e-23
4.32803e-23
6.59677e-23
1.00375e-22
1.52468e-22
2.31198e-22
3.4998e-22
5.2888e-22
7.97854e-22
1.20155e-21
1.8064e-21
2.71105e-21
4.06174e-21
6.07488e-21
9.07013e-21
1.35188e-20
2.01147e-20
2.98771e-20
4.43008e-20
6.55742e-20
9.6895e-20
1.42928e-19
2.10465e-19
3.09378e-19
4.53989e-19
6.65037e-19
9.72505e-19
1.41965e-18
2.06879e-18
3.00951e-18
4.37037e-18
6.33554e-18
9.16835e-18
1.32447e-17
1.91e-17
2.74958e-17
3.9513e-17
5.66833e-17
8.11728e-17
1.16039e-16
1.65592e-16
2.35892e-16
3.35448e-16
4.76185e-16
6.74782e-16
9.5453e-16
1.34788e-15
1.9e-15
2.67355e-15
3.75545e-15
5.26587e-15
7.37079e-15
1.02989e-14
1.4365e-14
2.00011e-14
2.77995e-14
3.85702e-14
5.34197e-14
7.38557e-14
1.01929e-13
1.40426e-13
1.9312e-13
2.65117e-13
3.63314e-13
4.97e-13
6.78675e-13
9.25119e-13
1.25882e-12
1.70986e-12
2.3184e-12
3.13794e-12
4.23965e-12
5.718e-12
7.69818e-12
1.03457e-11
1.38791e-11
1.85861e-11
2.48453e-11
3.31535e-11
4.41612e-11
5.87191e-11
7.79372e-11
1.03261e-10
1.3657e-10
1.80302e-10
2.37614e-10
3.12587e-10
4.10482e-10
5.38075e-10
7.04073e-10
9.1964e-10
1.19907e-09
1.56061e-09
2.02754e-09
2.62947e-09
3.40403e-09
4.39889e-09
5.67435e-09
7.30659e-09
9.39155e-09
1.20499e-08
1.54331e-08
1.9731e-08
2.51807e-08
3.20783e-08
4.07922e-08
5.17807e-08
6.56119e-08
8.2989e-08
1.04781e-07
1.32059e-07
1.66141e-07
2.08647e-07
2.61558e-07
3.27303e-07
4.08842e-07
5.09782e-07
6.34509e-07
7.88343e-07
9.77725e-07
1.21044e-06
1.49587e-06
1.84531e-06
2.27232e-06
2.79315e-06
3.42724e-06
4.19778e-06
5.1324e-06
6.26393e-06
7.63131e-06
9.28064e-06
1.12663e-05
1.36526e-05
1.65148e-05
1.99415e-05
2.40365e-05
2.8921e-05
3.47362e-05
4.16467e-05
4.98434e-05
5.95475e-05
7.10149e-05
8.45407e-05
0.000100464
0.000119176
0.000141124
0.000166818
0.000196841
0.000231859
0.000272625
0.000319994
0.000374932
0.00043853
0.000512015
0.000596765
0.000694323
0.000806415
0.000934964
0.00108211
0.00125023
0.00144194
0.00166016
0.00190808
0.00218922
0.00250741
0.00286688
0.00327221
0.0037284
0.00424086
0.00481544
0.00545848
0.00617676
0.00697759
0.00786878
0.00885864
0.00995603
0.0111703
0.0125115
0.01399
0.0156167
0.0174033
0.0193617
0.0215043
0.0238441
0.0263944
0.0291689
0.0321816
0.0354468
0.038979
0.0427927
0.0469028
0.0513237
0.05607
0.0611562
0.0665961
0.0724035
0.0785913
0.0851722
0.0921577
0.0995589
0.107385
0.115646
0.124349
0.1335
0.143104
0.153165
0.163683
0.17466
0.186094
0.19798
0.210314
0.223088
0.236293
0.249918
0.263948
0.27837
0.293166
0.308316
0.3238
0.339595
0.355678
0.372021
0.388599
0.405382
0.422341
0.439445
0.456663
0.473962
0.491311
0.508675
0.526023
0.543322
0.560538
0.57764
0.594596
0.611375
0.627948
0.644286
0.660362
0.676149
0.691624
0.706763
0.721545
0.735951
0.749963
0.763565
0.776745
0.789489
0.801788
0.813634
0.82502
0.835942
0.846397
0.856384
0.865903
0.874956
0.883547
0.89168
0.899359
0.906592
0.913386
0.919749
0.925688
0.931215
0.936336
0.941063
0.945404
0.949369
0.952966
0.956206
0.959095
0.961642
0.963854
0.965737
0.967297
0.96854
0.969468
0.970085
0.970393
0.970393
0.970085
0.969468
0.96854
0.967297
0.965737
0.963854
0.961642
0.959095
0.956206
0.952966
0.949369
0.945404
0.941063
0.936336
0.931215
0.925688
0.919749
0.913386
0.906592
0.899359
0.89168
0.883547
0.874956
0.865903
0.856384
0.846397
0.835942
0.82502
0.813634
0.801788
0.789489
0.776745
0.763565
0.749963
0.735951
0.721545
0.706763
0.691624
0.676149
0.660362
0.644286
0.627948
0.611375
0.594596
0.57764
0.560538
0.543322
0.526023
0.508675
0.491311
0.473962
0.456663
0.439445
0.422341
0.405382
0.388599
0.372021
0.355678
0.339595
0.3238
0.308316
0.293166
0.27837
0.263948
0.249918
0.236293
0.223088
0.210314
0.19798
0.186094
0.17466
0.163683
0.153165
0.143104
0.1335
0.124349
0.115646
0.107385
0.0995589
0.0921577
0.0851722
0.0785913
0.0724035
0.0665961
0.0611562
0.05607
0.0513237
0.0469028
0.0427927
0.038979
0.0354468
0.0321816
0.0291689
0.0263944
0.0238441
0.0215043
0.0193617
0.0174033
0.0156167
0.01399
0.0125115
0.0111703
0.00995603
0.00885864
0.00786878
0.00697759
0.00617676
0.00545848
0.00481544
0.00424086
0.0037284
0.00327221
0.00286688
0.00250741
0.00218922
0.00190808
0.00166016
0.00144194
0.00125023
0.00108211
0.000934964
0.000806415
0.000694323
0.000596765
0.000512015
0.00043853
0.000374932
0.000319994
0.000272625
0.000231859
0.000196841
0.000166818
0.000141124
0.000119176
0.000100464
8.45407e-05
7.10149e-05
5.95475e-05
4.98434e-05
4.16467e-05
3.47362e-05
2.8921e-05
2.40365e-05
1.99415e-05
1.65148e-05
1.36526e-05
1.12663e-05
9.28064e-06
7.63131e-06
6.26393e-06
5.1324e-06
4.19778e-06
3.42724e-06
2.79315e-06
2.27232e-06
1.84531e-06
1.49587e-06
1.21044e-06
9.77725e-07
7.88343e-07
6.34509e-07
5.09782e-07
4.08842e-07
3.27303e-07
2.61558e-07
2.08647e-07
1.66141e-07
1.32059e-07
1.04781e-07
8.2989e-08
6.56119e-08
5.17807e-08
4.07922e-08
3.20783e-08
2.51807e-08
1.9731e-08
1.54331e-08
1.20499e-08
9.39155e-09
7.30659e-09
5.67435e-09
4.39889e-09
3.40403e-09
2.62947e-09
2.02754e-09
1.56061e-09
1.19907e-09
9.1964e-10
7.04073e-10
5.38075e-10
4.10482e-10
3.12587e-10
2.37614e-10
1.80302e-10
1.3657e-10
1.03261e-10
7.79372e-11
5.87191e-11
4.41612e-11
3.31535e-11
2.48453e-11
1.85861e-11
1.38791e-11
1.03457e-11
7.69818e-12
5.718e-12
4.23965e-12
3.13794e-12
2.3184e-12
1.70986e-12
1.25882e-12
9.25119e-13
6.78675e-13
4.97e-13
3.63314e-13
2.65117e-13
1.9312e-13
1.40426e-13
1.01929e-13
7.38557e-14
5.34197e-14
3.85702e-14
2.77995e-14
2.00011e-14
1.4365e-14
1.02989e-14
7.37079e-15
5.26587e-15
3.75545e-15
2.67355e-15
1.9e-15
1.34788e-15
9.5453e-16
6.74782e-16
4.76185e-16
3.35448e-16
2.35892e-16
1.65592e-16
1.16039e-16
8.11728e-17
5.66833e-17
3.9513e-17
2.74958e-17
1.91e-17
1.32447e-17
9.16835e-18
6.33554e-18
4.37037e-18
3.00951e-18
2.06879e-18
1.41965e-18
9.72505e-19
6.65037e-19
4.53989e-19
3.09378e-19
2.10465e-19
1.42928e-19
9.6895e-20
6.55742e-20
4.43008e-20
2.98771e-20
2.01147e-20
1.35188e-20
9.07013e-21
6.07488e-21
4.06174e-21
2.71105e-21
1.8064e-21
1.20155e-21
7.97854e-22
5.2888e-22
3.4998e-22
2.31198e-22
1.52468e-22
1.00375e-22
6.59677e-23
4.32803e-23
2.83469e-23
1.85344e-23
1.20978e-23
7.88304e-24
5.12789e-24
3.32998e-24
2.15876e-24
1.39709e-24
9.02622e-25
5.82167e-25
3.74844e-25
2.40943e-25
1.54611e-25
9.90442e-26
6.33404e-26
4.04385e-26
2.57736e-26
1.6399e-26
1.04166e-26
6.60541e-27
4.18158e-27
2.64269e-27
1.66732e-27
1.05017e-27
6.60344e-28
4.14523e-28
2.59774e-28
1.62522e-28
1.01508e-28
6.32931e-29
3.9399e-29
2.44842e-29
1.51901e-29
9.40818e-30
5.81735e-30
3.59103e-30
2.21303e-30
1.36154e-30
8.36273e-31
5.12794e-31
3.13917e-31
1.9185e-31
1.17055e-31
7.13007e-32
4.33588e-32
2.63233e-32
1.59545e-32
9.654e-33
5.83192e-33
3.51721e-33
2.11771e-33
1.27297e-33
7.63928e-34
4.57689e-34
2.73762e-34
1.63479e-34
9.7462e-35
5.80089e-35
3.447e-35
2.04491e-35
1.21114e-35
7.16153e-36
4.2277e-36
2.49168e-36
1.46613e-36
8.61272e-37
5.05127e-37
2.95769e-37
1.72901e-37
1.0091e-37
5.87985e-38
3.42051e-38
1.9866e-38
1.15193e-38
6.66864e-39
3.8543e-39
2.22408e-39
1.2813e-39
7.36974e-40
4.23206e-40
2.42633e-40
1.38883e-40
7.93684e-41
4.52843e-41
2.57958e-41
1.46708e-41
8.3303e-42
4.72249e-42
2.67292e-42
1.51045e-42
8.52176e-43
4.8002e-43
2.69958e-43
1.51579e-43
8.4975e-44
4.7561e-44
2.65778e-44
1.48285e-44
8.26008e-45
4.59391e-45
2.55089e-45
1.41421e-45
7.82793e-46
4.32607e-46
2.387e-46
1.31501e-46
7.23297e-47
3.9721e-47
2.17792e-47
1.19228e-47
6.51676e-48
3.55634e-48
1.93773e-48
1.05415e-48
5.72573e-49
3.10513e-49
1.68132e-49
9.0895e-50
4.90629e-50
2.64416e-50
1.42281e-50
7.64415e-51
4.10049e-51
2.19618e-51
1.17442e-51
6.27058e-52
3.34286e-52
1.77933e-52
9.4563e-53
5.01783e-53
2.65851e-53
1.40635e-53
7.42807e-54
3.91733e-54
2.0627e-54
1.08446e-54
5.69281e-55
2.98381e-55
1.56153e-55
8.15952e-56
4.25709e-56
2.21768e-56
1.1535e-56
5.9907e-57
3.10652e-57
1.60845e-57
8.31537e-58
4.29234e-58
2.21232e-58
1.13852e-58
5.85027e-59
3.0016e-59
1.5377e-59
7.86567e-60
4.01738e-60
2.04877e-60
1.04325e-60
5.30434e-61
2.69289e-61
1.36507e-61
6.90932e-62
3.49193e-62
1.76216e-62
8.87918e-63
4.46736e-63
2.24429e-63
1.12579e-63
5.63884e-64
2.82016e-64
1.40835e-64
7.02263e-65
3.49658e-65
1.73837e-65
8.62971e-66
4.27766e-66
2.11725e-66
1.0464e-66
5.16391e-67
2.54459e-67
1.25204e-67
6.15143e-68
3.01783e-68
1.47834e-68
7.23127e-69
3.53198e-69
1.7226e-69
8.38904e-70
4.07948e-70
1.9809e-70
9.6047e-71
4.6502e-71
2.24815e-71
1.08529e-71
5.2316e-72
2.5182e-72
1.21036e-72
5.80912e-73
2.78403e-73
1.33232e-73
6.3667e-74
3.03803e-74
1.44758e-74
6.88754e-75
3.27236e-75
1.5525e-75
7.35488e-76
3.47933e-76
1.64358e-76
7.7529e-77
3.65186e-77
1.71768e-77
8.06765e-78
3.78383e-78
1.77213e-78
8.28789e-79
3.87065e-79
1.80535e-79
8.41353e-80
3.92634e-80
1.85339e-80
9.24831e-81
5.69907e-81
)
;

boundaryField
{
    sides
    {
        type            zeroGradient;
    }
    empty
    {
        type            empty;
    }
}


// ************************************************************************* //
