/*--------------------------------*- C++ -*----------------------------------*\
  =========                 |
  \\      /  F ield         | OpenFOAM: The Open Source CFD Toolbox
   \\    /   O peration     | Website:  https://openfoam.org
    \\  /    A nd           | Version:  13
     \\/     M anipulation  |
\*---------------------------------------------------------------------------*/
FoamFile
{
    format      ascii;
    class       volScalarField;
    location    "0.13";
    object      T;
}
// * * * * * * * * * * * * * * * * * * * * * * * * * * * * * * * * * * * * * //

dimensions      [0 0 0 1 0 0 0];

internalField   nonuniform List<scalar> 
1000
(
0
0
0
0
0
0
0
0
0
0
0
0
0
0
0
0
0
0
0
0
0
0
0
0
0
0
0
0
0
0
0
0
0
0
0
0
0
0
0
0
0
0
0
0
0
0
0
0
0
0
0
0
0
0
0
0
0
0
0
0
0
0
0
0
0
0
0
0
0
0
0
0
0
0
0
0
0
0
0
0
0
0
0
0
0
0
0
0
0
0
0
0
0
0
0
0
0
0
0
0
0
0
0
0
0
0
0
0
0
0
0
0
0
0
0
0
0
9.88131e-324
4.10074e-322
8.77461e-321
1.82197e-319
3.77116e-318
7.78536e-317
1.60335e-315
3.29401e-314
6.7509e-313
1.38018e-311
2.81478e-310
5.72639e-309
1.1621e-307
2.3525e-306
4.75042e-305
9.56861e-304
1.92254e-302
3.85306e-301
7.70263e-300
1.53592e-298
3.05487e-297
6.06045e-296
1.19923e-294
2.3669e-293
4.65943e-292
9.14869e-291
1.79164e-289
3.49952e-288
6.81747e-287
1.32462e-285
2.56692e-284
4.96109e-283
9.56276e-282
1.83834e-280
3.52452e-279
6.73909e-278
1.28507e-276
2.44381e-275
4.63471e-274
8.76569e-273
1.65331e-271
3.10971e-270
5.83285e-269
1.09102e-267
2.03501e-266
3.78512e-265
7.0205e-264
1.29845e-262
2.39468e-261
4.40383e-260
8.07544e-259
1.47656e-257
2.69204e-256
4.89383e-255
8.87055e-254
1.60317e-252
2.8889e-251
5.19043e-250
9.29792e-249
1.66064e-247
2.95709e-246
5.2499e-245
9.29238e-244
1.63979e-242
2.88487e-241
5.05986e-240
8.84746e-239
1.54227e-237
2.68014e-236
4.64306e-235
8.01854e-234
1.38046e-232
2.36911e-231
4.05296e-230
6.91161e-229
1.1749e-227
1.9908e-226
3.36246e-225
5.66085e-224
9.49936e-223
1.58888e-221
2.64887e-220
4.40151e-219
7.28961e-218
1.20327e-216
1.97958e-215
3.24582e-214
5.3041e-213
8.63831e-212
1.40207e-210
2.2679e-209
3.65583e-208
5.87287e-207
9.40177e-206
1.49988e-204
2.38441e-203
3.77729e-202
5.96272e-201
9.3792e-200
1.47007e-198
2.2959e-197
3.57276e-196
5.53964e-195
8.55814e-194
1.31731e-192
2.02024e-191
3.08684e-190
4.69909e-189
7.12677e-188
1.07682e-186
1.62091e-185
2.43069e-184
3.63118e-183
5.40386e-182
8.01108e-181
1.18304e-179
1.74029e-178
2.55004e-177
3.72193e-176
5.41098e-175
7.83541e-174
1.1301e-172
1.62341e-171
2.32269e-170
3.30975e-169
4.6971e-168
6.63875e-167
9.34448e-166
1.30986e-164
1.82848e-163
2.54177e-162
3.51849e-161
4.84996e-160
6.65691e-159
9.09807e-158
1.23811e-156
1.6776e-155
2.26323e-154
3.03997e-153
4.06536e-152
5.41261e-151
7.17434e-150
9.46703e-149
1.24363e-147
1.6263e-146
2.11705e-145
2.74331e-144
3.53847e-143
4.543e-142
5.80558e-141
7.38433e-140
9.34818e-139
1.17783e-137
1.47693e-136
1.84312e-135
2.289e-134
2.82895e-133
3.4792e-132
4.25789e-131
5.1851e-130
6.28281e-129
7.5748e-128
9.08646e-127
1.08445e-125
1.28767e-124
1.52113e-123
1.78762e-122
2.08987e-121
2.43043e-120
2.81159e-119
3.23528e-118
3.70294e-117
4.21542e-116
4.77286e-115
5.37458e-114
6.01897e-113
6.70339e-112
7.42414e-111
8.17635e-110
8.95403e-109
9.75003e-108
1.05561e-106
1.13631e-105
1.21608e-104
1.29386e-103
1.36852e-102
1.43892e-101
1.50391e-100
1.5624e-99
1.61335e-98
1.6558e-97
1.68893e-96
1.71206e-95
1.72469e-94
1.72651e-93
1.7174e-92
1.69744e-91
1.66693e-90
1.62637e-89
1.57645e-88
1.51801e-87
1.45205e-86
1.37968e-85
1.30208e-84
1.22052e-83
1.13623e-82
1.05047e-81
9.64428e-81
8.79225e-80
7.95884e-79
7.15307e-78
6.38266e-77
5.65395e-76
4.97181e-75
4.33974e-74
3.75985e-73
3.23301e-72
2.75896e-71
2.33644e-70
1.96338e-69
1.63707e-68
1.35429e-67
1.11149e-66
9.04939e-66
7.30833e-65
5.85423e-64
4.65096e-63
3.66438e-62
2.86293e-61
2.21787e-60
1.70351e-59
1.29717e-58
9.79165e-58
7.32631e-57
5.43309e-56
3.99301e-55
2.90809e-54
2.09859e-53
1.50044e-52
1.06277e-51
7.45667e-51
5.18197e-50
3.56651e-49
2.43078e-48
1.64041e-47
1.09603e-46
7.24941e-46
4.7462e-45
3.07541e-44
1.97206e-43
1.25127e-42
7.85479e-42
4.87778e-41
2.9961e-40
1.82004e-39
1.0933e-38
6.49339e-38
3.81256e-37
2.21265e-36
1.26911e-35
7.19297e-35
4.02788e-34
2.2281e-33
1.21735e-32
6.56824e-32
3.49914e-31
1.84026e-30
9.55268e-30
4.89356e-29
2.47341e-28
1.23328e-27
6.06504e-27
2.94123e-26
1.40625e-25
6.62733e-25
3.07802e-24
1.40852e-23
6.34919e-23
2.81863e-22
1.23203e-21
5.30105e-21
2.24468e-20
9.35165e-20
3.83222e-19
1.54428e-18
6.11778e-18
2.38196e-17
9.11217e-17
3.42394e-16
1.26333e-15
4.5757e-15
1.62633e-14
5.67057e-14
1.93895e-13
6.49942e-13
2.13501e-12
6.87037e-12
2.16499e-11
6.67818e-11
2.01566e-10
5.95057e-10
1.71753e-09
4.84472e-09
1.33496e-08
3.59179e-08
9.43202e-08
2.41631e-07
6.03608e-07
1.46964e-06
3.4859e-06
8.05129e-06
1.8099e-05
3.95806e-05
8.41675e-05
0.000173957
0.000349285
0.000681041
0.00128897
0.00236714
0.00421658
0.00728319
0.0121953
0.0197919
0.031128
0.0474418
0.0700714
0.100314
0.139235
0.187452
0.244932
0.310851
0.383559
0.460677
0.539323
0.616441
0.689149
0.755068
0.812548
0.860765
0.899686
0.929929
0.952558
0.968872
0.980208
0.987805
0.992717
0.995783
0.997633
0.998711
0.999319
0.999651
0.999826
0.999916
0.99996
0.999982
0.999992
0.999997
0.999999
0.999999
1
1
1
1
1
1
1
1
1
1
1
1
1
1
1
1
1
1
1
1
1
1
1
1
1
1
1
1
1
1
1
1
1
1
1
1
1
1
1
1
1
1
1
1
1
1
1
1
0.999999
0.999999
0.999997
0.999992
0.999982
0.99996
0.999916
0.999826
0.999651
0.999319
0.998711
0.997633
0.995783
0.992717
0.987805
0.980208
0.968872
0.952558
0.929929
0.899686
0.860765
0.812548
0.755068
0.689149
0.616441
0.539323
0.460677
0.383559
0.310851
0.244932
0.187452
0.139235
0.100314
0.0700714
0.0474418
0.031128
0.0197919
0.0121953
0.00728319
0.00421658
0.00236714
0.00128897
0.000681041
0.000349285
0.000173957
8.41675e-05
3.95806e-05
1.8099e-05
8.05129e-06
3.4859e-06
1.46964e-06
6.03608e-07
2.41631e-07
9.43202e-08
3.59179e-08
1.33496e-08
4.84472e-09
1.71753e-09
5.95057e-10
2.01566e-10
6.67818e-11
2.16499e-11
6.87037e-12
2.13501e-12
6.49942e-13
1.93895e-13
5.67057e-14
1.62633e-14
4.5757e-15
1.26333e-15
3.42394e-16
9.11217e-17
2.38196e-17
6.11778e-18
1.54428e-18
3.83222e-19
9.35165e-20
2.24468e-20
5.30105e-21
1.23203e-21
2.81863e-22
6.34919e-23
1.40852e-23
3.07802e-24
6.62733e-25
1.40625e-25
2.94123e-26
6.06504e-27
1.23328e-27
2.47341e-28
4.89356e-29
9.55268e-30
1.84026e-30
3.49914e-31
6.56824e-32
1.21735e-32
2.2281e-33
4.02788e-34
7.19297e-35
1.26911e-35
2.21265e-36
3.81256e-37
6.49339e-38
1.0933e-38
1.82004e-39
2.9961e-40
4.87778e-41
7.85479e-42
1.25127e-42
1.97206e-43
3.07541e-44
4.7462e-45
7.24941e-46
1.09603e-46
1.64041e-47
2.43078e-48
3.56651e-49
5.18197e-50
7.45667e-51
1.06277e-51
1.50044e-52
2.09859e-53
2.90809e-54
3.99301e-55
5.43309e-56
7.32631e-57
9.79165e-58
1.29717e-58
1.70351e-59
2.21787e-60
2.86293e-61
3.66438e-62
4.65096e-63
5.85423e-64
7.30833e-65
9.04939e-66
1.11149e-66
1.35429e-67
1.63707e-68
1.96338e-69
2.33644e-70
2.75896e-71
3.23301e-72
3.75985e-73
4.33974e-74
4.97181e-75
5.65395e-76
6.38266e-77
7.15307e-78
7.95884e-79
8.79225e-80
9.64428e-81
1.05047e-81
1.13623e-82
1.22052e-83
1.30208e-84
1.37968e-85
1.45205e-86
1.51801e-87
1.57645e-88
1.62637e-89
1.66693e-90
1.69744e-91
1.7174e-92
1.72651e-93
1.72469e-94
1.71206e-95
1.68893e-96
1.6558e-97
1.61335e-98
1.5624e-99
1.50391e-100
1.43892e-101
1.36852e-102
1.29386e-103
1.21608e-104
1.13631e-105
1.05561e-106
9.75003e-108
8.95403e-109
8.17635e-110
7.42414e-111
6.70339e-112
6.01897e-113
5.37458e-114
4.77286e-115
4.21542e-116
3.70294e-117
3.23528e-118
2.81159e-119
2.43043e-120
2.08987e-121
1.78762e-122
1.52113e-123
1.28767e-124
1.08445e-125
9.08646e-127
7.5748e-128
6.28281e-129
5.1851e-130
4.25789e-131
3.4792e-132
2.82895e-133
2.289e-134
1.84312e-135
1.47693e-136
1.17783e-137
9.34818e-139
7.38433e-140
5.80558e-141
4.543e-142
3.53847e-143
2.74331e-144
2.11705e-145
1.6263e-146
1.24363e-147
9.46703e-149
7.17434e-150
5.41261e-151
4.06536e-152
3.03997e-153
2.26323e-154
1.6776e-155
1.23811e-156
9.09807e-158
6.65691e-159
4.84996e-160
3.51849e-161
2.54177e-162
1.82848e-163
1.30986e-164
9.34448e-166
6.63875e-167
4.6971e-168
3.30975e-169
2.32269e-170
1.62341e-171
1.1301e-172
7.83541e-174
5.41098e-175
3.72193e-176
2.55004e-177
1.74029e-178
1.18304e-179
8.01108e-181
5.40386e-182
3.63118e-183
2.43069e-184
1.62091e-185
1.07682e-186
7.12677e-188
4.69909e-189
3.08684e-190
2.02024e-191
1.31731e-192
8.55814e-194
5.53964e-195
3.57276e-196
2.2959e-197
1.47007e-198
9.3792e-200
5.96272e-201
3.77729e-202
2.38441e-203
1.49988e-204
9.40177e-206
5.87287e-207
3.65583e-208
2.2679e-209
1.40207e-210
8.63831e-212
5.3041e-213
3.24582e-214
1.97958e-215
1.20327e-216
7.28961e-218
4.40151e-219
2.64887e-220
1.58888e-221
9.49936e-223
5.66085e-224
3.36246e-225
1.9908e-226
1.1749e-227
6.91161e-229
4.05296e-230
2.36911e-231
1.38046e-232
8.01854e-234
4.64306e-235
2.68014e-236
1.54227e-237
8.84746e-239
5.05986e-240
2.88487e-241
1.63979e-242
9.29238e-244
5.2499e-245
2.95709e-246
1.66064e-247
9.29792e-249
5.19043e-250
2.8889e-251
1.60317e-252
8.87055e-254
4.89383e-255
2.69204e-256
1.47656e-257
8.07544e-259
4.40383e-260
2.39468e-261
1.29845e-262
7.0205e-264
3.78512e-265
2.03501e-266
1.09102e-267
5.83285e-269
3.10971e-270
1.65331e-271
8.76569e-273
4.63471e-274
2.44381e-275
1.28507e-276
6.73909e-278
3.52452e-279
1.83834e-280
9.56276e-282
4.96109e-283
2.56692e-284
1.32462e-285
6.81747e-287
3.49952e-288
1.79164e-289
9.14869e-291
4.65943e-292
2.3669e-293
1.19923e-294
6.06045e-296
3.05487e-297
1.53592e-298
7.70263e-300
3.85306e-301
1.92254e-302
9.56861e-304
4.75042e-305
2.3525e-306
1.1621e-307
5.72639e-309
2.81478e-310
1.38018e-311
6.7509e-313
3.29401e-314
1.60335e-315
7.78536e-317
3.77118e-318
1.82216e-319
8.77461e-321
4.10074e-322
9.88131e-324
0
0
0
0
0
0
0
0
0
0
0
0
0
0
0
0
0
0
0
0
0
0
0
0
0
0
0
0
0
0
0
0
0
0
0
0
0
0
0
0
0
0
0
0
0
0
0
0
0
0
0
0
0
0
0
0
0
0
0
0
0
0
0
0
0
0
0
0
0
0
0
0
0
0
0
0
0
0
0
0
0
0
0
0
0
0
0
0
0
0
0
0
0
0
0
0
0
0
0
0
0
0
0
0
0
0
0
0
0
0
0
0
0
0
0
0
0
)
;

boundaryField
{
    sides
    {
        type            zeroGradient;
    }
    empty
    {
        type            empty;
    }
}


// ************************************************************************* //
