/*--------------------------------*- C++ -*----------------------------------*\
  =========                 |
  \\      /  F ield         | OpenFOAM: The Open Source CFD Toolbox
   \\    /   O peration     | Website:  https://openfoam.org
    \\  /    A nd           | Version:  13
     \\/     M anipulation  |
\*---------------------------------------------------------------------------*/
FoamFile
{
    format      ascii;
    class       volScalarField;
    location    "2.855";
    object      T;
}
// * * * * * * * * * * * * * * * * * * * * * * * * * * * * * * * * * * * * * //

dimensions      [0 0 0 1 0 0 0];

internalField   nonuniform List<scalar> 
1000
(
1.58824e-75
2.45042e-75
4.63749e-75
9.32038e-75
1.89978e-74
3.88143e-74
7.92629e-74
1.61676e-73
3.29347e-73
6.69996e-73
1.36113e-72
2.76144e-72
5.59472e-72
1.13195e-71
2.28707e-71
4.61464e-71
9.29825e-71
1.87097e-70
3.75957e-70
7.54416e-70
1.51177e-69
3.02527e-69
6.04564e-69
1.20648e-68
2.40437e-68
4.78498e-68
9.50952e-68
1.88728e-67
3.74034e-67
7.4026e-67
1.46303e-66
2.8875e-66
5.69094e-66
1.12006e-65
2.20139e-65
4.3206e-65
8.46811e-65
1.65738e-64
3.2393e-64
6.32225e-64
1.23221e-63
2.39822e-63
4.66105e-63
9.04627e-63
1.75326e-62
3.3932e-62
6.55788e-62
1.26563e-61
2.43913e-61
4.69409e-61
9.02101e-61
1.73119e-60
3.31757e-60
6.34865e-60
1.21318e-59
2.31503e-59
4.41132e-59
8.39392e-59
1.59494e-58
3.02625e-58
5.73385e-58
1.08485e-57
2.04962e-57
3.86685e-57
7.28484e-57
1.37045e-56
2.57444e-56
4.82926e-56
9.046e-56
1.69203e-55
3.16037e-55
5.89444e-55
1.0978e-54
2.04163e-54
3.79146e-54
7.03087e-54
1.30192e-53
2.40732e-53
4.44483e-53
8.19497e-53
1.50873e-52
2.77361e-52
5.09155e-52
9.33306e-52
1.70831e-51
3.12233e-51
5.69848e-51
1.0385e-50
1.88982e-50
3.43402e-50
6.23088e-50
1.12892e-49
2.0424e-49
3.68962e-49
6.65561e-49
1.19883e-48
2.1562e-48
3.87244e-48
6.94451e-48
1.24354e-47
2.22351e-47
3.96989e-47
7.07747e-47
1.2599e-46
2.23952e-46
3.97494e-46
7.04474e-46
1.24668e-45
2.20295e-45
3.88695e-45
6.84808e-45
1.20472e-44
2.11619e-44
3.71176e-44
6.50068e-44
1.13682e-43
1.98507e-43
3.46108e-43
6.02561e-43
1.04747e-42
1.81816e-42
3.15118e-42
5.45337e-42
9.42334e-42
1.6259e-41
2.80112e-41
4.81856e-41
8.27656e-41
1.41948e-40
2.43083e-40
4.15649e-40
7.09649e-40
1.20978e-39
2.05926e-39
3.49995e-39
5.93958e-39
1.00645e-38
1.70283e-38
2.87668e-38
4.85236e-38
8.17252e-38
1.37436e-37
2.30772e-37
3.86906e-37
6.47691e-37
1.0826e-36
1.80678e-36
3.0108e-36
5.00951e-36
8.32232e-36
1.38048e-35
2.2864e-35
3.78101e-35
6.24308e-35
1.02926e-34
1.69427e-34
2.78468e-34
4.56983e-34
7.48785e-34
1.22503e-33
2.00109e-33
3.26376e-33
5.31495e-33
8.64193e-33
1.40298e-32
2.27416e-32
3.68062e-32
5.94767e-32
9.59624e-32
1.5459e-31
2.48651e-31
3.99324e-31
6.40302e-31
1.02511e-30
1.63863e-30
2.61526e-30
4.16748e-30
6.63065e-30
1.05332e-29
1.67066e-29
2.64569e-29
4.18321e-29
6.60393e-29
1.04092e-28
1.63814e-28
2.57397e-28
4.0381e-28
6.32513e-28
9.89192e-28
1.54458e-27
2.408e-27
3.74818e-27
5.82507e-27
9.03854e-27
1.40027e-26
2.16591e-26
3.34491e-26
5.15754e-26
7.93991e-26
1.2204e-25
1.87285e-25
2.86956e-25
4.38976e-25
6.70469e-25
1.02242e-24
1.55664e-24
2.36625e-24
3.59123e-24
5.44171e-24
8.23261e-24
1.24351e-23
1.87529e-23
2.82356e-23
4.24457e-23
6.37057e-23
9.54619e-23
1.4282e-22
2.13331e-22
3.18144e-22
4.73697e-22
7.04178e-22
1.04513e-21
1.54868e-21
2.29116e-21
3.3842e-21
4.99066e-21
7.34791e-21
1.08012e-20
1.58519e-20
2.32271e-20
3.39788e-20
4.96276e-20
7.23667e-20
1.05355e-19
1.53134e-19
2.22222e-19
3.2196e-19
4.65711e-19
6.72557e-19
9.69706e-19
1.39588e-18
2.00611e-18
2.87845e-18
4.12344e-18
5.89735e-18
8.42073e-18
1.20044e-17
1.70853e-17
2.42775e-17
3.44412e-17
4.87807e-17
6.89782e-17
9.73799e-17
1.37253e-16
1.93137e-16
2.71333e-16
3.80568e-16
5.32911e-16
7.45022e-16
1.03986e-15
1.44902e-15
2.01587e-15
2.7999e-15
3.88251e-15
5.37494e-15
7.42889e-15
1.0251e-14
1.4122e-14
1.94229e-14
2.66699e-14
3.65611e-14
5.00385e-14
6.83719e-14
9.32694e-14
1.27025e-13
1.72713e-13
2.34449e-13
3.1773e-13
4.29888e-13
5.80683e-13
7.83085e-13
1.0543e-12
1.41712e-12
1.90166e-12
2.54768e-12
3.40756e-12
4.55015e-12
6.06586e-12
8.07317e-12
1.0727e-11
1.42298e-11
1.88454e-11
2.49168e-11
3.289e-11
4.33429e-11
5.70238e-11
7.48993e-11
9.82158e-11
1.28579e-10
1.6805e-10
2.19275e-10
2.85643e-10
3.71485e-10
4.82325e-10
6.25201e-10
8.09063e-10
1.04527e-09
1.34819e-09
1.73604e-09
2.23177e-09
2.8643e-09
3.67003e-09
4.69465e-09
5.99538e-09
7.64384e-09
9.72942e-09
1.23636e-08
1.56849e-08
1.98655e-08
2.51188e-08
3.17088e-08
3.99614e-08
5.02785e-08
6.31546e-08
7.9197e-08
9.915e-08
1.23925e-07
1.54634e-07
1.92633e-07
2.39573e-07
2.97459e-07
3.6872e-07
4.56297e-07
5.63741e-07
6.95334e-07
8.56225e-07
1.0526e-06
1.29188e-06
1.58293e-06
1.93635e-06
2.36476e-06
2.88319e-06
3.50947e-06
4.26474e-06
5.174e-06
6.26676e-06
7.57779e-06
9.148e-06
1.10254e-05
1.32661e-05
1.5936e-05
1.91116e-05
2.28824e-05
2.73521e-05
3.26411e-05
3.88889e-05
4.62564e-05
5.49293e-05
6.51214e-05
7.70779e-05
9.10802e-05
0.00010745
0.000126554
0.000148812
0.000174697
0.00020475
0.000239582
0.000279882
0.000326427
0.000380094
0.000441863
0.000512835
0.00059424
0.00068745
0.000793991
0.000915558
0.00105403
0.00121148
0.00139021
0.00159273
0.00182182
0.00208051
0.00237211
0.00270024
0.00306884
0.00348217
0.00394487
0.00446192
0.0050387
0.005681
0.00639501
0.00718735
0.00806509
0.00903574
0.0101073
0.0112881
0.0125871
0.0140136
0.0155774
0.0172887
0.0191582
0.0211969
0.0234163
0.0258281
0.0284445
0.0312779
0.0343409
0.0376464
0.0412072
0.0450365
0.0491473
0.0535525
0.0582651
0.0632975
0.0686623
0.0743712
0.0804358
0.086867
0.093675
0.100869
0.108458
0.11645
0.124851
0.133667
0.142902
0.152558
0.162639
0.173143
0.184069
0.195415
0.207176
0.219346
0.231917
0.24488
0.258223
0.271933
0.285996
0.300396
0.315115
0.330134
0.345431
0.360985
0.376773
0.392769
0.408949
0.425285
0.44175
0.458316
0.474955
0.491637
0.508334
0.525015
0.541652
0.558215
0.574676
0.591007
0.60718
0.623169
0.638947
0.65449
0.669773
0.684776
0.699476
0.713854
0.727891
0.741572
0.75488
0.767802
0.780327
0.792443
0.804143
0.815418
0.826263
0.836674
0.846648
0.856183
0.865279
0.873937
0.88216
0.889949
0.897309
0.904244
0.910761
0.916864
0.92256
0.927856
0.932758
0.937273
0.941409
0.945172
0.948568
0.951605
0.954289
0.956623
0.958615
0.960267
0.961585
0.96257
0.963226
0.963553
0.963553
0.963226
0.96257
0.961585
0.960267
0.958615
0.956623
0.954289
0.951605
0.948568
0.945172
0.941409
0.937273
0.932758
0.927856
0.92256
0.916864
0.910761
0.904244
0.897309
0.889949
0.88216
0.873937
0.865279
0.856183
0.846648
0.836674
0.826263
0.815418
0.804143
0.792443
0.780327
0.767802
0.75488
0.741572
0.727891
0.713854
0.699476
0.684776
0.669773
0.65449
0.638947
0.623169
0.60718
0.591007
0.574676
0.558215
0.541652
0.525015
0.508334
0.491637
0.474955
0.458316
0.44175
0.425285
0.408949
0.392769
0.376773
0.360985
0.345431
0.330134
0.315115
0.300396
0.285996
0.271933
0.258223
0.24488
0.231917
0.219346
0.207176
0.195415
0.184069
0.173143
0.162639
0.152558
0.142902
0.133667
0.124851
0.11645
0.108458
0.100869
0.093675
0.086867
0.0804358
0.0743712
0.0686623
0.0632975
0.0582651
0.0535525
0.0491473
0.0450365
0.0412072
0.0376464
0.0343409
0.0312779
0.0284445
0.0258281
0.0234163
0.0211969
0.0191582
0.0172887
0.0155774
0.0140136
0.0125871
0.0112881
0.0101073
0.00903574
0.00806509
0.00718735
0.00639501
0.005681
0.0050387
0.00446192
0.00394487
0.00348217
0.00306884
0.00270024
0.00237211
0.00208051
0.00182182
0.00159273
0.00139021
0.00121148
0.00105403
0.000915558
0.000793991
0.00068745
0.00059424
0.000512835
0.000441863
0.000380094
0.000326427
0.000279882
0.000239582
0.00020475
0.000174697
0.000148812
0.000126554
0.00010745
9.10802e-05
7.70779e-05
6.51214e-05
5.49293e-05
4.62564e-05
3.88889e-05
3.26411e-05
2.73521e-05
2.28824e-05
1.91116e-05
1.5936e-05
1.32661e-05
1.10254e-05
9.148e-06
7.57779e-06
6.26676e-06
5.174e-06
4.26474e-06
3.50947e-06
2.88319e-06
2.36476e-06
1.93635e-06
1.58293e-06
1.29188e-06
1.0526e-06
8.56225e-07
6.95334e-07
5.63741e-07
4.56297e-07
3.6872e-07
2.97459e-07
2.39573e-07
1.92633e-07
1.54634e-07
1.23925e-07
9.915e-08
7.9197e-08
6.31546e-08
5.02785e-08
3.99614e-08
3.17088e-08
2.51188e-08
1.98655e-08
1.56849e-08
1.23636e-08
9.72942e-09
7.64384e-09
5.99538e-09
4.69465e-09
3.67003e-09
2.8643e-09
2.23177e-09
1.73604e-09
1.34819e-09
1.04527e-09
8.09063e-10
6.25201e-10
4.82325e-10
3.71485e-10
2.85643e-10
2.19275e-10
1.6805e-10
1.28579e-10
9.82158e-11
7.48993e-11
5.70238e-11
4.33429e-11
3.289e-11
2.49168e-11
1.88454e-11
1.42298e-11
1.0727e-11
8.07317e-12
6.06586e-12
4.55015e-12
3.40756e-12
2.54768e-12
1.90166e-12
1.41712e-12
1.0543e-12
7.83085e-13
5.80683e-13
4.29888e-13
3.1773e-13
2.34449e-13
1.72713e-13
1.27025e-13
9.32694e-14
6.83719e-14
5.00385e-14
3.65611e-14
2.66699e-14
1.94229e-14
1.4122e-14
1.0251e-14
7.42889e-15
5.37494e-15
3.88251e-15
2.7999e-15
2.01587e-15
1.44902e-15
1.03986e-15
7.45022e-16
5.32911e-16
3.80568e-16
2.71333e-16
1.93137e-16
1.37253e-16
9.73799e-17
6.89782e-17
4.87807e-17
3.44412e-17
2.42775e-17
1.70853e-17
1.20044e-17
8.42073e-18
5.89735e-18
4.12344e-18
2.87845e-18
2.00611e-18
1.39588e-18
9.69706e-19
6.72557e-19
4.65711e-19
3.2196e-19
2.22222e-19
1.53134e-19
1.05355e-19
7.23667e-20
4.96276e-20
3.39788e-20
2.32271e-20
1.58519e-20
1.08012e-20
7.34791e-21
4.99066e-21
3.3842e-21
2.29116e-21
1.54868e-21
1.04513e-21
7.04178e-22
4.73697e-22
3.18144e-22
2.13331e-22
1.4282e-22
9.54619e-23
6.37057e-23
4.24457e-23
2.82356e-23
1.87529e-23
1.24351e-23
8.23261e-24
5.44171e-24
3.59123e-24
2.36625e-24
1.55664e-24
1.02242e-24
6.70469e-25
4.38976e-25
2.86956e-25
1.87285e-25
1.2204e-25
7.93991e-26
5.15754e-26
3.34491e-26
2.16591e-26
1.40027e-26
9.03854e-27
5.82507e-27
3.74818e-27
2.408e-27
1.54458e-27
9.89192e-28
6.32513e-28
4.0381e-28
2.57397e-28
1.63814e-28
1.04092e-28
6.60393e-29
4.18321e-29
2.64569e-29
1.67066e-29
1.05332e-29
6.63065e-30
4.16748e-30
2.61526e-30
1.63863e-30
1.02511e-30
6.40302e-31
3.99324e-31
2.48651e-31
1.5459e-31
9.59624e-32
5.94767e-32
3.68062e-32
2.27416e-32
1.40298e-32
8.64193e-33
5.31495e-33
3.26376e-33
2.00109e-33
1.22503e-33
7.48785e-34
4.56983e-34
2.78468e-34
1.69427e-34
1.02926e-34
6.24308e-35
3.78101e-35
2.2864e-35
1.38048e-35
8.32232e-36
5.00951e-36
3.0108e-36
1.80678e-36
1.0826e-36
6.47691e-37
3.86906e-37
2.30772e-37
1.37436e-37
8.17252e-38
4.85236e-38
2.87668e-38
1.70283e-38
1.00645e-38
5.93958e-39
3.49995e-39
2.05926e-39
1.20978e-39
7.09649e-40
4.15649e-40
2.43083e-40
1.41948e-40
8.27656e-41
4.81856e-41
2.80112e-41
1.6259e-41
9.42334e-42
5.45337e-42
3.15118e-42
1.81816e-42
1.04747e-42
6.02561e-43
3.46108e-43
1.98507e-43
1.13682e-43
6.50068e-44
3.71176e-44
2.11619e-44
1.20472e-44
6.84808e-45
3.88695e-45
2.20295e-45
1.24668e-45
7.04474e-46
3.97494e-46
2.23952e-46
1.2599e-46
7.07747e-47
3.96989e-47
2.22351e-47
1.24354e-47
6.94451e-48
3.87244e-48
2.1562e-48
1.19883e-48
6.65561e-49
3.68962e-49
2.0424e-49
1.12892e-49
6.23088e-50
3.43402e-50
1.88982e-50
1.0385e-50
5.69848e-51
3.12233e-51
1.70831e-51
9.33306e-52
5.09155e-52
2.77361e-52
1.50873e-52
8.19497e-53
4.44483e-53
2.40732e-53
1.30192e-53
7.03087e-54
3.79146e-54
2.04163e-54
1.0978e-54
5.89444e-55
3.16037e-55
1.69203e-55
9.046e-56
4.82926e-56
2.57444e-56
1.37045e-56
7.28484e-57
3.86685e-57
2.04962e-57
1.08485e-57
5.73385e-58
3.02625e-58
1.59494e-58
8.39392e-59
4.41132e-59
2.31503e-59
1.21318e-59
6.34865e-60
3.31757e-60
1.73119e-60
9.02101e-61
4.69409e-61
2.43913e-61
1.26563e-61
6.55788e-62
3.3932e-62
1.75326e-62
9.04627e-63
4.66105e-63
2.39822e-63
1.23221e-63
6.32225e-64
3.2393e-64
1.65738e-64
8.46811e-65
4.3206e-65
2.20139e-65
1.12006e-65
5.69094e-66
2.8875e-66
1.46303e-66
7.4026e-67
3.74034e-67
1.88728e-67
9.50952e-68
4.78498e-68
2.40437e-68
1.20648e-68
6.04564e-69
3.02527e-69
1.51177e-69
7.54416e-70
3.75957e-70
1.87097e-70
9.29825e-71
4.61464e-71
2.28707e-71
1.13195e-71
5.59472e-72
2.76144e-72
1.36113e-72
6.69996e-73
3.29347e-73
1.61676e-73
7.92629e-74
3.88143e-74
1.89978e-74
9.32038e-75
4.63749e-75
2.45042e-75
1.58824e-75
)
;

boundaryField
{
    sides
    {
        type            zeroGradient;
    }
    empty
    {
        type            empty;
    }
}


// ************************************************************************* //
