/*--------------------------------*- C++ -*----------------------------------*\
  =========                 |
  \\      /  F ield         | OpenFOAM: The Open Source CFD Toolbox
   \\    /   O peration     | Website:  https://openfoam.org
    \\  /    A nd           | Version:  13
     \\/     M anipulation  |
\*---------------------------------------------------------------------------*/
FoamFile
{
    format      ascii;
    class       volScalarField;
    location    "4.56";
    object      T;
}
// * * * * * * * * * * * * * * * * * * * * * * * * * * * * * * * * * * * * * //

dimensions      [0 0 0 1 0 0 0];

internalField   nonuniform List<scalar> 
1000
(
3.00359e-49
3.69531e-49
5.23519e-49
7.97085e-49
1.25182e-48
1.98972e-48
3.1757e-48
5.07372e-48
8.10443e-48
1.29367e-47
2.06324e-47
3.28755e-47
5.23331e-47
8.32259e-47
1.32226e-46
2.09871e-46
3.32783e-46
5.27163e-46
8.34263e-46
1.31897e-45
2.08325e-45
3.28717e-45
5.18175e-45
8.16026e-45
1.28382e-44
2.0178e-44
3.1683e-44
4.96988e-44
7.78822e-44
1.21928e-43
1.90695e-43
2.97954e-43
4.65083e-43
7.25243e-43
1.12982e-42
1.75834e-42
2.73382e-42
4.24628e-42
6.58897e-42
1.0214e-41
1.58178e-41
2.44719e-41
3.78231e-41
5.84007e-41
9.00841e-41
1.38819e-40
2.13706e-40
3.28667e-40
5.04967e-40
7.75068e-40
1.18846e-39
1.82053e-39
2.786e-39
4.25923e-39
6.50504e-39
9.92513e-39
1.51283e-38
2.30363e-38
3.5043e-38
5.32546e-38
8.08501e-38
1.22623e-37
1.85792e-37
2.81223e-37
4.25247e-37
6.42387e-37
9.69436e-37
1.46153e-36
2.2012e-36
3.31192e-36
4.9781e-36
7.47504e-36
1.12132e-35
1.68038e-35
2.51566e-35
3.76237e-35
5.62127e-35
8.39019e-35
1.25105e-34
1.86354e-34
2.77312e-34
4.1225e-34
6.12233e-34
9.08314e-34
1.34623e-33
1.99326e-33
2.9483e-33
4.35655e-33
6.43096e-33
9.48356e-33
1.39711e-32
2.05612e-32
3.02294e-32
4.4399e-32
6.51445e-32
9.54869e-32
1.39821e-31
2.04531e-31
2.98888e-31
4.36333e-31
6.36339e-31
9.27084e-31
1.34931e-30
1.96183e-30
2.84953e-30
4.1347e-30
5.99341e-30
8.6789e-30
1.25549e-29
1.81436e-29
2.61933e-29
3.77761e-29
5.44256e-29
7.83334e-29
1.12629e-28
1.61775e-28
2.32129e-28
3.32741e-28
4.76477e-28
6.81608e-28
9.74058e-28
1.39057e-27
1.98316e-27
2.8254e-27
4.02124e-27
5.71737e-27
8.12062e-27
1.15223e-26
1.63322e-26
2.31264e-26
3.27134e-26
4.62275e-26
6.52576e-26
9.20275e-26
1.29646e-25
1.82456e-25
2.56513e-25
3.60262e-25
5.05453e-25
7.08434e-25
9.9191e-25
1.38739e-24
1.93857e-24
2.70595e-24
3.7732e-24
5.256e-24
7.31399e-24
1.01673e-23
1.41193e-23
1.95873e-23
2.7145e-23
3.758e-23
5.1973e-23
7.18045e-23
9.91011e-23
1.36634e-22
1.88188e-22
2.58926e-22
3.55889e-22
4.88657e-22
6.70266e-22
9.18421e-22
1.25715e-21
1.71904e-21
2.34821e-21
3.20435e-21
4.36811e-21
5.94838e-21
8.092e-21
1.09967e-20
1.49287e-20
2.02457e-20
2.7428e-20
3.71197e-20
5.01842e-20
6.77767e-20
9.14416e-20
1.23242e-19
1.65929e-19
2.2317e-19
2.99847e-19
4.02451e-19
5.39607e-19
7.22755e-19
9.67061e-19
1.29261e-18
1.72595e-18
2.30218e-18
3.06761e-18
4.08329e-18
5.42961e-18
7.21234e-18
9.57046e-18
1.26864e-17
1.67993e-17
2.22225e-17
2.9366e-17
3.87653e-17
5.112e-17
6.7342e-17
8.86196e-17
1.16499e-16
1.52989e-16
2.007e-16
2.63016e-16
3.44322e-16
4.50293e-16
5.88265e-16
7.67711e-16
1.00085e-15
1.30343e-15
1.69573e-15
2.20379e-15
2.86108e-15
3.71055e-15
4.8072e-15
6.22148e-15
8.04344e-15
1.03881e-14
1.34022e-14
1.72729e-14
2.22382e-14
2.86009e-14
3.67457e-14
4.71605e-14
6.04641e-14
7.74396e-14
9.90773e-14
1.26629e-13
1.61672e-13
2.06198e-13
2.62711e-13
3.34364e-13
4.25114e-13
5.39929e-13
6.85038e-13
8.68235e-13
1.09927e-12
1.39034e-12
1.75663e-12
2.21709e-12
2.79534e-12
3.52071e-12
4.42966e-12
5.56745e-12
6.99016e-12
8.76725e-12
1.09846e-11
1.37484e-11
1.71894e-11
2.14693e-11
2.67867e-11
3.33861e-11
4.15678e-11
5.17003e-11
6.42353e-11
7.9726e-11
9.88486e-11
1.22429e-10
1.51477e-10
1.8722e-10
2.31154e-10
2.85099e-10
3.51265e-10
4.32334e-10
5.31555e-10
6.52863e-10
8.01015e-10
9.81757e-10
1.20202e-09
1.47016e-09
1.79623e-09
2.19233e-09
2.67296e-09
3.25555e-09
3.96097e-09
4.81419e-09
5.84507e-09
7.08927e-09
8.5893e-09
1.03958e-08
1.25691e-08
1.51809e-08
1.83161e-08
2.20757e-08
2.65792e-08
3.19679e-08
3.84088e-08
4.60992e-08
5.52715e-08
6.61994e-08
7.9205e-08
9.46666e-08
1.13028e-07
1.3481e-07
1.60621e-07
1.91174e-07
2.27301e-07
2.69973e-07
3.2032e-07
3.7966e-07
4.49522e-07
5.31684e-07
6.28207e-07
7.41478e-07
8.7426e-07
1.02974e-06
1.21162e-06
1.42412e-06
1.67215e-06
1.96134e-06
2.29814e-06
2.68997e-06
3.14532e-06
3.67393e-06
4.28692e-06
4.99697e-06
5.81857e-06
6.76821e-06
7.86466e-06
9.12923e-06
1.05861e-05
1.22628e-05
1.41903e-05
1.64036e-05
1.89426e-05
2.18519e-05
2.51818e-05
2.89892e-05
3.33376e-05
3.82987e-05
4.39525e-05
5.03888e-05
5.77079e-05
6.60218e-05
7.54556e-05
8.61484e-05
9.82551e-05
0.000111948
0.000127417
0.000144875
0.000164555
0.000186716
0.000211645
0.000239655
0.000271094
0.000306342
0.00034582
0.000389985
0.00043934
0.000494436
0.000555872
0.000624305
0.000700448
0.000785076
0.000879034
0.000983235
0.00109867
0.00122641
0.00136762
0.00152354
0.00169552
0.001885
0.00209355
0.00232282
0.0025746
0.0028508
0.00315346
0.00348474
0.00384697
0.0042426
0.00467423
0.00514463
0.00565672
0.0062136
0.0068185
0.00747485
0.00818626
0.00895651
0.00978953
0.0106895
0.0116606
0.0127075
0.0138348
0.0150473
0.0163501
0.0177483
0.0192473
0.0208526
0.0225699
0.0244049
0.0263636
0.0284521
0.0306764
0.0330429
0.0355579
0.0382277
0.0410588
0.0440577
0.0472308
0.0505845
0.0541254
0.0578596
0.0617934
0.0659331
0.0702845
0.0748536
0.0796459
0.0846668
0.0899215
0.0954148
0.101151
0.107135
0.11337
0.11986
0.126607
0.133615
0.140885
0.148418
0.156216
0.164279
0.172608
0.1812
0.190056
0.199173
0.208548
0.218178
0.228059
0.238186
0.248555
0.25916
0.269993
0.281047
0.292315
0.303788
0.315457
0.327311
0.339342
0.351537
0.363885
0.376375
0.388993
0.401727
0.414564
0.42749
0.440491
0.453552
0.46666
0.479799
0.492955
0.506112
0.519255
0.53237
0.545441
0.558453
0.571391
0.584241
0.596988
0.609616
0.622113
0.634464
0.646656
0.658675
0.670509
0.682145
0.693571
0.704776
0.715749
0.726479
0.736955
0.747169
0.75711
0.766771
0.776144
0.78522
0.793992
0.802455
0.810601
0.818425
0.825922
0.833087
0.839915
0.846402
0.852545
0.858341
0.863786
0.868878
0.873615
0.877994
0.882013
0.885672
0.888968
0.891901
0.894469
0.896672
0.898508
0.899978
0.901081
0.901816
0.902184
0.902184
0.901816
0.901081
0.899978
0.898508
0.896672
0.894469
0.891901
0.888968
0.885672
0.882013
0.877994
0.873615
0.868878
0.863786
0.858341
0.852545
0.846402
0.839915
0.833087
0.825922
0.818425
0.810601
0.802455
0.793992
0.78522
0.776144
0.766771
0.75711
0.747169
0.736955
0.726479
0.715749
0.704776
0.693571
0.682145
0.670509
0.658675
0.646656
0.634464
0.622113
0.609616
0.596988
0.584241
0.571391
0.558453
0.545441
0.53237
0.519255
0.506112
0.492955
0.479799
0.46666
0.453552
0.440491
0.42749
0.414564
0.401727
0.388993
0.376375
0.363885
0.351537
0.339342
0.327311
0.315457
0.303788
0.292315
0.281047
0.269993
0.25916
0.248555
0.238186
0.228059
0.218178
0.208548
0.199173
0.190056
0.1812
0.172608
0.164279
0.156216
0.148418
0.140885
0.133615
0.126607
0.11986
0.11337
0.107135
0.101151
0.0954148
0.0899215
0.0846668
0.0796459
0.0748536
0.0702845
0.0659331
0.0617934
0.0578596
0.0541254
0.0505845
0.0472308
0.0440577
0.0410588
0.0382277
0.0355579
0.0330429
0.0306764
0.0284521
0.0263636
0.0244049
0.0225699
0.0208526
0.0192473
0.0177483
0.0163501
0.0150473
0.0138348
0.0127075
0.0116606
0.0106895
0.00978953
0.00895651
0.00818626
0.00747485
0.0068185
0.0062136
0.00565672
0.00514463
0.00467423
0.0042426
0.00384697
0.00348474
0.00315346
0.0028508
0.0025746
0.00232282
0.00209355
0.001885
0.00169552
0.00152354
0.00136762
0.00122641
0.00109867
0.000983235
0.000879034
0.000785076
0.000700448
0.000624305
0.000555872
0.000494436
0.00043934
0.000389985
0.00034582
0.000306342
0.000271094
0.000239655
0.000211645
0.000186716
0.000164555
0.000144875
0.000127417
0.000111948
9.82551e-05
8.61484e-05
7.54556e-05
6.60218e-05
5.77079e-05
5.03888e-05
4.39525e-05
3.82987e-05
3.33376e-05
2.89892e-05
2.51818e-05
2.18519e-05
1.89426e-05
1.64036e-05
1.41903e-05
1.22628e-05
1.05861e-05
9.12923e-06
7.86466e-06
6.76821e-06
5.81857e-06
4.99697e-06
4.28692e-06
3.67393e-06
3.14532e-06
2.68997e-06
2.29814e-06
1.96134e-06
1.67215e-06
1.42412e-06
1.21162e-06
1.02974e-06
8.7426e-07
7.41478e-07
6.28207e-07
5.31684e-07
4.49522e-07
3.7966e-07
3.2032e-07
2.69973e-07
2.27301e-07
1.91174e-07
1.60621e-07
1.3481e-07
1.13028e-07
9.46666e-08
7.9205e-08
6.61994e-08
5.52715e-08
4.60992e-08
3.84088e-08
3.19679e-08
2.65792e-08
2.20757e-08
1.83161e-08
1.51809e-08
1.25691e-08
1.03958e-08
8.5893e-09
7.08927e-09
5.84507e-09
4.81419e-09
3.96097e-09
3.25555e-09
2.67296e-09
2.19233e-09
1.79623e-09
1.47016e-09
1.20202e-09
9.81757e-10
8.01015e-10
6.52863e-10
5.31555e-10
4.32334e-10
3.51265e-10
2.85099e-10
2.31154e-10
1.8722e-10
1.51477e-10
1.22429e-10
9.88486e-11
7.9726e-11
6.42353e-11
5.17003e-11
4.15678e-11
3.33861e-11
2.67867e-11
2.14693e-11
1.71894e-11
1.37484e-11
1.09846e-11
8.76725e-12
6.99016e-12
5.56745e-12
4.42966e-12
3.52071e-12
2.79534e-12
2.21709e-12
1.75663e-12
1.39034e-12
1.09927e-12
8.68235e-13
6.85038e-13
5.39929e-13
4.25114e-13
3.34364e-13
2.62711e-13
2.06198e-13
1.61672e-13
1.26629e-13
9.90773e-14
7.74396e-14
6.04641e-14
4.71605e-14
3.67457e-14
2.86009e-14
2.22382e-14
1.72729e-14
1.34022e-14
1.03881e-14
8.04344e-15
6.22148e-15
4.8072e-15
3.71055e-15
2.86108e-15
2.20379e-15
1.69573e-15
1.30343e-15
1.00085e-15
7.67711e-16
5.88265e-16
4.50293e-16
3.44322e-16
2.63016e-16
2.007e-16
1.52989e-16
1.16499e-16
8.86196e-17
6.7342e-17
5.112e-17
3.87653e-17
2.9366e-17
2.22225e-17
1.67993e-17
1.26864e-17
9.57046e-18
7.21234e-18
5.42961e-18
4.08329e-18
3.06761e-18
2.30218e-18
1.72595e-18
1.29261e-18
9.67061e-19
7.22755e-19
5.39607e-19
4.02451e-19
2.99847e-19
2.2317e-19
1.65929e-19
1.23242e-19
9.14416e-20
6.77767e-20
5.01842e-20
3.71197e-20
2.7428e-20
2.02457e-20
1.49287e-20
1.09967e-20
8.092e-21
5.94838e-21
4.36811e-21
3.20435e-21
2.34821e-21
1.71904e-21
1.25715e-21
9.18421e-22
6.70266e-22
4.88657e-22
3.55889e-22
2.58926e-22
1.88188e-22
1.36634e-22
9.91011e-23
7.18045e-23
5.1973e-23
3.758e-23
2.7145e-23
1.95873e-23
1.41193e-23
1.01673e-23
7.31399e-24
5.256e-24
3.7732e-24
2.70595e-24
1.93857e-24
1.38739e-24
9.9191e-25
7.08434e-25
5.05453e-25
3.60262e-25
2.56513e-25
1.82456e-25
1.29646e-25
9.20275e-26
6.52576e-26
4.62275e-26
3.27134e-26
2.31264e-26
1.63322e-26
1.15223e-26
8.12062e-27
5.71737e-27
4.02124e-27
2.8254e-27
1.98316e-27
1.39057e-27
9.74058e-28
6.81608e-28
4.76477e-28
3.32741e-28
2.32129e-28
1.61775e-28
1.12629e-28
7.83334e-29
5.44256e-29
3.77761e-29
2.61933e-29
1.81436e-29
1.25549e-29
8.6789e-30
5.99341e-30
4.1347e-30
2.84953e-30
1.96183e-30
1.34931e-30
9.27084e-31
6.36339e-31
4.36333e-31
2.98888e-31
2.04531e-31
1.39821e-31
9.54869e-32
6.51445e-32
4.4399e-32
3.02294e-32
2.05612e-32
1.39711e-32
9.48356e-33
6.43096e-33
4.35655e-33
2.9483e-33
1.99326e-33
1.34623e-33
9.08314e-34
6.12233e-34
4.1225e-34
2.77312e-34
1.86354e-34
1.25105e-34
8.39019e-35
5.62127e-35
3.76237e-35
2.51566e-35
1.68038e-35
1.12132e-35
7.47504e-36
4.9781e-36
3.31192e-36
2.2012e-36
1.46153e-36
9.69436e-37
6.42387e-37
4.25247e-37
2.81223e-37
1.85792e-37
1.22623e-37
8.08501e-38
5.32546e-38
3.5043e-38
2.30363e-38
1.51283e-38
9.92513e-39
6.50504e-39
4.25923e-39
2.786e-39
1.82053e-39
1.18846e-39
7.75068e-40
5.04967e-40
3.28667e-40
2.13706e-40
1.38819e-40
9.00841e-41
5.84007e-41
3.78231e-41
2.44719e-41
1.58178e-41
1.0214e-41
6.58897e-42
4.24628e-42
2.73382e-42
1.75834e-42
1.12982e-42
7.25243e-43
4.65083e-43
2.97954e-43
1.90695e-43
1.21928e-43
7.78822e-44
4.96988e-44
3.1683e-44
2.0178e-44
1.28382e-44
8.16026e-45
5.18175e-45
3.28717e-45
2.08325e-45
1.31897e-45
8.34263e-46
5.27163e-46
3.32783e-46
2.09871e-46
1.32226e-46
8.32259e-47
5.23331e-47
3.28755e-47
2.06324e-47
1.29367e-47
8.10443e-48
5.07372e-48
3.1757e-48
1.98972e-48
1.25182e-48
7.97085e-49
5.23519e-49
3.69531e-49
3.00359e-49
)
;

boundaryField
{
    sides
    {
        type            zeroGradient;
    }
    empty
    {
        type            empty;
    }
}


// ************************************************************************* //
