/*--------------------------------*- C++ -*----------------------------------*\
  =========                 |
  \\      /  F ield         | OpenFOAM: The Open Source CFD Toolbox
   \\    /   O peration     | Website:  https://openfoam.org
    \\  /    A nd           | Version:  13
     \\/     M anipulation  |
\*---------------------------------------------------------------------------*/
FoamFile
{
    format      ascii;
    class       volScalarField;
    location    "1.73";
    object      T;
}
// * * * * * * * * * * * * * * * * * * * * * * * * * * * * * * * * * * * * * //

dimensions      [0 0 0 1 0 0 0];

internalField   nonuniform List<scalar> 
1000
(
3.64635e-116
8.23289e-116
2.31337e-115
6.69056e-115
1.93875e-114
5.61075e-114
1.62103e-113
4.67535e-113
1.34612e-112
3.86903e-112
1.11011e-111
3.17961e-111
9.09129e-111
2.59489e-110
7.39358e-110
2.10296e-109
5.97097e-109
1.69238e-108
4.78837e-108
1.35242e-107
3.81305e-107
1.07316e-106
3.01503e-106
8.45569e-106
2.36721e-105
6.61535e-105
1.84543e-104
5.13887e-104
1.42845e-103
3.96355e-103
1.09781e-102
3.03526e-102
8.37688e-102
2.30775e-101
6.34622e-101
1.74204e-100
4.7733e-100
1.30555e-99
3.56437e-99
9.71369e-99
2.6424e-98
7.175e-98
1.94471e-97
5.26135e-97
1.42084e-96
3.83002e-96
1.03053e-95
2.76773e-95
7.41974e-95
1.98543e-94
5.303e-94
1.41379e-93
3.76226e-93
9.99328e-93
2.64949e-92
7.01149e-92
1.85204e-91
4.88297e-91
1.28501e-90
3.37535e-90
8.8495e-90
2.31582e-89
6.04892e-89
1.57701e-88
4.10369e-88
1.06585e-87
2.76311e-87
7.14957e-87
1.84646e-86
4.75967e-86
1.22459e-85
3.14468e-85
8.06003e-85
2.06191e-84
5.26469e-84
1.34167e-83
3.41261e-83
8.66353e-83
2.19517e-82
5.55146e-82
1.40123e-81
3.52999e-81
8.87561e-81
2.22732e-80
5.5786e-80
1.39452e-79
3.47921e-79
8.66345e-79
2.15305e-78
5.34035e-78
1.32201e-77
3.26626e-77
8.05406e-77
1.9821e-76
4.86835e-76
1.19339e-75
2.91961e-75
7.12871e-75
1.73715e-74
4.22475e-74
1.02543e-73
2.48395e-73
6.00507e-73
1.44886e-72
3.48874e-72
8.38381e-72
2.01069e-71
4.81256e-71
1.14957e-70
2.74044e-70
6.51975e-70
1.54798e-69
3.66793e-69
8.67358e-69
2.04689e-68
4.8207e-68
1.13303e-67
2.6576e-67
6.22088e-67
1.45321e-66
3.38777e-66
7.88154e-66
1.82986e-65
4.23966e-65
9.80283e-65
2.26192e-64
5.20841e-64
1.19684e-63
2.74454e-63
6.2806e-63
1.43427e-62
3.26858e-62
7.43331e-62
1.68694e-61
3.82041e-61
8.63399e-61
1.94717e-60
4.38212e-60
9.84131e-60
2.2055e-59
4.93227e-59
1.1007e-58
2.45118e-58
5.44704e-58
1.20789e-57
2.67282e-57
5.90186e-57
1.30042e-56
2.85926e-56
6.27328e-56
1.37343e-55
3.00047e-55
6.54095e-55
1.42285e-54
3.08846e-54
6.68945e-54
1.44578e-53
3.11798e-53
6.70975e-53
1.44078e-52
3.08707e-52
6.60011e-52
1.40802e-51
2.99725e-51
6.3663e-51
1.34928e-50
2.85342e-50
6.02113e-50
1.26776e-49
2.66341e-49
5.58322e-49
1.16781e-48
2.43726e-48
5.07541e-48
1.05458e-47
2.18636e-47
4.52271e-47
9.33493e-47
1.92245e-46
3.95031e-46
8.09908e-46
1.65679e-45
3.38165e-45
6.88674e-45
1.39934e-44
2.83697e-44
5.73862e-44
1.15819e-43
2.33223e-43
4.68575e-43
9.39297e-43
1.87863e-42
3.74879e-42
7.46369e-42
1.4826e-41
2.93837e-41
5.81023e-41
1.14627e-40
2.25624e-40
4.43083e-40
8.68136e-40
1.69703e-39
3.30972e-39
6.44007e-39
1.25022e-38
2.42144e-38
4.67904e-38
9.0205e-38
1.73498e-37
3.32927e-37
6.37367e-37
1.21735e-36
2.31968e-36
4.40986e-36
8.36377e-36
1.58256e-35
2.98743e-35
5.62617e-35
1.05707e-34
1.98139e-34
3.70519e-34
6.91232e-34
1.28649e-33
2.38869e-33
4.42467e-33
8.17653e-33
1.50738e-32
2.7723e-32
5.0865e-32
9.31023e-32
1.70005e-31
3.09685e-31
5.62778e-31
1.02026e-30
1.84517e-30
3.32902e-30
5.99166e-30
1.07579e-29
1.9269e-29
3.44301e-29
6.13708e-29
1.09127e-28
1.93573e-28
3.4253e-28
6.04637e-28
1.06471e-27
1.87027e-27
3.27728e-27
5.72874e-27
9.98939e-27
1.73761e-26
3.01506e-26
5.21879e-26
9.011e-26
1.55204e-25
2.66662e-25
4.57027e-25
7.81353e-25
1.33252e-24
2.26685e-24
3.84673e-24
6.51146e-24
1.09947e-23
1.85183e-23
3.11126e-23
5.21415e-23
8.71651e-23
1.45349e-22
2.41764e-22
4.01125e-22
6.63858e-22
1.09591e-21
1.8046e-21
2.96407e-21
4.85622e-21
7.93613e-21
1.29366e-20
2.10343e-20
3.41141e-20
5.51867e-20
8.90494e-20
1.43324e-19
2.30092e-19
3.68447e-19
5.88488e-19
9.37539e-19
1.4898e-18
2.36131e-18
3.73306e-18
5.88653e-18
9.25842e-18
1.45243e-17
2.27267e-17
3.54696e-17
5.52146e-17
8.57293e-17
1.32764e-16
2.05072e-16
3.15942e-16
4.85491e-16
7.44093e-16
1.13748e-15
1.73432e-15
2.63745e-15
4.00043e-15
6.05195e-15
9.13167e-15
1.37426e-14
2.06278e-14
3.08815e-14
4.61111e-14
6.8671e-14
1.02e-13
1.51108e-13
2.23271e-13
3.29028e-13
4.83603e-13
7.08927e-13
1.0365e-12
1.51143e-12
2.19816e-12
3.18847e-12
4.61271e-12
6.6555e-12
9.57753e-12
1.37459e-11
1.96763e-11
2.80904e-11
3.99962e-11
5.6797e-11
8.04407e-11
1.13624e-10
1.60069e-10
2.24898e-10
3.15142e-10
4.40421e-10
6.1386e-10
8.53317e-10
1.18301e-09
1.63572e-09
2.25561e-09
3.10211e-09
4.25488e-09
5.82041e-09
7.94062e-09
1.08042e-08
1.46609e-08
1.98412e-08
2.67797e-08
3.60477e-08
4.83931e-08
6.47919e-08
8.65147e-08
1.1521e-07
1.53012e-07
2.0267e-07
2.67722e-07
3.52704e-07
4.63411e-07
6.07231e-07
7.93544e-07
1.03423e-06
1.3443e-06
1.74262e-06
2.25289e-06
2.90475e-06
3.73513e-06
4.78997e-06
6.12619e-06
7.81409e-06
9.94024e-06
1.26109e-05
1.59561e-05
2.01343e-05
2.53384e-05
3.1802e-05
3.98071e-05
4.96936e-05
6.18691e-05
7.6821e-05
9.51308e-05
0.000117489
0.000144713
0.000177769
0.000217792
0.000266113
0.000324286
0.000394122
0.00047772
0.000577509
0.000696286
0.00083726
0.0010041
0.001201
0.00143271
0.0017046
0.00202273
0.00239391
0.00282574
0.00332669
0.00390618
0.0045746
0.00534339
0.00622509
0.0072334
0.00838318
0.00969053
0.0111728
0.0128485
0.0147376
0.016861
0.0192411
0.021901
0.0248653
0.0281592
0.0318088
0.0358411
0.0402832
0.0451628
0.0505075
0.0563449
0.0627019
0.0696048
0.0770791
0.0851486
0.0938356
0.103161
0.113141
0.123793
0.135129
0.147156
0.159882
0.173308
0.187431
0.202244
0.217737
0.233894
0.250695
0.268115
0.286124
0.304688
0.32377
0.343328
0.363315
0.383681
0.404374
0.425338
0.446516
0.467848
0.489272
0.510728
0.532152
0.553484
0.574662
0.595626
0.616319
0.636685
0.656672
0.676229
0.695311
0.713876
0.731884
0.749304
0.766104
0.78226
0.797753
0.812565
0.826687
0.840112
0.852836
0.864862
0.876194
0.886843
0.896819
0.906139
0.91482
0.922881
0.930345
0.937236
0.943578
0.949397
0.95472
0.959572
0.963981
0.967973
0.971575
0.97481
0.977705
0.980281
0.982561
0.984566
0.986314
0.987823
0.989108
0.990184
0.991062
0.991752
0.992263
0.9926
0.992767
0.992767
0.9926
0.992263
0.991752
0.991062
0.990184
0.989108
0.987823
0.986314
0.984566
0.982561
0.980281
0.977705
0.97481
0.971575
0.967973
0.963981
0.959572
0.95472
0.949397
0.943578
0.937236
0.930345
0.922881
0.91482
0.906139
0.896819
0.886843
0.876194
0.864862
0.852836
0.840112
0.826687
0.812565
0.797753
0.78226
0.766104
0.749304
0.731884
0.713876
0.695311
0.676229
0.656672
0.636685
0.616319
0.595626
0.574662
0.553484
0.532152
0.510728
0.489272
0.467848
0.446516
0.425338
0.404374
0.383681
0.363315
0.343328
0.32377
0.304688
0.286124
0.268115
0.250695
0.233894
0.217737
0.202244
0.187431
0.173308
0.159882
0.147156
0.135129
0.123793
0.113141
0.103161
0.0938356
0.0851486
0.0770791
0.0696048
0.0627019
0.0563449
0.0505075
0.0451628
0.0402832
0.0358411
0.0318088
0.0281592
0.0248653
0.021901
0.0192411
0.016861
0.0147376
0.0128485
0.0111728
0.00969053
0.00838318
0.0072334
0.00622509
0.00534339
0.0045746
0.00390618
0.00332669
0.00282574
0.00239391
0.00202273
0.0017046
0.00143271
0.001201
0.0010041
0.00083726
0.000696286
0.000577509
0.00047772
0.000394122
0.000324286
0.000266113
0.000217792
0.000177769
0.000144713
0.000117489
9.51308e-05
7.6821e-05
6.18691e-05
4.96936e-05
3.98071e-05
3.1802e-05
2.53384e-05
2.01343e-05
1.59561e-05
1.26109e-05
9.94024e-06
7.81409e-06
6.12619e-06
4.78997e-06
3.73513e-06
2.90475e-06
2.25289e-06
1.74262e-06
1.3443e-06
1.03423e-06
7.93544e-07
6.07231e-07
4.63411e-07
3.52704e-07
2.67722e-07
2.0267e-07
1.53012e-07
1.1521e-07
8.65147e-08
6.47919e-08
4.83931e-08
3.60477e-08
2.67797e-08
1.98412e-08
1.46609e-08
1.08042e-08
7.94062e-09
5.82041e-09
4.25488e-09
3.10211e-09
2.25561e-09
1.63572e-09
1.18301e-09
8.53317e-10
6.1386e-10
4.40421e-10
3.15142e-10
2.24898e-10
1.60069e-10
1.13624e-10
8.04407e-11
5.6797e-11
3.99962e-11
2.80904e-11
1.96763e-11
1.37459e-11
9.57753e-12
6.6555e-12
4.61271e-12
3.18847e-12
2.19816e-12
1.51143e-12
1.0365e-12
7.08927e-13
4.83603e-13
3.29028e-13
2.23271e-13
1.51108e-13
1.02e-13
6.8671e-14
4.61111e-14
3.08815e-14
2.06278e-14
1.37426e-14
9.13167e-15
6.05195e-15
4.00043e-15
2.63745e-15
1.73432e-15
1.13748e-15
7.44093e-16
4.85491e-16
3.15942e-16
2.05072e-16
1.32764e-16
8.57293e-17
5.52146e-17
3.54696e-17
2.27267e-17
1.45243e-17
9.25842e-18
5.88653e-18
3.73306e-18
2.36131e-18
1.4898e-18
9.37539e-19
5.88488e-19
3.68447e-19
2.30092e-19
1.43324e-19
8.90494e-20
5.51867e-20
3.41141e-20
2.10343e-20
1.29366e-20
7.93613e-21
4.85622e-21
2.96407e-21
1.8046e-21
1.09591e-21
6.63858e-22
4.01125e-22
2.41764e-22
1.45349e-22
8.71651e-23
5.21415e-23
3.11126e-23
1.85183e-23
1.09947e-23
6.51146e-24
3.84673e-24
2.26685e-24
1.33252e-24
7.81353e-25
4.57027e-25
2.66662e-25
1.55204e-25
9.011e-26
5.21879e-26
3.01506e-26
1.73761e-26
9.98939e-27
5.72874e-27
3.27728e-27
1.87027e-27
1.06471e-27
6.04637e-28
3.4253e-28
1.93573e-28
1.09127e-28
6.13708e-29
3.44301e-29
1.9269e-29
1.07579e-29
5.99166e-30
3.32902e-30
1.84517e-30
1.02026e-30
5.62778e-31
3.09685e-31
1.70005e-31
9.31023e-32
5.0865e-32
2.7723e-32
1.50738e-32
8.17653e-33
4.42467e-33
2.38869e-33
1.28649e-33
6.91232e-34
3.70519e-34
1.98139e-34
1.05707e-34
5.62617e-35
2.98743e-35
1.58256e-35
8.36377e-36
4.40986e-36
2.31968e-36
1.21735e-36
6.37367e-37
3.32927e-37
1.73498e-37
9.0205e-38
4.67904e-38
2.42144e-38
1.25022e-38
6.44007e-39
3.30972e-39
1.69703e-39
8.68136e-40
4.43083e-40
2.25624e-40
1.14627e-40
5.81023e-41
2.93837e-41
1.4826e-41
7.46369e-42
3.74879e-42
1.87863e-42
9.39297e-43
4.68575e-43
2.33223e-43
1.15819e-43
5.73862e-44
2.83697e-44
1.39934e-44
6.88674e-45
3.38165e-45
1.65679e-45
8.09908e-46
3.95031e-46
1.92245e-46
9.33493e-47
4.52271e-47
2.18636e-47
1.05458e-47
5.07541e-48
2.43726e-48
1.16781e-48
5.58322e-49
2.66341e-49
1.26776e-49
6.02113e-50
2.85342e-50
1.34928e-50
6.3663e-51
2.99725e-51
1.40802e-51
6.60011e-52
3.08707e-52
1.44078e-52
6.70975e-53
3.11798e-53
1.44578e-53
6.68945e-54
3.08846e-54
1.42285e-54
6.54095e-55
3.00047e-55
1.37343e-55
6.27328e-56
2.85926e-56
1.30042e-56
5.90186e-57
2.67282e-57
1.20789e-57
5.44704e-58
2.45118e-58
1.1007e-58
4.93227e-59
2.2055e-59
9.84131e-60
4.38212e-60
1.94717e-60
8.63399e-61
3.82041e-61
1.68694e-61
7.43331e-62
3.26858e-62
1.43427e-62
6.2806e-63
2.74454e-63
1.19684e-63
5.20841e-64
2.26192e-64
9.80283e-65
4.23966e-65
1.82986e-65
7.88154e-66
3.38777e-66
1.45321e-66
6.22088e-67
2.6576e-67
1.13303e-67
4.8207e-68
2.04689e-68
8.67358e-69
3.66793e-69
1.54798e-69
6.51975e-70
2.74044e-70
1.14957e-70
4.81256e-71
2.01069e-71
8.38381e-72
3.48874e-72
1.44886e-72
6.00507e-73
2.48395e-73
1.02543e-73
4.22475e-74
1.73715e-74
7.12871e-75
2.91961e-75
1.19339e-75
4.86835e-76
1.9821e-76
8.05406e-77
3.26626e-77
1.32201e-77
5.34035e-78
2.15305e-78
8.66345e-79
3.47921e-79
1.39452e-79
5.5786e-80
2.22732e-80
8.87561e-81
3.52999e-81
1.40123e-81
5.55146e-82
2.19517e-82
8.66353e-83
3.41261e-83
1.34167e-83
5.26469e-84
2.06191e-84
8.06003e-85
3.14468e-85
1.22459e-85
4.75967e-86
1.84646e-86
7.14957e-87
2.76311e-87
1.06585e-87
4.10369e-88
1.57701e-88
6.04892e-89
2.31582e-89
8.8495e-90
3.37535e-90
1.28501e-90
4.88297e-91
1.85204e-91
7.01149e-92
2.64949e-92
9.99328e-93
3.76226e-93
1.41379e-93
5.303e-94
1.98543e-94
7.41974e-95
2.76773e-95
1.03053e-95
3.83002e-96
1.42084e-96
5.26135e-97
1.94471e-97
7.175e-98
2.6424e-98
9.71369e-99
3.56437e-99
1.30555e-99
4.7733e-100
1.74204e-100
6.34622e-101
2.30775e-101
8.37688e-102
3.03526e-102
1.09781e-102
3.96355e-103
1.42845e-103
5.13887e-104
1.84543e-104
6.61535e-105
2.36721e-105
8.45569e-106
3.01503e-106
1.07316e-106
3.81305e-107
1.35242e-107
4.78837e-108
1.69238e-108
5.97097e-109
2.10296e-109
7.39358e-110
2.59489e-110
9.09129e-111
3.17961e-111
1.11011e-111
3.86903e-112
1.34612e-112
4.67535e-113
1.62103e-113
5.61075e-114
1.93875e-114
6.69056e-115
2.31337e-115
8.23289e-116
3.64635e-116
)
;

boundaryField
{
    sides
    {
        type            zeroGradient;
    }
    empty
    {
        type            empty;
    }
}


// ************************************************************************* //
