/*--------------------------------*- C++ -*----------------------------------*\
  =========                 |
  \\      /  F ield         | OpenFOAM: The Open Source CFD Toolbox
   \\    /   O peration     | Website:  https://openfoam.org
    \\  /    A nd           | Version:  13
     \\/     M anipulation  |
\*---------------------------------------------------------------------------*/
FoamFile
{
    format      ascii;
    class       volScalarField;
    location    "2.505";
    object      T;
}
// * * * * * * * * * * * * * * * * * * * * * * * * * * * * * * * * * * * * * //

dimensions      [0 0 0 1 0 0 0];

internalField   nonuniform List<scalar> 
1000
(
8.35934e-85
1.40609e-84
2.93138e-84
6.43907e-84
1.42835e-83
3.17103e-83
7.03275e-83
1.55759e-82
3.4447e-82
7.60701e-82
1.6774e-81
3.69335e-81
8.12014e-81
1.78265e-80
3.90775e-80
8.55354e-80
1.86948e-79
4.07994e-79
8.89082e-79
1.93457e-78
4.20323e-78
9.11873e-78
1.97533e-77
4.27264e-77
9.22795e-77
1.99006e-76
4.28525e-76
9.21375e-76
1.97809e-75
4.24038e-75
9.07634e-75
1.93983e-74
4.13965e-74
8.82083e-74
1.87672e-73
3.9869e-73
8.45698e-73
1.79117e-72
3.78794e-72
7.99852e-72
1.68639e-71
3.55015e-71
7.46234e-71
1.56618e-70
3.28208e-70
6.86741e-70
1.43474e-69
2.9929e-69
6.2337e-69
1.29639e-68
2.6919e-68
5.58104e-68
1.15533e-67
2.38797e-67
4.92815e-67
1.01548e-66
2.08923e-66
4.29173e-66
8.80253e-66
1.80265e-65
3.68589e-65
7.52491e-65
1.53386e-64
3.12175e-64
6.34357e-64
1.28705e-63
2.60723e-63
5.27334e-63
1.06492e-62
2.14717e-62
4.32255e-62
8.68826e-62
1.7436e-61
3.49364e-61
6.9892e-61
1.39603e-60
2.78407e-60
5.54347e-60
1.10204e-59
2.18741e-59
4.33488e-59
8.57702e-59
1.69437e-58
3.34191e-58
6.58099e-58
1.29389e-57
2.5399e-57
4.97788e-57
9.7405e-57
1.90294e-56
3.71175e-56
7.22832e-56
1.40541e-55
2.72819e-55
5.28749e-55
1.02313e-54
1.97658e-54
3.81242e-54
7.34157e-54
1.41149e-53
2.70938e-53
5.19232e-53
9.93464e-53
1.89776e-52
3.61934e-52
6.89151e-52
1.31008e-51
2.48642e-51
4.71138e-51
8.91284e-51
1.68337e-50
3.1742e-50
5.97562e-50
1.12311e-49
2.10744e-49
3.94801e-49
7.38399e-49
1.37877e-48
2.5703e-48
4.7837e-48
8.88853e-48
1.64886e-47
3.05367e-47
5.64608e-47
1.04221e-46
1.92066e-46
3.53368e-46
6.49062e-46
1.19022e-45
2.17897e-45
3.98249e-45
7.26672e-45
1.32374e-44
2.40737e-44
4.37083e-44
7.92248e-44
1.43362e-43
2.58991e-43
4.67101e-43
8.4103e-43
1.51177e-42
2.7129e-42
4.8602e-42
8.69255e-42
1.55207e-41
2.7666e-41
4.92325e-41
8.74634e-41
1.55121e-40
2.74651e-40
4.85468e-40
8.56656e-40
1.5091e-39
2.65397e-39
4.6595e-39
8.1667e-39
1.42895e-38
2.49603e-38
4.35258e-38
7.57712e-38
1.31681e-37
2.28455e-37
3.95676e-37
6.84129e-37
1.18085e-36
2.03474e-36
3.50009e-36
6.01045e-36
1.03036e-35
1.76331e-35
3.01247e-35
5.13771e-35
8.74723e-35
1.4867e-34
2.52249e-34
4.27254e-34
7.22426e-34
1.21941e-33
2.05475e-33
3.45633e-33
5.80389e-33
9.72907e-33
1.62806e-32
2.71967e-32
4.53532e-32
7.54995e-32
1.25466e-31
2.08137e-31
3.44682e-31
5.69809e-31
9.40335e-31
1.54909e-30
2.54749e-30
4.18204e-30
6.85336e-30
1.12113e-29
1.83084e-29
2.98456e-29
4.85678e-29
7.88956e-29
1.27936e-28
2.07095e-28
3.34641e-28
5.39789e-28
8.69166e-28
1.39706e-27
2.2416e-27
3.59032e-27
5.74038e-27
9.16175e-27
1.45964e-26
2.32136e-26
3.68527e-26
5.84015e-26
9.23861e-26
1.45887e-25
2.2996e-25
3.61838e-25
5.68332e-25
8.91076e-25
1.39461e-24
2.17878e-24
3.39779e-24
5.28937e-24
8.21926e-24
1.27492e-23
1.97403e-23
3.05103e-23
4.70715e-23
7.24919e-23
1.1144e-22
1.71005e-22
2.61935e-22
4.00495e-22
6.11248e-22
9.31222e-22
1.41614e-21
2.14967e-21
3.25727e-21
4.92662e-21
7.43803e-21
1.12093e-20
1.68622e-20
2.53198e-20
3.79506e-20
5.6779e-20
8.47943e-20
1.26403e-19
1.88085e-19
2.79359e-19
4.1417e-19
6.12919e-19
9.05388e-19
1.33498e-18
1.9648e-18
2.88649e-18
4.2328e-18
6.19569e-18
9.05224e-18
1.32016e-17
1.92177e-17
2.79241e-17
4.05005e-17
5.86332e-17
8.47284e-17
1.22212e-16
1.75956e-16
2.52866e-16
3.62727e-16
5.19359e-16
7.42259e-16
1.05887e-15
1.50774e-15
2.14294e-15
3.04011e-15
4.30494e-15
6.08474e-15
8.58447e-15
1.20887e-14
1.6992e-14
2.38397e-14
3.33852e-14
4.66661e-14
6.51094e-14
9.06732e-14
1.2604e-13
1.74876e-13
2.42184e-13
3.34774e-13
4.61903e-13
6.36124e-13
8.74428e-13
1.19977e-12
1.64309e-12
2.24603e-12
3.0645e-12
4.17343e-12
5.67306e-12
7.69715e-12
1.04239e-11
1.40904e-11
1.90108e-11
2.56016e-11
3.44129e-11
4.61704e-11
6.1829e-11
8.26435e-11
1.10258e-10
1.46825e-10
1.95154e-10
2.58904e-10
3.42836e-10
4.53127e-10
5.97776e-10
7.87124e-10
1.0345e-09
1.35708e-09
1.77691e-09
2.32225e-09
3.02926e-09
3.94411e-09
5.12561e-09
6.64853e-09
8.60775e-09
1.11234e-08
1.43473e-08
1.84708e-08
2.37347e-08
3.04415e-08
3.897e-08
4.97943e-08
6.35055e-08
8.084e-08
1.02713e-07
1.30258e-07
1.64881e-07
2.08314e-07
2.62693e-07
3.30646e-07
4.15394e-07
5.20884e-07
6.51935e-07
8.14426e-07
1.01551e-06
1.26385e-06
1.56998e-06
1.9466e-06
2.40903e-06
2.97572e-06
3.66881e-06
4.51486e-06
5.54559e-06
6.79885e-06
8.31972e-06
1.01617e-05
1.23883e-05
1.50745e-05
1.83087e-05
2.21953e-05
2.68565e-05
3.2436e-05
3.91013e-05
4.70482e-05
5.65046e-05
6.7735e-05
8.10461e-05
9.67922e-05
0.000115382
0.000137287
0.000163045
0.000193277
0.000228689
0.000270087
0.000318386
0.000374628
0.000439988
0.000515795
0.000603546
0.000704922
0.000821806
0.000956306
0.00111077
0.00128781
0.00149033
0.00172153
0.00198496
0.0022845
0.00262445
0.00300949
0.00344473
0.00393574
0.00448858
0.00510979
0.00580645
0.00658617
0.00745713
0.00842806
0.00950831
0.0107078
0.012037
0.0135071
0.0151298
0.0169173
0.0188824
0.0210386
0.0233997
0.02598
0.0287943
0.0318577
0.0351857
0.0387938
0.0426978
0.0469138
0.0514574
0.0563444
0.0615904
0.0672104
0.0732192
0.0796308
0.0864586
0.0937152
0.101412
0.10956
0.118167
0.127243
0.136792
0.146821
0.157331
0.168325
0.179801
0.191757
0.204187
0.217086
0.230443
0.244249
0.258488
0.273146
0.288204
0.303644
0.319442
0.335575
0.352017
0.368741
0.385717
0.402915
0.420303
0.437848
0.455516
0.473273
0.491082
0.50891
0.526719
0.544475
0.562142
0.579685
0.597071
0.614267
0.63124
0.64796
0.664398
0.680526
0.696317
0.711748
0.726798
0.741444
0.75567
0.76946
0.782799
0.795675
0.80808
0.820006
0.831446
0.842398
0.852861
0.862833
0.872317
0.881317
0.889837
0.897883
0.905463
0.912585
0.919258
0.925493
0.931299
0.936688
0.941671
0.946258
0.950462
0.954293
0.957761
0.960879
0.963654
0.966096
0.968214
0.970014
0.971504
0.97269
0.973574
0.974162
0.974456
0.974456
0.974162
0.973574
0.97269
0.971504
0.970014
0.968214
0.966096
0.963654
0.960879
0.957761
0.954293
0.950462
0.946258
0.941671
0.936688
0.931299
0.925493
0.919258
0.912585
0.905463
0.897883
0.889837
0.881317
0.872317
0.862833
0.852861
0.842398
0.831446
0.820006
0.80808
0.795675
0.782799
0.76946
0.75567
0.741444
0.726798
0.711748
0.696317
0.680526
0.664398
0.64796
0.63124
0.614267
0.597071
0.579685
0.562142
0.544475
0.526719
0.50891
0.491082
0.473273
0.455516
0.437848
0.420303
0.402915
0.385717
0.368741
0.352017
0.335575
0.319442
0.303644
0.288204
0.273146
0.258488
0.244249
0.230443
0.217086
0.204187
0.191757
0.179801
0.168325
0.157331
0.146821
0.136792
0.127243
0.118167
0.10956
0.101412
0.0937152
0.0864586
0.0796308
0.0732192
0.0672104
0.0615904
0.0563444
0.0514574
0.0469138
0.0426978
0.0387938
0.0351857
0.0318577
0.0287943
0.02598
0.0233997
0.0210386
0.0188824
0.0169173
0.0151298
0.0135071
0.012037
0.0107078
0.00950831
0.00842806
0.00745713
0.00658617
0.00580645
0.00510979
0.00448858
0.00393574
0.00344473
0.00300949
0.00262445
0.0022845
0.00198496
0.00172153
0.00149033
0.00128781
0.00111077
0.000956306
0.000821806
0.000704922
0.000603546
0.000515795
0.000439988
0.000374628
0.000318386
0.000270087
0.000228689
0.000193277
0.000163045
0.000137287
0.000115382
9.67922e-05
8.10461e-05
6.7735e-05
5.65046e-05
4.70482e-05
3.91013e-05
3.2436e-05
2.68565e-05
2.21953e-05
1.83087e-05
1.50745e-05
1.23883e-05
1.01617e-05
8.31972e-06
6.79885e-06
5.54559e-06
4.51486e-06
3.66881e-06
2.97572e-06
2.40903e-06
1.9466e-06
1.56998e-06
1.26385e-06
1.01551e-06
8.14426e-07
6.51935e-07
5.20884e-07
4.15394e-07
3.30646e-07
2.62693e-07
2.08314e-07
1.64881e-07
1.30258e-07
1.02713e-07
8.084e-08
6.35055e-08
4.97943e-08
3.897e-08
3.04415e-08
2.37347e-08
1.84708e-08
1.43473e-08
1.11234e-08
8.60775e-09
6.64853e-09
5.12561e-09
3.94411e-09
3.02926e-09
2.32225e-09
1.77691e-09
1.35708e-09
1.0345e-09
7.87124e-10
5.97776e-10
4.53127e-10
3.42836e-10
2.58904e-10
1.95154e-10
1.46825e-10
1.10258e-10
8.26435e-11
6.1829e-11
4.61704e-11
3.44129e-11
2.56016e-11
1.90108e-11
1.40904e-11
1.04239e-11
7.69715e-12
5.67306e-12
4.17343e-12
3.0645e-12
2.24603e-12
1.64309e-12
1.19977e-12
8.74428e-13
6.36124e-13
4.61903e-13
3.34774e-13
2.42184e-13
1.74876e-13
1.2604e-13
9.06732e-14
6.51094e-14
4.66661e-14
3.33852e-14
2.38397e-14
1.6992e-14
1.20887e-14
8.58447e-15
6.08474e-15
4.30494e-15
3.04011e-15
2.14294e-15
1.50774e-15
1.05887e-15
7.42259e-16
5.19359e-16
3.62727e-16
2.52866e-16
1.75956e-16
1.22212e-16
8.47284e-17
5.86332e-17
4.05005e-17
2.79241e-17
1.92177e-17
1.32016e-17
9.05224e-18
6.19569e-18
4.2328e-18
2.88649e-18
1.9648e-18
1.33498e-18
9.05388e-19
6.12919e-19
4.1417e-19
2.79359e-19
1.88085e-19
1.26403e-19
8.47943e-20
5.6779e-20
3.79506e-20
2.53198e-20
1.68622e-20
1.12093e-20
7.43803e-21
4.92662e-21
3.25727e-21
2.14967e-21
1.41614e-21
9.31222e-22
6.11248e-22
4.00495e-22
2.61935e-22
1.71005e-22
1.1144e-22
7.24919e-23
4.70715e-23
3.05103e-23
1.97403e-23
1.27492e-23
8.21926e-24
5.28937e-24
3.39779e-24
2.17878e-24
1.39461e-24
8.91076e-25
5.68332e-25
3.61838e-25
2.2996e-25
1.45887e-25
9.23861e-26
5.84015e-26
3.68527e-26
2.32136e-26
1.45964e-26
9.16175e-27
5.74038e-27
3.59032e-27
2.2416e-27
1.39706e-27
8.69166e-28
5.39789e-28
3.34641e-28
2.07095e-28
1.27936e-28
7.88956e-29
4.85678e-29
2.98456e-29
1.83084e-29
1.12113e-29
6.85336e-30
4.18204e-30
2.54749e-30
1.54909e-30
9.40335e-31
5.69809e-31
3.44682e-31
2.08137e-31
1.25466e-31
7.54995e-32
4.53532e-32
2.71967e-32
1.62806e-32
9.72907e-33
5.80389e-33
3.45633e-33
2.05475e-33
1.21941e-33
7.22426e-34
4.27254e-34
2.52249e-34
1.4867e-34
8.74723e-35
5.13771e-35
3.01247e-35
1.76331e-35
1.03036e-35
6.01045e-36
3.50009e-36
2.03474e-36
1.18085e-36
6.84129e-37
3.95676e-37
2.28455e-37
1.31681e-37
7.57712e-38
4.35258e-38
2.49603e-38
1.42895e-38
8.1667e-39
4.6595e-39
2.65397e-39
1.5091e-39
8.56656e-40
4.85468e-40
2.74651e-40
1.55121e-40
8.74634e-41
4.92325e-41
2.7666e-41
1.55207e-41
8.69255e-42
4.8602e-42
2.7129e-42
1.51177e-42
8.4103e-43
4.67101e-43
2.58991e-43
1.43362e-43
7.92248e-44
4.37083e-44
2.40737e-44
1.32374e-44
7.26672e-45
3.98249e-45
2.17897e-45
1.19022e-45
6.49062e-46
3.53368e-46
1.92066e-46
1.04221e-46
5.64608e-47
3.05367e-47
1.64886e-47
8.88853e-48
4.7837e-48
2.5703e-48
1.37877e-48
7.38399e-49
3.94801e-49
2.10744e-49
1.12311e-49
5.97562e-50
3.1742e-50
1.68337e-50
8.91284e-51
4.71138e-51
2.48642e-51
1.31008e-51
6.89151e-52
3.61934e-52
1.89776e-52
9.93464e-53
5.19232e-53
2.70938e-53
1.41149e-53
7.34157e-54
3.81242e-54
1.97658e-54
1.02313e-54
5.28749e-55
2.72819e-55
1.40541e-55
7.22832e-56
3.71175e-56
1.90294e-56
9.7405e-57
4.97788e-57
2.5399e-57
1.29389e-57
6.58099e-58
3.34191e-58
1.69437e-58
8.57702e-59
4.33488e-59
2.18741e-59
1.10204e-59
5.54347e-60
2.78407e-60
1.39603e-60
6.9892e-61
3.49364e-61
1.7436e-61
8.68826e-62
4.32255e-62
2.14717e-62
1.06492e-62
5.27334e-63
2.60723e-63
1.28705e-63
6.34357e-64
3.12175e-64
1.53386e-64
7.52491e-65
3.68589e-65
1.80265e-65
8.80253e-66
4.29173e-66
2.08923e-66
1.01548e-66
4.92815e-67
2.38797e-67
1.15533e-67
5.58104e-68
2.6919e-68
1.29639e-68
6.2337e-69
2.9929e-69
1.43474e-69
6.86741e-70
3.28208e-70
1.56618e-70
7.46234e-71
3.55015e-71
1.68639e-71
7.99852e-72
3.78794e-72
1.79117e-72
8.45698e-73
3.9869e-73
1.87672e-73
8.82083e-74
4.13965e-74
1.93983e-74
9.07634e-75
4.24038e-75
1.97809e-75
9.21375e-76
4.28525e-76
1.99006e-76
9.22795e-77
4.27264e-77
1.97533e-77
9.11873e-78
4.20323e-78
1.93457e-78
8.89082e-79
4.07994e-79
1.86948e-79
8.55354e-80
3.90775e-80
1.78265e-80
8.12014e-81
3.69335e-81
1.6774e-81
7.60701e-82
3.4447e-82
1.55759e-82
7.03275e-83
3.17103e-83
1.42835e-83
6.43907e-84
2.93138e-84
1.40609e-84
8.35934e-85
)
;

boundaryField
{
    sides
    {
        type            zeroGradient;
    }
    empty
    {
        type            empty;
    }
}


// ************************************************************************* //
