/*--------------------------------*- C++ -*----------------------------------*\
  =========                 |
  \\      /  F ield         | OpenFOAM: The Open Source CFD Toolbox
   \\    /   O peration     | Website:  https://openfoam.org
    \\  /    A nd           | Version:  13
     \\/     M anipulation  |
\*---------------------------------------------------------------------------*/
FoamFile
{
    format      ascii;
    class       volScalarField;
    location    "6";
    object      p;
}
// * * * * * * * * * * * * * * * * * * * * * * * * * * * * * * * * * * * * * //

dimensions      [1 -1 -2 0 0 0 0];

internalField   nonuniform List<scalar> 
5250
(
1.00001
1.00003
1.00009
1.00023
1.00057
1.00139
1.00353
1.00842
1.02161
1.05199
1.13307
1.34027
1.92953
3.65535
8.62263
11.5551
11.2505
11.0643
11.1473
11.3705
11.591
11.7253
11.8281
11.9086
11.9697
1.00001
1.00003
1.00009
1.00022
1.00056
1.00138
1.00347
1.0083
1.02129
1.0512
1.13105
1.33492
1.9144
3.61092
8.51283
11.5657
11.2496
11.0548
11.1388
11.363
11.5831
11.7178
11.822
11.9038
11.9663
1.00001
1.00003
1.00009
1.00021
1.00056
1.00129
1.00346
1.00785
1.02101
1.04898
1.12764
1.32295
1.88262
3.5153
8.266
11.5877
11.2435
11.0252
11.1081
11.3305
11.548
11.6807
11.7845
11.8658
11.9286
1
1.00003
1.00008
1.00021
1.0005
1.00133
1.00303
1.00811
1.01863
1.04892
1.11809
1.30972
1.83098
3.37266
7.88086
11.6251
11.2358
10.9768
11.0557
11.2723
11.486
11.6148
11.7156
11.7952
11.8592
1
1.00003
1.00008
1.00019
1.00049
1.0012
1.00292
1.00738
1.01772
1.04503
1.11079
1.28677
1.76825
3.18408
7.36044
11.6713
11.2273
10.9115
10.984
11.1906
11.3993
11.5223
11.6183
11.695
11.7612
1
1.00002
1.00007
1.00017
1.00046
1.00105
1.00281
1.00638
1.01709
1.03957
1.10339
1.25784
1.69647
2.95826
6.7184
11.7085
11.2172
10.831
10.893
11.0826
11.2836
11.3974
11.4839
11.5538
11.6217
1
1.00002
1.00006
1.00016
1.0004
1.001
1.00238
1.00614
1.01444
1.03727
1.09001
1.2328
1.61197
2.7157
5.97724
11.6762
11.1881
10.7379
10.7845
10.946
11.1343
11.2327
11.3018
11.3559
11.4199
1
1.00002
1.00006
1.00014
1.00035
1.0009
1.00213
1.00553
1.0129
1.03345
1.08025
1.20724
1.53977
2.50213
5.33756
11.4517
11.0801
10.6287
10.6545
10.7746
10.9424
11.0168
11.0562
11.076
11.1165
1
1.00002
1.00005
1.00012
1.00033
1.00076
1.00204
1.00464
1.01239
1.02857
1.07448
1.18285
1.48457
2.33309
4.85276
10.8938
10.8188
10.5349
10.5065
10.5713
10.7019
10.7385
10.7279
10.6764
10.628
1
1.00002
1.00004
1.00012
1.00028
1.00072
1.00175
1.00431
1.01076
1.02606
1.06577
1.16387
1.42909
2.17552
4.38097
10.0572
10.5921
10.4369
10.3285
10.3546
10.4139
10.3969
10.3092
10.0953
9.76785
1
1.00001
1.00004
1.0001
1.00026
1.00061
1.0016
1.00372
1.00957
1.02297
1.05789
1.14415
1.37458
2.02103
3.91412
9.05759
10.4539
10.3348
10.1428
10.1197
10.0995
10.0117
9.7646
9.18528
7.68634
1
1.00001
1.00003
1.00009
1.00021
1.00056
1.00129
1.0034
1.00792
1.02035
1.0491
1.1248
1.3188
1.8634
3.44561
7.89594
10.3597
10.2384
9.97422
9.87477
9.79223
9.60858
9.21273
8.41967
6.86194
1
1.00001
1.00003
1.00007
1.00019
1.00044
1.00117
1.00266
1.00702
1.01635
1.04211
1.10254
1.26497
1.70371
2.97409
6.61396
10.2877
10.1508
9.82426
9.633
9.49074
9.22853
8.73799
7.92792
6.68807
1
1.00001
1.00002
1.00006
1.00014
1.00038
1.00087
1.00233
1.00528
1.01406
1.03243
1.08428
1.20735
1.54972
2.5027
5.21415
10.0972
10.0138
9.70708
9.40999
9.20264
8.89758
8.39359
7.65046
6.67059
1
1.00001
1.00002
1.00005
1.00012
1.00031
1.00071
1.0019
1.00429
1.01137
1.02633
1.06802
1.16653
1.43666
2.18395
4.32717
9.44687
9.73997
9.55354
9.20345
8.94373
8.6205
8.13967
7.4772
6.66156
1
1.00001
1.00002
1.00004
1.0001
1.00024
1.00062
1.00141
1.00376
1.00852
1.0227
1.05274
1.13714
1.34609
1.94124
3.63411
8.09791
9.45084
9.33583
9.04409
8.72626
8.38882
7.93852
7.34771
6.64395
1
1
1.00001
1.00003
1.00008
1.0002
1.00047
1.0012
1.00278
1.00728
1.01683
1.04371
1.10528
1.27329
1.72148
3.01016
6.56108
9.2554
9.18146
8.92968
8.55407
8.19619
7.77161
7.24101
6.62267
1
1
1.00001
1.00002
1.00006
1.00014
1.00038
1.00086
1.00228
1.00518
1.01361
1.03179
1.08132
1.20126
1.52805
2.42985
4.91535
8.95242
9.0332
8.84804
8.44419
8.04296
7.63222
7.15128
6.60156
1
1
1.00001
1.00002
1.00004
1.00012
1.00027
1.00069
1.00165
1.00406
1.01007
1.02427
1.06085
1.15033
1.38814
2.03744
3.84673
8.15698
8.83735
8.69601
8.34739
7.91728
7.51553
7.07547
6.58198
1
1
1.00001
1.00001
1.00003
1.00009
1.00021
1.00052
1.00122
1.00318
1.00724
1.0191
1.04438
1.1147
1.28584
1.76502
3.09365
6.59971
8.56068
8.49835
8.26447
7.82482
7.42245
7.01189
6.56421
1
1
1
1.00001
1.00002
1.00006
1.00015
1.00038
1.00093
1.00221
1.00561
1.0132
1.03371
1.08088
1.20681
1.53304
2.43968
4.86917
8.19254
8.33493
8.17966
7.80761
7.36712
6.96373
6.54971
1
1
1
1.00001
1.00002
1.00005
1.00011
1.00028
1.00063
1.00167
1.00378
1.00997
1.02279
1.05919
1.14193
1.3686
1.96755
3.59235
7.34678
8.1696
8.0657
7.7801
7.34022
6.93232
6.53906
1
1
1
1
1.00001
1.00003
1.00008
1.00018
1.00049
1.00111
1.00287
1.00673
1.01689
1.04098
1.10185
1.25678
1.67209
2.81188
5.76779
7.92151
7.90247
7.73338
7.34909
6.92417
6.53511
1
1
1
1
1.00001
1.00002
1.00006
1.00013
1.00034
1.00076
1.00199
1.00449
1.0118
1.02704
1.0696
1.16784
1.4342
2.12885
3.92088
7.41332
7.80465
7.68121
7.36825
6.93018
6.5377
1
1
1
1
1.00001
1.00002
1.00004
1.00009
1.00022
1.00055
1.00133
1.0032
1.00803
1.01893
1.04798
1.11571
1.29652
1.76932
3.05563
6.22238
7.59724
7.55635
7.36014
6.95308
6.54763
1
1
1
1
1
1.00001
1.00002
1.00006
1.00015
1.00038
1.00087
1.00227
1.00522
1.01331
1.03164
1.07904
1.19571
1.50431
2.32785
4.44876
7.15917
7.41177
7.30544
7.01004
6.57326
1
1
1
1
1
1.00001
1.00002
1.00004
1.0001
1.00024
1.00062
1.00142
1.00368
1.00834
1.0218
1.05038
1.12893
1.31878
1.83072
3.15265
6.19326
7.22586
7.18384
7.00342
6.62526
1
1
1
1
1
1
1.00001
1.00003
1.00007
1.00016
1.00041
1.00093
1.00244
1.00548
1.01437
1.03298
1.08452
1.20515
1.53164
2.3812
4.53042
6.83232
7.05106
6.95921
6.70678
1
1
1
1
1
1
1.00001
1.00002
1.00004
1.00011
1.00025
1.00063
1.0015
1.00362
1.00897
1.02124
1.05318
1.12828
1.32529
1.82911
3.11455
5.9731
6.88113
6.85329
6.70396
1
1
1
1
1
1
1
1.00001
1.00003
1.00007
1.00017
1.00039
1.00099
1.00226
1.00585
1.01327
1.0344
1.08023
1.20491
1.51368
2.33039
4.3408
6.49148
6.74422
6.66691
1
1
1
1
1
1
1
1.00001
1.00002
1.00004
1.0001
1.00026
1.00058
1.0015
1.00342
1.00873
1.02038
1.05074
1.12285
1.30832
1.7818
2.96906
5.61956
6.56281
6.55787
1
1
1
1
1
1
1
1
1.00001
1.00003
1.00007
1.00015
1.00037
1.0009
1.00215
1.00538
1.01245
1.0317
1.07427
1.18793
1.46738
2.19438
3.95754
6.12477
6.46063
1
1
1
1
1
1
1
1
1.00001
1.00002
1.00004
1.0001
1.00022
1.00055
1.00133
1.00317
1.00787
1.01843
1.04614
1.11015
1.27696
1.69499
2.74557
5.13618
6.24602
1
1
1
1
1
1
1
1
1
1.00001
1.00002
1.00005
1.00014
1.00032
1.0008
1.00191
1.00457
1.01127
1.02649
1.06597
1.15843
1.3988
1.99159
3.41587
5.72874
1
1
1
1
1
1
1
1
1
1.00001
1.00001
1.00003
1.00008
1.0002
1.00047
1.00117
1.00267
1.00687
1.01551
1.03998
1.09273
1.23592
1.583
2.47092
4.55174
1
1
1
1
1
1
1
1
1
1
1.00001
1.00002
1.00005
1.00012
1.00027
1.00067
1.0016
1.00382
1.00938
1.02201
1.05452
1.13016
1.32433
1.79798
2.9245
1
1
1
1
1
1
1
1
1
1
1
1.00001
1.00003
1.00007
1.00016
1.0004
1.00091
1.00233
1.00524
1.0135
1.03061
1.07805
1.18468
1.4682
2.15765
1
1
1
1
1
1
1
1
1
1
1
1.00001
1.00002
1.00004
1.0001
1.00022
1.00056
1.00124
1.00322
1.00718
1.01854
1.04217
1.10664
1.25575
1.63896
1
1
1
1
1
1
1
1
1
1
1
1
1.00001
1.00002
1.00005
1.00013
1.00029
1.00075
1.00168
1.00428
1.00972
1.02428
1.0568
1.13951
1.33842
1
1
1
1
1
1
1
1
1
1
1
1
1.00001
1.00001
1.00003
1.00007
1.00018
1.00041
1.00099
1.0024
1.0056
1.01399
1.03219
1.08074
1.19161
1
1
1
1
1
1
1
1
1
1
1
1
1
1.00001
1.00002
1.00004
1.0001
1.00024
1.00058
1.00133
1.00335
1.00757
1.01934
1.04401
1.11086
1
1
1
1
1
1
1
1
1
1
1
1
1
1
1.00001
1.00002
1.00006
1.00014
1.00035
1.0008
1.00198
1.0047
1.01118
1.02733
1.06457
1
1
1
1
1
1
1
1
1
1
1
1
1
1
1.00001
1.00002
1.00004
1.0001
1.00023
1.0006
1.00133
1.00347
1.00781
1.02017
1.04683
1
1
1
1
1
1
1
1
1
1
1
1
1
1
1.00001
1.00001
1.00003
1.00008
1.0002
1.00046
1.0012
1.00274
1.0071
1.01673
1.04238
1
1
1
1
1
1
1
1
1
1
1
1
1
1
1
1.00001
1.00003
1.00008
1.00017
1.00046
1.00104
1.0028
1.00636
1.01704
1.0401
1
1
1
1
1
1
1
1
1
1
1
1
1
1
1
1.00001
1.00003
1.00007
1.00017
1.00043
1.00107
1.00258
1.00665
1.01595
1.04123
1
1
1
1
1
1
1
1
1
1
1
1
1
1
1
1.00001
1.00003
1.00007
1.00016
1.00043
1.00103
1.0026
1.00652
1.01601
1.04079
1
1
1
1
1
1
1
1
1
1
1
1
1
1
1
1.00001
1.00003
1.00007
1.00018
1.0004
1.00108
1.00247
1.00671
1.01549
1.04131
1
1
1
1
1
1
1
1
1
1
1
1
1
1
1
1.00001
1.00003
1.00006
1.00017
1.0004
1.00108
1.00246
1.00664
1.01546
1.04092
1
1
1
1
1
1
1
1
1
1
1
1
1
1
1
1.00001
1.00003
1.00006
1.00017
1.00039
1.00107
1.00245
1.00661
1.01546
1.04067
3.37601
2.32722
2.65361
3.70924
3.67038
3.51111
3.40115
3.34993
3.32163
3.26231
3.18526
3.1121
3.05364
3.00099
2.94234
2.87958
2.81703
2.75992
2.71093
2.66718
2.62039
2.56829
2.53873
2.52663
2.52366
2.53862
2.59116
2.68376
2.81275
2.96605
3.13107
3.29838
3.46204
3.61831
3.76199
3.89176
4.00849
4.11345
4.21019
4.29614
4.37159
4.43816
4.49604
4.54893
4.5961
4.63402
4.66609
4.69283
4.71486
4.73287
4.74717
4.7582
4.76638
4.77192
4.77502
4.77593
4.77543
4.77354
4.76911
4.76142
4.75159
4.7395
4.72484
4.70759
4.68761
4.66503
4.63973
4.61193
4.58156
4.54889
4.51396
4.47702
4.43818
4.39769
4.35566
4.31233
4.26783
4.22235
4.17601
4.12896
4.08133
4.03321
3.9847
3.93591
3.88691
3.83782
3.78876
3.73985
3.69124
3.64307
3.59552
3.54877
3.50306
3.45868
3.41602
3.37565
3.33834
3.30529
3.27807
3.25971
4.18582
3.27917
3.38127
3.71896
3.63491
3.47409
3.38243
3.38354
3.36902
3.28171
3.18255
3.09592
3.03672
2.99339
2.94056
2.87942
2.81695
2.75875
2.70826
2.664
2.61998
2.57344
2.53906
2.52378
2.51987
2.53221
2.58011
2.66898
2.79681
2.95075
3.11668
3.28473
3.44792
3.60432
3.74816
3.87749
3.99413
4.09709
4.19748
4.28435
4.35991
4.42679
4.48581
4.53992
4.5867
4.62533
4.65771
4.68485
4.70731
4.72573
4.74038
4.75181
4.7603
4.76618
4.76955
4.77067
4.77031
4.76883
4.76511
4.75765
4.74782
4.73592
4.72152
4.70449
4.68472
4.66228
4.63714
4.60944
4.5792
4.54661
4.51178
4.47491
4.43615
4.3957
4.35374
4.31045
4.266
4.22056
4.17426
4.12726
4.07966
4.03158
3.98311
3.93433
3.88536
3.83628
3.78724
3.73834
3.68974
3.64158
3.59402
3.54725
3.50147
3.45697
3.41415
3.37351
3.33597
3.30261
3.2749
3.25605
5.03029
4.04571
3.69166
3.69801
3.64752
3.51842
3.40205
3.3676
3.32192
3.25582
3.17261
3.09588
3.04645
3.00881
2.94455
2.87681
2.80948
2.74877
2.69785
2.65528
2.61556
2.57677
2.54072
2.51947
2.51246
2.52071
2.56222
2.64513
2.77133
2.92665
3.093
3.26069
3.42101
3.58272
3.72804
3.85892
3.97702
4.08331
4.1824
4.26973
4.34616
4.41388
4.4736
4.52714
4.57372
4.61323
4.64621
4.67389
4.69675
4.71559
4.73061
4.74244
4.75128
4.75756
4.76128
4.76261
4.76233
4.76114
4.75805
4.75152
4.74164
4.72979
4.71564
4.6989
4.6794
4.6572
4.63229
4.60478
4.57475
4.54233
4.50767
4.47094
4.43233
4.39201
4.35017
4.30699
4.26265
4.21731
4.17111
4.12419
4.07667
4.02866
3.98023
3.9315
3.88255
3.83351
3.78449
3.73562
3.68705
3.63891
3.59136
3.54457
3.49868
3.45404
3.41105
3.37025
3.33231
3.29833
3.26973
3.24989
5.45118
4.49878
3.95572
3.75201
3.67247
3.5558
3.44114
3.37617
3.32321
3.25296
3.16954
3.09258
3.03624
2.98765
2.93245
2.86963
2.80571
2.74715
2.69735
2.65535
2.61368
2.57292
2.53776
2.50967
2.49626
2.50482
2.54566
2.62107
2.74288
2.89475
3.06166
3.23026
3.39385
3.55307
3.69864
3.83016
3.94896
4.0568
4.15521
4.24362
4.32144
4.39033
4.451
4.50497
4.55199
4.59238
4.62624
4.65473
4.67832
4.69783
4.71353
4.72601
4.73548
4.74235
4.74666
4.74846
4.74829
4.74742
4.74504
4.7398
4.73036
4.71867
4.70479
4.68844
4.66939
4.6476
4.62311
4.596
4.56634
4.53429
4.49997
4.46357
4.42526
4.38524
4.34367
4.30074
4.25663
4.21151
4.16551
4.11877
4.07142
4.02353
3.97522
3.92656
3.8777
3.82873
3.7798
3.73103
3.68258
3.63449
3.58695
3.54017
3.49438
3.4497
3.40651
3.36528
3.32674
3.2919
3.26214
3.24093
5.68376
4.82203
4.22682
3.88818
3.73183
3.61447
3.49835
3.40537
3.33568
3.26125
3.17811
3.10081
3.04008
2.98726
2.9284
2.8644
2.80067
2.74276
2.69305
2.64987
2.60818
2.56924
2.5366
2.51249
2.50241
2.50877
2.54209
2.61886
2.73468
2.87694
3.02969
3.1931
3.35513
3.51171
3.65726
3.79025
3.91081
4.02047
4.11996
4.20979
4.28938
4.35985
4.4218
4.47655
4.52424
4.56548
4.60037
4.62984
4.65434
4.67468
4.69119
4.70442
4.71463
4.72217
4.72712
4.72953
4.72943
4.72878
4.72694
4.72282
4.71451
4.70306
4.6894
4.67344
4.65491
4.63369
4.60977
4.58322
4.55413
4.52262
4.48885
4.45296
4.41515
4.37558
4.33446
4.29194
4.24822
4.20344
4.15778
4.11134
4.06424
4.01656
3.96843
3.91992
3.8712
3.8224
3.77366
3.72501
3.67676
3.62893
3.58166
3.53493
3.48907
3.44425
3.40081
3.35915
3.31995
3.28418
3.25318
3.23031
5.83211
5.07036
4.47766
4.08185
3.84643
3.69219
3.56316
3.4556
3.36589
3.28363
3.20069
3.12159
3.0526
2.99229
2.9317
2.86878
2.80602
2.74823
2.69796
2.65396
2.61374
2.57832
2.5502
2.53252
2.53107
2.54103
2.57734
2.65498
2.75689
2.87579
3.00948
3.14658
3.29682
3.44918
3.59663
3.7342
3.85891
3.97137
4.07266
4.16411
4.24567
4.31822
4.38215
4.43853
4.48768
4.53033
4.56669
4.59757
4.62339
4.64492
4.66253
4.67678
4.68791
4.69628
4.70197
4.70511
4.70515
4.7047
4.70323
4.69978
4.69268
4.68176
4.66843
4.65286
4.63487
4.6143
4.5911
4.56529
4.53696
4.50622
4.47321
4.43807
4.40099
4.36212
4.32166
4.27977
4.23664
4.1924
4.14724
4.10122
4.05449
4.00712
3.95921
3.91096
3.8624
3.81388
3.76553
3.71737
3.66944
3.62183
3.5747
3.52809
3.48223
3.4373
3.39364
3.35159
3.31177
3.27508
3.24286
3.21824
5.93158
5.2599
4.69376
4.27045
3.98089
3.78337
3.63338
3.5113
3.40921
3.31889
3.23305
3.15084
3.07593
3.00722
2.94346
2.88096
2.81907
2.76107
2.70985
2.66651
2.63152
2.60532
2.58893
2.58914
2.59733
2.62579
2.6878
2.76071
2.83217
2.9125
3.00584
3.10885
3.21668
3.34933
3.49714
3.6459
3.78263
3.90434
4.01161
4.10669
4.19079
4.26565
4.332
4.39065
4.44204
4.48683
4.52531
4.55817
4.5858
4.60891
4.62794
4.64345
4.65571
4.66505
4.67156
4.6754
4.67591
4.67553
4.67425
4.67124
4.665
4.65477
4.64192
4.6268
4.60936
4.58948
4.56709
4.54217
4.51478
4.48501
4.45298
4.41883
4.38273
4.3448
4.30526
4.26422
4.22191
4.17842
4.13393
4.0885
4.04226
3.99531
3.94767
3.89987
3.85208
3.80409
3.7562
3.7084
3.6608
3.61343
3.56647
3.52
3.47421
3.42925
3.38543
3.34306
3.30271
3.26518
3.23184
3.20554
6.00015
5.40405
4.87348
4.44442
4.12229
3.8885
3.71348
3.57443
3.45982
3.36051
3.26957
3.18402
3.10482
3.03243
2.96573
2.90196
2.84016
2.78223
2.7319
2.69201
2.66605
2.65432
2.65628
2.66845
2.70438
2.78364
2.87509
2.93077
2.96578
3.00055
3.03971
3.09697
3.15899
3.23306
3.35403
3.50782
3.66088
3.80245
3.92655
4.03323
4.12411
4.20325
4.27267
4.33371
4.38763
4.43497
4.4762
4.51169
4.54177
4.56702
4.58792
4.60502
4.61862
4.62906
4.63644
4.64096
4.64193
4.64159
4.64041
4.63762
4.63184
4.62215
4.60978
4.5951
4.57819
4.55898
4.53742
4.51345
4.48713
4.45849
4.42766
4.39472
4.35984
4.32311
4.28473
4.2448
4.20354
4.16102
4.1174
4.07268
4.02703
3.98065
3.93403
3.8869
3.83966
3.79227
3.74486
3.69746
3.65022
3.60317
3.55649
3.51024
3.46461
3.41974
3.37589
3.33333
3.29258
3.25436
3.2201
3.19233
6.0489
5.51447
5.02127
4.60015
4.26235
4.00242
3.8031
3.64615
3.51752
3.40861
3.31139
3.22186
3.13922
3.06301
2.99314
2.92745
2.86579
2.80902
2.76171
2.72918
2.71894
2.72231
2.73802
2.78175
2.88007
3.03416
3.13079
3.15848
3.15673
3.14788
3.12664
3.12714
3.14049
3.17782
3.24357
3.3477
3.49013
3.64556
3.79429
3.92473
4.03462
4.12624
4.20313
4.26873
4.32557
4.37551
4.41957
4.45794
4.49087
4.51882
4.54219
4.56135
4.57667
4.5884
4.59681
4.60205
4.60351
4.6032
4.60208
4.5994
4.59384
4.58448
4.57248
4.55819
4.54176
4.52317
4.50239
4.4794
4.4542
4.4268
4.39731
4.36576
4.3323
4.297
4.26003
4.22146
4.18149
4.14016
4.09756
4.05372
4.00908
3.96375
3.91798
3.87175
3.82523
3.77847
3.73161
3.68471
3.63792
3.5913
3.545
3.49909
3.45374
3.40906
3.3653
3.32268
3.28169
3.24295
3.20797
3.17896
6.08527
5.60114
5.14314
4.73654
4.39463
4.11834
3.8992
3.72446
3.58195
3.46245
3.35806
3.26347
3.17802
3.09788
3.02554
2.95786
2.89649
2.84232
2.80074
2.78422
2.78746
2.80304
2.84722
2.94867
3.1572
3.3572
3.43082
3.42611
3.40252
3.34414
3.24733
3.18016
3.16261
3.17093
3.20002
3.25801
3.34204
3.45866
3.60952
3.75982
3.89755
4.01506
4.11144
4.18979
4.25442
4.30912
4.35631
4.39769
4.43311
4.464
4.4903
4.51198
4.52959
4.54292
4.55275
4.55885
4.56092
4.56064
4.55956
4.55694
4.55148
4.54225
4.53046
4.51646
4.50038
4.4823
4.46221
4.44011
4.416
4.38988
4.36179
4.33175
4.29988
4.26619
4.23083
4.19385
4.1554
4.11544
4.07407
4.03159
3.98822
3.94407
3.89932
3.85401
3.80831
3.76229
3.71612
3.66985
3.62364
3.57756
3.53176
3.48631
3.44135
3.397
3.35346
3.31093
3.26986
3.2308
3.19533
3.16535
6.1133
5.67038
5.24408
4.85504
4.51598
4.23121
3.99769
3.8076
3.65155
3.52102
3.40874
3.30905
3.2195
3.13616
3.06191
2.99298
2.93257
2.88265
2.85435
2.85605
2.86845
2.90733
3.00157
3.20324
3.53526
3.73312
3.75194
3.73249
3.67275
3.54496
3.39865
3.2893
3.22338
3.20104
3.20586
3.22725
3.27373
3.3368
3.42662
3.55708
3.70425
3.84749
3.97352
4.07827
4.16269
4.23033
4.28523
4.33103
4.36995
4.40359
4.4326
4.45676
4.47686
4.49241
4.50404
4.51137
4.51446
4.51423
4.51323
4.51071
4.50544
4.4962
4.48448
4.47061
4.45475
4.437
4.41744
4.39609
4.37296
4.34802
4.32132
4.29282
4.26259
4.23063
4.19703
4.16182
4.12505
4.08664
4.04689
4.006
3.9641
3.92128
3.87772
3.8335
3.7888
3.7437
3.69838
3.6529
3.60743
3.56203
3.51686
3.47197
3.42754
3.38362
3.34044
3.29814
3.25717
3.21798
3.18225
3.15158
6.13519
5.72568
5.32768
4.95708
4.62518
4.33788
4.09529
3.8932
3.72507
3.58396
3.46332
3.35771
3.26362
3.17812
3.10143
3.03233
2.97493
2.93307
2.92986
2.93829
2.9697
3.05097
3.23084
3.59951
3.97188
4.10436
4.09253
4.04351
3.92827
3.73787
3.56671
3.433
3.33689
3.27547
3.24425
3.24567
3.25737
3.28813
3.33262
3.40376
3.50426
3.64008
3.78079
3.9138
4.02885
4.12245
4.19606
4.25377
4.2999
4.33782
4.3697
4.39656
4.41885
4.43656
4.45013
4.4591
4.46397
4.46388
4.46311
4.46091
4.45614
4.44696
4.43523
4.42134
4.40553
4.38794
4.36872
4.34791
4.32557
4.30166
4.27621
4.24917
4.22056
4.19034
4.15857
4.12523
4.09024
4.05369
4.0158
3.97665
3.93639
3.89509
3.85294
3.81002
3.76652
3.72253
3.67824
3.63373
3.58915
3.54459
3.50019
3.45601
3.41221
3.36887
3.32617
3.28426
3.24355
3.20442
3.16862
3.13749
6.15248
5.77099
5.39777
5.04505
4.72286
4.43713
4.18979
3.97926
3.80114
3.65043
3.52151
3.40955
3.31083
3.22267
3.14463
3.07779
3.02549
3.00771
3.01381
3.03908
3.10772
3.26503
3.59602
4.12297
4.41909
4.44106
4.41226
4.32586
4.1431
3.92904
3.74624
3.59886
3.48294
3.39477
3.33202
3.29247
3.27928
3.28329
3.29947
3.33269
3.38082
3.45653
3.56933
3.70387
3.8399
3.96345
4.06709
4.14945
4.21308
4.26205
4.30034
4.33096
4.35574
4.37572
4.39098
4.40177
4.40867
4.40968
4.40916
4.40739
4.40331
4.395
4.38327
4.36927
4.35338
4.33579
4.31671
4.29623
4.27443
4.25131
4.22689
4.20111
4.17397
4.1454
4.11542
4.08392
4.05083
4.01627
3.98035
3.94311
3.90468
3.86511
3.82459
3.7832
3.74114
3.69849
3.65544
3.61209
3.56859
3.52504
3.48157
3.43825
3.39524
3.35261
3.31055
3.26918
3.22891
3.19005
3.15441
3.12306
6.16863
5.80871
5.45719
5.12151
4.81012
4.52901
4.2801
4.06422
3.87854
3.7195
3.58298
3.46463
3.36138
3.27067
3.1931
3.13038
3.09613
3.09942
3.11833
3.17459
3.30857
3.59395
4.16725
4.63475
4.77735
4.76014
4.69635
4.55084
4.32437
4.11222
3.93001
3.77666
3.64808
3.54124
3.45451
3.38643
3.33861
3.30727
3.30539
3.31168
3.3289
3.36331
3.41792
3.5054
3.6259
3.75721
3.88487
3.99782
4.09057
4.16246
4.21644
4.25662
4.28685
4.30987
4.32748
4.33987
4.34848
4.3516
4.35131
4.35003
4.34686
4.34016
4.32883
4.31484
4.29886
4.28119
4.26211
4.24174
4.22024
4.19762
4.17394
4.14914
4.12322
4.09609
4.06774
4.03798
4.0068
3.97425
3.94037
3.90515
3.86872
3.83109
3.79243
3.75282
3.71244
3.67137
3.62981
3.58784
3.54563
3.50327
3.46091
3.41862
3.37656
3.3348
3.29354
3.25287
3.21323
3.17484
3.13956
3.10821
6.18503
5.84206
5.50934
5.18983
4.8896
4.61405
4.3665
4.1473
3.95624
3.79047
3.64727
3.52314
3.4158
3.32362
3.24969
3.19609
3.19654
3.20956
3.25547
3.37168
3.62763
4.15422
4.7796
5.06523
5.06311
5.02695
4.92628
4.71946
4.49326
4.29089
4.1141
3.95904
3.82234
3.7021
3.59735
3.50805
3.43483
3.37749
3.33836
3.31723
3.31895
3.3273
3.34684
3.38604
3.44801
3.54911
3.66927
3.79648
3.91609
4.01852
4.09983
4.16077
4.20477
4.23604
4.25826
4.27359
4.2839
4.28935
4.2894
4.28875
4.28664
4.28175
4.27178
4.25812
4.24225
4.2246
4.20548
4.1851
4.16368
4.1413
4.11805
4.09389
4.06885
4.04284
4.01583
3.98766
3.9582
3.92754
3.89567
3.86253
3.8282
3.79268
3.7561
3.7185
3.68004
3.64081
3.60099
3.56064
3.51995
3.47899
3.43794
3.39686
3.35594
3.31523
3.27496
3.23519
3.19638
3.1587
3.12402
3.09294
6.20676
5.87484
5.5573
5.25187
4.96239
4.69319
4.44829
4.22825
4.03354
3.86292
3.7142
3.58547
3.47524
3.38499
3.31765
3.29986
3.30992
3.34844
3.44997
3.67855
4.15541
4.85838
5.27053
5.34594
5.32133
5.24428
5.0787
4.85971
4.65259
4.46533
4.29569
4.1406
3.99839
3.86843
3.75074
3.64567
3.55362
3.47524
3.41133
3.3633
3.33062
3.3214
3.32396
3.33377
3.35717
3.40293
3.47499
3.58259
3.70292
3.82387
3.93349
4.02414
4.0935
4.1434
4.17771
4.20036
4.21468
4.22252
4.2247
4.22427
4.22272
4.21901
4.21126
4.19867
4.18343
4.16611
4.14713
4.12676
4.10533
4.08298
4.05987
4.03602
4.01149
3.98623
3.96019
3.93316
3.90524
3.87627
3.84628
3.81516
3.78296
3.74963
3.71528
3.67989
3.64361
3.60647
3.56864
3.53018
3.49126
3.45196
3.41245
3.37281
3.33324
3.2938
3.25471
3.21608
3.17833
3.1416
3.10778
3.07727
6.24234
5.90986
5.60263
5.3093
5.0301
4.76829
4.52664
4.30742
4.11077
3.93658
3.78396
3.65226
3.5427
3.4577
3.41918
3.42596
3.45715
3.54494
3.74812
4.17639
4.92222
5.43886
5.58704
5.57341
5.5196
5.39448
5.19079
4.99066
4.80587
4.63354
4.47088
4.31671
4.17098
4.03423
3.90726
3.79066
3.68506
3.59098
3.5089
3.43993
3.38424
3.34444
3.31996
3.31908
3.32119
3.33215
3.35914
3.41329
3.49851
3.60673
3.72377
3.83655
3.935
4.01351
4.07129
4.11068
4.13559
4.14968
4.15627
4.15618
4.15526
4.15265
4.14701
4.1361
4.122
4.10545
4.08697
4.06689
4.04557
4.02321
4.00007
3.97625
3.95189
3.92698
3.90151
3.87531
3.84847
3.82086
3.79247
3.76319
3.73303
3.70189
3.66983
3.63678
3.60285
3.56802
3.53243
3.49611
3.45922
3.42183
3.38413
3.34619
3.30821
3.27028
3.23265
3.1954
3.15899
3.12353
3.09086
3.06132
6.29992
5.95303
5.64842
5.36424
5.09435
4.8396
4.60227
4.38451
4.1875
4.01158
3.8573
3.72598
3.62241
3.55744
3.56035
3.5842
3.65942
3.84004
4.22388
4.97562
5.58268
5.80274
5.79742
5.76157
5.67005
5.48764
5.29858
5.12169
4.95496
4.79413
4.63724
4.48453
4.33688
4.19576
4.06236
3.93757
3.82207
3.7164
3.62096
3.53631
3.46323
3.40197
3.35441
3.32113
3.30776
3.30531
3.30854
3.32277
3.35641
3.41996
3.51179
3.61904
3.7303
3.83392
3.92116
3.98769
4.03398
4.06296
4.07906
4.08433
4.08402
4.08247
4.07862
4.07056
4.05779
4.04226
4.02466
4.00525
3.98436
3.96216
3.93901
3.9151
3.89068
3.86583
3.84054
3.81474
3.78857
3.76192
3.73479
3.70704
3.67869
3.64958
3.61973
3.58904
3.55753
3.52515
3.492
3.45805
3.42347
3.38828
3.35267
3.31672
3.28064
3.24453
3.20864
3.1731
3.13835
3.10455
3.07336
3.04528
6.37868
6.01093
5.69911
5.41941
5.15695
4.90875
4.67602
4.46081
4.26458
4.08905
3.93606
3.8119
3.72175
3.71247
3.73061
3.79608
3.96121
4.31733
5.03353
5.69887
5.99434
6.00638
5.98091
5.90724
5.7536
5.57581
5.40936
5.25247
5.09936
4.94694
4.79454
4.6431
4.49478
4.35102
4.21343
4.08287
3.96026
3.84602
3.74061
3.64448
3.55785
3.48145
3.41584
3.36205
3.3213
3.29763
3.28678
3.28379
3.28812
3.30619
3.34642
3.41902
3.51247
3.61824
3.72318
3.81668
3.892
3.94665
3.98201
4.00098
4.00799
4.00759
4.00562
4.00077
3.99082
3.97673
3.96014
3.94159
3.92137
3.89962
3.87671
3.85286
3.8284
3.80345
3.77807
3.75232
3.72642
3.70032
3.67402
3.64743
3.62052
3.59316
3.5653
3.5368
3.50765
3.47775
3.44712
3.41572
3.38366
3.35095
3.31774
3.28411
3.25027
3.21633
3.18256
3.14911
3.11643
3.08476
3.05547
3.02951
6.45544
6.08488
5.75964
5.47761
5.21938
4.97671
4.74867
4.53667
4.34309
4.1708
4.02637
3.91654
3.88154
3.89645
3.95522
4.10879
4.4455
5.12798
5.82465
6.17419
6.21249
6.19066
6.12405
5.98481
5.82074
5.66727
5.52333
5.38181
5.23814
5.0912
4.94192
4.79217
4.6439
4.49896
4.3587
4.22433
4.09655
3.97612
3.8633
3.75853
3.66178
3.57395
3.49489
3.42555
3.36643
3.31959
3.28458
3.26859
3.25393
3.25376
3.26014
3.28199
3.32941
3.40876
3.50287
3.60423
3.70138
3.78463
3.84832
3.89138
3.91594
3.92633
3.92615
3.92431
3.91938
3.909
3.89394
3.87613
3.85647
3.83528
3.81291
3.78946
3.7652
3.74018
3.7146
3.68875
3.66284
3.63691
3.61106
3.5852
3.55933
3.53329
3.50707
3.48047
3.45346
3.4259
3.39778
3.36899
3.33961
3.30959
3.27907
3.2481
3.21687
3.18551
3.1543
3.12344
3.09333
3.06441
3.03752
3.01449
6.45123
6.19588
5.84198
5.54378
5.28379
5.04468
4.82112
4.61355
4.42523
4.2624
4.13418
4.07512
4.08627
4.13836
4.2821
4.60379
5.26053
5.97999
6.35793
6.41665
6.39713
6.33361
6.19915
6.04089
5.89738
5.76636
5.6383
5.5067
5.3692
5.22631
5.0798
4.9318
4.7843
4.63905
4.49746
4.36063
4.2295
4.10445
3.98607
3.87453
3.77032
3.67355
3.58447
3.5034
3.43079
3.36745
3.31428
3.27228
3.24484
3.22704
3.21415
3.21549
3.22531
3.2517
3.30691
3.38736
3.48164
3.57805
3.66636
3.73853
3.7906
3.82268
3.83871
3.84032
3.83902
3.83472
3.82528
3.80914
3.79001
3.76932
3.74756
3.7247
3.70086
3.676
3.65044
3.6245
3.59853
3.57259
3.54688
3.52136
3.49608
3.47093
3.44588
3.42076
3.39554
3.37005
3.34424
3.31799
3.29131
3.26412
3.23652
3.20851
3.18028
3.15196
3.12381
3.09614
3.06923
3.04383
3.01999
3.00094
6.4119
6.25428
5.93216
5.61916
5.35231
5.11406
4.89484
4.69365
4.51627
4.37268
4.29133
4.29912
4.34575
4.4824
4.7949
5.43655
6.17135
6.5699
6.63949
6.61782
6.54895
6.40497
6.24675
6.10866
5.98713
5.87098
5.75175
5.62565
5.49206
5.35236
5.20842
5.06245
4.9162
4.77141
4.62933
4.49109
4.35749
4.22915
4.10665
3.99015
3.8801
3.77646
3.67963
3.58959
3.50679
3.43145
3.36429
3.30598
3.25765
3.22154
3.19741
3.17679
3.16607
3.16907
3.18247
3.21407
3.27797
3.35817
3.44934
3.53927
3.61821
3.67948
3.721
3.74355
3.75101
3.75023
3.74672
3.73848
3.72193
3.7026
3.68126
3.6587
3.63513
3.61064
3.5854
3.5597
3.53382
3.50791
3.48222
3.45679
3.43176
3.40705
3.38273
3.35863
3.33476
3.31094
3.28715
3.2632
3.23911
3.21475
3.19017
3.16536
3.14048
3.11568
3.09119
3.06742
3.04448
3.02356
3.00357
2.98977
6.31588
6.24105
6.04588
5.71621
5.43138
5.18805
4.97244
4.7822
4.62512
4.52669
4.53189
4.5751
4.70902
5.02069
5.66307
6.40829
6.8148
6.88149
6.85603
6.77811
6.61675
6.44929
6.31062
6.19421
6.08644
5.97728
5.86156
5.73789
5.60666
5.4695
5.32803
5.18426
5.03963
4.89584
4.75388
4.61505
4.47992
4.34938
4.22373
4.10348
3.98879
3.87987
3.77691
3.67995
3.58925
3.50486
3.42727
3.35675
3.29408
3.24035
3.19597
3.16514
3.13829
3.11762
3.11315
3.11789
3.13448
3.17131
3.23918
3.31938
3.40634
3.48921
3.55885
3.61004
3.64137
3.65673
3.65666
3.65454
3.64819
3.63459
3.61454
3.59199
3.56824
3.54394
3.51933
3.49422
3.46875
3.44309
3.41751
3.39212
3.36714
3.34259
3.3186
3.29511
3.27214
3.24958
3.22739
3.20543
3.18367
3.162
3.14045
3.11899
3.09778
3.07697
3.05681
3.03774
3.0197
3.00436
2.98924
2.98208
6.20801
6.1877
6.07819
5.8334
5.52722
5.27166
5.06014
4.88989
4.77725
4.78091
4.82317
4.95971
5.28085
5.94343
6.70095
7.10338
7.15479
7.12366
7.03072
6.84073
6.65845
6.51434
6.39795
6.29389
6.19074
6.08245
5.96674
5.84353
5.71365
5.57844
5.43926
5.29766
5.15489
5.01239
4.87108
4.73217
4.59621
4.46417
4.33623
4.21315
4.09483
3.98184
3.87396
3.77162
3.67461
3.58328
3.49763
3.418
3.34472
3.27831
3.21973
3.16924
3.13069
3.09817
3.07224
3.05325
3.05406
3.06131
3.0815
3.12435
3.19244
3.27226
3.35466
3.42992
3.49007
3.53151
3.55444
3.56072
3.55955
3.55493
3.54434
3.52434
3.50115
3.4772
3.45276
3.42799
3.40304
3.37792
3.35274
3.32759
3.30271
3.27825
3.2544
3.23124
3.20881
3.18711
3.16612
3.14576
3.12603
3.10683
3.0882
3.07018
3.05291
3.03662
3.02148
3.00799
2.99594
2.98739
2.97862
2.97866
5.92753
6.10883
6.05806
5.91669
5.63091
5.36975
5.17101
5.03981
5.04268
5.08671
5.23217
5.5749
6.28053
7.05321
7.446
7.46588
7.42432
7.30724
7.07668
6.87937
6.72783
6.60821
6.50337
6.40153
6.2964
6.18521
6.06747
5.94346
5.81409
5.68019
5.5429
5.40321
5.26229
5.12115
4.98081
4.84216
4.70597
4.57294
4.4435
4.31823
4.19721
4.08093
3.9692
3.86251
3.76048
3.66365
3.57163
3.48503
3.40359
3.32802
3.25846
3.19567
3.14062
3.0943
3.05816
3.02429
2.99924
2.98593
2.98815
2.99819
3.02262
3.07267
3.14036
3.21818
3.29525
3.36226
3.41322
3.44499
3.46069
3.46046
3.45785
3.45035
3.43451
3.41165
3.38682
3.36178
3.33698
3.31229
3.28761
3.26294
3.23844
3.21429
3.19069
3.16781
3.14578
3.12469
3.1046
3.08553
3.06751
3.05055
3.03476
3.02024
3.00726
2.99601
2.98668
2.97951
2.97421
2.97414
2.97547
2.98054
5.2578
5.95019
5.98648
5.91977
5.75492
5.50521
5.32363
5.31998
5.366
5.525
5.90167
6.67497
7.46798
7.83899
7.83184
7.76616
7.60347
7.34545
7.12508
6.95832
6.83036
6.72051
6.61608
6.5101
6.39971
6.28407
6.16336
6.03793
5.90839
5.77527
5.63933
5.50124
5.36194
5.22217
5.08291
4.94481
4.80876
4.6752
4.54485
4.41795
4.295
4.17604
4.06141
3.95107
3.84517
3.74375
3.64682
3.55456
3.4669
3.38422
3.30653
3.23445
3.16822
3.109
3.05692
3.01519
2.97655
2.94469
2.92074
2.91648
2.92005
2.93237
2.96015
3.01586
3.08354
3.15791
3.2288
3.28753
3.32914
3.35318
3.3596
3.35832
3.35337
3.34209
3.32047
3.29677
3.27197
3.24711
3.22247
3.19821
3.17429
3.15076
3.12772
3.10534
3.08381
3.06331
3.04403
3.02609
3.00963
2.9948
2.98191
2.97114
2.96299
2.95699
2.95446
2.95477
2.95672
2.96223
2.97383
2.99648
3.81928
5.53741
5.89513
5.88775
5.82732
5.68487
5.62475
5.67299
5.84863
6.27013
7.1323
7.94766
8.28052
8.25931
8.15557
7.92371
7.63633
7.39586
7.21254
7.07077
6.95189
6.84098
6.73049
6.61717
6.50011
6.37935
6.25514
6.12774
5.99741
5.86445
5.72926
5.59235
5.4543
5.3158
5.17753
5.0402
4.90444
4.77084
4.63991
4.51202
4.38757
4.26668
4.14967
4.03648
3.92738
3.82224
3.72134
3.62446
3.53187
3.44347
3.35961
3.28025
3.20602
3.13707
3.07426
3.01782
2.97027
2.92796
2.8896
2.86077
2.84173
2.84247
2.84793
2.8635
2.89694
2.95449
3.02219
3.09281
3.15665
3.20711
3.23937
3.25659
3.25639
3.25389
3.24653
3.23079
3.20801
3.18313
3.15831
3.13417
3.11074
3.08791
3.06568
3.04411
3.02339
3.00376
2.98546
2.96879
2.95401
2.94155
2.93202
2.92534
2.92292
2.9233
2.92542
2.93087
2.94255
2.96591
2.98652
3.02909
2.55591
4.60291
5.66508
5.86417
5.88573
5.90512
5.98195
6.20736
6.70736
7.70736
8.50346
8.77062
8.73164
8.58451
8.27548
7.95227
7.69058
7.49245
7.33768
7.20638
7.08505
6.96564
6.84505
6.72245
6.59778
6.47131
6.34306
6.21313
6.08138
5.94797
5.81294
5.67669
5.53952
5.40203
5.26467
5.12813
4.99284
4.85945
4.72827
4.59984
4.47431
4.35206
4.23313
4.11776
4.00598
3.89796
3.79372
3.6932
3.59644
3.50354
3.41462
3.32988
3.2493
3.17328
3.10212
3.03633
2.97652
2.92413
2.87786
2.83543
2.79957
2.77371
2.76386
2.76564
2.77343
2.79278
2.83288
2.89105
2.95763
3.02374
3.08032
3.12217
3.14712
3.15517
3.15413
3.14971
3.13929
3.1184
3.09566
3.072
3.04874
3.02634
3.00487
2.98434
2.96482
2.94653
2.92972
2.91484
2.90226
2.89322
2.88719
2.88726
2.88846
2.89241
2.90153
2.92037
2.94616
2.98253
3.01604
3.08396
1.8228
2.92388
5.10571
5.77666
6.0066
6.19545
6.57755
7.31311
8.40506
9.15997
9.31715
9.24972
9.04473
8.64116
8.29139
8.01004
7.79721
7.63042
7.48705
7.35282
7.22102
7.08911
6.9569
6.82447
6.69202
6.55963
6.42707
6.29412
6.16047
6.026
5.89064
5.75454
5.61791
5.48114
5.34462
5.20881
5.07415
4.94112
4.81005
4.68134
4.55521
4.43194
4.31162
4.19445
4.08056
3.97001
3.86278
3.7591
3.65897
3.56246
3.46948
3.38021
3.29469
3.21318
3.13581
3.06296
2.99493
2.93251
2.87596
2.82672
2.78025
2.73958
2.70867
2.68748
2.68557
2.68839
2.69834
2.72146
2.76812
2.82743
2.89224
2.9526
3.00231
3.03459
3.05271
3.0538
3.05195
3.04575
3.03235
3.01152
2.98933
2.96734
2.94645
2.92688
2.9088
2.89233
2.87773
2.86546
2.85658
2.8519
2.85227
2.85417
2.85982
2.8719
2.8961
2.92793
2.96407
3.02059
3.06826
3.16162
1.4807
2.17448
3.82898
5.4714
6.15919
6.79351
7.82346
9.21692
9.98437
9.97559
9.84229
9.51187
9.05021
8.65628
8.35034
8.12674
7.95056
7.79631
7.64911
7.50284
7.3564
7.21067
7.0664
6.92417
6.78386
6.64528
6.5079
6.37133
6.23509
6.09896
5.96265
5.82623
5.6897
5.55339
5.41748
5.28236
5.1483
5.01573
4.88489
4.7561
4.62955
4.50552
4.38419
4.26578
4.1502
4.03766
3.92816
3.82186
3.71878
3.61901
3.52258
3.42958
3.34006
3.25414
3.17195
3.09368
3.01958
2.94996
2.88545
2.82607
2.77398
2.72426
2.68032
2.64384
2.61868
2.60455
2.60532
2.61033
2.62426
2.65411
2.70561
2.76567
2.82728
2.88122
2.92204
2.94637
2.9574
2.95688
2.95388
2.94615
2.93024
2.91115
2.89155
2.87313
2.85662
2.84234
2.83061
2.82233
2.81945
2.82013
2.82302
2.83041
2.84613
2.87449
2.90797
2.95407
3.00721
3.08432
3.14507
3.25136
1.26499
1.65948
2.59914
4.70523
6.30056
8.08451
10.0743
10.8805
10.8205
10.5473
9.97638
9.46675
9.05079
8.7208
8.48095
8.29676
8.13313
7.97359
7.81259
7.65017
7.48828
7.32909
7.17327
7.02148
6.87329
6.72812
6.58537
6.44449
6.30496
6.16641
6.02854
5.89129
5.75453
5.61842
5.48295
5.3485
5.21512
5.08311
4.95261
4.82396
4.69724
4.57279
4.45063
4.33104
4.21402
4.09979
3.98834
3.87986
3.77432
3.67189
3.57256
3.47647
3.38361
3.29412
3.20804
3.12554
3.04675
2.9719
2.90126
2.83525
2.77406
2.71929
2.66757
2.62077
2.58127
2.55147
2.53048
2.52527
2.52728
2.53514
2.55402
2.59281
2.64667
2.70703
2.76416
2.81063
2.84266
2.86099
2.86679
2.86593
2.86243
2.85435
2.83918
2.82419
2.81019
2.79876
2.7906
2.78975
2.79096
2.79522
2.80543
2.82657
2.85487
2.89393
2.94274
3.00922
3.08104
3.16907
3.23479
3.33774
1.15896
1.38848
1.96501
3.34068
6.27601
10.7807
11.9851
11.8274
11.3107
10.5007
9.89196
9.44997
9.11161
8.86565
8.67251
8.49725
8.32387
8.1474
7.9687
7.79021
7.61436
7.4428
7.27641
7.1153
6.95923
6.80728
6.65881
6.51316
6.36986
6.22845
6.0886
5.95008
5.81273
5.67646
5.54125
5.40717
5.27429
5.14276
5.01267
4.88421
4.75749
4.63272
4.50998
4.38951
4.27135
4.15573
4.04265
3.93232
3.82473
3.72007
3.6183
3.51962
3.42398
3.33157
3.24233
3.15649
3.07402
2.99519
2.92004
2.84897
2.78211
2.71991
2.66342
2.61007
2.56146
2.52003
2.48602
2.46184
2.4483
2.44887
2.4531
2.46518
2.49132
2.53911
2.596
2.65374
2.70423
2.743
2.7681
2.78229
2.78676
2.78611
2.78361
2.77795
2.76915
2.76229
2.76255
2.76472
2.77095
2.78461
2.81
2.84188
2.88492
2.94214
3.01206
3.09245
3.17188
3.25779
3.31768
3.40508
1.11823
1.29203
1.76083
3.02166
6.31283
12.9088
12.7534
12.0578
11.0833
10.337
9.85553
9.51563
9.27039
9.07681
8.89065
8.70073
8.50675
8.31082
8.11575
7.92349
7.73572
7.55319
7.37646
7.20555
7.04084
6.88159
6.72699
6.57622
6.42876
6.28409
6.14186
6.0017
5.86339
5.72667
5.59147
5.45763
5.32519
5.19407
5.06441
4.93618
4.80958
4.68462
4.56154
4.44038
4.32137
4.20459
4.0902
3.97832
3.86905
3.76251
3.65877
3.55794
3.46006
3.36523
3.27349
3.18495
3.09964
3.01771
2.93922
2.86437
2.79332
2.72637
2.66372
2.60627
2.55197
2.50264
2.45961
2.4235
2.39642
2.37787
2.37532
2.37752
2.38543
2.40412
2.44238
2.49522
2.55272
2.60653
2.65076
2.68341
2.70482
2.71737
2.72462
2.72844
2.72996
2.73289
2.73897
2.75115
2.77241
2.79698
2.83365
2.88324
2.94736
3.02231
3.10257
3.18531
3.26033
3.33316
3.37997
3.4476
1.10401
1.26747
1.71226
3.02001
6.89958
13.1677
12.5311
11.4382
10.6855
10.2344
9.92016
9.68684
9.49066
9.29323
9.08744
8.87628
8.66398
8.45352
8.24652
8.04394
7.84643
7.65453
7.46858
7.28851
7.11483
6.94788
6.78689
6.63101
6.47941
6.33156
6.1869
6.0451
5.9057
5.7685
5.63314
5.49949
5.36733
5.23664
5.10731
4.97939
4.85288
4.72791
4.60456
4.48299
4.3633
4.24571
4.13028
4.01724
3.90662
3.79864
3.6933
3.59079
3.4911
3.39439
3.30065
3.21002
3.12249
3.03818
2.95714
2.87951
2.80538
2.73495
2.66839
2.60605
2.54816
2.49377
2.44443
2.40061
2.36352
2.334
2.31397
2.30666
2.30801
2.31372
2.3282
2.35863
2.40779
2.46456
2.52073
2.57029
2.61021
2.64017
2.66237
2.67942
2.69434
2.7096
2.72964
2.7554
2.78797
2.83075
2.88682
2.9561
3.03393
3.11603
3.19584
3.26998
3.33174
3.38652
3.41896
3.46878
1.10457
1.26563
1.72457
3.09633
7.33193
12.8224
11.9004
10.9789
10.5245
10.2743
10.0769
9.88129
9.67398
9.45621
9.23314
9.00923
8.78731
8.56883
8.35443
8.14454
7.93964
7.74026
7.54686
7.35969
7.17847
7.0042
6.83694
6.676
6.52045
6.36958
6.22269
6.07932
5.93893
5.80119
5.66565
5.5321
5.40021
5.26986
5.14087
5.01326
4.88697
4.7621
4.6387
4.51694
4.39689
4.27879
4.16269
4.04884
3.93727
3.82823
3.7217
3.61793
3.51686
3.41872
3.32344
3.23121
3.14198
3.05589
2.97294
2.89325
2.81687
2.74392
2.67458
2.60894
2.54746
2.48972
2.43607
2.38704
2.34338
2.30591
2.27571
2.25465
2.24476
2.24566
2.25016
2.26213
2.28772
2.33469
2.39145
2.45039
2.50578
2.55411
2.595
2.62999
2.66231
2.69468
2.73256
2.77393
2.82611
2.89094
2.96515
3.04586
3.12817
3.20662
3.2763
3.33508
3.38062
3.41838
3.43965
3.47567
1.1018
1.26736
1.72379
3.11535
7.43748
12.7054
11.6933
10.8767
10.5202
10.3413
10.1755
9.98378
9.77171
9.54978
9.32439
9.09885
8.87482
8.6533
8.43503
8.22063
8.01086
7.80635
7.60777
7.41548
7.22963
7.05
6.87766
6.71213
6.553
6.39938
6.25054
6.10578
5.96454
5.82631
5.69062
5.5571
5.42543
5.29533
5.16669
5.03933
4.91331
4.78855
4.66522
4.54334
4.42313
4.30464
4.18812
4.07365
3.96144
3.85158
3.74422
3.63947
3.53743
3.43818
3.3418
3.24834
3.15787
3.07043
2.98609
2.90487
2.82688
2.75213
2.68078
2.6129
2.54868
2.48839
2.43167
2.37907
2.33104
2.28817
2.25121
2.22139
2.20013
2.19011
2.19094
2.19518
2.2065
2.23081
2.27767
2.33593
2.39945
2.46281
2.52302
2.57926
2.63325
2.68846
2.74605
2.81196
2.88627
2.96782
3.05315
3.13685
3.21416
3.28096
3.3355
3.37813
3.40947
3.43465
3.4485
3.47557
1.10198
1.26699
1.72632
3.13071
7.50527
12.6685
11.6162
10.7983
10.4791
10.3375
10.1983
10.0212
9.81733
9.60079
9.37903
9.15529
8.93152
8.70897
8.48889
8.27212
8.05962
7.85213
7.65038
7.45485
7.26585
7.08336
6.9074
6.73863
6.57661
6.42075
6.27023
6.12437
5.98243
5.84385
5.70806
5.5746
5.44312
5.31328
5.18492
5.05784
4.93207
4.8075
4.6843
4.56248
4.44223
4.32362
4.20688
4.09209
3.97949
3.86913
3.76125
3.65584
3.55314
3.4531
3.35596
3.26161
3.17028
3.08184
2.99653
2.91418
2.83506
2.75901
2.68628
2.6168
2.5508
2.48836
2.42953
2.37449
2.32357
2.27712
2.23569
2.20009
2.17155
2.15127
2.14365
2.14489
2.14989
2.16254
2.18937
2.23874
2.30213
2.37418
2.45074
2.52876
2.60774
2.68932
2.77374
2.86321
2.95632
3.04911
3.13711
3.21536
3.28117
3.33351
3.37347
3.40321
3.42455
3.44176
3.45185
3.4722
1.10042
1.26699
1.72283
3.12525
7.49381
12.6505
11.5778
10.7338
10.424
10.316
10.2024
10.0413
9.84594
9.63382
9.41426
9.19142
8.96773
8.74466
8.52367
8.3057
8.09174
7.88262
7.67903
7.48163
7.29072
7.10654
6.92897
6.75826
6.59421
6.43662
6.28479
6.13801
5.9955
5.8566
5.72069
5.58726
5.45588
5.32623
5.19806
5.07121
4.9456
4.82123
4.69812
4.57636
4.45608
4.33741
4.22051
4.10553
3.99263
3.88195
3.77363
3.6678
3.56456
3.46402
3.36626
3.27134
3.17933
3.09025
3.00419
2.92112
2.84115
2.76424
2.69052
2.61998
2.55276
2.48888
2.42855
2.37181
2.31887
2.27004
2.22567
2.18644
2.15296
2.12707
2.10898
2.1074
2.10941
2.11626
2.13236
2.16577
2.22336
2.29729
2.38461
2.48162
2.58598
2.69453
2.80669
2.91818
3.02495
3.12195
3.20559
3.27377
3.32693
3.36679
3.39597
3.4172
3.43242
3.44496
3.4529
3.46905
1.1001
1.26537
1.71957
3.11602
7.47151
12.6546
11.5676
10.696
10.386
10.2974
10.203
10.0533
9.8632
9.65312
9.43443
9.21194
8.98836
8.76507
8.54367
8.32506
8.11031
7.90026
7.69564
7.49716
7.30515
7.11992
6.94139
6.76961
6.60467
6.44614
6.29352
6.14612
6.00326
5.86415
5.72821
5.59481
5.46354
5.33402
5.20601
5.07932
4.95387
4.82963
4.70663
4.58496
4.46471
4.34604
4.22907
4.114
4.00093
3.89008
3.78151
3.67545
3.57189
3.47105
3.37291
3.27765
3.1852
3.09575
3.00919
2.9257
2.84517
2.76779
2.69342
2.62228
2.55427
2.48965
2.42837
2.37062
2.31644
2.26617
2.22002
2.17859
2.14226
2.11268
2.08985
2.08086
2.08196
2.08652
2.09799
2.1223
2.17107
2.24187
2.33396
2.44462
2.57002
2.70331
2.83775
2.96504
3.07874
3.1744
3.25099
3.30963
3.35317
3.38479
3.40754
3.42403
3.43595
3.44595
3.45269
3.46646
1.09995
1.26427
1.71738
3.10938
7.45442
12.6617
11.5665
10.6792
10.367
10.2876
10.2033
10.06
9.87265
9.66362
9.44539
9.22321
8.99973
8.77636
8.5547
8.33567
8.12042
7.9098
7.70458
7.5055
7.31289
7.12712
6.94813
6.77597
6.6104
6.4513
6.29822
6.15048
6.00739
5.86816
5.73215
5.59874
5.46749
5.33799
5.21003
5.08338
4.95797
4.83375
4.71077
4.58909
4.46881
4.3501
4.23305
4.1179
4.00471
3.89374
3.78501
3.67879
3.57504
3.47403
3.37567
3.28021
3.18753
3.09786
3.01106
2.92734
2.84654
2.76889
2.69421
2.62277
2.55439
2.48937
2.42759
2.36935
2.31461
2.26371
2.21677
2.17435
2.1368
2.10541
2.0808
2.06717
2.06783
2.0714
2.08099
2.10185
2.14415
2.21239
2.30636
2.42468
2.56298
2.71155
2.85908
2.99422
3.10978
3.20268
3.27407
3.32703
3.36552
3.39313
3.41292
3.42726
3.43769
3.44651
3.45267
3.46527
)
;

boundaryField
{
    inlet
    {
        type            fixedValue;
        value           uniform 1;
    }
    outlet
    {
        type            waveTransmissive;
        gamma           1.4;
        fieldInf        1;
        lInf            3;
        value           nonuniform List<scalar> 
40
(
3.25187
3.2482
3.24202
3.23307
3.22247
3.21043
3.19775
3.18458
3.17125
3.15768
3.14395
3.1299
3.11551
3.1007
3.08546
3.06982
3.05389
3.03787
3.02209
3.00705
2.99346
2.98221
2.97438
2.97069
2.97241
2.98808
3.02026
3.07448
3.15155
3.24061
3.32633
3.39318
3.43548
3.45667
3.46369
3.46376
3.46057
3.45758
3.45509
3.45395
)
;
    }
    bottom
    {
        type            symmetryPlane;
    }
    top
    {
        type            symmetryPlane;
    }
    obstacle
    {
        type            zeroGradient;
    }
    defaultFaces
    {
        type            empty;
    }
}


// ************************************************************************* //
