/*--------------------------------*- C++ -*----------------------------------*\
  =========                 |
  \\      /  F ield         | OpenFOAM: The Open Source CFD Toolbox
   \\    /   O peration     | Website:  https://openfoam.org
    \\  /    A nd           | Version:  13
     \\/     M anipulation  |
\*---------------------------------------------------------------------------*/
FoamFile
{
    format      ascii;
    class       volScalarField;
    location    "3.52";
    object      T;
}
// * * * * * * * * * * * * * * * * * * * * * * * * * * * * * * * * * * * * * //

dimensions      [0 0 0 1 0 0 0];

internalField   nonuniform List<scalar> 
1000
(
1.66917e-62
2.29096e-62
3.76293e-62
6.62462e-62
1.19216e-61
2.15821e-61
3.91088e-61
7.08307e-61
1.28156e-60
2.31614e-60
4.18102e-60
7.53853e-60
1.35761e-59
2.442e-59
4.38732e-59
7.8729e-59
1.41108e-58
2.52611e-58
4.51682e-58
8.06667e-58
1.43892e-57
2.56365e-57
4.56207e-57
8.10856e-57
1.43948e-56
2.55238e-56
4.52026e-56
7.99577e-56
1.41265e-55
2.4928e-55
4.39357e-55
7.73435e-55
1.3599e-54
2.38817e-54
4.18891e-54
7.33858e-54
1.2841e-53
2.24419e-53
3.91737e-53
6.82973e-53
1.18929e-52
2.06845e-52
3.59314e-52
6.23416e-52
1.08032e-51
1.86983e-51
3.23237e-51
5.58101e-51
9.62445e-51
1.65771e-50
2.85176e-50
4.89991e-50
8.40877e-50
1.44127e-49
2.46734e-49
4.21873e-49
7.20448e-49
1.22883e-48
2.09338e-48
3.56183e-48
6.05292e-48
1.02736e-47
1.74161e-47
2.94878e-47
4.98654e-47
8.42215e-47
1.42073e-46
2.39368e-46
4.02796e-46
6.76967e-46
1.13636e-45
1.90513e-45
3.19007e-45
5.33503e-45
8.91122e-45
1.48662e-44
2.47699e-44
4.12203e-44
6.85108e-44
1.13728e-43
1.88555e-43
3.12226e-43
5.16368e-43
8.52923e-43
1.40708e-42
2.31841e-42
3.81521e-42
6.27054e-42
1.02932e-41
1.68754e-41
2.76321e-41
4.5189e-41
7.38088e-41
1.20404e-40
1.96168e-40
3.19208e-40
5.18769e-40
8.42035e-40
1.36503e-39
2.21008e-39
3.57378e-39
5.77169e-39
9.30962e-39
1.49973e-38
2.41296e-38
3.87739e-38
6.22272e-38
9.97412e-38
1.59669e-37
2.55281e-37
4.07631e-37
6.50082e-37
1.03543e-36
1.64711e-36
2.61682e-36
4.15218e-36
6.58003e-36
1.04143e-35
1.64619e-35
2.59884e-35
4.09757e-35
6.45242e-35
1.01477e-34
1.59389e-34
2.50032e-34
3.91725e-34
6.12934e-34
9.5784e-34
1.49492e-33
2.33017e-33
3.62748e-33
5.63983e-33
8.75734e-33
1.35807e-32
2.10339e-32
3.25356e-32
5.02622e-32
7.75476e-32
1.19492e-31
1.83887e-31
2.82623e-31
4.33816e-31
6.65036e-31
1.01819e-30
1.55686e-30
2.37747e-30
3.62594e-30
5.5229e-30
8.40144e-30
1.27638e-29
1.93663e-29
2.93463e-29
4.44119e-29
6.71249e-29
1.01323e-28
1.52746e-28
2.29969e-28
3.45785e-28
5.19256e-28
7.78744e-28
1.16639e-27
1.74474e-27
2.60648e-27
3.88879e-27
5.79443e-27
8.62268e-27
1.28147e-26
1.90201e-26
2.81935e-26
4.1737e-26
6.1706e-26
9.11105e-26
1.34352e-25
1.97857e-25
2.91e-25
4.27434e-25
6.27013e-25
9.18581e-25
1.34397e-24
1.96379e-24
2.86572e-24
4.1764e-24
6.07859e-24
8.83556e-24
1.28262e-23
1.85947e-23
2.69224e-23
3.89285e-23
5.62149e-23
8.10709e-23
1.16764e-22
1.6795e-22
2.41258e-22
3.46108e-22
4.95874e-22
7.09509e-22
1.01385e-21
1.44683e-21
2.06199e-21
2.93484e-21
4.17167e-21
5.92191e-21
8.39539e-21
1.18863e-20
1.68065e-20
2.37321e-20
3.34672e-20
4.71333e-20
6.62922e-20
9.31156e-20
1.30619e-19
1.82985e-19
2.56006e-19
3.57692e-19
4.99104e-19
6.95501e-19
9.67894e-19
1.34518e-18
1.86706e-18
2.58796e-18
3.58246e-18
4.95253e-18
6.83747e-18
9.42726e-18
1.29807e-17
1.78498e-17
2.45126e-17
3.36176e-17
4.60433e-17
6.29777e-17
8.60257e-17
1.17352e-16
1.59872e-16
2.17509e-16
2.95529e-16
4.00999e-16
5.43385e-16
7.35344e-16
9.93788e-16
1.34127e-15
1.80783e-15
2.43343e-15
3.27113e-15
4.39134e-15
5.88727e-15
7.88223e-15
1.05391e-14
1.40726e-14
1.87657e-14
2.49904e-14
3.32352e-14
4.41409e-14
5.85466e-14
7.75496e-14
1.02583e-13
1.35515e-13
1.78779e-13
2.35538e-13
3.09901e-13
4.07194e-13
5.34314e-13
7.00176e-13
9.16294e-13
1.19751e-12
1.56292e-12
2.0371e-12
2.65157e-12
3.44674e-12
4.47435e-12
5.80052e-12
7.50964e-12
9.70927e-12
1.25363e-11
1.61646e-11
2.08151e-11
2.67673e-11
3.43753e-11
4.40862e-11
5.64642e-11
7.22202e-11
9.22483e-11
1.17672e-10
1.499e-10
1.90696e-10
2.4227e-10
3.07376e-10
3.89452e-10
4.9278e-10
6.22681e-10
7.85763e-10
9.9022e-10
1.24619e-09
1.56622e-09
1.96578e-09
2.46394e-09
3.08418e-09
3.85533e-09
4.81281e-09
5.99996e-09
7.46985e-09
9.2873e-09
1.15314e-08
1.42983e-08
1.77053e-08
2.18945e-08
2.70384e-08
3.33457e-08
4.10689e-08
5.05127e-08
6.20442e-08
7.61054e-08
9.32275e-08
1.14048e-07
1.3933e-07
1.69986e-07
2.07109e-07
2.51998e-07
3.06204e-07
3.71568e-07
4.50278e-07
5.44926e-07
6.58581e-07
7.94869e-07
9.58069e-07
1.15322e-06
1.38626e-06
1.66414e-06
1.99505e-06
2.38853e-06
2.85577e-06
3.40983e-06
4.06591e-06
4.84172e-06
5.75781e-06
6.83804e-06
8.11003e-06
9.60574e-06
1.1362e-05
1.34214e-05
1.58328e-05
1.86525e-05
2.19449e-05
2.57839e-05
3.02539e-05
3.54514e-05
4.14863e-05
4.84836e-05
5.65856e-05
6.59533e-05
7.67693e-05
8.92399e-05
0.000103598
0.000120106
0.00013906
0.000160791
0.00018567
0.000214114
0.000246588
0.000283611
0.00032576
0.000373678
0.000428078
0.000489749
0.000559564
0.000638489
0.000727585
0.000828022
0.000941084
0.00106818
0.00121084
0.00137076
0.00154977
0.00174986
0.00197321
0.00222215
0.00249924
0.00280722
0.00314905
0.00352792
0.00394724
0.00441068
0.00492216
0.00548585
0.00610622
0.00678799
0.00753618
0.00835611
0.00925337
0.0102339
0.0113038
0.0124698
0.0137385
0.015117
0.0166129
0.0182337
0.0199873
0.0218821
0.0239265
0.0261291
0.0284988
0.0310448
0.0337762
0.0367023
0.0398327
0.0431769
0.0467443
0.0505445
0.0545869
0.0588809
0.0634357
0.0682603
0.0733633
0.0787533
0.0844382
0.0904257
0.0967229
0.103337
0.110273
0.117537
0.125133
0.133066
0.141338
0.149953
0.158911
0.168212
0.177857
0.187843
0.198169
0.20883
0.219822
0.231139
0.242773
0.254718
0.266963
0.279499
0.292314
0.305395
0.31873
0.332303
0.3461
0.360104
0.374298
0.388664
0.403183
0.417837
0.432604
0.447466
0.4624
0.477387
0.492404
0.50743
0.522444
0.537423
0.552347
0.567193
0.581942
0.596572
0.611064
0.625396
0.639551
0.65351
0.667255
0.680769
0.694036
0.70704
0.719767
0.732203
0.744336
0.756154
0.767647
0.778804
0.789618
0.800079
0.810182
0.81992
0.829287
0.838281
0.846897
0.855133
0.862986
0.870456
0.877541
0.884241
0.890557
0.896489
0.902038
0.907206
0.911993
0.916403
0.920436
0.924094
0.927381
0.930296
0.932843
0.935022
0.936836
0.938285
0.939371
0.940095
0.940456
0.940456
0.940095
0.939371
0.938285
0.936836
0.935022
0.932843
0.930296
0.927381
0.924094
0.920436
0.916403
0.911993
0.907206
0.902038
0.896489
0.890557
0.884241
0.877541
0.870456
0.862986
0.855133
0.846897
0.838281
0.829287
0.81992
0.810182
0.800079
0.789618
0.778804
0.767647
0.756154
0.744336
0.732203
0.719767
0.70704
0.694036
0.680769
0.667255
0.65351
0.639551
0.625396
0.611064
0.596572
0.581942
0.567193
0.552347
0.537423
0.522444
0.50743
0.492404
0.477387
0.4624
0.447466
0.432604
0.417837
0.403183
0.388664
0.374298
0.360104
0.3461
0.332303
0.31873
0.305395
0.292314
0.279499
0.266963
0.254718
0.242773
0.231139
0.219822
0.20883
0.198169
0.187843
0.177857
0.168212
0.158911
0.149953
0.141338
0.133066
0.125133
0.117537
0.110273
0.103337
0.0967229
0.0904257
0.0844382
0.0787533
0.0733633
0.0682603
0.0634357
0.0588809
0.0545869
0.0505445
0.0467443
0.0431769
0.0398327
0.0367023
0.0337762
0.0310448
0.0284988
0.0261291
0.0239265
0.0218821
0.0199873
0.0182337
0.0166129
0.015117
0.0137385
0.0124698
0.0113038
0.0102339
0.00925337
0.00835611
0.00753618
0.00678799
0.00610622
0.00548585
0.00492216
0.00441068
0.00394724
0.00352792
0.00314905
0.00280722
0.00249924
0.00222215
0.00197321
0.00174986
0.00154977
0.00137076
0.00121084
0.00106818
0.000941084
0.000828022
0.000727585
0.000638489
0.000559564
0.000489749
0.000428078
0.000373678
0.00032576
0.000283611
0.000246588
0.000214114
0.00018567
0.000160791
0.00013906
0.000120106
0.000103598
8.92399e-05
7.67693e-05
6.59533e-05
5.65856e-05
4.84836e-05
4.14863e-05
3.54514e-05
3.02539e-05
2.57839e-05
2.19449e-05
1.86525e-05
1.58328e-05
1.34214e-05
1.1362e-05
9.60574e-06
8.11003e-06
6.83804e-06
5.75781e-06
4.84172e-06
4.06591e-06
3.40983e-06
2.85577e-06
2.38853e-06
1.99505e-06
1.66414e-06
1.38626e-06
1.15322e-06
9.58069e-07
7.94869e-07
6.58581e-07
5.44926e-07
4.50278e-07
3.71568e-07
3.06204e-07
2.51998e-07
2.07109e-07
1.69986e-07
1.3933e-07
1.14048e-07
9.32275e-08
7.61054e-08
6.20442e-08
5.05127e-08
4.10689e-08
3.33457e-08
2.70384e-08
2.18945e-08
1.77053e-08
1.42983e-08
1.15314e-08
9.2873e-09
7.46985e-09
5.99996e-09
4.81281e-09
3.85533e-09
3.08418e-09
2.46394e-09
1.96578e-09
1.56622e-09
1.24619e-09
9.9022e-10
7.85763e-10
6.22681e-10
4.9278e-10
3.89452e-10
3.07376e-10
2.4227e-10
1.90696e-10
1.499e-10
1.17672e-10
9.22483e-11
7.22202e-11
5.64642e-11
4.40862e-11
3.43753e-11
2.67673e-11
2.08151e-11
1.61646e-11
1.25363e-11
9.70927e-12
7.50964e-12
5.80052e-12
4.47435e-12
3.44674e-12
2.65157e-12
2.0371e-12
1.56292e-12
1.19751e-12
9.16294e-13
7.00176e-13
5.34314e-13
4.07194e-13
3.09901e-13
2.35538e-13
1.78779e-13
1.35515e-13
1.02583e-13
7.75496e-14
5.85466e-14
4.41409e-14
3.32352e-14
2.49904e-14
1.87657e-14
1.40726e-14
1.05391e-14
7.88223e-15
5.88727e-15
4.39134e-15
3.27113e-15
2.43343e-15
1.80783e-15
1.34127e-15
9.93788e-16
7.35344e-16
5.43385e-16
4.00999e-16
2.95529e-16
2.17509e-16
1.59872e-16
1.17352e-16
8.60257e-17
6.29777e-17
4.60433e-17
3.36176e-17
2.45126e-17
1.78498e-17
1.29807e-17
9.42726e-18
6.83747e-18
4.95253e-18
3.58246e-18
2.58796e-18
1.86706e-18
1.34518e-18
9.67894e-19
6.95501e-19
4.99104e-19
3.57692e-19
2.56006e-19
1.82985e-19
1.30619e-19
9.31156e-20
6.62922e-20
4.71333e-20
3.34672e-20
2.37321e-20
1.68065e-20
1.18863e-20
8.39539e-21
5.92191e-21
4.17167e-21
2.93484e-21
2.06199e-21
1.44683e-21
1.01385e-21
7.09509e-22
4.95874e-22
3.46108e-22
2.41258e-22
1.6795e-22
1.16764e-22
8.10709e-23
5.62149e-23
3.89285e-23
2.69224e-23
1.85947e-23
1.28262e-23
8.83556e-24
6.07859e-24
4.1764e-24
2.86572e-24
1.96379e-24
1.34397e-24
9.18581e-25
6.27013e-25
4.27434e-25
2.91e-25
1.97857e-25
1.34352e-25
9.11105e-26
6.1706e-26
4.1737e-26
2.81935e-26
1.90201e-26
1.28147e-26
8.62268e-27
5.79443e-27
3.88879e-27
2.60648e-27
1.74474e-27
1.16639e-27
7.78744e-28
5.19256e-28
3.45785e-28
2.29969e-28
1.52746e-28
1.01323e-28
6.71249e-29
4.44119e-29
2.93463e-29
1.93663e-29
1.27638e-29
8.40144e-30
5.5229e-30
3.62594e-30
2.37747e-30
1.55686e-30
1.01819e-30
6.65036e-31
4.33816e-31
2.82623e-31
1.83887e-31
1.19492e-31
7.75476e-32
5.02622e-32
3.25356e-32
2.10339e-32
1.35807e-32
8.75734e-33
5.63983e-33
3.62748e-33
2.33017e-33
1.49492e-33
9.5784e-34
6.12934e-34
3.91725e-34
2.50032e-34
1.59389e-34
1.01477e-34
6.45242e-35
4.09757e-35
2.59884e-35
1.64619e-35
1.04143e-35
6.58003e-36
4.15218e-36
2.61682e-36
1.64711e-36
1.03543e-36
6.50082e-37
4.07631e-37
2.55281e-37
1.59669e-37
9.97412e-38
6.22272e-38
3.87739e-38
2.41296e-38
1.49973e-38
9.30962e-39
5.77169e-39
3.57378e-39
2.21008e-39
1.36503e-39
8.42035e-40
5.18769e-40
3.19208e-40
1.96168e-40
1.20404e-40
7.38088e-41
4.5189e-41
2.76321e-41
1.68754e-41
1.02932e-41
6.27054e-42
3.81521e-42
2.31841e-42
1.40708e-42
8.52923e-43
5.16368e-43
3.12226e-43
1.88555e-43
1.13728e-43
6.85108e-44
4.12203e-44
2.47699e-44
1.48662e-44
8.91122e-45
5.33503e-45
3.19007e-45
1.90513e-45
1.13636e-45
6.76967e-46
4.02796e-46
2.39368e-46
1.42073e-46
8.42215e-47
4.98654e-47
2.94878e-47
1.74161e-47
1.02736e-47
6.05292e-48
3.56183e-48
2.09338e-48
1.22883e-48
7.20448e-49
4.21873e-49
2.46734e-49
1.44127e-49
8.40877e-50
4.89991e-50
2.85176e-50
1.65771e-50
9.62445e-51
5.58101e-51
3.23237e-51
1.86983e-51
1.08032e-51
6.23416e-52
3.59314e-52
2.06845e-52
1.18929e-52
6.82973e-53
3.91737e-53
2.24419e-53
1.2841e-53
7.33858e-54
4.18891e-54
2.38817e-54
1.3599e-54
7.73435e-55
4.39357e-55
2.4928e-55
1.41265e-55
7.99577e-56
4.52026e-56
2.55238e-56
1.43948e-56
8.10856e-57
4.56207e-57
2.56365e-57
1.43892e-57
8.06667e-58
4.51682e-58
2.52611e-58
1.41108e-58
7.8729e-59
4.38732e-59
2.442e-59
1.35761e-59
7.53853e-60
4.18102e-60
2.31614e-60
1.28156e-60
7.08307e-61
3.91088e-61
2.15821e-61
1.19216e-61
6.62462e-62
3.76293e-62
2.29096e-62
1.66917e-62
)
;

boundaryField
{
    sides
    {
        type            zeroGradient;
    }
    empty
    {
        type            empty;
    }
}


// ************************************************************************* //
