/*--------------------------------*- C++ -*----------------------------------*\
  =========                 |
  \\      /  F ield         | OpenFOAM: The Open Source CFD Toolbox
   \\    /   O peration     | Website:  https://openfoam.org
    \\  /    A nd           | Version:  13
     \\/     M anipulation  |
\*---------------------------------------------------------------------------*/
FoamFile
{
    format      ascii;
    class       volScalarField;
    location    "1.45";
    object      T;
}
// * * * * * * * * * * * * * * * * * * * * * * * * * * * * * * * * * * * * * //

dimensions      [0 0 0 1 0 0 0];

internalField   nonuniform List<scalar> 
1000
(
7.9905e-134
2.11906e-133
6.9262e-133
2.30904e-132
7.69874e-132
2.56267e-131
8.51494e-131
2.82409e-130
9.34932e-130
3.08949e-129
1.01905e-128
3.35512e-128
1.10261e-127
3.61686e-127
1.18425e-126
3.87033e-126
1.26255e-125
4.11097e-125
1.33608e-124
4.33422e-124
1.4034e-123
4.53563e-123
1.46313e-122
4.711e-122
1.51401e-121
4.85652e-121
1.55491e-120
4.96896e-120
1.58491e-119
5.0457e-119
1.6033e-118
5.0849e-118
1.60962e-117
5.08554e-117
1.60369e-116
5.04747e-116
1.58561e-115
4.97145e-115
1.55573e-114
4.85906e-114
1.51471e-113
4.7127e-113
1.46342e-112
4.5355e-112
1.40294e-111
4.33119e-111
1.33453e-110
4.10396e-110
1.25959e-109
3.85836e-109
1.17957e-108
3.5991e-108
1.09599e-107
3.33092e-107
1.01033e-106
3.05847e-106
9.24022e-106
2.78612e-105
8.38401e-105
2.5179e-104
7.54674e-104
2.25742e-103
6.73898e-103
2.00773e-102
5.96958e-102
1.77136e-101
5.24561e-101
1.55027e-100
4.57234e-100
1.34583e-99
3.9533e-99
1.1589e-98
3.39038e-98
9.89835e-98
2.88396e-97
8.38546e-97
2.43317e-96
7.04574e-96
2.03604e-95
5.87151e-95
1.68973e-94
4.8527e-94
1.39076e-93
3.97755e-93
1.13521e-92
3.23321e-92
9.18931e-92
2.6063e-91
7.37658e-91
2.08341e-90
5.87194e-90
1.65148e-89
4.635e-89
1.2981e-88
3.62782e-88
1.01172e-87
2.81551e-87
7.81855e-87
2.16656e-86
5.99082e-86
1.653e-85
4.55124e-85
1.25041e-84
3.42801e-84
9.37769e-84
2.55983e-83
6.9725e-83
1.89507e-82
5.13947e-82
1.39081e-81
3.75553e-81
1.01188e-80
2.72041e-80
7.29778e-80
1.95341e-79
5.21728e-79
1.39039e-78
3.6972e-78
9.80957e-78
2.59696e-77
6.85992e-77
1.80804e-76
4.75478e-76
1.24763e-75
3.2664e-75
8.53265e-75
2.22395e-74
5.7835e-74
1.50065e-73
3.88501e-73
1.00351e-72
2.58627e-72
6.65027e-72
1.70616e-71
4.36732e-71
1.11537e-70
2.84207e-70
7.22534e-70
1.83268e-69
4.63789e-69
1.171e-68
2.94979e-68
7.41356e-68
1.85891e-67
4.65036e-67
1.16067e-66
2.89015e-66
7.17997e-66
1.77956e-65
4.40038e-65
1.08555e-64
2.67175e-64
6.56026e-64
1.60703e-63
3.92741e-63
9.57553e-63
2.32913e-62
5.65191e-62
1.36825e-61
3.30451e-61
7.96183e-61
1.91374e-60
4.58898e-60
1.09777e-59
2.61977e-59
6.23695e-59
1.48128e-58
3.50958e-58
8.29514e-58
1.95588e-57
4.60054e-57
1.0795e-56
2.52683e-56
5.90031e-56
1.3744e-55
3.19366e-55
7.40289e-55
1.71178e-54
3.94846e-54
9.08527e-54
2.08534e-53
4.77466e-53
1.09052e-52
2.48455e-52
5.64653e-52
1.28008e-51
2.89472e-51
6.52971e-51
1.46924e-50
3.29766e-50
7.38289e-50
1.64875e-49
3.67274e-49
8.16072e-49
1.80871e-48
3.99861e-48
8.81753e-48
1.93946e-47
4.2551e-47
9.31173e-47
2.03255e-46
4.42527e-46
9.61004e-46
2.08159e-45
4.49725e-45
9.69125e-45
2.08301e-44
4.46559e-44
9.54862e-44
2.03646e-43
4.33193e-43
9.19084e-43
1.94489e-42
4.10489e-42
8.64112e-42
1.81426e-41
3.79916e-41
7.93473e-41
1.65284e-40
3.43388e-40
7.11522e-40
1.47042e-39
3.03068e-39
6.22996e-39
1.27724e-38
2.61157e-38
5.32561e-38
1.08311e-37
2.19692e-37
4.44413e-37
8.96585e-37
1.80395e-36
3.61981e-36
7.24388e-36
1.44571e-35
2.87747e-35
5.71163e-35
1.13065e-34
2.23207e-34
4.39444e-34
8.628e-34
1.68938e-33
3.29875e-33
6.4236e-33
1.24741e-32
2.41571e-32
4.66527e-32
8.98478e-32
1.72557e-31
3.30486e-31
6.31195e-31
1.20217e-30
2.28324e-30
4.3244e-30
8.1674e-30
1.53824e-29
2.88896e-29
5.41052e-29
1.01044e-28
1.88173e-28
3.49443e-28
6.4709e-28
1.19487e-27
2.2001e-27
4.03952e-27
7.39569e-27
1.35017e-26
2.45785e-26
4.46148e-26
8.07526e-26
1.45743e-25
2.62282e-25
4.70651e-25
8.42123e-25
1.50244e-24
2.67277e-24
4.74097e-24
8.38518e-24
1.47875e-23
2.60023e-23
4.55893e-23
7.96977e-23
1.38918e-22
2.41434e-22
4.18374e-22
7.22862e-22
1.24528e-21
2.13896e-21
3.66314e-21
6.25493e-21
1.06489e-20
1.8076e-20
3.05923e-20
5.16214e-20
8.6847e-20
1.45676e-19
2.43625e-19
4.06219e-19
6.75304e-19
1.11928e-18
1.84957e-18
3.04721e-18
5.00525e-18
8.19674e-18
1.33828e-17
2.17842e-17
3.53527e-17
5.71991e-17
9.22654e-17
1.48378e-16
2.37893e-16
3.80252e-16
6.05953e-16
9.62677e-16
1.52474e-15
2.4076e-15
3.79002e-15
5.94797e-15
9.30599e-15
1.45152e-14
2.25708e-14
3.49891e-14
5.4073e-14
8.33083e-14
1.27954e-13
1.95919e-13
2.99056e-13
4.55076e-13
6.90347e-13
1.044e-12
1.57393e-12
2.36547e-12
3.54403e-12
5.29324e-12
7.88116e-12
1.16977e-11
1.73083e-11
2.55299e-11
3.75388e-11
5.50239e-11
8.04004e-11
1.17112e-10
1.7005e-10
2.46143e-10
3.55164e-10
5.1086e-10
7.32495e-10
1.04697e-09
1.49175e-09
2.11876e-09
2.99981e-09
4.2338e-09
5.95649e-09
8.35361e-09
1.16783e-08
1.62745e-08
2.26076e-08
3.13057e-08
4.32125e-08
5.94586e-08
8.15525e-08
1.115e-07
1.51961e-07
2.06445e-07
2.79571e-07
3.77393e-07
5.0782e-07
6.81145e-07
9.10716e-07
1.21378e-06
1.61254e-06
2.13546e-06
2.81894e-06
3.70931e-06
4.86533e-06
6.36126e-06
8.2906e-06
1.07706e-05
1.39479e-05
1.80048e-05
2.31676e-05
2.97157e-05
3.7993e-05
4.84212e-05
6.15151e-05
7.79008e-05
9.83371e-05
0.00012374
0.000155209
0.000194062
0.000241871
0.000300501
0.000372159
0.000459444
0.000565405
0.000693602
0.000848176
0.00103392
0.00125638
0.00152189
0.0018377
0.00221209
0.00265441
0.0031752
0.00378629
0.00450091
0.00533376
0.00630107
0.00742074
0.00871234
0.0101972
0.0118984
0.0138407
0.0160509
0.0185572
0.0213896
0.0245796
0.0281599
0.0321647
0.0366289
0.0415881
0.0470783
0.0531355
0.0597954
0.0670927
0.0750611
0.0837324
0.0931361
0.103299
0.114245
0.125993
0.138559
0.151954
0.166184
0.181247
0.197138
0.213846
0.231351
0.249627
0.268645
0.288365
0.308742
0.329727
0.351262
0.373287
0.395734
0.418532
0.441608
0.464884
0.488281
0.511719
0.535116
0.558392
0.581468
0.604266
0.626713
0.648738
0.670273
0.691258
0.711635
0.731355
0.750372
0.768649
0.786154
0.802861
0.818753
0.833816
0.848045
0.86144
0.874006
0.885754
0.896699
0.906861
0.916264
0.924934
0.932901
0.940196
0.946854
0.952908
0.958394
0.963348
0.967806
0.971802
0.975372
0.978549
0.981365
0.983851
0.986036
0.987946
0.989609
0.991046
0.992279
0.993327
0.994207
0.994934
0.99552
0.995977
0.996312
0.996532
0.99664
0.99664
0.996532
0.996312
0.995977
0.99552
0.994934
0.994207
0.993327
0.992279
0.991046
0.989609
0.987946
0.986036
0.983851
0.981365
0.978549
0.975372
0.971802
0.967806
0.963348
0.958394
0.952908
0.946854
0.940196
0.932901
0.924934
0.916264
0.906861
0.896699
0.885754
0.874006
0.86144
0.848045
0.833816
0.818753
0.802861
0.786154
0.768649
0.750372
0.731355
0.711635
0.691258
0.670273
0.648738
0.626713
0.604266
0.581468
0.558392
0.535116
0.511719
0.488281
0.464884
0.441608
0.418532
0.395734
0.373287
0.351262
0.329727
0.308742
0.288365
0.268645
0.249627
0.231351
0.213846
0.197138
0.181247
0.166184
0.151954
0.138559
0.125993
0.114245
0.103299
0.0931361
0.0837324
0.0750611
0.0670927
0.0597954
0.0531355
0.0470783
0.0415881
0.0366289
0.0321647
0.0281599
0.0245796
0.0213896
0.0185572
0.0160509
0.0138407
0.0118984
0.0101972
0.00871234
0.00742074
0.00630107
0.00533376
0.00450091
0.00378629
0.0031752
0.00265441
0.00221209
0.0018377
0.00152189
0.00125638
0.00103392
0.000848176
0.000693602
0.000565405
0.000459444
0.000372159
0.000300501
0.000241871
0.000194062
0.000155209
0.00012374
9.83371e-05
7.79008e-05
6.15151e-05
4.84212e-05
3.7993e-05
2.97157e-05
2.31676e-05
1.80048e-05
1.39479e-05
1.07706e-05
8.2906e-06
6.36126e-06
4.86533e-06
3.70931e-06
2.81894e-06
2.13546e-06
1.61254e-06
1.21378e-06
9.10716e-07
6.81145e-07
5.0782e-07
3.77393e-07
2.79571e-07
2.06445e-07
1.51961e-07
1.115e-07
8.15525e-08
5.94586e-08
4.32125e-08
3.13057e-08
2.26076e-08
1.62745e-08
1.16783e-08
8.35361e-09
5.95649e-09
4.2338e-09
2.99981e-09
2.11876e-09
1.49175e-09
1.04697e-09
7.32495e-10
5.1086e-10
3.55164e-10
2.46143e-10
1.7005e-10
1.17112e-10
8.04004e-11
5.50239e-11
3.75388e-11
2.55299e-11
1.73083e-11
1.16977e-11
7.88116e-12
5.29324e-12
3.54403e-12
2.36547e-12
1.57393e-12
1.044e-12
6.90347e-13
4.55076e-13
2.99056e-13
1.95919e-13
1.27954e-13
8.33083e-14
5.4073e-14
3.49891e-14
2.25708e-14
1.45152e-14
9.30599e-15
5.94797e-15
3.79002e-15
2.4076e-15
1.52474e-15
9.62677e-16
6.05953e-16
3.80252e-16
2.37893e-16
1.48378e-16
9.22654e-17
5.71991e-17
3.53527e-17
2.17842e-17
1.33828e-17
8.19674e-18
5.00525e-18
3.04721e-18
1.84957e-18
1.11928e-18
6.75304e-19
4.06219e-19
2.43625e-19
1.45676e-19
8.6847e-20
5.16214e-20
3.05923e-20
1.8076e-20
1.06489e-20
6.25493e-21
3.66314e-21
2.13896e-21
1.24528e-21
7.22862e-22
4.18374e-22
2.41434e-22
1.38918e-22
7.96977e-23
4.55893e-23
2.60023e-23
1.47875e-23
8.38518e-24
4.74097e-24
2.67277e-24
1.50244e-24
8.42123e-25
4.70651e-25
2.62282e-25
1.45743e-25
8.07526e-26
4.46148e-26
2.45785e-26
1.35017e-26
7.39569e-27
4.03952e-27
2.2001e-27
1.19487e-27
6.4709e-28
3.49443e-28
1.88173e-28
1.01044e-28
5.41052e-29
2.88896e-29
1.53824e-29
8.1674e-30
4.3244e-30
2.28324e-30
1.20217e-30
6.31195e-31
3.30486e-31
1.72557e-31
8.98478e-32
4.66527e-32
2.41571e-32
1.24741e-32
6.4236e-33
3.29875e-33
1.68938e-33
8.628e-34
4.39444e-34
2.23207e-34
1.13065e-34
5.71163e-35
2.87747e-35
1.44571e-35
7.24388e-36
3.61981e-36
1.80395e-36
8.96585e-37
4.44413e-37
2.19692e-37
1.08311e-37
5.32561e-38
2.61157e-38
1.27724e-38
6.22996e-39
3.03068e-39
1.47042e-39
7.11522e-40
3.43388e-40
1.65284e-40
7.93473e-41
3.79916e-41
1.81426e-41
8.64112e-42
4.10489e-42
1.94489e-42
9.19084e-43
4.33193e-43
2.03646e-43
9.54862e-44
4.46559e-44
2.08301e-44
9.69125e-45
4.49725e-45
2.08159e-45
9.61004e-46
4.42527e-46
2.03255e-46
9.31173e-47
4.2551e-47
1.93946e-47
8.81753e-48
3.99861e-48
1.80871e-48
8.16072e-49
3.67274e-49
1.64875e-49
7.38289e-50
3.29766e-50
1.46924e-50
6.52971e-51
2.89472e-51
1.28008e-51
5.64653e-52
2.48455e-52
1.09052e-52
4.77466e-53
2.08534e-53
9.08527e-54
3.94846e-54
1.71178e-54
7.40289e-55
3.19366e-55
1.3744e-55
5.90031e-56
2.52683e-56
1.0795e-56
4.60054e-57
1.95588e-57
8.29514e-58
3.50958e-58
1.48128e-58
6.23695e-59
2.61977e-59
1.09777e-59
4.58898e-60
1.91374e-60
7.96183e-61
3.30451e-61
1.36825e-61
5.65191e-62
2.32913e-62
9.57553e-63
3.92741e-63
1.60703e-63
6.56026e-64
2.67175e-64
1.08555e-64
4.40038e-65
1.77956e-65
7.17997e-66
2.89015e-66
1.16067e-66
4.65036e-67
1.85891e-67
7.41356e-68
2.94979e-68
1.171e-68
4.63789e-69
1.83268e-69
7.22534e-70
2.84207e-70
1.11537e-70
4.36732e-71
1.70616e-71
6.65027e-72
2.58627e-72
1.00351e-72
3.88501e-73
1.50065e-73
5.7835e-74
2.22395e-74
8.53265e-75
3.2664e-75
1.24763e-75
4.75478e-76
1.80804e-76
6.85992e-77
2.59696e-77
9.80957e-78
3.6972e-78
1.39039e-78
5.21728e-79
1.95341e-79
7.29778e-80
2.72041e-80
1.01188e-80
3.75553e-81
1.39081e-81
5.13947e-82
1.89507e-82
6.9725e-83
2.55983e-83
9.37769e-84
3.42801e-84
1.25041e-84
4.55124e-85
1.653e-85
5.99082e-86
2.16656e-86
7.81855e-87
2.81551e-87
1.01172e-87
3.62782e-88
1.2981e-88
4.635e-89
1.65148e-89
5.87194e-90
2.08341e-90
7.37658e-91
2.6063e-91
9.18931e-92
3.23321e-92
1.13521e-92
3.97755e-93
1.39076e-93
4.8527e-94
1.68973e-94
5.87151e-95
2.03604e-95
7.04574e-96
2.43317e-96
8.38546e-97
2.88396e-97
9.89835e-98
3.39038e-98
1.1589e-98
3.9533e-99
1.34583e-99
4.57234e-100
1.55027e-100
5.24561e-101
1.77136e-101
5.96958e-102
2.00773e-102
6.73898e-103
2.25742e-103
7.54674e-104
2.5179e-104
8.38401e-105
2.78612e-105
9.24022e-106
3.05847e-106
1.01033e-106
3.33092e-107
1.09599e-107
3.5991e-108
1.17957e-108
3.85836e-109
1.25959e-109
4.10396e-110
1.33453e-110
4.33119e-111
1.40294e-111
4.5355e-112
1.46342e-112
4.7127e-113
1.51471e-113
4.85906e-114
1.55573e-114
4.97145e-115
1.58561e-115
5.04747e-116
1.60369e-116
5.08554e-117
1.60962e-117
5.0849e-118
1.6033e-118
5.0457e-119
1.58491e-119
4.96896e-120
1.55491e-120
4.85652e-121
1.51401e-121
4.711e-122
1.46313e-122
4.53563e-123
1.4034e-123
4.33422e-124
1.33608e-124
4.11097e-125
1.26255e-125
3.87033e-126
1.18425e-126
3.61686e-127
1.10261e-127
3.35512e-128
1.01905e-128
3.08949e-129
9.34932e-130
2.82409e-130
8.51494e-131
2.56267e-131
7.69874e-132
2.30904e-132
6.9262e-133
2.11906e-133
7.9905e-134
)
;

boundaryField
{
    sides
    {
        type            zeroGradient;
    }
    empty
    {
        type            empty;
    }
}


// ************************************************************************* //
