/*--------------------------------*- C++ -*----------------------------------*\
  =========                 |
  \\      /  F ield         | OpenFOAM: The Open Source CFD Toolbox
   \\    /   O peration     | Website:  https://openfoam.org
    \\  /    A nd           | Version:  13
     \\/     M anipulation  |
\*---------------------------------------------------------------------------*/
FoamFile
{
    format      ascii;
    class       volScalarField;
    location    "0.97";
    object      T;
}
// * * * * * * * * * * * * * * * * * * * * * * * * * * * * * * * * * * * * * //

dimensions      [0 0 0 1 0 0 0];

internalField   nonuniform List<scalar> 
1000
(
3.26874e-180
1.28495e-179
5.99636e-179
2.81691e-178
1.32122e-177
6.18493e-177
2.88963e-176
1.34739e-175
6.27032e-175
2.91224e-174
1.34991e-173
6.24485e-173
2.88321e-172
1.32851e-171
6.10922e-171
2.80375e-170
1.28417e-169
5.86995e-169
2.67776e-168
1.21909e-167
5.53885e-167
2.51146e-166
1.13645e-165
5.13209e-165
2.31288e-164
1.04022e-163
4.66885e-163
2.09124e-162
9.34777e-162
4.16982e-161
1.85623e-160
8.24611e-160
3.65567e-159
1.61728e-158
7.14002e-158
3.14565e-157
1.38297e-156
6.06749e-156
2.6564e-155
1.16056e-154
5.05972e-154
2.20125e-153
9.55641e-153
4.14e-152
1.78972e-151
7.72048e-151
3.32337e-150
1.42753e-149
6.11877e-149
2.61704e-148
1.11692e-147
4.75664e-147
2.02134e-146
8.57118e-146
3.6266e-145
1.53114e-144
6.45039e-144
2.71149e-143
1.13732e-142
4.75997e-142
1.9878e-141
8.28295e-141
3.44382e-140
1.42868e-139
5.91384e-139
2.44252e-138
1.00657e-137
4.13883e-137
1.69802e-136
6.95083e-136
2.83893e-135
1.1569e-134
4.70393e-134
1.90829e-133
7.72401e-133
3.1193e-132
1.25685e-131
5.05268e-131
2.0266e-130
8.10998e-130
3.23799e-129
1.28983e-128
5.12614e-128
2.03257e-127
8.04072e-127
3.17349e-126
1.2496e-125
4.90898e-125
1.92397e-124
7.52297e-124
2.93469e-123
1.14212e-122
4.43447e-122
1.71769e-121
6.63774e-121
2.55897e-120
9.84188e-120
3.77621e-119
1.44543e-118
5.51948e-118
2.10261e-117
7.99048e-117
3.0293e-116
1.14568e-115
4.32245e-115
1.62684e-114
6.10805e-114
2.28772e-113
8.54753e-113
3.18578e-112
1.18447e-111
4.39303e-111
1.6253e-110
5.99832e-110
2.20826e-109
8.10944e-109
2.97065e-108
1.0855e-107
3.95657e-107
1.43854e-106
5.21713e-106
1.88734e-105
6.81036e-105
2.45128e-104
8.80062e-104
3.15159e-103
1.12574e-102
4.01089e-102
1.42537e-101
5.05246e-101
1.78632e-100
6.29936e-100
2.2157e-99
7.77321e-99
2.71995e-98
9.49275e-98
3.30437e-97
1.14723e-96
3.97258e-96
1.372e-95
4.72595e-95
1.6236e-94
5.56311e-94
1.9011e-93
6.47942e-93
2.20247e-92
7.46657e-92
2.52447e-91
8.51238e-91
2.86261e-90
9.60068e-90
3.21119e-89
1.07115e-88
3.56334e-88
1.18216e-87
3.91122e-87
1.29049e-86
4.24627e-86
1.39336e-85
4.55953e-85
1.48791e-84
4.84202e-84
1.57134e-83
5.08514e-83
1.64105e-82
5.2811e-82
1.69476e-81
5.42335e-81
1.73062e-80
5.5069e-80
1.74735e-79
5.52865e-79
1.74429e-78
5.48755e-78
1.72145e-77
5.3847e-77
1.67949e-76
5.22325e-76
1.61975e-75
5.00833e-75
1.5441e-74
4.74669e-74
1.45491e-73
4.44642e-73
1.3549e-72
4.11646e-72
1.24698e-71
3.76623e-71
1.13414e-70
3.40512e-70
1.0193e-69
3.04211e-69
9.05198e-69
2.68538e-68
7.94254e-68
2.34207e-67
6.88533e-67
2.01804e-66
5.89674e-66
1.71778e-65
4.98878e-65
1.4444e-64
4.16911e-64
1.19966e-63
3.44138e-63
9.84142e-63
2.80564e-62
7.97358e-62
2.259e-61
6.37997e-61
1.7962e-60
5.04109e-60
1.41033e-59
3.93317e-59
1.09342e-58
3.03002e-58
8.36988e-58
2.30464e-57
6.32546e-57
1.73055e-56
4.71929e-56
1.28281e-55
3.4757e-55
9.38662e-55
2.52674e-54
6.77941e-54
1.81301e-53
4.83261e-53
1.2839e-52
3.39976e-52
8.97275e-52
2.36027e-51
6.18801e-51
1.61693e-50
4.21092e-50
1.09296e-49
2.82731e-49
7.28912e-49
1.87287e-48
4.79588e-48
1.22391e-47
3.11282e-47
7.88989e-47
1.99297e-46
5.01691e-46
1.25857e-45
3.14641e-45
7.83879e-45
1.94614e-44
4.81491e-44
1.18709e-43
2.9165e-43
7.14024e-43
1.74195e-42
4.23473e-42
1.02584e-41
2.47623e-41
5.95604e-41
1.4275e-40
3.40911e-40
8.11238e-40
1.92351e-39
4.54438e-39
1.06976e-38
2.50912e-38
5.86382e-38
1.36539e-37
3.16772e-37
7.32229e-37
1.68636e-36
3.86952e-36
8.84625e-36
2.0149e-35
4.57232e-35
1.03372e-34
2.32836e-34
5.22485e-34
1.16807e-33
2.60152e-33
5.77233e-33
1.27595e-32
2.80976e-32
6.1639e-32
1.34706e-31
2.93265e-31
6.36018e-31
1.37408e-30
2.95721e-30
6.33983e-30
1.35392e-29
2.88019e-29
6.10327e-29
1.28828e-28
2.70869e-28
5.67293e-28
1.18345e-27
2.45912e-27
5.08973e-27
1.04928e-26
2.15458e-26
4.40663e-26
8.97673e-26
1.82135e-25
3.68066e-25
7.40822e-25
1.48509e-24
2.96507e-24
5.89604e-24
1.16768e-23
2.30312e-23
4.52417e-23
8.85087e-23
1.72446e-22
3.34606e-22
6.46586e-22
1.2443e-21
2.38466e-21
4.5512e-21
8.65006e-21
1.6372e-20
3.08581e-20
5.79185e-20
1.08254e-19
2.01483e-19
3.73426e-19
6.89181e-19
1.26655e-18
2.31774e-18
4.22338e-18
7.66306e-18
1.38448e-17
2.49063e-17
4.46136e-17
7.9571e-17
1.41309e-16
2.49865e-16
4.39905e-16
7.71129e-16
1.34588e-15
2.33878e-15
4.04645e-15
6.9704e-15
1.19546e-14
2.04128e-14
3.47022e-14
5.87344e-14
9.89707e-14
1.66033e-13
2.77304e-13
4.61086e-13
7.6326e-13
1.25783e-12
2.06361e-12
3.37044e-12
5.48016e-12
8.87044e-12
1.42935e-11
2.29283e-11
3.66133e-11
5.82019e-11
9.21008e-11
1.45082e-10
2.27503e-10
3.55123e-10
5.51805e-10
8.53502e-10
1.31411e-09
2.01403e-09
3.07259e-09
4.66597e-09
7.05305e-09
1.06122e-08
1.58939e-08
2.36942e-08
3.51594e-08
5.19307e-08
7.63467e-08
1.11721e-07
1.62727e-07
2.35917e-07
3.40433e-07
4.88963e-07
6.99021e-07
9.94655e-07
1.40871e-06
1.98579e-06
2.78619e-06
3.89089e-06
5.40815e-06
7.48182e-06
1.03021e-05
1.41189e-05
1.92589e-05
2.6147e-05
3.53318e-05
4.75189e-05
6.36095e-05
8.47488e-05
0.000112383
0.000148328
0.000194852
0.000254766
0.000331541
0.000429431
0.000553616
0.000710374
0.000907255
0.00115329
0.0014592
0.00183765
0.00230347
0.00287396
0.0035691
0.00441185
0.00542839
0.00664834
0.00810499
0.00983545
0.0118807
0.0142858
0.0170997
0.020375
0.024168
0.0285381
0.0335475
0.0392603
0.045742
0.0530585
0.0612751
0.0704553
0.0806594
0.0919436
0.104358
0.117946
0.132742
0.148771
0.166046
0.184569
0.204327
0.225294
0.247429
0.270679
0.294972
0.320225
0.346341
0.37321
0.400711
0.428714
0.457081
0.485669
0.514331
0.542919
0.571286
0.599289
0.62679
0.653659
0.679775
0.705028
0.729321
0.752571
0.774706
0.795673
0.815431
0.833954
0.851229
0.867258
0.882054
0.895642
0.908056
0.919341
0.929545
0.938725
0.946941
0.954258
0.96074
0.966452
0.971462
0.975832
0.979625
0.9829
0.985714
0.988119
0.990164
0.991894
0.99335
0.99457
0.995585
0.996427
0.997121
0.997689
0.998152
0.998527
0.998827
0.999067
0.999254
0.999399
0.999507
0.999584
0.999633
0.999657
0.999657
0.999633
0.999584
0.999507
0.999399
0.999254
0.999067
0.998827
0.998527
0.998152
0.997689
0.997121
0.996427
0.995585
0.99457
0.99335
0.991894
0.990164
0.988119
0.985714
0.9829
0.979625
0.975832
0.971462
0.966452
0.96074
0.954258
0.946941
0.938725
0.929545
0.919341
0.908056
0.895642
0.882054
0.867258
0.851229
0.833954
0.815431
0.795673
0.774706
0.752571
0.729321
0.705028
0.679775
0.653659
0.62679
0.599289
0.571286
0.542919
0.514331
0.485669
0.457081
0.428714
0.400711
0.37321
0.346341
0.320225
0.294972
0.270679
0.247429
0.225294
0.204327
0.184569
0.166046
0.148771
0.132742
0.117946
0.104358
0.0919436
0.0806594
0.0704553
0.0612751
0.0530585
0.045742
0.0392603
0.0335475
0.0285381
0.024168
0.020375
0.0170997
0.0142858
0.0118807
0.00983545
0.00810499
0.00664834
0.00542839
0.00441185
0.0035691
0.00287396
0.00230347
0.00183765
0.0014592
0.00115329
0.000907255
0.000710374
0.000553616
0.000429431
0.000331541
0.000254766
0.000194852
0.000148328
0.000112383
8.47488e-05
6.36095e-05
4.75189e-05
3.53318e-05
2.6147e-05
1.92589e-05
1.41189e-05
1.03021e-05
7.48182e-06
5.40815e-06
3.89089e-06
2.78619e-06
1.98579e-06
1.40871e-06
9.94655e-07
6.99021e-07
4.88963e-07
3.40433e-07
2.35917e-07
1.62727e-07
1.11721e-07
7.63467e-08
5.19307e-08
3.51594e-08
2.36942e-08
1.58939e-08
1.06122e-08
7.05305e-09
4.66597e-09
3.07259e-09
2.01403e-09
1.31411e-09
8.53502e-10
5.51805e-10
3.55123e-10
2.27503e-10
1.45082e-10
9.21008e-11
5.82019e-11
3.66133e-11
2.29283e-11
1.42935e-11
8.87044e-12
5.48016e-12
3.37044e-12
2.06361e-12
1.25783e-12
7.6326e-13
4.61086e-13
2.77304e-13
1.66033e-13
9.89707e-14
5.87344e-14
3.47022e-14
2.04128e-14
1.19546e-14
6.9704e-15
4.04645e-15
2.33878e-15
1.34588e-15
7.71129e-16
4.39905e-16
2.49865e-16
1.41309e-16
7.9571e-17
4.46136e-17
2.49063e-17
1.38448e-17
7.66306e-18
4.22338e-18
2.31774e-18
1.26655e-18
6.89181e-19
3.73426e-19
2.01483e-19
1.08254e-19
5.79185e-20
3.08581e-20
1.6372e-20
8.65006e-21
4.5512e-21
2.38466e-21
1.2443e-21
6.46586e-22
3.34606e-22
1.72446e-22
8.85087e-23
4.52417e-23
2.30312e-23
1.16768e-23
5.89604e-24
2.96507e-24
1.48509e-24
7.40822e-25
3.68066e-25
1.82135e-25
8.97673e-26
4.40663e-26
2.15458e-26
1.04928e-26
5.08973e-27
2.45912e-27
1.18345e-27
5.67293e-28
2.70869e-28
1.28828e-28
6.10327e-29
2.88019e-29
1.35392e-29
6.33983e-30
2.95721e-30
1.37408e-30
6.36018e-31
2.93265e-31
1.34706e-31
6.1639e-32
2.80976e-32
1.27595e-32
5.77233e-33
2.60152e-33
1.16807e-33
5.22485e-34
2.32836e-34
1.03372e-34
4.57232e-35
2.0149e-35
8.84625e-36
3.86952e-36
1.68636e-36
7.32229e-37
3.16772e-37
1.36539e-37
5.86382e-38
2.50912e-38
1.06976e-38
4.54438e-39
1.92351e-39
8.11238e-40
3.40911e-40
1.4275e-40
5.95604e-41
2.47623e-41
1.02584e-41
4.23473e-42
1.74195e-42
7.14024e-43
2.9165e-43
1.18709e-43
4.81491e-44
1.94614e-44
7.83879e-45
3.14641e-45
1.25857e-45
5.01691e-46
1.99297e-46
7.88989e-47
3.11282e-47
1.22391e-47
4.79588e-48
1.87287e-48
7.28912e-49
2.82731e-49
1.09296e-49
4.21092e-50
1.61693e-50
6.18801e-51
2.36027e-51
8.97275e-52
3.39976e-52
1.2839e-52
4.83261e-53
1.81301e-53
6.77941e-54
2.52674e-54
9.38662e-55
3.4757e-55
1.28281e-55
4.71929e-56
1.73055e-56
6.32546e-57
2.30464e-57
8.36988e-58
3.03002e-58
1.09342e-58
3.93317e-59
1.41033e-59
5.04109e-60
1.7962e-60
6.37997e-61
2.259e-61
7.97358e-62
2.80564e-62
9.84142e-63
3.44138e-63
1.19966e-63
4.16911e-64
1.4444e-64
4.98878e-65
1.71778e-65
5.89674e-66
2.01804e-66
6.88533e-67
2.34207e-67
7.94254e-68
2.68538e-68
9.05198e-69
3.04211e-69
1.0193e-69
3.40512e-70
1.13414e-70
3.76623e-71
1.24698e-71
4.11646e-72
1.3549e-72
4.44642e-73
1.45491e-73
4.74669e-74
1.5441e-74
5.00833e-75
1.61975e-75
5.22325e-76
1.67949e-76
5.3847e-77
1.72145e-77
5.48755e-78
1.74429e-78
5.52865e-79
1.74735e-79
5.5069e-80
1.73062e-80
5.42335e-81
1.69476e-81
5.2811e-82
1.64105e-82
5.08514e-83
1.57134e-83
4.84202e-84
1.48791e-84
4.55953e-85
1.39336e-85
4.24627e-86
1.29049e-86
3.91122e-87
1.18216e-87
3.56334e-88
1.07115e-88
3.21119e-89
9.60068e-90
2.86261e-90
8.51238e-91
2.52447e-91
7.46657e-92
2.20247e-92
6.47942e-93
1.9011e-93
5.56311e-94
1.6236e-94
4.72595e-95
1.372e-95
3.97258e-96
1.14723e-96
3.30437e-97
9.49275e-98
2.71995e-98
7.77321e-99
2.2157e-99
6.29936e-100
1.78632e-100
5.05246e-101
1.42537e-101
4.01089e-102
1.12574e-102
3.15159e-103
8.80062e-104
2.45128e-104
6.81036e-105
1.88734e-105
5.21713e-106
1.43854e-106
3.95657e-107
1.0855e-107
2.97065e-108
8.10944e-109
2.20826e-109
5.99832e-110
1.6253e-110
4.39303e-111
1.18447e-111
3.18578e-112
8.54753e-113
2.28772e-113
6.10805e-114
1.62684e-114
4.32245e-115
1.14568e-115
3.0293e-116
7.99048e-117
2.10261e-117
5.51948e-118
1.44543e-118
3.77621e-119
9.84188e-120
2.55897e-120
6.63774e-121
1.71769e-121
4.43447e-122
1.14212e-122
2.93469e-123
7.52297e-124
1.92397e-124
4.90898e-125
1.2496e-125
3.17349e-126
8.04072e-127
2.03257e-127
5.12614e-128
1.28983e-128
3.23799e-129
8.10998e-130
2.0266e-130
5.05268e-131
1.25685e-131
3.1193e-132
7.72401e-133
1.90829e-133
4.70393e-134
1.1569e-134
2.83893e-135
6.95083e-136
1.69802e-136
4.13883e-137
1.00657e-137
2.44252e-138
5.91384e-139
1.42868e-139
3.44382e-140
8.28295e-141
1.9878e-141
4.75997e-142
1.13732e-142
2.71149e-143
6.45039e-144
1.53114e-144
3.6266e-145
8.57118e-146
2.02134e-146
4.75664e-147
1.11692e-147
2.61704e-148
6.11877e-149
1.42753e-149
3.32337e-150
7.72048e-151
1.78972e-151
4.14e-152
9.55641e-153
2.20125e-153
5.05972e-154
1.16056e-154
2.6564e-155
6.06749e-156
1.38297e-156
3.14565e-157
7.14002e-158
1.61728e-158
3.65567e-159
8.24611e-160
1.85623e-160
4.16982e-161
9.34777e-162
2.09124e-162
4.66885e-163
1.04022e-163
2.31288e-164
5.13209e-165
1.13645e-165
2.51146e-166
5.53885e-167
1.21909e-167
2.67776e-168
5.86995e-169
1.28417e-169
2.80375e-170
6.10922e-171
1.32851e-171
2.88321e-172
6.24485e-173
1.34991e-173
2.91224e-174
6.27032e-175
1.34739e-175
2.88963e-176
6.18493e-177
1.32122e-177
2.81691e-178
5.99636e-179
1.28495e-179
3.26874e-180
)
;

boundaryField
{
    sides
    {
        type            zeroGradient;
    }
    empty
    {
        type            empty;
    }
}


// ************************************************************************* //
